10 2
20
95
8
58
31
75
9
67
4
4
0 1 49
0 2 21
0 3 34
0 4 35
0 5 50
0 6 63
0 7 30
0 8 31
0 9 57
0 10 57
1 1 78
1 2 6
1 3 37
1 4 38
1 5 46
1 6 73
1 7 17
1 8 33
1 9 43
1 10 53
2 1 50
2 2 54
2 3 71
2 4 72
2 5 80
2 6 103
2 7 26
2 8 19
2 9 58
2 10 86
3 1 64
3 2 63
3 3 88
3 4 12
3 5 28
3 6 49
3 7 41
3 8 54
3 9 52
3 10 35
4 1 70
4 2 19
4 3 76
4 4 85
4 5 64
4 6 95
4 7 8
4 8 30
4 9 40
4 10 69
5 1 12
5 2 59
5 3 16
5 4 10
5 5 79
5 6 94
5 7 16
5 8 50
5 9 19
5 10 56
6 1 55
6 2 30
6 3 72
6 4 70
6 5 28
6 6 51
6 7 31
6 8 12
6 9 66
6 10 89
7 1 24
7 2 62
7 3 50
7 4 30
7 5 76
7 6 76
7 7 40
7 8 21
7 9 47
7 10 68
8 1 63
8 2 17
8 3 62
8 4 76
8 5 29
8 6 7
8 7 84
8 8 87
8 9 93
8 10 86
9 1 27
9 2 25
9 3 39
9 4 42
9 5 43
9 6 37
9 7 52
9 8 49
9 9 27
9 10 46
10 1 68
10 2 74
10 3 93
10 4 78
10 5 73
10 6 94
10 7 88
10 8 55
10 9 61
10 10 19