10 2
98
29
61
87
70
88
5
16
49
11
0 1 110
0 2 61
0 3 65
0 4 17
0 5 93
0 6 51
0 7 81
0 8 37
0 9 59
0 10 92
1 0 49
1 2 37
1 3 48
1 4 82
1 5 19
1 6 23
1 7 71
1 8 52
1 9 32
1 10 69
2 0 83
2 1 48
2 3 46
2 4 39
2 5 87
2 6 48
2 7 96
2 8 49
2 9 64
2 10 104
3 0 41
3 1 14
3 2 52
3 4 76
3 5 56
3 6 48
3 7 26
3 8 42
3 9 24
3 10 22
4 0 118
4 1 89
4 2 47
4 3 82
4 5 106
4 6 65
4 7 73
4 8 38
4 9 64
4 10 86
5 0 115
5 1 82
5 2 60
5 3 63
5 4 59
5 6 57
5 7 84
5 8 40
5 9 63
5 10 95
6 0 98
6 1 92
6 2 35
6 3 120
6 4 101
6 5 103
6 7 70
6 8 39
6 9 65
6 10 84
7 0 36
7 1 11
7 2 77
7 3 47
7 4 34
7 5 18
7 6 81
7 8 47
7 9 43
7 10 88
8 0 73
8 1 37
8 2 65
8 3 21
8 4 8
8 5 24
8 6 46
8 7 18
8 9 34
8 10 76
9 0 73
9 1 62
9 2 15
9 3 91
9 4 71
9 5 73
9 6 59
9 7 72
9 8 57
9 10 41
10 0 89
10 1 69
10 2 9
10 3 84
10 4 67
10 5 74
10 6 38
10 7 72
10 8 48
10 9 19