10 2
37
3
72
13
32
54
78
51
24
30
0 1 43
0 2 105
0 3 29
0 4 89
0 5 54
0 6 54
0 7 31
0 8 95
0 9 50
0 10 43
1 1 55
1 2 85
1 3 65
1 4 107
1 5 88
1 6 58
1 7 19
1 8 111
1 9 87
1 10 79
2 1 64
2 2 45
2 3 68
2 4 58
2 5 75
2 6 11
2 7 42
2 8 60
2 9 84
2 10 73
3 1 18
3 2 98
3 3 106
3 4 78
3 5 30
3 6 59
3 7 52
3 8 84
3 9 24
3 10 18
4 1 8
4 2 77
4 3 86
4 4 50
4 5 65
4 6 55
4 7 91
4 8 1
4 9 81
4 10 73
5 1 67
5 2 27
5 3 22
5 4 46
5 5 37
5 6 25
5 7 36
5 8 61
5 9 49
5 10 38
6 1 72
6 2 14
6 3 22
6 4 39
6 5 24
6 6 80
6 7 31
6 8 79
6 9 92
6 10 81
7 1 72
7 2 22
7 3 47
7 4 19
7 5 18
7 6 91
7 7 49
7 8 60
7 9 36
7 10 24
8 1 15
8 2 69
8 3 79
8 4 42
8 5 72
8 6 45
8 7 35
8 8 14
8 9 56
8 10 47
9 1 17
9 2 68
9 3 78
9 4 40
9 5 71
9 6 46
9 7 35
9 8 13
9 9 11
9 10 86
10 1 72
10 2 60
10 3 84
10 4 26
10 5 53
10 6 101
10 7 71
10 8 43
10 9 67
10 10 102