10 2
87
8
99
17
28
12
32
6
63
27
0 1 29
0 2 36
0 3 16
0 4 25
0 5 4
0 6 45
0 7 59
0 8 46
0 9 52
0 10 28
1 1 45
1 2 93
1 3 74
1 4 59
1 5 58
1 6 33
1 7 64
1 8 48
1 9 90
1 10 88
2 1 43
2 2 54
2 3 46
2 4 33
2 5 30
2 6 29
2 7 58
2 8 40
2 9 72
2 10 60
3 1 85
3 2 29
3 3 36
3 4 21
3 5 33
3 6 49
3 7 77
3 8 60
3 9 85
3 10 59
4 1 60
4 2 37
4 3 32
4 4 43
4 5 38
4 6 82
4 7 92
4 8 81
4 9 69
4 10 14
5 1 72
5 2 73
5 3 67
5 4 80
5 5 105
5 6 54
5 7 55
5 8 48
5 9 34
5 10 24
6 1 47
6 2 40
6 3 12
6 4 35
6 5 39
6 6 57
6 7 42
6 8 48
6 9 4
6 10 59
7 1 49
7 2 46
7 3 33
7 4 51
7 5 72
7 6 62
7 7 37
7 8 67
7 9 38
7 10 23
8 1 55
8 2 87
8 3 71
8 4 92
8 5 96
8 6 64
8 7 57
8 8 107
8 9 23
8 10 46
9 1 33
9 2 67
9 3 46
9 4 70
9 5 70
9 6 45
9 7 54
9 8 83
9 9 19
9 10 50
10 1 16
10 2 70
10 3 40
10 4 67
10 5 32
10 6 24
10 7 83
10 8 73
10 9 31
10 10 68