10 2
45
13
79
76
80
18
46
53
32
23
0 1 46
0 2 39
0 3 48
0 4 30
0 5 29
0 6 39
0 7 35
0 8 40
0 9 61
0 10 46
1 1 57
1 2 43
1 3 17
1 4 49
1 5 41
1 6 30
1 7 64
1 8 75
1 9 11
1 10 21
2 1 43
2 2 23
2 3 78
2 4 59
2 5 59
2 6 65
2 7 60
2 8 60
2 9 90
2 10 76
3 1 48
3 2 28
3 3 36
3 4 57
3 5 49
3 6 24
3 7 71
3 8 81
3 9 52
3 10 45
4 1 75
4 2 56
4 3 23
4 4 43
4 5 33
4 6 46
4 7 42
4 8 52
4 9 24
4 10 25
5 1 59
5 2 47
5 3 57
5 4 73
5 5 39
5 6 65
5 7 36
5 8 32
5 9 82
5 10 67
6 1 85
6 2 68
6 3 52
6 4 32
6 5 56
6 6 22
6 7 26
6 8 16
6 9 81
6 10 68
7 1 40
7 2 23
7 3 52
7 4 49
7 5 20
7 6 39
7 7 54
7 8 82
7 9 16
7 10 29
8 1 17
8 2 34
8 3 95
8 4 100
8 5 53
8 6 90
8 7 35
8 8 85
8 9 17
8 10 13
9 1 72
9 2 51
9 3 15
9 4 19
9 5 30
9 6 53
9 7 65
9 8 56
9 9 45
9 10 72
10 1 56
10 2 37
10 3 32
10 4 44
10 5 17
10 6 67
10 7 41
10 8 66
10 9 25
10 10 20