100 2
57
37
54
47
24
19
67
62
92
93
73
17
93
11
29
35
42
98
99
58
24
52
68
3
71
5
51
83
54
46
4
1
34
7
33
55
33
58
75
74
91
40
32
80
46
14
53
54
16
52
48
94
32
58
37
83
83
66
57
42
14
39
89
97
80
98
39
93
75
18
26
48
61
89
43
20
25
10
10
42
99
72
73
62
56
29
91
81
2
21
14
20
29
1
78
49
90
32
55
22
0 1 83
0 2 74
0 3 119
0 4 100
0 5 61
0 6 29
0 7 42
0 8 65
0 9 20
0 10 69
0 11 112
0 12 65
0 13 28
0 14 25
0 15 59
0 16 9
0 17 91
0 18 75
0 19 85
0 20 96
0 21 30
0 22 103
0 23 35
0 24 81
0 25 97
0 26 104
0 27 65
0 28 6
0 29 97
0 30 28
0 31 60
0 32 81
0 33 78
0 34 10
0 35 77
0 36 80
0 37 106
0 38 105
0 39 111
0 40 87
0 41 72
0 42 72
0 43 89
0 44 73
0 45 90
0 46 43
0 47 35
0 48 20
0 49 51
0 50 52
0 51 56
0 52 56
0 53 54
0 54 33
0 55 50
0 56 5
0 57 90
0 58 80
0 59 130
0 60 26
0 61 51
0 62 93
0 63 48
0 64 53
0 65 28
0 66 13
0 67 98
0 68 84
0 69 89
0 70 64
0 71 51
0 72 100
0 73 77
0 74 81
0 75 7
0 76 54
0 77 107
0 78 71
0 79 25
0 80 82
0 81 91
0 82 82
0 83 78
0 84 101
0 85 61
0 86 27
0 87 96
0 88 87
0 89 100
0 90 54
0 91 68
0 92 92
0 93 48
0 94 62
0 95 104
0 96 97
0 97 59
0 98 89
0 99 42
0 100 100
1 1 12
1 2 54
1 3 101
1 4 68
1 5 62
1 6 55
1 7 27
1 8 22
1 9 41
1 10 70
1 11 99
1 12 65
1 13 40
1 14 53
1 15 65
1 16 40
1 17 83
1 18 35
1 19 52
1 20 97
1 21 17
1 22 90
1 23 39
1 24 92
1 25 77
1 26 84
1 27 30
1 28 42
1 29 77
1 30 21
1 31 49
1 32 59
1 33 72
1 34 36
1 35 74
1 36 56
1 37 89
1 38 82
1 39 99
1 40 81
1 41 41
1 42 29
1 43 46
1 44 30
1 45 53
1 46 39
1 47 39
1 48 54
1 49 59
1 50 70
1 51 70
1 52 14
1 53 22
1 54 40
1 55 52
1 56 41
1 57 95
1 58 89
1 59 108
1 60 46
1 61 67
1 62 54
1 63 26
1 64 59
1 65 21
1 66 45
1 67 98
1 68 63
1 69 102
1 70 68
1 71 69
1 72 81
1 73 52
1 74 79
1 75 50
1 76 40
1 77 81
1 78 61
1 79 37
1 80 73
1 81 86
1 82 47
1 83 79
1 84 83
1 85 17
1 86 18
1 87 98
1 88 67
1 89 88
1 90 12
1 91 76
1 92 62
1 93 60
1 94 25
1 95 73
1 96 61
1 97 23
1 98 92
1 99 54
1 100 72
2 1 62
2 2 91
2 3 17
2 4 48
2 5 46
2 6 82
2 7 67
2 8 83
2 9 84
2 10 40
2 11 9
2 12 42
2 13 76
2 14 85
2 15 50
2 16 95
2 17 16
2 18 72
2 19 51
2 20 33
2 21 85
2 22 2
2 23 69
2 24 51
2 25 17
2 26 14
2 27 65
2 28 97
2 29 18
2 30 82
2 31 45
2 32 32
2 33 27
2 34 94
2 35 31
2 36 37
2 37 9
2 38 23
2 39 9
2 40 20
2 41 54
2 42 86
2 43 86
2 44 83
2 45 61
2 46 61
2 47 68
2 48 93
2 49 56
2 50 67
2 51 61
2 52 82
2 53 69
2 54 71
2 55 55
2 56 99
2 57 41
2 58 49
2 59 32
2 60 79
2 61 64
2 62 68
2 63 65
2 64 54
2 65 83
2 66 92
2 67 31
2 68 29
2 69 59
2 70 45
2 71 68
2 72 14
2 73 39
2 74 29
2 75 104
2 76 52
2 77 31
2 78 33
2 79 78
2 80 21
2 81 20
2 82 59
2 83 34
2 84 12
2 85 89
2 86 87
2 87 36
2 88 24
2 89 5
2 90 82
2 91 49
2 92 41
2 93 61
2 94 70
2 95 44
2 96 56
2 97 70
2 98 35
2 99 65
2 100 37
3 1 80
3 2 113
3 3 58
3 4 48
3 5 50
3 6 86
3 7 71
3 8 86
3 9 88
3 10 44
3 11 6
3 12 46
3 13 79
3 14 89
3 15 54
3 16 98
3 17 20
3 18 74
3 19 52
3 20 36
3 21 89
3 22 6
3 23 73
3 24 54
3 25 19
3 26 14
3 27 67
3 28 101
3 29 19
3 30 86
3 31 49
3 32 35
3 33 31
3 34 98
3 35 35
3 36 40
3 37 8
3 38 23
3 39 6
3 40 24
3 41 56
3 42 89
3 43 88
3 44 85
3 45 63
3 46 65
3 47 72
3 48 97
3 49 60
3 50 71
3 51 65
3 52 85
3 53 72
3 54 75
3 55 59
3 56 103
3 57 44
3 58 52
3 59 28
3 60 83
3 61 68
3 62 69
3 63 68
3 64 58
3 65 87
3 66 96
3 67 33
3 68 31
3 69 62
3 70 49
3 71 72
3 72 15
3 73 42
3 74 33
3 75 108
3 76 56
3 77 31
3 78 36
3 79 82
3 80 25
3 81 24
3 82 61
3 83 38
3 84 13
3 85 92
3 86 91
3 87 39
3 88 27
3 89 9
3 90 85
3 91 52
3 92 43
3 93 65
3 94 73
3 95 44
3 96 57
3 97 73
3 98 38
3 99 69
3 100 37
4 1 79
4 2 25
4 3 74
4 4 67
4 5 19
4 6 44
4 7 54
4 8 86
4 9 54
4 10 13
4 11 52
4 12 17
4 13 47
4 14 48
4 15 15
4 16 64
4 17 31
4 18 82
4 19 71
4 20 24
4 21 68
4 22 45
4 23 44
4 24 11
4 25 53
4 26 56
4 27 70
4 28 66
4 29 54
4 30 63
4 31 36
4 32 51
4 33 25
4 34 66
4 35 19
4 36 55
4 37 55
4 38 63
4 39 51
4 40 27
4 41 64
4 42 92
4 43 101
4 44 90
4 45 82
4 46 41
4 47 43
4 48 56
4 49 23
4 50 23
4 51 18
4 52 79
4 53 66
4 54 44
4 55 28
4 56 68
4 57 17
4 58 9
4 59 79
4 60 47
4 61 22
4 62 89
4 63 56
4 64 22
4 65 64
4 66 59
4 67 27
4 68 50
4 69 23
4 70 13
4 71 25
4 72 54
4 73 54
4 74 18
4 75 70
4 76 43
4 77 70
4 78 30
4 79 51
4 80 31
4 81 27
4 82 76
4 83 13
4 84 53
4 85 88
4 86 69
4 87 24
4 88 49
4 89 42
4 90 79
4 91 4
4 92 68
4 93 25
4 94 73
4 95 77
4 96 82
4 97 70
4 98 18
4 99 31
4 100 70
5 1 81
5 2 95
5 3 57
5 4 59
5 5 60
5 6 41
5 7 25
5 8 53
5 9 40
5 10 21
5 11 53
5 12 16
5 13 32
5 14 43
5 15 21
5 16 50
5 17 34
5 18 49
5 19 41
5 20 46
5 21 43
5 22 43
5 23 25
5 24 44
5 25 38
5 26 45
5 27 37
5 28 53
5 29 39
5 30 39
5 31 3
5 32 26
5 33 21
5 34 50
5 35 23
5 36 28
5 37 47
5 38 48
5 39 52
5 40 30
5 41 33
5 42 60
5 43 68
5 44 57
5 45 52
5 46 17
5 47 24
5 48 51
5 49 20
5 50 35
5 51 32
5 52 48
5 53 34
5 54 27
5 55 13
5 56 55
5 57 44
5 58 41
5 59 71
5 60 36
5 61 31
5 62 58
5 63 25
5 64 19
5 65 40
5 66 48
5 67 47
5 68 27
5 69 55
5 70 20
5 71 36
5 72 42
5 73 26
5 74 27
5 75 60
5 76 11
5 77 52
5 78 12
5 79 34
5 80 24
5 81 35
5 82 45
5 83 28
5 84 42
5 85 57
5 86 44
5 87 48
5 88 29
5 89 41
5 90 48
5 91 30
5 92 42
5 93 25
5 94 40
5 95 53
5 96 54
5 97 38
5 98 41
5 99 25
5 100 47
6 1 82
6 2 94
6 3 57
6 4 58
6 5 59
6 6 73
6 7 68
6 8 100
6 9 64
6 10 28
6 11 59
6 12 32
6 13 58
6 14 57
6 15 29
6 16 74
6 17 41
6 18 97
6 19 85
6 20 25
6 21 81
6 22 54
6 23 57
6 24 5
6 25 65
6 26 67
6 27 85
6 28 76
6 29 66
6 30 76
6 31 51
6 32 65
6 33 37
6 34 76
6 35 32
6 36 69
6 37 64
6 38 75
6 39 58
6 40 38
6 41 79
6 42 107
6 43 115
6 44 104
6 45 97
6 46 55
6 47 56
6 48 63
6 49 36
6 50 29
6 51 26
6 52 94
6 53 80
6 54 56
6 55 42
6 56 78
6 57 16
6 58 8
6 59 87
6 60 57
6 61 31
6 62 103
6 63 71
6 64 35
6 65 77
6 66 68
6 67 29
6 68 63
6 69 8
6 70 27
6 71 31
6 72 65
6 73 69
6 74 29
6 75 78
6 76 58
6 77 82
6 78 45
6 79 62
6 80 43
6 81 36
6 82 91
6 83 25
6 84 64
6 85 103
6 86 81
6 87 23
6 88 62
6 89 51
6 90 94
6 91 18
6 92 82
6 93 36
6 94 88
6 95 90
6 96 96
6 97 85
6 98 21
6 99 43
6 100 83
7 1 31
7 2 79
7 3 8
7 4 74
7 5 83
7 6 21
7 7 79
7 8 2
7 9 60
7 10 74
7 11 91
7 12 69
7 13 57
7 14 71
7 15 73
7 16 62
7 17 80
7 18 13
7 19 36
7 20 98
7 21 38
7 22 82
7 23 52
7 24 97
7 25 66
7 26 73
7 27 18
7 28 64
7 29 66
7 30 41
7 31 51
7 32 50
7 33 71
7 34 58
7 35 75
7 36 45
7 37 79
7 38 69
7 39 91
7 40 78
7 41 28
7 42 6
7 43 22
7 44 6
7 45 32
7 46 49
7 47 52
7 48 74
7 49 68
7 50 82
7 51 81
7 52 12
7 53 21
7 54 54
7 55 60
7 56 64
7 57 97
7 58 95
7 59 93
7 60 63
7 61 78
7 62 31
7 63 31
7 64 68
7 65 41
7 66 66
7 67 97
7 68 54
7 69 109
7 70 74
7 71 82
7 72 71
7 73 43
7 74 79
7 75 73
7 76 43
7 77 65
7 78 60
7 79 55
7 80 70
7 81 84
7 82 28
7 83 81
7 84 73
7 85 10
7 86 40
7 87 100
7 88 58
7 89 82
7 90 13
7 91 83
7 92 46
7 93 71
7 94 13
7 95 55
7 96 41
7 97 16
7 98 93
7 99 66
7 100 56
8 1 85
8 2 18
8 3 79
8 4 63
8 5 74
8 6 66
8 7 89
8 8 84
8 9 70
8 10 22
8 11 38
8 12 27
8 13 63
8 14 66
8 15 30
8 16 81
8 17 21
8 18 87
8 19 71
8 20 7
8 21 81
8 22 33
8 23 58
8 24 17
8 25 46
8 26 47
8 27 76
8 28 83
8 29 47
8 30 77
8 31 43
8 32 50
8 33 23
8 34 82
8 35 18
8 36 55
8 37 44
8 38 55
8 39 37
8 40 19
8 41 68
8 42 99
8 43 104
8 44 96
8 45 83
8 46 54
8 47 58
8 48 74
8 49 39
8 50 41
8 51 36
8 52 88
8 53 74
8 54 59
8 55 42
8 56 85
8 57 6
8 58 15
8 59 66
8 60 63
8 61 40
8 62 90
8 63 66
8 64 37
8 65 78
8 66 76
8 67 9
8 68 48
8 69 25
8 70 26
8 71 43
8 72 45
8 73 55
8 74 14
8 75 88
8 76 52
8 77 63
8 78 33
8 79 66
8 80 27
8 81 15
8 82 78
8 83 13
8 84 44
8 85 97
8 86 82
8 87 7
8 88 45
8 89 30
8 90 88
8 91 22
8 92 66
8 93 41
8 94 80
8 95 73
8 96 81
8 97 78
8 98 0
8 99 48
8 100 65
9 1 77
9 2 38
9 3 59
9 4 27
9 5 38
9 6 58
9 7 47
9 8 47
9 9 37
9 10 74
9 11 78
9 12 70
9 13 69
9 14 84
9 15 76
9 16 79
9 17 73
9 18 11
9 19 20
9 20 93
9 21 56
9 22 71
9 23 63
9 24 98
9 25 53
9 26 59
9 27 22
9 28 82
9 29 53
9 30 58
9 31 52
9 32 40
9 33 67
9 34 76
9 35 72
9 36 35
9 37 65
9 38 53
9 39 78
9 40 72
9 41 23
9 42 23
9 43 16
9 44 19
9 45 11
9 46 58
9 47 63
9 48 89
9 49 74
9 50 89
9 51 86
9 52 32
9 53 33
9 54 66
9 55 66
9 56 82
9 57 95
9 58 95
9 59 75
9 60 76
9 61 85
9 62 8
9 63 41
9 64 73
9 65 58
9 66 82
9 67 92
9 68 43
9 69 109
9 70 75
9 71 89
9 72 58
9 73 34
9 74 76
9 75 91
9 76 47
9 77 47
9 78 57
9 79 69
9 80 63
9 81 77
9 82 12
9 83 79
9 84 59
9 85 33
9 86 59
9 87 95
9 88 47
9 89 72
9 90 34
9 91 84
9 92 30
9 93 78
9 94 23
9 95 34
9 96 19
9 97 27
9 98 89
9 99 75
9 100 38
10 1 57
10 2 93
10 3 33
10 4 70
10 5 75
10 6 51
10 7 64
10 8 9
10 9 90
10 10 67
10 11 48
10 12 47
10 13 62
10 14 76
10 15 55
10 16 78
10 17 43
10 18 33
10 19 11
10 20 64
10 21 60
10 22 40
10 23 55
10 24 72
10 25 23
10 26 29
10 27 29
10 28 81
10 29 22
10 30 60
10 31 34
10 32 12
10 33 40
10 34 77
10 35 45
10 36 8
10 37 35
10 38 24
10 39 47
10 40 43
10 41 18
10 42 48
10 43 47
10 44 44
10 45 22
10 46 47
10 47 55
10 48 83
10 49 56
10 50 71
10 51 67
10 52 47
10 53 37
10 54 58
10 55 49
10 56 82
10 57 67
10 58 69
10 59 49
10 60 69
10 61 67
10 62 29
10 63 39
10 64 55
10 65 60
10 66 78
10 67 62
10 68 14
10 69 83
10 70 53
10 71 72
10 72 27
10 73 11
10 74 48
10 75 90
10 76 34
10 77 22
10 78 33
10 79 64
10 80 35
10 81 48
10 82 19
10 83 52
10 84 29
10 85 53
10 86 63
10 87 66
10 88 17
10 89 41
10 90 48
10 91 61
10 92 6
10 93 61
10 94 35
10 95 18
10 96 19
10 97 36
10 98 61
10 99 61
10 100 13
11 1 58
11 2 59
11 3 37
11 4 44
11 5 54
11 6 42
11 7 52
11 8 24
11 9 56
11 10 40
11 11 23
11 12 56
11 13 21
11 14 30
11 15 53
11 16 16
11 17 79
11 18 53
11 19 65
11 20 88
11 21 9
11 22 89
11 23 24
11 24 78
11 25 80
11 26 88
11 27 44
11 28 18
11 29 80
11 30 8
11 31 45
11 32 64
11 33 67
11 34 12
11 35 67
11 36 62
11 37 91
11 38 88
11 39 98
11 40 76
11 41 52
11 42 51
11 43 68
11 44 52
11 45 69
11 46 29
11 47 25
11 48 31
11 49 45
11 50 52
11 51 54
11 52 34
11 53 33
11 54 24
11 55 40
11 56 18
11 57 84
11 58 76
11 59 113
11 60 25
11 61 50
11 62 72
11 63 29
11 64 46
11 65 7
11 66 21
11 67 90
11 68 67
11 69 87
11 70 57
11 71 51
11 72 84
11 73 59
11 74 71
11 75 27
11 76 38
11 77 89
11 78 58
11 79 17
11 80 70
11 81 80
11 82 62
11 83 70
11 84 85
11 85 40
11 86 6
11 87 89
11 88 70
11 89 87
11 90 33
11 91 63
11 92 72
11 93 44
11 94 41
11 95 84
11 96 76
11 97 37
11 98 82
11 99 37
11 100 81
12 1 59
12 2 103
12 3 36
12 4 79
12 5 83
12 6 56
12 7 71
12 8 20
12 9 100
12 10 77
12 11 47
12 12 89
12 13 28
12 14 18
12 15 29
12 16 36
12 17 64
12 18 85
12 19 84
12 20 61
12 21 52
12 22 78
12 23 31
12 24 42
12 25 79
12 26 85
12 27 72
12 28 37
12 29 80
12 30 47
12 31 46
12 32 70
12 33 53
12 34 40
12 35 49
12 36 72
12 37 85
12 38 90
12 39 85
12 40 60
12 41 73
12 42 90
12 43 103
12 44 89
12 45 93
12 46 36
12 47 31
12 48 23
12 49 24
12 50 14
12 51 19
12 52 73
12 53 63
12 54 29
12 55 30
12 56 39
12 57 53
12 58 42
12 59 110
12 60 22
12 61 15
12 62 98
12 63 53
12 64 26
12 65 47
12 66 30
12 67 63
12 68 71
12 69 48
12 70 34
12 71 12
12 72 82
12 73 69
12 74 51
12 75 38
12 76 47
12 77 95
12 78 51
12 79 31
12 80 59
12 81 62
12 82 85
12 83 47
12 84 82
12 85 82
12 86 51
12 87 60
12 88 72
12 89 75
12 90 73
12 91 33
12 92 86
12 93 19
12 94 73
12 95 97
12 96 96
12 97 69
12 98 54
12 99 19
12 100 91
13 1 50
13 2 48
13 3 39
13 4 57
13 5 69
13 6 30
13 7 74
13 8 46
13 9 43
13 10 51
13 11 19
13 12 70
13 13 30
13 14 70
13 15 53
13 16 71
13 17 46
13 18 26
13 19 9
13 20 66
13 21 52
13 22 46
13 23 49
13 24 72
13 25 29
13 26 36
13 27 21
13 28 74
13 29 29
13 30 52
13 31 30
13 32 14
13 33 41
13 34 69
13 35 46
13 36 9
13 37 42
13 38 32
13 39 54
13 40 46
13 41 9
13 42 41
13 43 42
13 44 37
13 45 20
13 46 41
13 47 48
13 48 77
13 49 52
13 50 68
13 51 64
13 52 39
13 53 29
13 54 51
13 55 45
13 56 75
13 57 69
13 58 69
13 59 58
13 60 62
13 61 64
13 62 27
13 63 31
13 64 51
13 65 52
13 66 71
13 67 65
13 68 17
13 69 84
13 70 51
13 71 68
13 72 34
13 73 8
13 74 50
13 75 82
13 76 29
13 77 31
13 78 32
13 79 57
13 80 37
13 81 51
13 82 15
13 83 53
13 84 36
13 85 45
13 86 55
13 87 69
13 88 22
13 89 46
13 90 40
13 91 60
13 92 13
13 93 57
13 94 26
13 95 25
13 96 21
13 97 28
13 98 63
13 99 56
13 100 22
14 1 72
14 2 112
14 3 50
14 4 82
14 5 85
14 6 69
14 7 70
14 8 28
14 9 109
14 10 81
14 11 59
14 12 91
14 13 104
14 14 83
14 15 46
14 16 62
14 17 46
14 18 26
14 19 17
14 20 65
14 21 43
14 22 49
14 23 40
14 24 68
14 25 34
14 26 41
14 27 16
14 28 64
14 29 34
14 30 43
14 31 22
14 32 17
14 33 38
14 34 60
14 35 43
14 36 13
14 37 46
14 38 39
14 39 57
14 40 45
14 41 7
14 42 39
14 43 44
14 44 36
14 45 26
14 46 32
14 47 39
14 48 68
14 49 45
14 50 60
14 51 57
14 52 33
14 53 21
14 54 42
14 55 37
14 56 65
14 57 66
14 58 65
14 59 65
14 60 53
14 61 56
14 62 32
14 63 22
14 64 44
14 65 43
14 66 62
14 67 64
14 68 20
14 69 79
14 70 45
14 71 60
14 72 39
14 73 9
14 74 47
14 75 73
14 76 20
14 77 39
14 78 28
14 79 48
14 80 36
14 81 50
14 82 19
14 83 49
14 84 40
14 85 41
14 86 46
14 87 67
14 88 25
14 89 48
14 90 34
14 91 55
14 92 22
14 93 49
14 94 22
14 95 34
14 96 29
14 97 22
14 98 61
14 99 48
14 100 30
15 1 57
15 2 58
15 3 36
15 4 45
15 5 54
15 6 41
15 7 54
15 8 26
15 9 55
15 10 40
15 11 22
15 12 58
15 13 51
15 14 55
15 15 34
15 16 84
15 17 33
15 18 97
15 19 83
15 20 14
15 21 88
15 22 45
15 23 64
15 24 11
15 25 58
15 26 59
15 27 86
15 28 86
15 29 59
15 30 83
15 31 53
15 32 62
15 33 34
15 34 86
15 35 29
15 36 67
15 37 55
15 38 68
15 39 47
15 40 31
15 41 79
15 42 109
15 43 116
15 44 106
15 45 95
15 46 60
15 47 63
15 48 75
15 49 43
15 50 41
15 51 36
15 52 98
15 53 84
15 54 64
15 55 48
15 56 88
15 57 7
15 58 12
15 59 77
15 60 66
15 61 41
15 62 101
15 63 75
15 64 42
15 65 84
15 66 79
15 67 17
15 68 60
15 69 13
15 70 32
15 71 43
15 72 57
15 73 67
15 74 25
15 75 90
15 76 61
15 77 75
15 78 44
15 79 71
15 80 39
15 81 28
15 82 89
15 83 23
15 84 56
15 85 107
15 86 89
15 87 11
15 88 57
15 89 42
15 90 97
15 91 24
15 92 78
15 93 45
15 94 90
15 95 85
15 96 93
15 97 88
15 98 12
15 99 51
15 100 77
16 1 95
16 2 50
16 3 74
16 4 7
16 5 17
16 6 77
16 7 28
16 8 54
16 9 50
16 10 6
16 11 59
16 12 20
16 13 65
16 14 18
16 15 16
16 16 25
16 17 52
16 18 95
16 19 88
16 20 42
16 21 71
16 22 66
16 23 47
16 24 21
16 25 73
16 26 77
16 27 83
16 28 61
16 29 74
16 30 66
16 31 50
16 32 70
16 33 45
16 34 63
16 35 39
16 36 73
16 37 76
16 38 84
16 39 72
16 40 48
16 41 79
16 42 103
16 43 114
16 44 101
16 45 99
16 46 48
16 47 47
16 48 48
16 49 29
16 50 16
16 51 16
16 52 88
16 53 76
16 54 46
16 55 37
16 56 63
16 57 33
16 58 22
16 59 100
16 60 44
16 61 19
16 62 105
16 63 66
16 64 29
16 65 67
16 66 54
16 67 45
16 68 69
16 69 23
16 70 28
16 71 17
16 72 74
16 73 71
16 74 39
16 75 63
16 76 55
16 77 91
16 78 48
16 79 51
16 80 51
16 81 48
16 82 92
16 83 34
16 84 74
16 85 97
16 86 71
16 87 40
16 88 68
16 89 63
16 90 88
16 91 20
16 92 86
16 93 26
16 94 84
16 95 96
16 96 100
16 97 81
16 98 36
16 99 32
16 100 89
17 1 74
17 2 30
17 3 59
17 4 36
17 5 48
17 6 54
17 7 58
17 8 53
17 9 28
17 10 30
17 11 39
17 12 49
17 13 33
17 14 50
17 15 18
17 16 16
17 17 64
17 18 44
17 19 38
17 20 53
17 21 36
17 22 49
17 23 21
17 24 50
17 25 41
17 26 48
17 27 31
17 28 49
17 29 41
17 30 33
17 31 5
17 32 27
17 33 28
17 34 46
17 35 30
17 36 28
17 37 51
17 38 50
17 39 58
17 40 37
17 41 28
17 42 53
17 43 63
17 44 51
17 45 48
17 46 13
17 47 21
17 48 49
17 49 23
17 50 39
17 51 36
17 52 41
17 53 27
17 54 24
17 55 15
17 56 51
17 57 51
17 58 48
17 59 74
17 60 34
17 61 34
17 62 54
17 63 18
17 64 22
17 65 34
17 66 45
17 67 53
17 68 29
17 69 61
17 70 26
17 71 39
17 72 45
17 73 25
17 74 34
17 75 57
17 76 4
17 77 53
17 78 18
17 79 31
17 80 30
17 81 42
17 82 41
17 83 35
17 84 46
17 85 50
17 86 38
17 87 54
17 88 32
17 89 47
17 90 41
17 91 36
17 92 41
17 93 27
17 94 34
17 95 53
17 96 51
17 97 32
17 98 48
17 99 26
17 100 47
18 1 52
18 2 69
18 3 29
18 4 53
18 5 61
18 6 39
18 7 57
18 8 16
18 9 65
18 10 49
18 11 21
18 12 65
18 13 59
18 14 61
18 15 44
18 16 51
18 17 40
18 18 33
18 19 22
18 20 52
18 21 61
18 22 30
18 23 51
18 24 60
18 25 15
18 26 22
18 27 35
18 28 78
18 29 14
18 30 59
18 31 26
18 32 3
18 33 28
18 34 74
18 35 34
18 36 7
18 37 27
18 38 21
18 39 38
18 40 31
18 41 24
18 42 57
18 43 58
18 44 53
18 45 34
18 46 42
18 47 50
18 48 78
18 49 48
18 50 62
18 51 58
18 52 53
18 53 40
18 54 53
18 55 42
18 56 79
18 57 55
18 58 58
18 59 47
18 60 63
18 61 58
18 62 41
18 63 39
18 64 46
18 65 60
18 66 75
18 67 50
18 68 2
18 69 71
18 70 43
18 71 63
18 72 19
18 73 10
18 74 36
18 75 86
18 76 30
18 77 24
18 78 22
18 79 60
18 80 23
18 81 36
18 82 30
18 83 40
18 84 21
18 85 60
18 86 63
18 87 54
18 88 6
18 89 30
18 90 53
18 91 50
18 92 17
18 93 53
18 94 41
18 95 26
18 96 31
18 97 41
18 98 49
18 99 54
18 100 19
19 1 42
19 2 68
19 3 20
19 4 61
19 5 70
19 6 27
19 7 68
19 8 24
19 9 65
19 10 56
19 11 10
19 12 74
19 13 54
19 14 70
19 15 49
19 16 54
19 17 30
19 18 32
19 19 56
19 20 45
19 21 53
19 22 32
19 23 38
19 24 49
19 25 24
19 26 31
19 27 36
19 28 67
19 29 24
19 30 50
19 31 13
19 32 13
19 33 18
19 34 63
19 35 23
19 36 16
19 37 34
19 38 33
19 39 41
19 40 25
19 41 27
19 42 59
19 43 64
19 44 56
19 45 43
19 46 30
19 47 38
19 48 65
19 49 33
19 50 48
19 51 44
19 52 51
19 53 37
19 54 41
19 55 28
19 56 68
19 57 46
19 58 46
19 59 57
19 60 50
19 61 44
19 62 50
19 63 32
19 64 32
19 65 51
19 66 62
19 67 44
19 68 13
19 69 60
19 70 29
19 71 49
19 72 28
19 73 15
19 74 27
19 75 74
19 76 20
19 77 37
19 78 9
19 79 48
19 80 16
19 81 30
19 82 37
19 83 30
19 84 28
19 85 59
19 86 55
19 87 47
19 88 15
19 89 31
19 90 51
19 91 37
19 92 29
19 93 38
19 94 40
19 95 40
19 96 43
19 97 39
19 98 41
19 99 40
19 100 33
20 1 27
20 2 90
20 3 5
20 4 83
20 5 92
20 6 25
20 7 86
20 8 30
20 9 86
20 10 79
20 11 24
20 12 96
20 13 71
20 14 91
20 15 73
20 16 78
20 17 15
20 18 17
20 19 72
20 20 43
20 21 56
20 22 29
20 23 40
20 24 45
20 25 23
20 26 29
20 27 41
20 28 68
20 29 24
20 30 53
20 31 15
20 32 16
20 33 13
20 34 65
20 35 18
20 36 20
20 37 32
20 38 33
20 39 38
20 40 20
20 41 32
20 42 64
20 43 68
20 44 61
20 45 48
20 46 32
20 47 39
20 48 66
20 49 32
20 50 46
20 51 42
20 52 55
20 53 41
20 54 42
20 55 28
20 56 70
20 57 41
20 58 42
20 59 56
20 60 51
20 61 43
20 62 54
20 63 36
20 64 30
20 65 54
20 66 64
20 67 39
20 68 15
20 69 56
20 70 26
20 71 47
20 72 26
20 73 19
20 74 22
20 75 76
20 76 23
20 77 38
20 78 6
20 79 50
20 80 11
20 81 25
20 82 42
20 83 25
20 84 27
20 85 64
20 86 58
20 87 42
20 88 15
20 89 27
20 90 56
20 91 34
20 92 33
20 93 37
20 94 45
20 95 42
20 96 47
20 97 44
20 98 36
20 99 40
20 100 35
21 1 67
21 2 50
21 3 47
21 4 35
21 5 45
21 6 49
21 7 47
21 8 34
21 9 48
21 10 30
21 11 31
21 12 48
21 13 49
21 14 45
21 15 24
21 16 31
21 17 55
21 18 53
21 19 54
21 20 20
21 21 13
21 22 10
21 23 76
21 24 59
21 25 18
21 26 12
21 27 68
21 28 104
21 29 19
21 30 88
21 31 51
21 32 35
21 33 34
21 34 101
21 35 39
21 36 40
21 37 6
21 38 20
21 39 9
21 40 28
21 41 56
21 42 88
21 43 87
21 44 85
21 45 61
21 46 68
21 47 75
21 48 100
21 49 64
21 50 75
21 51 69
21 52 85
21 53 72
21 54 77
21 55 62
21 56 106
21 57 48
21 58 57
21 59 24
21 60 86
21 61 72
21 62 67
21 63 70
21 64 62
21 65 89
21 66 99
21 67 38
21 68 32
21 69 67
21 70 53
21 71 76
21 72 14
21 73 42
21 74 37
21 75 111
21 76 58
21 77 28
21 78 39
21 79 85
21 80 29
21 81 28
21 82 60
21 83 42
21 84 12
21 85 92
21 86 93
21 87 43
21 88 27
21 89 13
21 90 86
21 91 57
21 92 41
21 93 69
21 94 73
21 95 41
21 96 55
21 97 73
21 98 42
21 99 73
21 100 35
22 1 107
22 2 58
22 3 85
22 4 8
22 5 5
22 6 89
22 7 21
22 8 62
22 9 59
22 10 15
22 11 71
22 12 10
22 13 76
22 14 6
22 15 27
22 16 35
22 17 95
22 18 86
22 19 81
22 20 58
22 21 38
22 22 54
22 23 30
22 24 64
22 25 40
22 26 47
22 27 17
22 28 55
22 29 40
22 30 34
22 31 17
22 32 23
22 33 37
22 34 51
22 35 41
22 36 20
22 37 52
22 38 47
22 39 61
22 40 45
22 41 14
22 42 40
22 43 48
22 44 37
22 45 35
22 46 23
22 47 30
22 48 58
22 49 38
22 50 53
22 51 51
22 52 30
22 53 16
22 54 33
22 55 30
22 56 56
22 57 63
22 58 61
22 59 72
22 60 44
22 61 49
22 62 40
22 63 13
22 64 37
22 65 35
22 66 53
22 67 64
22 68 26
22 69 75
22 70 40
22 71 53
22 72 44
22 73 17
22 74 45
22 75 64
22 76 12
22 77 47
22 78 26
22 79 38
22 80 36
22 81 50
22 82 27
22 83 47
22 84 46
22 85 39
22 86 38
22 87 66
22 88 30
22 89 51
22 90 31
22 91 50
22 92 31
22 93 42
22 94 21
22 95 43
22 96 39
22 97 19
22 98 59
22 99 39
22 100 39
23 1 41
23 2 57
23 3 40
23 4 76
23 5 87
23 6 23
23 7 93
23 8 59
23 9 52
23 10 69
23 11 26
23 12 89
23 13 28
23 14 88
23 15 58
23 16 56
23 17 37
23 18 61
23 19 28
23 20 25
23 21 55
23 22 88
23 23 42
23 24 71
23 25 16
23 26 10
23 27 62
23 28 107
23 29 16
23 30 88
23 31 54
23 32 32
23 33 43
23 34 103
23 35 48
23 36 35
23 37 12
23 38 9
23 39 24
23 40 39
23 41 51
23 42 81
23 43 76
23 44 77
23 45 51
23 46 70
23 47 78
23 48 105
23 49 71
23 50 83
23 51 78
23 52 80
23 53 69
23 54 81
23 55 67
23 56 108
23 57 62
23 58 69
23 59 17
23 60 91
23 61 80
23 62 56
23 63 68
23 64 69
23 65 89
23 66 103
23 67 52
23 68 30
23 69 80
23 70 62
23 71 84
23 72 13
23 73 39
23 74 48
23 75 114
23 76 59
23 77 14
23 78 44
23 79 88
23 80 36
23 81 40
23 82 51
23 83 53
23 84 13
23 85 86
23 86 93
23 87 57
23 88 26
23 89 26
23 90 81
23 91 67
23 92 32
23 93 76
23 94 68
23 95 29
23 96 43
23 97 69
23 98 56
23 99 79
23 100 23
24 1 86
24 2 67
24 3 62
24 4 27
24 5 31
24 6 71
24 7 24
24 8 36
24 9 66
24 10 27
24 11 52
24 12 36
24 13 74
24 14 30
24 15 32
24 16 42
24 17 74
24 18 60
24 19 78
24 20 45
24 21 16
24 22 32
24 23 52
24 24 31
24 25 71
24 26 75
24 27 82
24 28 64
24 29 72
24 30 67
24 31 49
24 32 68
24 33 43
24 34 65
24 35 37
24 36 72
24 37 73
24 38 82
24 39 69
24 40 46
24 41 79
24 42 103
24 43 114
24 44 101
24 45 98
24 46 49
24 47 48
24 48 51
24 49 29
24 50 18
24 51 17
24 52 89
24 53 76
24 54 48
24 55 37
24 56 66
24 57 29
24 58 18
24 59 97
24 60 46
24 61 21
24 62 104
24 63 66
24 64 29
24 65 68
24 66 57
24 67 41
24 68 67
24 69 20
24 70 27
24 71 19
24 72 72
24 73 70
24 74 36
24 75 66
24 76 55
24 77 88
24 78 47
24 79 53
24 80 49
24 81 45
24 82 91
24 83 32
24 84 71
24 85 98
24 86 73
24 87 36
24 88 67
24 89 60
24 90 88
24 91 18
24 92 85
24 93 27
24 94 85
24 95 95
24 96 98
24 97 81
24 98 33
24 99 34
24 100 87
25 1 36
25 2 62
25 3 25
25 4 68
25 5 79
25 6 16
25 7 81
25 8 41
25 9 58
25 10 62
25 11 8
25 12 81
25 13 41
25 14 79
25 15 53
25 16 54
25 17 27
25 18 44
25 19 42
25 20 18
25 21 41
25 22 71
25 23 44
25 24 48
25 25 15
25 26 17
25 27 55
25 28 86
25 29 16
25 30 71
25 31 33
25 32 24
25 33 16
25 34 83
25 35 21
25 36 29
25 37 16
25 38 25
25 39 20
25 40 13
25 41 45
25 42 78
25 43 79
25 44 74
25 45 56
25 46 50
25 47 57
25 48 82
25 49 46
25 50 57
25 51 52
25 52 72
25 53 58
25 54 59
25 55 43
25 56 87
25 57 37
25 58 43
25 59 41
25 60 68
25 61 54
25 62 62
25 63 54
25 64 44
25 65 72
25 66 81
25 67 30
25 68 20
25 69 55
25 70 36
25 71 58
25 72 14
25 73 31
25 74 21
25 75 93
25 76 41
25 77 32
25 78 21
25 79 67
25 80 10
25 81 16
25 82 52
25 83 26
25 84 14
25 85 79
25 86 76
25 87 35
25 88 16
25 89 9
25 90 72
25 91 40
25 92 37
25 93 51
25 94 60
25 95 42
25 96 52
25 97 60
25 98 31
25 99 54
25 100 34
26 1 55
26 2 106
26 3 34
26 4 85
26 5 90
26 6 54
26 7 78
26 8 24
26 9 103
26 10 83
26 11 47
26 12 95
26 13 94
26 14 88
26 15 80
26 16 88
26 17 44
26 18 13
26 19 96
26 20 62
26 21 51
26 22 43
26 23 87
26 24 27
26 25 51
26 26 108
26 27 22
26 28 39
26 29 58
26 30 16
26 31 26
26 32 41
26 33 50
26 34 34
26 35 51
26 36 38
26 37 69
26 38 65
26 39 78
26 40 58
26 41 28
26 42 37
26 43 51
26 44 36
26 45 46
26 46 19
26 47 21
26 48 46
26 49 38
26 50 51
26 51 51
26 52 22
26 53 11
26 54 23
26 55 31
26 56 40
26 57 72
26 58 67
26 59 90
26 60 33
26 61 47
26 62 50
26 63 5
26 64 38
26 65 17
26 66 38
26 67 75
26 68 44
26 69 81
26 70 46
26 71 51
26 72 62
26 73 35
26 74 56
26 75 48
26 76 18
26 77 65
26 78 39
26 79 25
26 80 51
26 81 63
26 82 39
26 83 56
26 84 63
26 85 31
26 86 20
26 87 76
26 88 48
26 89 67
26 90 21
26 91 55
26 92 48
26 93 40
26 94 21
26 95 60
26 96 52
26 97 17
26 98 69
26 99 35
26 100 57
27 1 57
27 2 102
27 3 35
27 4 78
27 5 83
27 6 55
27 7 71
27 8 18
27 9 99
27 10 76
27 11 45
27 12 88
27 13 91
27 14 82
27 15 75
27 16 83
27 17 46
27 18 16
27 19 94
27 20 58
27 21 44
27 22 37
27 23 83
27 24 21
27 25 51
27 26 103
27 27 9
27 28 48
27 29 67
27 30 25
27 31 43
27 32 50
27 33 65
27 34 43
27 35 68
27 36 46
27 37 79
27 38 72
27 39 90
27 40 73
27 41 30
27 42 22
27 43 38
27 44 22
27 45 42
27 46 37
27 47 39
27 48 59
27 49 56
27 50 69
27 51 69
27 52 4
27 53 13
27 54 40
27 55 49
27 56 48
27 57 89
27 58 85
27 59 97
27 60 48
27 61 65
27 62 43
27 63 20
27 64 56
27 65 25
27 66 50
27 67 91
27 68 53
27 69 99
27 70 64
27 71 68
27 72 72
27 73 43
27 74 72
27 75 57
27 76 34
27 77 70
27 78 54
27 79 40
27 80 65
27 81 79
27 82 36
27 83 73
27 84 73
27 85 13
27 86 24
27 87 93
27 88 58
27 89 80
27 90 3
27 91 73
27 92 51
27 93 58
27 94 14
27 95 62
27 96 50
27 97 12
27 98 86
27 99 53
27 100 61
28 1 94
28 2 14
28 3 88
28 4 63
28 5 74
28 6 75
28 7 90
28 8 91
28 9 13
28 10 57
28 11 68
28 12 71
28 13 26
28 14 76
28 15 47
28 16 37
28 17 89
28 18 104
28 19 29
28 20 51
28 21 71
28 22 107
28 23 27
28 24 93
28 25 76
28 26 5
28 27 116
28 28 25
28 29 58
28 30 54
28 31 53
28 32 45
28 33 70
28 34 72
28 35 75
28 36 40
28 37 71
28 38 59
28 39 84
28 40 76
28 41 25
28 42 15
28 43 12
28 44 12
28 45 18
28 46 57
28 47 62
28 48 87
28 49 74
28 50 89
28 51 87
28 52 27
28 53 30
28 54 64
28 55 66
28 56 78
28 57 98
28 58 97
28 59 82
28 60 74
28 61 85
28 62 15
28 63 40
28 64 73
28 65 54
28 66 79
28 67 96
28 68 48
28 69 111
28 70 77
28 71 89
28 72 63
28 73 38
28 74 79
28 75 87
28 76 48
28 77 54
28 78 60
28 79 66
28 80 67
28 81 81
28 82 17
28 83 81
28 84 65
28 85 26
28 86 54
28 87 99
28 88 52
28 89 77
28 90 28
28 91 86
28 92 36
28 93 77
28 94 20
28 95 42
28 96 27
28 97 24
28 98 93
28 99 74
28 100 45
29 1 66
29 2 74
29 3 42
29 4 46
29 5 52
29 6 54
29 7 44
29 8 15
29 9 71
29 10 44
29 11 36
29 12 57
29 13 71
29 14 51
29 15 43
29 16 52
29 17 54
29 18 38
29 19 74
29 20 37
29 21 13
29 22 29
29 23 55
29 24 12
29 25 50
29 26 77
29 27 39
29 28 58
29 29 73
29 30 30
29 31 62
29 32 84
29 33 81
29 34 12
29 35 80
29 36 83
29 37 109
29 38 108
29 39 114
29 40 90
29 41 74
29 42 73
29 43 90
29 44 74
29 45 92
29 46 45
29 47 38
29 48 22
29 49 54
29 50 55
29 51 59
29 52 56
29 53 56
29 54 36
29 55 53
29 56 7
29 57 93
29 58 83
29 59 132
29 60 29
29 61 54
29 62 94
29 63 50
29 64 56
29 65 29
29 66 16
29 67 101
29 68 86
29 69 92
29 70 67
29 71 53
29 72 103
29 73 79
29 74 84
29 75 8
29 76 56
29 77 109
29 78 74
29 79 28
29 80 85
29 81 94
29 82 84
29 83 81
29 84 104
29 85 61
29 86 28
29 87 99
29 88 89
29 89 103
29 90 55
29 91 71
29 92 94
29 93 51
29 94 64
29 95 106
29 96 98
29 97 60
29 98 92
29 99 44
29 100 102
30 1 84
30 2 114
30 3 61
30 4 80
30 5 80
30 6 80
30 7 63
30 8 35
30 9 112
30 10 80
30 11 67
30 12 87
30 13 110
30 14 79
30 15 82
30 16 92
30 17 72
30 18 42
30 19 113
30 20 76
30 21 53
30 22 24
30 23 96
30 24 30
30 25 76
30 26 118
30 27 22
30 28 98
30 29 113
30 30 82
30 31 29
30 32 11
30 33 23
30 34 78
30 35 29
30 36 16
30 37 20
30 38 19
30 39 30
30 40 24
30 41 33
30 42 65
30 43 66
30 44 62
30 45 42
30 46 45
30 47 53
30 48 80
30 49 47
30 50 61
30 51 56
30 52 61
30 53 48
30 54 56
30 55 42
30 56 83
30 57 48
30 58 52
30 59 42
30 60 66
30 61 57
30 62 49
30 63 45
30 64 45
30 65 65
30 66 78
30 67 43
30 68 7
30 69 66
30 70 40
30 71 61
30 72 13
30 73 18
30 74 30
30 75 89
30 76 34
30 77 24
30 78 20
30 79 63
30 80 16
30 81 28
30 82 39
30 83 35
30 84 14
30 85 68
30 86 69
30 87 47
30 88 3
30 89 21
30 90 61
30 91 47
30 92 23
30 93 52
30 94 49
30 95 30
30 96 39
30 97 49
30 98 42
30 99 54
30 100 23
31 1 25
31 2 72
31 3 29
31 4 85
31 5 96
31 6 9
31 7 98
31 8 54
31 9 67
31 10 79
31 11 23
31 12 98
31 13 44
31 14 96
31 15 69
31 16 69
31 17 23
31 18 50
31 19 44
31 20 34
31 21 59
31 22 86
31 23 56
31 24 62
31 25 12
31 26 68
31 27 71
31 28 52
31 29 48
31 30 17
31 31 54
31 32 71
31 33 69
31 34 2
31 35 68
31 36 70
31 37 96
31 38 95
31 39 101
31 40 78
31 41 62
31 42 65
31 43 82
31 44 65
31 45 81
31 46 33
31 47 26
31 48 18
31 49 42
31 50 46
31 51 49
31 52 48
31 53 45
31 54 23
31 55 40
31 56 6
31 57 81
31 58 73
31 59 120
31 60 18
31 61 44
31 62 84
31 63 38
31 64 44
31 65 19
31 66 8
31 67 89
31 68 73
31 69 82
31 70 55
31 71 44
31 72 90
31 73 67
31 74 72
31 75 14
31 76 44
31 77 97
31 78 61
31 79 15
31 80 73
31 81 82
31 82 73
31 83 70
31 84 91
31 85 54
31 86 20
31 87 87
31 88 77
31 89 90
31 90 47
31 91 60
31 92 82
31 93 40
31 94 54
31 95 94
31 96 87
31 97 50
31 98 81
31 99 33
31 100 90
32 1 44
32 2 74
32 3 21
32 4 61
32 5 70
32 6 32
32 7 65
32 8 16
32 9 70
32 10 57
32 11 17
32 12 74
32 13 61
32 14 69
32 15 52
32 16 58
32 17 32
32 18 26
32 19 64
32 20 28
32 21 27
32 22 48
32 23 55
32 24 24
32 25 28
32 26 75
32 27 38
32 28 54
32 29 65
32 30 31
32 31 67
32 32 28
32 33 76
32 34 65
32 35 81
32 36 49
32 37 82
32 38 71
32 39 94
32 40 83
32 41 32
32 42 2
32 43 16
32 44 3
32 45 31
32 46 56
32 47 60
32 48 82
32 49 75
32 50 89
32 51 88
32 52 19
32 53 28
32 54 62
32 55 67
32 56 71
32 57 103
32 58 101
32 59 95
32 60 71
32 61 85
32 62 29
32 63 38
32 64 75
32 65 48
32 66 73
32 67 103
32 68 57
32 69 115
32 70 80
32 71 89
32 72 74
32 73 47
32 74 85
32 75 79
32 76 50
32 77 67
32 78 66
32 79 62
32 80 75
32 81 89
32 82 29
32 83 87
32 84 76
32 85 14
32 86 47
32 87 105
32 88 62
32 89 86
32 90 20
32 91 89
32 92 48
32 93 78
32 94 20
32 95 55
32 96 40
32 97 23
32 98 99
32 99 73
32 100 57
33 1 85
33 2 83
33 3 60
33 4 44
33 5 45
33 6 73
33 7 31
33 8 29
33 9 82
33 10 45
33 11 55
33 12 52
33 13 86
33 14 44
33 15 49
33 16 59
33 17 72
33 18 52
33 19 91
33 20 55
33 21 24
33 22 14
33 23 67
33 24 21
33 25 69
33 26 89
33 27 44
33 28 71
33 29 89
33 30 67
33 31 88
33 32 34
33 33 23
33 34 69
33 35 5
33 36 43
33 37 41
33 38 49
33 39 39
33 40 13
33 41 54
33 42 84
33 43 91
33 44 81
33 45 70
33 46 39
33 47 44
33 48 63
33 49 26
33 50 34
33 51 28
33 52 73
33 53 59
33 54 45
33 55 28
33 56 72
33 57 19
33 58 19
33 59 65
33 60 51
33 61 31
33 62 77
33 63 51
33 64 24
33 65 63
33 66 64
33 67 22
33 68 36
33 69 33
33 70 13
33 71 35
33 72 39
33 73 42
33 74 4
33 75 76
33 76 37
33 77 56
33 78 19
33 79 53
33 80 17
33 81 15
33 82 65
33 83 2
33 84 39
33 85 82
33 86 68
33 87 22
33 88 35
33 89 29
33 90 73
33 91 15
33 92 55
33 93 30
33 94 65
33 95 63
33 96 69
33 97 63
33 98 15
33 99 36
33 100 56
34 1 57
34 2 57
34 3 36
34 4 45
34 5 55
34 6 40
34 7 55
34 8 27
34 9 54
34 10 40
34 11 22
34 12 58
34 13 50
34 14 55
34 15 34
34 16 40
34 17 45
34 18 44
34 19 54
34 20 17
34 21 16
34 22 49
34 23 38
34 24 30
34 25 37
34 26 59
34 27 53
34 28 39
34 29 53
34 30 29
34 31 54
34 32 41
34 33 20
34 34 57
34 35 35
34 36 27
34 37 55
34 38 52
34 39 62
34 40 42
34 41 25
34 42 48
34 43 58
34 44 46
34 45 45
34 46 13
34 47 20
34 48 49
34 49 27
34 50 43
34 51 40
34 52 35
34 53 21
34 54 23
34 55 19
34 56 49
34 57 57
34 58 53
34 59 77
34 60 34
34 61 38
34 62 51
34 63 13
34 64 27
34 65 30
34 66 44
34 67 59
34 68 30
34 69 67
34 70 32
34 71 42
34 72 48
34 73 24
34 74 40
34 75 56
34 76 2
34 77 54
34 78 23
34 79 29
34 80 34
34 81 47
34 82 38
34 83 41
34 84 49
34 85 44
34 86 34
34 87 60
34 88 34
34 89 51
34 90 35
34 91 41
34 92 40
34 93 31
34 94 29
34 95 52
34 96 49
34 97 26
34 98 53
34 99 28
34 100 47
35 1 93
35 2 84
35 3 68
35 4 41
35 5 40
35 6 80
35 7 24
35 8 37
35 9 83
35 10 43
35 11 62
35 12 47
35 13 90
35 14 38
35 15 49
35 16 60
35 17 80
35 18 60
35 19 94
35 20 59
35 21 29
35 22 17
35 23 69
35 24 29
35 25 76
35 26 90
35 27 51
35 28 73
35 29 92
35 30 73
35 31 91
35 32 42
35 33 26
35 34 89
35 35 63
35 36 49
35 37 66
35 38 69
35 39 68
35 40 43
35 41 51
35 42 71
35 43 83
35 44 69
35 45 71
35 46 16
35 47 15
35 48 32
35 49 6
35 50 17
35 51 17
35 52 56
35 53 44
35 54 15
35 55 8
35 56 41
35 57 45
35 58 37
35 59 90
35 60 19
35 61 13
35 62 76
35 63 34
35 64 8
35 65 36
35 66 32
35 67 53
35 68 49
35 69 49
35 70 19
35 71 17
35 72 61
35 73 47
35 74 36
35 75 44
35 76 25
35 77 73
35 78 30
35 79 22
35 80 40
35 81 46
35 82 63
35 83 33
35 84 62
35 85 65
35 86 40
35 87 51
35 88 50
35 89 57
35 90 55
35 91 24
35 92 63
35 93 6
35 94 53
35 95 75
35 96 74
35 97 50
35 98 45
35 99 4
35 100 69
36 1 76
36 2 31
36 3 60
36 4 32
36 5 45
36 6 56
36 7 55
36 8 53
36 9 29
36 10 26
36 11 41
36 12 45
36 13 37
36 14 46
36 15 14
36 16 14
36 17 66
36 18 70
36 19 42
36 20 22
36 21 30
36 22 67
36 23 14
36 24 54
36 25 55
36 26 35
36 27 79
36 28 18
36 29 38
36 30 38
36 31 36
36 32 66
36 33 30
36 34 34
36 35 19
36 36 49
36 37 91
36 38 92
36 39 95
36 40 70
36 41 64
36 42 72
36 43 87
36 44 71
36 45 83
36 46 29
36 47 21
36 48 9
36 49 33
36 50 35
36 51 38
36 52 55
36 53 48
36 54 18
36 55 33
36 56 14
36 57 72
36 58 62
36 59 116
36 60 9
36 61 33
36 62 87
36 63 40
36 64 35
36 65 26
36 66 5
36 67 80
36 68 71
36 69 71
36 70 46
36 71 33
36 72 86
36 73 65
36 74 64
36 75 16
36 76 41
36 77 95
36 78 56
36 79 12
36 80 66
36 81 74
36 82 75
36 83 61
36 84 87
36 85 62
36 86 28
36 87 78
36 88 73
36 89 84
36 90 54
36 91 50
36 92 81
36 93 30
36 94 58
36 95 93
36 96 88
36 97 54
36 98 72
36 99 24
36 100 89
37 1 40
37 2 75
37 3 16
37 4 65
37 5 74
37 6 28
37 7 70
37 8 20
37 9 71
37 10 61
37 11 14
37 12 78
37 13 60
37 14 74
37 15 55
37 16 60
37 17 27
37 18 25
37 19 63
37 20 29
37 21 32
37 22 52
37 23 56
37 24 28
37 25 24
37 26 75
37 27 40
37 28 55
37 29 64
37 30 29
37 31 67
37 32 30
37 33 36
37 34 73
37 35 65
37 36 50
37 37 55
37 38 75
37 39 68
37 40 43
37 41 66
37 42 89
37 43 100
37 44 87
37 45 86
37 46 34
37 47 33
37 48 39
37 49 15
37 50 5
37 51 2
37 52 74
37 53 62
37 54 32
37 55 23
37 56 52
37 57 35
37 58 24
37 59 94
37 60 31
37 61 6
37 62 92
37 63 51
37 64 15
37 65 53
37 66 43
37 67 45
37 68 58
37 69 33
37 70 18
37 71 6
37 72 66
37 73 59
37 74 34
37 75 53
37 76 41
37 77 81
37 78 38
37 79 38
37 80 43
37 81 44
37 82 78
37 83 29
37 84 66
37 85 83
37 86 57
37 87 42
37 88 58
37 89 58
37 90 74
37 91 15
37 92 75
37 93 12
37 94 70
37 95 85
37 96 87
37 97 67
37 98 36
37 99 18
37 100 79
38 1 43
38 2 53
38 3 39
38 4 70
38 5 82
38 6 24
38 7 87
38 8 54
38 9 49
38 10 64
38 11 22
38 12 83
38 13 27
38 14 82
38 15 52
38 16 51
38 17 38
38 18 58
38 19 28
38 20 19
38 21 49
38 22 82
38 23 38
38 24 61
38 25 25
38 26 49
38 27 76
38 28 33
38 29 31
38 30 7
38 31 37
38 32 66
38 33 53
38 34 47
38 35 55
38 36 15
38 37 42
38 38 49
38 39 88
38 40 73
38 41 26
38 42 16
38 43 32
38 44 15
38 45 36
38 46 40
38 47 43
38 48 65
38 49 59
38 50 73
38 51 72
38 52 3
38 53 13
38 54 45
38 55 51
38 56 55
38 57 91
38 58 87
38 59 93
38 60 54
38 61 69
38 62 37
38 63 23
38 64 59
38 65 31
38 66 56
38 67 92
38 68 51
38 69 101
38 70 66
38 71 72
38 72 69
38 73 40
38 74 73
38 75 63
38 76 35
38 77 66
38 78 54
38 79 45
38 80 64
38 81 78
38 82 30
38 83 74
38 84 70
38 85 10
38 86 31
38 87 93
38 88 55
38 89 78
38 90 5
38 91 75
38 92 47
38 93 62
38 94 10
38 95 57
38 96 45
38 97 9
38 98 87
38 99 57
38 100 56
39 1 67
39 2 34
39 3 53
39 4 43
39 5 55
39 6 47
39 7 63
39 8 51
39 9 30
39 10 36
39 11 33
39 12 55
39 13 29
39 14 56
39 15 24
39 16 23
39 17 58
39 18 66
39 19 34
39 20 14
39 21 33
39 22 70
39 23 15
39 24 54
39 25 46
39 26 35
39 27 77
39 28 15
39 29 31
39 30 28
39 31 31
39 32 65
39 33 35
39 34 33
39 35 28
39 36 38
39 37 16
39 38 49
39 39 28
39 40 47
39 41 20
39 42 41
39 43 51
39 44 39
39 45 40
39 46 18
39 47 24
39 48 52
39 49 34
39 50 49
39 51 47
39 52 29
39 53 15
39 54 27
39 55 26
39 56 50
39 57 63
39 58 60
39 59 77
39 60 38
39 61 45
39 62 45
39 63 8
39 64 34
39 65 29
39 66 47
39 67 65
39 68 31
39 69 74
39 70 39
39 71 49
39 72 49
39 73 23
39 74 46
39 75 57
39 76 8
39 77 53
39 78 28
39 79 32
39 80 39
39 81 52
39 82 32
39 83 47
39 84 50
39 85 38
39 86 32
39 87 66
39 88 35
39 89 55
39 90 29
39 91 48
39 92 37
39 93 38
39 94 22
39 95 49
39 96 44
39 97 19
39 98 59
39 99 34
39 100 46
40 1 35
40 2 64
40 3 37
40 4 81
40 5 93
40 6 18
40 7 97
40 8 59
40 9 59
40 10 75
40 11 26
40 12 95
40 13 34
40 14 94
40 15 64
40 16 63
40 17 33
40 18 59
40 19 34
40 20 30
40 21 59
40 22 90
40 23 49
40 24 67
40 25 21
40 26 59
40 27 78
40 28 44
40 29 38
40 30 14
40 31 45
40 32 69
40 33 63
40 34 56
40 35 67
40 36 13
40 37 54
40 38 53
40 39 21
40 40 72
40 41 38
40 42 54
40 43 67
40 44 53
40 45 58
40 46 3
40 47 6
40 48 35
40 49 22
40 50 35
40 51 34
40 52 38
40 53 27
40 54 9
40 55 15
40 56 36
40 57 59
40 58 53
40 59 90
40 60 20
40 61 31
40 62 62
40 63 17
40 64 22
40 65 21
40 66 30
40 67 64
40 68 44
40 69 65
40 70 31
40 71 34
40 72 60
40 73 38
40 74 45
40 75 42
40 76 14
40 77 68
40 78 31
40 79 16
40 80 43
40 81 54
40 82 50
40 83 44
40 84 61
40 85 47
40 86 26
40 87 63
40 88 47
40 89 61
40 90 38
40 91 39
40 92 54
40 93 23
40 94 36
40 95 66
40 96 62
40 97 33
40 98 56
40 99 18
40 100 61
41 1 105
41 2 79
41 3 81
41 4 31
41 5 26
41 6 91
41 7 7
41 8 52
41 9 79
41 10 35
41 11 72
41 12 33
41 13 91
41 14 24
41 15 45
41 16 55
41 17 92
41 18 76
41 19 96
41 20 65
41 21 36
41 22 33
41 23 67
41 24 45
41 25 87
41 26 87
41 27 68
41 28 72
41 29 93
41 30 80
41 31 90
41 32 58
41 33 32
41 34 86
41 35 57
41 36 98
41 37 61
41 38 57
41 39 90
41 40 46
41 41 47
41 42 14
41 43 30
41 44 14
41 45 36
41 46 41
41 47 44
41 48 66
41 49 61
41 50 74
41 51 73
41 52 4
41 53 14
41 54 46
41 55 53
41 56 56
41 57 92
41 58 88
41 59 94
41 60 55
41 61 70
41 62 36
41 63 24
41 64 61
41 65 32
41 66 57
41 67 93
41 68 51
41 69 102
41 70 67
41 71 74
41 72 70
41 73 41
41 74 74
41 75 64
41 76 37
41 77 66
41 78 55
41 79 46
41 80 65
41 81 79
41 82 30
41 83 75
41 84 71
41 85 10
41 86 32
41 87 94
41 88 56
41 89 79
41 90 5
41 91 76
41 92 47
41 93 63
41 94 10
41 95 57
41 96 44
41 97 10
41 98 88
41 99 58
41 100 57
42 1 50
42 2 54
42 3 33
42 4 53
42 5 64
42 6 31
42 7 66
42 8 35
42 9 50
42 10 47
42 11 14
42 12 66
42 13 40
42 14 64
42 15 38
42 16 41
42 17 39
42 18 46
42 19 43
42 20 7
42 21 28
42 22 61
42 23 34
42 24 40
42 25 29
42 26 53
42 27 60
42 28 33
42 29 44
42 30 17
42 31 46
42 32 48
42 33 32
42 34 51
42 35 46
42 36 36
42 37 35
42 38 31
42 39 32
42 40 46
42 41 31
42 42 36
42 43 94
42 44 86
42 45 73
42 46 46
42 47 51
42 48 70
42 49 34
42 50 40
42 51 34
42 52 79
42 53 65
42 54 53
42 55 35
42 56 80
42 57 16
42 58 20
42 59 61
42 60 58
42 61 38
42 62 79
42 63 57
42 64 32
42 65 70
42 66 72
42 67 15
42 68 38
42 69 33
42 70 21
42 71 41
42 72 37
42 73 45
42 74 4
42 75 83
42 76 43
42 77 54
42 78 23
42 79 61
42 80 17
42 81 9
42 82 68
42 83 6
42 84 36
42 85 88
42 86 75
42 87 16
42 88 35
42 89 24
42 90 79
42 91 21
42 92 56
42 93 37
42 94 70
42 95 63
42 96 71
42 97 68
42 98 10
42 99 43
42 100 56
43 1 98
43 2 44
43 3 79
43 4 6
43 5 18
43 6 80
43 7 33
43 8 61
43 9 45
43 10 2
43 11 62
43 12 18
43 13 63
43 14 20
43 15 13
43 16 21
43 17 87
43 18 83
43 19 68
43 20 47
43 21 34
43 22 60
43 23 36
43 24 58
43 25 78
43 26 52
43 27 84
43 28 42
43 29 63
43 30 64
43 31 59
43 32 72
43 33 30
43 34 52
43 35 21
43 36 76
43 37 29
43 38 63
43 39 65
43 40 62
43 41 54
43 42 76
43 43 85
43 44 62
43 45 41
43 46 48
43 47 56
43 48 84
43 49 50
43 50 64
43 51 59
43 52 62
43 53 49
43 54 59
43 55 46
43 56 86
43 57 51
43 58 55
43 59 39
43 60 69
43 61 60
43 62 48
43 63 47
43 64 49
43 65 68
43 66 81
43 67 45
43 68 9
43 69 68
43 70 43
43 71 65
43 72 10
43 73 19
43 74 33
43 75 93
43 76 37
43 77 20
43 78 24
43 79 66
43 80 19
43 81 30
43 82 38
43 83 38
43 84 11
43 85 69
43 86 71
43 87 49
43 88 4
43 89 22
43 90 63
43 91 50
43 92 22
43 93 56
43 94 50
43 95 28
43 96 37
43 97 50
43 98 45
43 99 58
43 100 20
44 1 34
44 2 76
44 3 12
44 4 70
44 5 79
44 6 22
44 7 76
44 8 26
44 9 72
44 10 65
44 11 11
44 12 83
44 13 58
44 14 79
44 15 58
44 16 63
44 17 21
44 18 26
44 19 60
44 20 29
44 21 37
44 22 58
44 23 57
44 24 34
44 25 18
44 26 75
44 27 43
44 28 55
44 29 62
44 30 26
44 31 66
44 32 35
44 33 42
44 34 73
44 35 68
44 36 46
44 37 57
44 38 19
44 39 47
44 40 38
44 41 26
44 42 45
44 43 50
44 44 51
44 45 71
44 46 33
44 47 29
44 48 32
44 49 49
44 50 56
44 51 58
44 52 35
44 53 35
44 54 28
44 55 44
44 56 18
44 57 88
44 58 80
44 59 117
44 60 28
44 61 53
44 62 73
44 63 32
44 64 50
44 65 10
44 66 23
44 67 94
44 68 70
44 69 91
44 70 60
44 71 54
44 72 88
44 73 62
44 74 75
44 75 26
44 76 41
44 77 92
44 78 61
44 79 21
44 80 73
44 81 84
44 82 64
44 83 74
44 84 89
44 85 40
44 86 7
44 87 93
44 88 74
44 89 91
44 90 34
44 91 67
44 92 75
44 93 48
44 94 43
44 95 87
44 96 78
44 97 39
44 98 86
44 99 41
44 100 84
45 1 76
45 2 43
45 3 57
45 4 27
45 5 38
45 6 57
45 7 44
45 8 44
45 9 41
45 10 21
45 11 40
45 12 40
45 13 48
45 14 39
45 15 13
45 16 21
45 17 65
45 18 64
45 19 53
45 20 25
45 21 19
45 22 55
45 23 26
45 24 44
45 25 55
45 26 47
45 27 69
45 28 30
45 29 50
45 30 42
45 31 48
45 32 57
45 33 18
45 34 46
45 35 26
45 36 56
45 37 21
45 38 44
45 39 47
45 40 49
45 41 37
45 42 56
45 43 72
45 44 22
45 45 11
45 46 19
45 47 21
45 48 45
45 49 38
45 50 51
45 51 51
45 52 22
45 53 12
45 54 23
45 55 31
45 56 39
45 57 73
45 58 68
45 59 92
45 60 32
45 61 47
45 62 51
45 63 6
45 64 39
45 65 15
45 66 37
45 67 76
45 68 45
45 69 81
45 70 46
45 71 50
45 72 64
45 73 36
45 74 57
45 75 47
45 76 19
45 77 67
45 78 40
45 79 24
45 80 52
45 81 65
45 82 40
45 83 57
45 84 65
45 85 31
45 86 18
45 87 77
45 88 49
45 89 68
45 90 21
45 91 55
45 92 50
45 93 40
45 94 22
45 95 61
45 96 54
45 97 18
45 98 70
45 99 35
45 100 58
46 1 79
46 2 29
46 3 63
46 4 31
46 5 43
46 6 59
46 7 55
46 8 56
46 9 27
46 10 25
46 11 44
46 12 43
46 13 37
46 14 45
46 15 12
46 16 11
46 17 69
46 18 74
46 19 42
46 20 25
46 21 33
46 22 69
46 23 13
46 24 57
46 25 58
46 26 33
46 27 82
46 28 17
46 29 38
46 30 41
46 31 35
46 32 69
46 33 32
46 34 32
46 35 16
46 36 51
46 37 7
46 38 55
46 39 40
46 40 62
46 41 50
46 42 51
46 43 85
46 44 10
46 45 23
46 46 49
46 47 85
46 48 110
46 49 74
46 50 85
46 51 79
46 52 93
46 53 81
46 54 88
46 55 72
46 56 116
46 57 57
46 58 66
46 59 15
46 60 96
46 61 82
46 62 71
46 63 79
46 64 72
46 65 98
46 66 109
46 67 45
46 68 40
46 69 75
46 70 64
46 71 86
46 72 21
46 73 50
46 74 47
46 75 121
46 76 67
46 77 29
46 78 49
46 79 95
46 80 39
46 81 38
46 82 65
46 83 52
46 84 20
46 85 99
46 86 102
46 87 51
46 88 36
46 89 23
46 90 94
46 91 67
46 92 46
46 93 79
46 94 80
46 95 43
46 96 58
46 97 81
46 98 51
46 99 83
46 100 38
47 1 64
47 2 58
47 3 43
47 4 39
47 5 48
47 6 48
47 7 47
47 8 27
47 9 55
47 10 35
47 11 29
47 12 51
47 13 55
47 14 48
47 15 30
47 16 38
47 17 52
47 18 47
47 19 59
47 20 23
47 21 8
47 22 44
47 23 39
47 24 28
47 25 45
47 26 61
47 27 53
47 28 41
47 29 58
47 30 37
47 31 58
47 32 40
47 33 12
47 34 59
47 35 43
47 36 56
47 37 36
47 38 27
47 39 50
47 40 34
47 41 21
47 42 56
47 43 55
47 44 34
47 45 17
47 46 33
47 47 14
47 48 22
47 49 56
47 50 56
47 51 60
47 52 62
47 53 61
47 54 39
47 55 55
47 56 11
47 57 94
47 58 84
47 59 136
47 60 31
47 61 55
47 62 99
47 63 55
47 64 58
47 65 35
47 66 18
47 67 103
47 68 90
47 69 92
47 70 69
47 71 54
47 72 107
47 73 84
47 74 86
47 75 7
47 76 60
47 77 114
47 78 77
47 79 31
47 80 88
47 81 96
47 82 89
47 83 83
47 84 107
47 85 67
47 86 34
47 87 100
47 88 93
47 89 106
47 90 60
47 91 73
47 92 98
47 93 53
47 94 69
47 95 110
47 96 103
47 97 65
47 98 94
47 99 46
47 100 107
48 1 45
48 2 57
48 3 29
48 4 57
48 5 68
48 6 27
48 7 69
48 8 35
48 9 53
48 10 52
48 11 10
48 12 70
48 13 42
48 14 68
48 15 43
48 16 46
48 17 35
48 18 44
48 19 44
48 20 10
48 21 30
48 22 62
48 23 38
48 24 40
48 25 24
48 26 57
48 27 58
48 28 37
48 29 45
48 30 15
48 31 48
48 32 47
48 33 35
48 34 54
48 35 51
48 36 35
48 37 39
48 38 30
48 39 32
48 40 46
48 41 31
48 42 35
48 43 64
48 44 32
48 45 37
48 46 56
48 47 33
48 48 16
48 49 76
48 50 90
48 51 85
48 52 74
48 53 65
48 54 83
48 55 71
48 56 109
48 57 73
48 58 79
48 59 24
48 60 93
48 61 86
48 62 45
48 63 66
48 64 74
48 65 88
48 66 104
48 67 64
48 68 30
48 69 91
48 70 69
48 71 91
48 72 22
48 73 36
48 74 57
48 75 116
48 76 60
48 77 6
48 78 49
48 79 89
48 80 44
48 81 51
48 82 43
48 83 62
48 84 23
48 85 79
48 86 91
48 87 70
48 88 29
48 89 38
48 90 76
48 91 75
48 92 24
48 93 81
48 94 62
48 95 17
48 96 32
48 97 64
48 98 67
48 99 83
48 100 15
49 1 11
49 2 85
49 3 24
49 4 93
49 5 104
49 6 10
49 7 104
49 8 54
49 9 80
49 10 88
49 11 28
49 12 107
49 13 57
49 14 104
49 15 78
49 16 80
49 17 13
49 18 44
49 19 57
49 20 43
49 21 64
49 22 87
49 23 68
49 24 63
49 25 12
49 26 81
49 27 66
49 28 65
49 29 61
49 30 29
49 31 67
49 32 60
49 33 69
49 34 78
49 35 85
49 36 36
49 37 72
49 38 47
49 39 44
49 40 66
49 41 55
49 42 35
49 43 74
49 44 63
49 45 73
49 46 88
49 47 69
49 48 45
49 49 83
49 50 65
49 51 61
49 52 36
49 53 25
49 54 47
49 55 41
49 56 71
49 57 67
49 58 67
49 59 61
49 60 58
49 61 60
49 62 29
49 63 27
49 64 48
49 65 48
49 66 67
49 67 65
49 68 18
49 69 81
49 70 48
49 71 65
49 72 36
49 73 7
49 74 48
49 75 78
49 76 25
49 77 34
49 78 30
49 79 53
49 80 36
49 81 50
49 82 16
49 83 51
49 84 37
49 85 43
49 86 51
49 87 68
49 88 22
49 89 47
49 90 37
49 91 57
49 92 17
49 93 53
49 94 24
49 95 29
49 96 25
49 97 25
49 98 62
49 99 52
49 100 26
50 1 42
50 2 56
50 3 41
50 4 76
50 5 88
50 6 24
50 7 93
50 8 60
50 9 51
50 10 70
50 11 27
50 12 89
50 13 27
50 14 89
50 15 58
50 16 56
50 17 38
50 18 62
50 19 27
50 20 26
50 21 56
50 22 89
50 23 42
50 24 66
50 25 26
50 26 51
50 27 80
50 28 37
50 29 31
50 30 12
50 31 37
50 32 71
50 33 60
50 34 49
50 35 60
50 36 9
50 37 47
50 38 54
50 39 13
50 40 72
50 41 57
50 42 8
50 43 87
50 44 38
50 45 59
50 46 81
50 47 55
50 48 22
50 49 81
50 50 52
50 51 76
50 52 64
50 53 54
50 54 72
50 55 61
50 56 98
50 57 68
50 58 73
50 59 33
50 60 82
50 61 77
50 62 38
50 63 55
50 64 65
50 65 76
50 66 93
50 67 61
50 68 21
50 69 86
50 70 61
50 71 82
50 72 19
50 73 25
50 74 51
50 75 105
50 76 49
50 77 6
50 78 41
50 79 78
50 80 37
50 81 47
50 82 33
50 83 56
50 84 21
50 85 69
50 86 79
50 87 66
50 88 20
50 89 36
50 90 65
50 91 68
50 92 14
50 93 72
50 94 51
50 95 11
50 96 25
50 97 53
50 98 62
50 99 73
50 100 5
51 1 17
51 2 80
51 3 17
51 4 85
51 5 95
51 6 4
51 7 94
51 8 45
51 9 75
51 10 80
51 11 19
51 12 98
51 13 55
51 14 95
51 15 70
51 16 73
51 17 10
51 18 38
51 19 55
51 20 36
51 21 55
51 22 78
51 23 62
51 24 54
51 25 4
51 26 76
51 27 59
51 28 59
51 29 59
51 30 23
51 31 64
51 32 53
51 33 60
51 34 74
51 35 77
51 36 35
51 37 65
51 38 39
51 39 41
51 40 58
51 41 46
51 42 34
51 43 67
51 44 57
51 45 65
51 46 79
51 47 60
51 48 38
51 49 74
51 50 68
51 51 32
51 52 33
51 53 26
51 54 55
51 55 52
51 56 76
51 57 79
51 58 79
51 59 65
51 60 66
51 61 71
51 62 17
51 63 32
51 64 59
51 65 52
51 66 74
51 67 76
51 68 28
51 69 94
51 70 60
51 71 75
51 72 44
51 73 19
51 74 60
51 75 84
51 76 34
51 77 37
51 78 42
51 79 60
51 80 48
51 81 62
51 82 4
51 83 63
51 84 45
51 85 37
51 86 54
51 87 79
51 88 32
51 89 57
51 90 34
51 91 69
51 92 18
51 93 64
51 94 21
51 95 27
51 96 17
51 97 23
51 98 74
51 99 62
51 100 27
52 1 68
52 2 62
52 3 45
52 4 37
52 5 45
52 6 53
52 7 42
52 8 25
52 9 59
52 10 34
52 11 34
52 12 49
52 13 61
52 14 45
52 15 31
52 16 40
52 17 56
52 18 47
52 19 65
52 20 29
52 21 2
52 22 38
52 23 44
52 24 24
52 25 49
52 26 65
52 27 50
52 28 46
52 29 63
52 30 43
52 31 63
52 32 38
52 33 7
52 34 64
52 35 45
52 36 62
52 37 40
52 38 27
52 39 56
52 40 30
52 41 18
52 42 62
52 43 52
52 44 39
52 45 16
52 46 27
52 47 14
52 48 35
52 49 28
52 50 37
52 51 31
52 52 46
52 53 48
52 54 16
52 55 15
52 56 37
52 57 49
52 58 40
52 59 97
52 60 15
52 61 11
52 62 82
52 63 38
52 64 13
52 65 36
52 66 28
52 67 57
52 68 56
52 69 50
52 70 24
52 71 13
52 72 68
52 73 54
52 74 41
52 75 39
52 76 31
52 77 80
52 78 37
52 79 21
52 80 47
52 81 52
52 82 69
52 83 38
52 84 68
52 85 68
52 86 40
52 87 55
52 88 57
52 89 64
52 90 59
52 91 27
52 92 70
52 93 7
52 94 58
52 95 81
52 96 80
52 97 54
52 98 49
52 99 3
52 100 76
53 1 49
53 2 48
53 3 42
53 4 64
53 5 76
53 6 29
53 7 82
53 8 54
53 9 43
53 10 58
53 11 24
53 12 77
53 13 24
53 14 77
53 15 46
53 16 45
53 17 42
53 18 60
53 19 26
53 20 15
53 21 46
53 22 80
53 23 32
53 24 59
53 25 29
53 26 44
53 27 76
53 28 27
53 29 28
53 30 10
53 31 32
53 32 66
53 33 49
53 34 42
53 35 49
53 36 18
53 37 36
53 38 49
53 39 13
53 40 65
53 41 50
53 42 18
53 43 82
53 44 27
53 45 48
53 46 70
53 47 44
53 48 11
53 49 72
53 50 40
53 51 45
53 52 36
53 53 27
53 54 72
53 55 66
53 56 95
53 57 83
53 58 86
53 59 50
53 60 83
53 61 84
53 62 19
53 63 51
53 64 71
53 65 71
53 66 92
53 67 77
53 68 30
53 69 100
53 70 70
53 71 88
53 72 37
53 73 27
53 74 65
53 75 102
53 76 50
53 77 24
53 78 50
53 79 77
53 80 51
53 81 63
53 82 18
53 83 69
53 84 39
53 85 55
53 86 73
53 87 82
53 88 32
53 89 54
53 90 53
53 91 78
53 92 12
53 93 78
53 94 40
53 95 10
53 96 6
53 97 43
53 98 77
53 99 77
53 100 15
54 1 2
54 2 96
54 3 23
54 4 101
54 5 110
54 6 19
54 7 108
54 8 55
54 9 91
54 10 95
54 11 35
54 12 114
54 13 69
54 14 110
54 15 87
54 16 89
54 17 11
54 18 40
54 19 69
54 20 53
54 21 69
54 22 87
54 23 79
54 24 63
54 25 20
54 26 92
54 27 61
54 28 75
54 29 73
54 30 39
54 31 79
54 32 58
54 33 74
54 34 90
54 35 94
54 36 47
54 37 82
54 38 48
54 39 55
54 40 66
54 41 57
54 42 47
54 43 70
54 44 73
54 45 80
54 46 92
54 47 76
54 48 55
54 49 85
54 50 84
54 51 41
54 52 21
54 53 70
54 54 60
54 55 63
54 56 104
54 57 61
54 58 67
54 59 22
54 60 87
54 61 77
54 62 52
54 63 64
54 64 66
54 65 85
54 66 98
54 67 52
54 68 25
54 69 79
54 70 59
54 71 81
54 72 11
54 73 34
54 74 46
54 75 110
54 76 55
54 77 11
54 78 41
54 79 84
54 80 34
54 81 39
54 82 47
54 83 51
54 84 11
54 85 81
54 86 88
54 87 57
54 88 22
54 89 25
54 90 77
54 91 65
54 92 27
54 93 73
54 94 63
54 95 25
54 96 39
54 97 64
54 98 55
54 99 75
54 100 19
55 1 109
55 2 62
55 3 87
55 4 13
55 5 4
55 6 92
55 7 17
55 8 63
55 9 63
55 10 19
55 11 74
55 12 11
55 13 81
55 14 3
55 15 31
55 16 39
55 17 97
55 18 87
55 19 85
55 20 61
55 21 39
55 22 53
55 23 54
55 24 58
55 25 89
55 26 71
55 27 84
55 28 60
55 29 81
55 30 78
55 31 77
55 32 73
55 33 35
55 34 70
55 35 39
55 36 92
55 37 47
55 38 67
55 39 82
55 40 61
55 41 57
55 42 92
55 43 82
55 44 54
55 45 28
55 46 26
55 47 33
55 48 64
55 49 42
55 50 41
55 51 72
55 52 87
55 53 86
55 54 67
55 55 85
55 56 84
55 57 17
55 58 13
55 59 89
55 60 63
55 61 37
55 62 109
55 63 77
55 64 42
55 65 84
55 66 75
55 67 29
55 68 68
55 69 1
55 70 34
55 71 38
55 72 68
55 73 74
55 74 34
55 75 85
55 76 64
55 77 86
55 78 50
55 79 69
55 80 48
55 81 39
55 82 96
55 83 30
55 84 67
55 85 110
55 86 88
55 87 23
55 88 67
55 89 53
55 90 100
55 91 25
55 92 87
55 93 43
55 94 94
55 95 95
55 96 101
55 97 92
55 98 23
55 99 50
55 100 87
56 1 104
56 2 33
56 3 87
56 4 19
56 5 28
56 6 85
56 7 47
56 8 73
56 9 35
56 10 16
56 11 69
56 12 24
56 13 58
56 14 30
56 15 17
56 16 15
56 17 94
56 18 94
56 19 63
56 20 51
56 21 46
56 22 75
56 23 31
56 24 71
56 25 83
56 26 42
56 27 97
56 28 38
56 29 57
56 30 67
56 31 52
56 32 85
56 33 43
56 34 42
56 35 12
56 36 75
56 37 25
56 38 74
56 39 64
56 40 76
56 41 66
56 42 75
56 43 98
56 44 34
56 45 32
56 46 49
56 47 33
56 48 51
56 49 63
56 50 20
56 51 77
56 52 85
56 53 63
56 54 49
56 55 59
56 56 64
56 57 103
56 58 102
56 59 84
56 60 80
56 61 90
56 62 15
56 63 45
56 64 79
56 65 59
56 66 84
56 67 101
56 68 53
56 69 117
56 70 82
56 71 94
56 72 67
56 73 43
56 74 84
56 75 92
56 76 53
56 77 57
56 78 65
56 79 72
56 80 72
56 81 86
56 82 21
56 83 87
56 84 69
56 85 29
56 86 59
56 87 104
56 88 57
56 89 81
56 90 32
56 91 92
56 92 39
56 93 83
56 94 26
56 95 43
56 96 28
56 97 30
56 98 98
56 99 80
56 100 47
57 1 81
57 2 113
57 3 58
57 4 79
57 5 80
57 6 78
57 7 63
57 8 33
57 9 111
57 10 79
57 11 65
57 12 86
57 13 108
57 14 78
57 15 81
57 16 91
57 17 70
57 18 40
57 19 111
57 20 74
57 21 51
57 22 24
57 23 95
57 24 28
57 25 74
57 26 116
57 27 19
57 28 97
57 29 111
57 30 80
57 31 112
57 32 22
57 33 53
57 34 115
57 35 95
57 36 101
57 37 91
57 38 38
57 39 99
57 40 22
57 41 37
57 42 101
57 43 12
57 44 90
57 45 64
57 46 50
57 47 64
57 48 81
57 49 34
57 50 88
57 51 44
57 52 65
57 53 113
57 54 90
57 55 121
57 56 31
57 57 71
57 58 22
57 59 101
57 60 45
57 61 21
57 62 106
57 63 67
57 64 31
57 65 68
57 66 55
57 67 45
57 68 70
57 69 23
57 70 29
57 71 19
57 72 76
57 73 73
57 74 40
57 75 64
57 76 56
57 77 92
57 78 50
57 79 52
57 80 53
57 81 49
57 82 93
57 83 35
57 84 75
57 85 99
57 86 72
57 87 41
57 88 70
57 89 64
57 90 89
57 91 22
57 92 88
57 93 28
57 94 86
57 95 98
57 96 101
57 97 83
57 98 37
57 99 34
57 100 91
58 1 34
58 2 71
58 3 15
58 4 68
58 5 78
58 6 20
58 7 76
58 8 29
58 9 67
58 10 63
58 11 6
58 12 81
58 13 53
58 14 78
58 15 55
58 16 59
58 17 22
58 18 31
58 19 55
58 20 24
58 21 36
58 22 61
58 23 52
58 24 37
58 25 16
58 26 70
58 27 48
58 28 51
58 29 57
58 30 21
58 31 60
58 32 39
58 33 41
58 34 68
58 35 64
58 36 41
58 37 53
58 38 23
58 39 41
58 40 41
58 41 29
58 42 40
58 43 55
58 44 46
58 45 47
58 46 60
58 47 43
58 48 29
58 49 56
58 50 55
58 51 17
58 52 13
58 53 57
58 54 38
58 55 67
58 56 50
58 57 30
58 58 49
58 59 85
58 60 41
58 61 16
58 62 90
58 63 55
58 64 18
58 65 61
58 66 54
58 67 33
58 68 53
58 69 24
58 70 13
58 71 18
58 72 58
58 73 56
58 74 24
58 75 65
58 76 42
58 77 74
58 78 33
58 79 47
58 80 35
58 81 33
58 82 77
58 83 19
58 84 58
58 85 87
58 86 65
58 87 30
58 88 52
58 89 48
58 90 78
58 91 4
58 92 71
58 93 20
58 94 72
58 95 80
58 96 84
58 97 70
58 98 24
58 99 27
58 100 73
59 1 92
59 2 34
59 3 74
59 4 17
59 5 29
59 6 73
59 7 43
59 8 60
59 9 35
59 10 10
59 11 56
59 12 28
59 13 52
59 14 31
59 15 4
59 16 10
59 17 81
59 18 81
59 19 57
59 20 39
59 21 34
59 22 65
59 23 25
59 24 59
59 25 71
59 26 42
59 27 85
59 28 31
59 29 52
59 30 55
59 31 48
59 32 73
59 33 31
59 34 42
59 35 12
59 36 66
59 37 18
59 38 61
59 39 55
59 40 64
59 41 53
59 42 66
59 43 86
59 44 25
59 45 20
59 46 41
59 47 21
59 48 40
59 49 53
59 50 11
59 51 63
59 52 72
59 53 57
59 54 40
59 55 56
59 56 54
59 57 30
59 58 35
59 59 73
59 60 63
59 61 79
59 62 35
59 63 32
59 64 69
59 65 39
59 66 64
59 67 100
59 68 57
59 69 111
59 70 75
59 71 82
59 72 75
59 73 47
59 74 82
59 75 71
59 76 45
59 77 70
59 78 63
59 79 54
59 80 73
59 81 87
59 82 32
59 83 83
59 84 77
59 85 5
59 86 38
59 87 102
59 88 62
59 89 86
59 90 11
59 91 85
59 92 51
59 93 72
59 94 16
59 95 59
59 96 45
59 97 18
59 98 96
59 99 67
59 100 60
60 1 57
60 2 99
60 3 34
60 4 76
60 5 80
60 6 54
60 7 69
60 8 16
60 9 96
60 10 74
60 11 43
60 12 86
60 13 89
60 14 79
60 15 72
60 16 80
60 17 46
60 18 16
60 19 92
60 20 56
60 21 42
60 22 35
60 23 80
60 24 18
60 25 50
60 26 101
60 27 11
60 28 81
60 29 92
60 30 59
60 31 95
60 32 4
60 33 45
60 34 99
60 35 85
60 36 79
60 37 78
60 38 18
60 39 79
60 40 16
60 41 22
60 42 79
60 43 17
60 44 74
60 45 56
60 46 52
60 47 55
60 48 62
60 49 39
60 50 76
60 51 21
60 52 40
60 53 93
60 54 71
60 55 103
60 56 33
60 57 55
60 58 81
60 59 14
60 60 6
60 61 56
60 62 43
60 63 9
60 64 46
60 65 22
60 66 46
60 67 81
60 68 44
60 69 88
60 70 53
60 71 59
60 72 63
60 73 34
60 74 62
60 75 54
60 76 23
60 77 63
60 78 44
60 79 33
60 80 55
60 81 68
60 82 33
60 83 62
60 84 64
60 85 23
60 86 23
60 87 82
60 88 48
60 89 70
60 90 13
60 91 62
60 92 45
60 93 48
60 94 13
60 95 56
60 96 47
60 97 9
60 98 75
60 99 44
60 100 55
61 1 38
61 2 63
61 3 44
61 4 85
61 5 97
61 6 24
61 7 102
61 8 66
61 9 59
61 10 79
61 11 33
61 12 98
61 13 32
61 14 98
61 15 67
61 16 65
61 17 38
61 18 65
61 19 31
61 20 35
61 21 64
61 22 96
61 23 51
61 24 73
61 25 27
61 26 57
61 27 84
61 28 45
61 29 36
61 30 20
61 31 43
61 32 76
61 33 68
61 34 55
61 35 69
61 36 9
61 37 56
61 38 60
61 39 19
61 40 78
61 41 64
61 42 8
61 43 92
61 44 47
61 45 68
61 46 89
61 47 64
61 48 32
61 49 89
61 50 61
61 51 54
61 52 37
61 53 32
61 54 32
61 55 45
61 56 84
61 57 44
61 58 41
61 59 85
61 60 77
61 61 68
61 62 36
61 63 21
61 64 41
61 65 42
61 66 60
61 67 62
61 68 20
61 69 76
61 70 42
61 71 57
61 72 38
61 73 10
61 74 44
61 75 71
61 76 17
61 77 40
61 78 25
61 79 45
61 80 34
61 81 48
61 82 22
61 83 46
61 84 40
61 85 42
61 86 45
61 87 64
61 88 24
61 89 47
61 90 35
61 91 51
61 92 24
61 93 46
61 94 23
61 95 36
61 96 33
61 97 23
61 98 58
61 99 44
61 100 32
62 1 67
62 2 30
62 3 61
62 4 60
62 5 72
62 6 48
62 7 83
62 8 68
62 9 25
62 10 53
62 11 42
62 12 72
62 13 9
62 14 74
62 15 41
62 16 35
62 17 62
62 18 78
62 19 14
62 20 26
62 21 53
62 22 90
62 23 19
62 24 72
62 25 49
62 26 25
62 27 92
62 28 13
62 29 11
62 30 29
62 31 13
62 32 81
62 33 55
62 34 22
62 35 38
62 36 26
62 37 26
62 38 64
62 39 14
62 40 78
62 41 63
62 42 27
62 43 97
62 44 18
62 45 50
62 46 75
62 47 46
62 48 19
62 49 80
62 50 32
62 51 62
62 52 55
62 53 15
62 54 10
62 55 21
62 56 77
62 57 30
62 58 8
62 59 86
62 60 82
62 61 36
62 62 82
62 63 49
62 64 34
62 65 38
62 66 16
62 67 76
62 68 74
62 69 63
62 70 43
62 71 25
62 72 88
62 73 71
62 74 61
62 75 23
62 76 47
62 77 99
62 78 57
62 79 22
62 80 67
62 81 72
62 82 83
62 83 58
62 84 88
62 85 74
62 86 40
62 87 73
62 88 76
62 89 84
62 90 65
62 91 45
62 92 87
62 93 27
62 94 68
62 95 99
62 96 96
62 97 64
62 98 67
62 99 23
62 100 94
63 1 13
63 2 86
63 3 14
63 4 89
63 5 99
63 6 11
63 7 97
63 8 45
63 9 81
63 10 84
63 11 23
63 12 102
63 13 61
63 14 99
63 15 75
63 16 78
63 17 4
63 18 34
63 19 61
63 20 41
63 21 57
63 22 78
63 23 68
63 24 53
63 25 9
63 26 83
63 27 56
63 28 65
63 29 65
63 30 29
63 31 70
63 32 51
63 33 62
63 34 80
63 35 83
63 36 41
63 37 70
63 38 38
63 39 47
63 40 57
63 41 47
63 42 41
63 43 64
63 44 63
63 45 68
63 46 81
63 47 64
63 48 44
63 49 75
63 50 73
63 51 31
63 52 9
63 53 63
63 54 50
63 55 76
63 56 69
63 57 49
63 58 62
63 59 61
63 60 52
63 61 84
63 62 95
63 63 99
63 64 37
63 65 44
63 66 60
63 67 55
63 68 15
63 69 70
63 70 37
63 71 54
63 72 34
63 73 8
63 74 38
63 75 72
63 76 16
63 77 38
63 78 19
63 79 45
63 80 27
63 81 41
63 82 27
63 83 40
63 84 35
63 85 48
63 86 48
63 87 58
63 88 19
63 89 41
63 90 41
63 91 46
63 92 25
63 93 43
63 94 29
63 95 36
63 96 36
63 97 28
63 98 52
63 99 42
63 100 31
64 1 61
64 2 39
64 3 47
64 4 45
64 5 57
64 6 42
64 7 64
64 8 47
64 9 36
64 10 39
64 11 28
64 12 58
64 13 31
64 14 58
64 15 28
64 16 28
64 17 52
64 18 60
64 19 35
64 20 8
64 21 31
64 22 67
64 23 20
64 24 50
64 25 41
64 26 40
64 27 72
64 28 20
64 29 34
64 30 24
64 31 34
64 32 60
64 33 33
64 34 38
64 35 33
64 36 36
64 37 21
64 38 44
64 39 28
64 40 56
64 41 42
64 42 37
64 43 76
64 44 14
64 45 30
64 46 53
64 47 26
64 48 8
64 49 58
64 50 24
64 51 43
64 52 43
64 53 37
64 54 13
64 55 43
64 56 55
64 57 7
64 58 19
64 59 65
64 60 60
64 61 35
64 62 62
64 63 54
64 64 59
64 65 40
64 66 59
64 67 64
64 68 22
64 69 78
64 70 44
64 71 58
64 72 41
64 73 12
64 74 47
64 75 70
64 76 17
64 77 42
64 78 28
64 79 44
64 80 36
64 81 50
64 82 21
64 83 49
64 84 42
64 85 39
64 86 43
64 87 67
64 88 27
64 89 49
64 90 32
64 91 53
64 92 25
64 93 47
64 94 20
64 95 37
64 96 32
64 97 20
64 98 61
64 99 45
64 100 34
65 1 101
65 2 33
65 3 84
65 4 17
65 5 27
65 6 82
65 7 46
65 8 70
65 9 34
65 10 14
65 11 66
65 12 25
65 13 56
65 14 30
65 15 14
65 16 13
65 17 91
65 18 91
65 19 61
65 20 48
65 21 43
65 22 73
65 23 30
65 24 68
65 25 80
65 26 42
65 27 94
65 28 36
65 29 56
65 30 64
65 31 51
65 32 82
65 33 40
65 34 42
65 35 11
65 36 73
65 37 23
65 38 71
65 39 62
65 40 73
65 41 63
65 42 73
65 43 96
65 44 32
65 45 29
65 46 47
65 47 30
65 48 48
65 49 61
65 50 17
65 51 73
65 52 82
65 53 61
65 54 47
65 55 58
65 56 62
65 57 40
65 58 40
65 59 82
65 60 82
65 61 15
65 62 45
65 63 17
65 64 31
65 65 71
65 66 89
65 67 85
65 68 36
65 69 105
65 70 73
65 71 90
65 72 47
65 73 30
65 74 70
65 75 98
65 76 49
65 77 34
65 78 53
65 79 75
65 80 57
65 81 70
65 82 12
65 83 74
65 84 48
65 85 46
65 86 68
65 87 89
65 88 39
65 89 62
65 90 45
65 91 82
65 92 19
65 93 78
65 94 33
65 95 21
65 96 5
65 97 36
65 98 83
65 99 77
65 100 25
66 1 60
66 2 94
66 3 36
66 4 69
66 5 74
66 6 54
66 7 62
66 8 11
66 9 91
66 10 67
66 11 42
66 12 79
66 13 86
66 14 72
66 15 66
66 16 74
66 17 48
66 18 21
66 19 89
66 20 52
66 21 36
66 22 30
66 23 75
66 24 11
66 25 50
66 26 97
66 27 16
66 28 76
66 29 89
66 30 57
66 31 91
66 32 3
66 33 39
66 34 95
66 35 79
66 36 78
66 37 73
66 38 15
66 39 76
66 40 10
66 41 16
66 42 77
66 43 19
66 44 70
66 45 50
66 46 45
66 47 49
66 48 59
66 49 32
66 50 71
66 51 20
66 52 41
66 53 90
66 54 68
66 55 99
66 56 27
66 57 51
66 58 76
66 59 11
66 60 3
66 61 83
66 62 61
66 63 81
66 64 73
66 65 63
66 66 71
66 67 39
66 68 60
66 69 23
66 70 20
66 71 15
66 72 66
66 73 63
66 74 31
66 75 63
66 76 48
66 77 82
66 78 40
66 79 47
66 80 43
66 81 41
66 82 84
66 83 26
66 84 66
66 85 91
66 86 67
66 87 35
66 88 60
66 89 55
66 90 82
66 91 12
66 92 78
66 93 21
66 94 78
66 95 88
66 96 91
66 97 75
66 98 30
66 99 28
66 100 81
67 1 68
67 2 76
67 3 44
67 4 47
67 5 52
67 6 56
67 7 43
67 8 15
67 9 73
67 10 45
67 11 39
67 12 57
67 13 73
67 14 51
67 15 45
67 16 54
67 17 56
67 18 39
67 19 77
67 20 40
67 21 14
67 22 26
67 23 58
67 24 11
67 25 52
67 26 79
67 27 38
67 28 60
67 29 76
67 30 51
67 31 76
67 32 26
67 33 17
67 34 78
67 35 58
67 36 71
67 37 54
67 38 20
67 39 66
67 40 16
67 41 10
67 42 71
67 43 39
67 44 53
67 45 28
67 46 26
67 47 27
67 48 47
67 49 19
67 50 51
67 51 26
67 52 46
67 53 78
67 54 55
67 55 85
67 56 14
67 57 35
67 58 61
67 59 25
67 60 25
67 61 63
67 62 42
67 63 58
67 64 51
67 65 59
67 66 62
67 67 46
67 68 25
67 69 92
67 70 60
67 71 76
67 72 40
67 73 17
67 74 58
67 75 86
67 76 35
67 77 33
67 78 41
67 79 61
67 80 45
67 81 59
67 82 6
67 83 61
67 84 42
67 85 41
67 86 57
67 87 77
67 88 29
67 89 54
67 90 38
67 91 69
67 92 14
67 93 64
67 94 24
67 95 23
67 96 15
67 97 27
67 98 72
67 99 63
67 100 23
68 1 114
68 2 61
68 3 92
68 4 14
68 5 2
68 6 97
68 7 22
68 8 69
68 9 63
68 10 21
68 11 78
68 12 5
68 13 82
68 14 4
68 15 33
68 16 39
68 17 102
68 18 93
68 19 87
68 20 65
68 21 45
68 22 59
68 23 55
68 24 64
68 25 94
68 26 70
68 27 90
68 28 61
68 29 82
68 30 81
68 31 78
68 32 79
68 33 40
68 34 70
68 35 39
68 36 95
68 37 48
68 38 73
68 39 85
68 40 68
68 41 63
68 42 95
68 43 88
68 44 56
68 45 33
68 46 33
68 47 37
68 48 67
68 49 48
68 50 42
68 51 78
68 52 92
68 53 87
68 54 69
68 55 86
68 56 52
68 57 55
68 58 66
68 59 75
68 60 78
68 61 44
68 62 22
68 63 13
68 64 4
68 65 90
68 66 82
68 67 87
68 68 46
68 69 41
68 70 39
68 71 59
68 72 33
68 73 52
68 74 21
68 75 101
68 76 57
68 77 51
68 78 36
68 79 78
68 80 25
68 81 11
68 82 74
68 83 24
68 84 32
68 85 100
68 86 91
68 87 17
68 88 39
68 89 16
68 90 92
68 91 38
68 92 59
68 93 55
68 94 81
68 95 63
68 96 74
68 97 80
68 98 18
68 99 61
68 100 55
69 1 31
69 2 70
69 3 38
69 4 88
69 5 99
69 6 17
69 7 103
69 8 62
69 9 65
69 10 82
69 11 30
69 12 101
69 13 40
69 14 100
69 15 71
69 16 70
69 17 31
69 18 59
69 19 39
69 20 37
69 21 64
69 22 94
69 23 56
69 24 70
69 25 21
69 26 65
69 27 79
69 28 51
69 29 44
69 30 20
69 31 50
69 32 72
69 33 69
69 34 62
69 35 74
69 36 17
69 37 61
69 38 56
69 39 26
69 40 75
69 41 62
69 42 16
69 43 87
69 44 52
69 45 70
69 46 89
69 47 66
69 48 35
69 49 88
69 50 65
69 51 50
69 52 31
69 53 40
69 54 37
69 55 53
69 56 83
69 57 46
69 58 47
69 59 81
69 60 73
69 61 74
69 62 102
69 63 97
69 64 101
69 65 12
69 66 24
69 67 25
69 68 71
69 69 51
69 70 13
69 71 21
69 72 53
69 73 41
69 74 28
69 75 52
69 76 22
69 77 66
69 78 22
69 79 28
69 80 32
69 81 39
69 82 59
69 83 26
69 84 54
69 85 65
69 86 44
69 87 45
69 88 43
69 89 49
69 90 56
69 91 20
69 92 57
69 93 10
69 94 51
69 95 68
69 96 68
69 97 48
69 98 38
69 99 12
69 100 62
70 1 23
70 2 73
70 3 26
70 4 84
70 5 95
70 6 6
70 7 97
70 8 52
70 9 69
70 10 78
70 11 21
70 12 98
70 13 46
70 14 96
70 15 68
70 16 69
70 17 20
70 18 48
70 19 46
70 20 33
70 21 57
70 22 84
70 23 57
70 24 60
70 25 10
70 26 69
70 27 68
70 28 53
70 29 50
70 30 17
70 31 56
70 32 61
70 33 62
70 34 67
70 35 74
70 36 25
70 37 61
70 38 46
70 39 32
70 40 65
70 41 52
70 42 25
70 43 76
70 44 52
70 45 65
70 46 82
70 47 61
70 48 34
70 49 79
70 50 64
70 51 39
70 52 19
70 53 47
70 54 38
70 55 60
70 56 74
70 57 43
70 58 49
70 59 70
70 60 62
70 61 74
70 62 95
70 63 94
70 64 97
70 65 13
70 66 29
70 67 14
70 68 63
70 69 41
70 70 88
70 71 19
70 72 52
70 73 45
70 74 22
70 75 59
70 76 30
70 77 66
70 78 23
70 79 37
70 80 29
70 81 32
70 82 65
70 83 19
70 84 52
70 85 74
70 86 54
70 87 36
70 88 44
70 89 45
70 90 65
70 91 11
70 92 60
70 93 13
70 94 60
70 95 71
70 96 73
70 97 57
70 98 29
70 99 19
70 100 64
71 1 58
71 2 55
71 3 38
71 4 44
71 5 54
71 6 41
71 7 54
71 8 29
71 9 52
71 10 39
71 11 22
71 12 57
71 13 48
71 14 54
71 15 32
71 16 37
71 17 47
71 18 46
71 19 52
71 20 15
71 21 16
71 22 51
71 23 36
71 24 32
71 25 38
71 26 57
71 27 55
71 28 37
71 29 51
71 30 29
71 31 52
71 32 43
71 33 20
71 34 55
71 35 43
71 36 48
71 37 34
71 38 28
71 39 42
71 40 38
71 41 24
71 42 48
71 43 59
71 44 30
71 45 23
71 46 41
71 47 19
71 48 22
71 49 42
71 50 33
71 51 29
71 52 37
71 53 53
71 54 30
71 55 60
71 56 38
71 57 11
71 58 37
71 59 47
71 60 43
71 61 46
71 62 53
71 63 54
71 64 55
71 65 38
71 66 38
71 67 31
71 68 24
71 69 20
71 70 46
71 71 52
71 72 46
71 73 34
71 74 25
71 75 57
71 76 17
71 77 58
71 78 15
71 79 32
71 80 26
71 81 34
71 82 53
71 83 24
71 84 47
71 85 63
71 86 46
71 87 43
71 88 35
71 89 43
71 90 53
71 91 22
71 92 50
71 93 17
71 94 47
71 95 61
71 96 62
71 97 45
71 98 37
71 99 19
71 100 54
72 1 86
72 2 103
72 3 62
72 4 65
72 5 65
72 6 79
72 7 48
72 8 31
72 9 101
72 10 66
72 11 64
72 12 72
72 13 102
72 14 63
72 15 69
72 16 79
72 17 74
72 18 47
72 19 106
72 20 69
72 21 42
72 22 8
72 23 86
72 24 24
72 25 75
72 26 107
72 27 31
72 28 88
72 29 105
72 30 78
72 31 105
72 32 27
72 33 42
72 34 106
72 35 83
72 36 99
72 37 81
72 38 38
72 39 95
72 40 19
72 41 32
72 42 98
72 43 25
72 44 81
72 45 52
72 46 35
72 47 53
72 48 75
72 49 19
72 50 77
72 51 45
72 52 67
72 53 107
72 54 83
72 55 114
72 56 18
72 57 64
72 58 90
72 59 16
72 60 25
72 61 88
72 62 47
72 63 75
72 64 63
72 65 85
72 66 90
72 67 69
72 68 32
72 69 43
72 70 43
72 71 46
72 72 99
72 73 22
72 74 61
72 75 74
72 76 29
72 77 46
72 78 42
72 79 51
72 80 50
72 81 64
72 82 12
72 83 63
72 84 52
72 85 28
72 86 44
72 87 81
72 88 37
72 89 61
72 90 24
72 91 67
72 92 27
72 93 59
72 94 10
72 95 37
72 96 27
72 97 13
72 98 75
72 99 56
72 100 37
73 1 48
73 2 48
73 3 39
73 4 61
73 5 73
73 6 28
73 7 78
73 8 49
73 9 44
73 10 55
73 11 20
73 12 74
73 13 27
73 14 74
73 15 44
73 16 43
73 17 41
73 18 57
73 19 30
73 20 11
73 21 41
73 22 76
73 23 31
73 24 55
73 25 28
73 26 45
73 27 72
73 28 27
73 29 31
73 30 9
73 31 35
73 32 62
73 33 45
73 34 43
73 35 48
73 36 22
73 37 35
73 38 45
73 39 17
73 40 61
73 41 46
73 42 22
73 43 78
73 44 26
73 45 44
73 46 66
73 47 40
73 48 8
73 49 67
73 50 38
73 51 41
73 52 34
73 53 31
73 54 13
73 55 42
73 56 63
73 57 20
73 58 24
73 59 69
73 60 63
73 61 48
73 62 77
73 63 69
73 64 74
73 65 15
73 66 12
73 67 24
73 68 50
73 69 37
73 70 70
73 71 76
73 72 25
73 73 82
73 74 72
73 75 59
73 76 34
73 77 68
73 78 54
73 79 42
73 80 64
73 81 78
73 82 33
73 83 73
73 84 72
73 85 12
73 86 27
73 87 93
73 88 56
73 89 79
73 90 3
73 91 73
73 92 49
73 93 59
73 94 12
73 95 59
73 96 48
73 97 10
73 98 86
73 99 54
73 100 59
74 1 85
74 2 36
74 3 66
74 4 21
74 5 33
74 6 66
74 7 44
74 8 53
74 9 35
74 10 14
74 11 49
74 12 33
74 13 48
74 14 34
74 15 3
74 16 12
74 17 74
74 18 74
74 19 53
74 20 32
74 21 28
74 22 61
74 23 23
74 24 53
74 25 64
74 26 42
74 27 79
74 28 28
74 29 49
74 30 49
74 31 46
74 32 66
74 33 26
74 34 42
74 35 16
74 36 61
74 37 16
74 38 54
74 39 50
74 40 58
74 41 47
74 42 61
74 43 81
74 44 22
74 45 15
74 46 39
74 47 15
74 48 33
74 49 50
74 50 10
74 51 56
74 52 64
74 53 54
74 54 35
74 55 54
74 56 49
74 57 23
74 58 32
74 59 67
74 60 66
74 61 21
74 62 43
74 63 29
74 64 35
74 65 56
74 66 48
74 67 57
74 68 36
74 69 47
74 70 38
74 71 42
74 72 45
74 73 41
74 74 51
74 75 22
74 76 41
74 77 93
74 78 61
74 79 18
74 80 73
74 81 83
74 82 66
74 83 72
74 84 89
74 85 45
74 86 11
74 87 91
74 88 74
74 89 90
74 90 38
74 91 65
74 92 77
74 93 45
74 94 46
74 95 89
74 96 81
74 97 42
74 98 84
74 99 38
74 100 85
75 1 56
75 2 42
75 3 52
75 4 67
75 5 79
75 6 37
75 7 87
75 8 63
75 9 37
75 10 60
75 11 34
75 12 79
75 13 14
75 14 80
75 15 48
75 16 44
75 17 51
75 18 71
75 19 15
75 20 23
75 21 53
75 22 89
75 23 29
75 24 69
75 25 38
75 26 36
75 27 87
75 28 23
75 29 18
75 30 20
75 31 23
75 32 76
75 33 56
75 34 34
75 35 48
75 36 15
75 37 35
75 38 59
75 39 4
75 40 75
75 41 60
75 42 16
75 43 92
75 44 26
75 45 53
75 46 77
75 47 49
75 48 17
75 49 80
75 50 40
75 51 56
75 52 46
75 53 17
75 54 11
75 55 28
75 56 76
75 57 30
75 58 19
75 59 83
75 60 77
75 61 46
75 62 86
75 63 73
75 64 81
75 65 20
75 66 4
75 67 36
75 68 62
75 69 51
75 70 79
75 71 85
75 72 12
75 73 87
75 74 27
75 75 12
75 76 68
75 77 86
75 78 52
75 79 74
75 80 49
75 81 38
75 82 98
75 83 31
75 84 67
75 85 113
75 86 92
75 87 21
75 88 68
75 89 53
75 90 104
75 91 29
75 92 88
75 93 47
75 94 97
75 95 95
75 96 103
75 97 95
75 98 23
75 99 54
75 100 88
76 1 68
76 2 102
76 3 45
76 4 73
76 5 76
76 6 64
76 7 62
76 8 19
76 9 99
76 10 72
76 11 51
76 12 82
76 13 95
76 14 74
76 15 72
76 16 81
76 17 57
76 18 28
76 19 98
76 20 61
76 21 41
76 22 25
76 23 83
76 24 16
76 25 60
76 26 105
76 27 12
76 28 85
76 29 98
76 30 66
76 31 100
76 32 8
76 33 44
76 34 103
76 35 85
76 36 87
76 37 80
76 38 24
76 39 86
76 40 11
76 41 24
76 42 87
76 43 11
76 44 78
76 45 55
76 46 46
76 47 55
76 48 68
76 49 31
76 50 78
76 51 30
76 52 51
76 53 99
76 54 77
76 55 108
76 56 26
76 57 59
76 58 85
76 59 4
76 60 7
76 61 90
76 62 61
76 63 84
76 64 75
76 65 73
76 66 81
76 67 55
76 68 34
76 69 32
76 70 56
76 71 59
76 72 92
76 73 86
76 74 60
76 75 90
76 76 39
76 77 85
76 78 45
76 79 11
76 80 55
76 81 62
76 82 69
76 83 49
76 84 76
76 85 62
76 86 31
76 87 67
76 88 63
76 89 73
76 90 53
76 91 39
76 92 73
76 93 19
76 94 54
76 95 85
76 96 82
76 97 50
76 98 60
76 99 12
76 100 80
77 1 97
77 2 85
77 3 72
77 4 41
77 5 39
77 6 84
77 7 21
77 8 41
77 9 84
77 10 43
77 11 66
77 12 45
77 13 92
77 14 37
77 15 50
77 16 60
77 17 84
77 18 64
77 19 97
77 20 62
77 21 32
77 22 19
77 23 71
77 24 33
77 25 80
77 26 91
77 27 54
77 28 75
77 29 94
77 30 76
77 31 93
77 32 46
77 33 29
77 34 90
77 35 63
77 36 95
77 37 65
77 38 47
77 39 89
77 40 34
77 41 38
77 42 95
77 43 51
77 44 67
77 45 35
77 46 10
77 47 38
77 48 68
77 49 11
77 50 59
77 51 54
77 52 75
77 53 98
77 54 75
77 55 102
77 56 17
77 57 55
77 58 78
77 59 38
77 60 44
77 61 69
77 62 20
77 63 50
77 64 36
77 65 85
77 66 85
77 67 73
77 68 24
77 69 48
77 70 17
77 71 18
77 72 89
77 73 47
77 74 73
77 75 96
77 76 62
77 77 31
77 78 43
77 79 70
77 80 45
77 81 58
77 82 14
77 83 63
77 84 37
77 85 51
77 86 67
77 87 77
77 88 27
77 89 50
77 90 48
77 91 72
77 92 7
77 93 70
77 94 34
77 95 13
77 96 9
77 97 37
77 98 72
77 99 69
77 100 15
78 1 96
78 2 24
78 3 80
78 4 26
78 5 37
78 6 76
78 7 53
78 8 69
78 9 25
78 10 20
78 11 61
78 12 34
78 13 47
78 14 39
78 15 14
78 16 6
78 17 86
78 18 89
78 19 52
78 20 42
78 21 44
78 22 77
78 23 21
78 24 69
78 25 75
78 26 32
78 27 95
78 28 27
78 29 46
78 30 57
78 31 41
78 32 83
78 33 42
78 34 33
78 35 1
78 36 64
78 37 14
78 38 70
78 39 53
78 40 74
78 41 63
78 42 65
78 43 97
78 44 24
78 45 31
78 46 53
78 47 31
78 48 41
78 49 65
78 50 11
78 51 71
78 52 77
78 53 52
78 54 39
78 55 48
78 56 65
78 57 35
78 58 31
78 59 83
78 60 82
78 61 6
78 62 52
78 63 27
78 64 40
78 65 64
78 66 52
78 67 69
78 68 52
78 69 63
78 70 49
78 71 53
78 72 44
78 73 42
78 74 62
78 75 61
78 76 72
78 77 72
78 78 83
78 79 63
78 80 35
78 81 27
78 82 84
78 83 17
78 84 55
78 85 99
78 86 80
78 87 15
78 88 54
78 89 42
78 90 90
78 91 16
78 92 74
78 93 36
78 94 83
78 95 82
78 96 89
78 97 81
78 98 12
78 99 43
78 100 75
79 1 67
79 2 36
79 3 52
79 4 40
79 5 52
79 6 47
79 7 59
79 8 48
79 9 33
79 10 33
79 11 32
79 12 53
79 13 34
79 14 53
79 15 22
79 16 23
79 17 57
79 18 64
79 19 38
79 20 14
79 21 29
79 22 66
79 23 17
79 24 50
79 25 46
79 26 38
79 27 74
79 28 18
79 29 36
79 30 29
79 31 35
79 32 62
79 33 30
79 34 36
79 35 28
79 36 42
79 37 16
79 38 46
79 39 32
79 40 56
79 41 42
79 42 42
79 43 77
79 44 11
79 45 25
79 46 50
79 47 22
79 48 14
79 49 56
79 50 18
79 51 46
79 52 48
79 53 39
79 54 17
79 55 44
79 56 53
79 57 8
79 58 20
79 59 65
79 60 62
79 61 30
79 62 58
79 63 48
79 64 54
79 65 37
79 66 29
79 67 40
79 68 38
79 69 38
79 70 52
79 71 57
79 72 30
79 73 61
79 74 33
79 75 40
79 76 44
79 77 54
79 78 59
79 79 38
79 80 53
79 81 63
79 82 54
79 83 53
79 84 70
79 85 44
79 86 17
79 87 72
79 88 55
79 89 70
79 90 35
79 91 47
79 92 60
79 93 29
79 94 37
79 95 72
79 96 67
79 97 33
79 98 65
79 99 23
79 100 68
80 1 115
80 2 69
80 3 92
80 4 20
80 5 9
80 6 98
80 7 14
80 8 67
80 9 70
80 10 26
80 11 79
80 12 14
80 13 88
80 14 7
80 15 38
80 16 46
80 17 103
80 18 90
80 19 93
80 20 68
80 21 44
80 22 53
80 23 62
80 24 61
80 25 95
80 26 78
80 27 86
80 28 68
80 29 89
80 30 84
80 31 85
80 32 75
80 33 39
80 34 78
80 35 47
80 36 99
80 37 54
80 38 71
80 39 89
80 40 63
80 41 61
80 42 99
80 43 83
80 44 61
80 45 35
80 46 27
80 47 39
80 48 71
80 49 43
80 50 48
80 51 76
80 52 93
80 53 94
80 54 74
80 55 93
80 56 47
80 57 58
80 58 72
80 59 70
80 60 74
80 61 51
80 62 14
80 63 22
80 64 6
80 65 93
80 66 87
80 67 88
80 68 44
80 69 68
80 70 18
80 71 15
80 72 85
80 73 14
80 74 85
80 75 98
80 76 82
80 77 60
80 78 82
80 79 88
80 80 86
80 81 80
80 82 18
80 83 80
80 84 65
80 85 23
80 86 51
80 87 98
80 88 52
80 89 76
80 90 25
80 91 84
80 92 37
80 93 75
80 94 17
80 95 44
80 96 29
80 97 21
80 98 92
80 99 71
80 100 46
81 1 47
81 2 50
81 3 37
81 4 60
81 5 71
81 6 28
81 7 76
81 8 46
81 9 45
81 10 54
81 11 18
81 12 73
81 13 30
81 14 72
81 15 43
81 16 43
81 17 39
81 18 54
81 19 33
81 20 9
81 21 39
81 22 73
81 23 32
81 24 52
81 25 27
81 26 48
81 27 69
81 28 29
81 29 34
81 30 9
81 31 37
81 32 59
81 33 42
81 34 45
81 35 48
81 36 25
81 37 35
81 38 42
81 39 20
81 40 57
81 41 43
81 42 25
81 43 75
81 44 27
81 45 42
81 46 64
81 47 38
81 48 8
81 49 65
81 50 38
81 51 38
81 52 32
81 53 34
81 54 15
81 55 44
81 56 61
81 57 18
81 58 26
81 59 65
81 60 59
81 61 48
81 62 74
81 63 69
81 64 73
81 65 16
81 66 15
81 67 22
81 68 47
81 69 34
81 70 68
81 71 74
81 72 28
81 73 81
81 74 14
81 75 26
81 76 33
81 77 57
81 78 52
81 79 39
81 80 55
81 81 59
81 82 34
81 83 38
81 84 17
81 85 64
81 86 66
81 87 51
81 88 1
81 89 26
81 90 58
81 91 49
81 92 19
81 93 53
81 94 45
81 95 27
81 96 35
81 97 45
81 98 46
81 99 54
81 100 20
82 1 70
82 2 35
82 3 54
82 4 38
82 5 50
82 6 50
82 7 58
82 8 49
82 9 32
82 10 31
82 11 35
82 12 50
82 13 34
82 14 51
82 15 20
82 16 20
82 17 60
82 18 66
82 19 39
82 20 16
82 21 29
82 22 66
82 23 16
82 24 51
82 25 49
82 26 37
82 27 75
82 28 18
82 29 36
82 30 32
82 31 35
82 32 63
82 33 30
82 34 35
82 35 25
82 36 44
82 37 14
82 38 48
82 39 34
82 40 57
82 41 44
82 42 44
82 43 79
82 44 10
82 45 24
82 46 49
82 47 21
82 48 16
82 49 56
82 50 16
82 51 48
82 52 51
82 53 40
82 54 18
82 55 44
82 56 53
82 57 10
82 58 19
82 59 66
82 60 63
82 61 27
82 62 57
82 63 46
82 64 52
82 65 39
82 66 31
82 67 43
82 68 39
82 69 40
82 70 51
82 71 56
82 72 31
82 73 59
82 74 36
82 75 42
82 76 47
82 77 55
82 78 61
82 79 38
82 80 65
82 81 39
82 82 17
82 83 33
82 84 31
82 85 55
82 86 52
82 87 51
82 88 16
82 89 35
82 90 47
82 91 40
82 92 28
82 93 39
82 94 36
82 95 39
82 96 40
82 97 35
82 98 45
82 99 40
82 100 33
83 1 77
83 2 26
83 3 63
83 4 37
83 5 49
83 6 57
83 7 61
83 8 58
83 9 23
83 10 30
83 11 43
83 12 49
83 13 32
83 14 51
83 15 18
83 16 14
83 17 68
83 18 75
83 19 36
83 20 24
83 21 37
83 22 73
83 23 7
83 24 60
83 25 56
83 26 29
83 27 84
83 28 12
83 29 32
83 30 38
83 31 29
83 32 72
83 33 37
83 34 28
83 35 18
83 36 46
83 37 6
83 38 57
83 39 35
83 40 66
83 41 52
83 42 46
83 43 87
83 44 5
83 45 29
83 46 54
83 47 26
83 48 22
83 49 62
83 50 10
83 51 57
83 52 59
83 53 37
83 54 19
83 55 38
83 56 61
83 57 19
83 58 15
83 59 75
83 60 72
83 61 19
83 62 59
83 63 43
83 64 52
83 65 44
83 66 33
83 67 50
83 68 46
83 69 49
83 70 54
83 71 59
83 72 29
83 73 57
83 74 43
83 75 43
83 76 55
83 77 63
83 78 70
83 79 33
83 80 74
83 81 40
83 82 23
83 83 70
83 84 42
83 85 93
83 86 78
83 87 12
83 88 42
83 89 29
83 90 84
83 91 18
83 92 63
83 93 37
83 94 75
83 95 70
83 96 78
83 97 74
83 98 5
83 99 44
83 100 63
84 1 41
84 2 62
84 3 46
84 4 85
84 5 97
84 6 26
84 7 102
84 8 67
84 9 57
84 10 78
84 11 34
84 12 98
84 13 30
84 14 98
84 15 67
84 16 64
84 17 40
84 18 67
84 19 29
84 20 35
84 21 65
84 22 97
84 23 49
84 24 74
84 25 29
84 26 56
84 27 86
84 28 44
84 29 34
84 30 20
84 31 41
84 32 78
84 33 69
84 34 53
84 35 68
84 36 6
84 37 55
84 38 61
84 39 18
84 40 79
84 41 65
84 42 6
84 43 93
84 44 46
84 45 68
84 46 90
84 47 64
84 48 31
84 49 90
84 50 60
84 51 56
84 52 39
84 53 30
84 54 31
84 55 43
84 56 85
84 57 44
84 58 39
84 59 86
84 60 79
84 61 67
84 62 101
84 63 93
84 64 99
84 65 12
84 66 17
84 67 31
84 68 73
84 69 55
84 70 94
84 71 100
84 72 30
84 73 106
84 74 25
84 75 13
84 76 47
84 77 79
84 78 69
84 79 41
84 80 70
84 81 85
84 82 60
84 83 68
84 84 39
84 85 16
84 86 19
84 87 96
84 88 64
84 89 85
84 90 10
84 91 74
84 92 59
84 93 58
84 94 22
84 95 69
84 96 58
84 97 20
84 98 89
84 99 52
84 100 68
85 1 93
85 2 63
85 3 69
85 4 20
85 5 23
85 6 77
85 7 19
85 8 45
85 9 63
85 10 21
85 11 58
85 12 28
85 13 74
85 14 22
85 15 29
85 16 39
85 17 80
85 18 68
85 19 79
85 20 49
85 21 22
85 22 38
85 23 51
85 24 40
85 25 74
85 26 70
85 27 65
85 28 55
85 29 76
85 30 64
85 31 73
85 32 54
85 33 17
85 34 70
85 35 42
85 36 81
85 37 44
85 38 48
85 39 73
85 40 43
85 41 39
85 42 81
85 43 64
85 44 48
85 45 16
85 46 12
85 47 20
85 48 53
85 49 26
85 50 38
85 51 54
85 52 70
85 53 80
85 54 58
85 55 82
85 56 28
85 57 39
85 58 59
85 59 50
85 60 53
85 61 47
85 62 17
85 63 31
85 64 22
85 65 73
85 66 70
85 67 66
85 68 21
85 69 45
85 70 11
85 71 16
85 72 71
85 73 33
85 74 64
85 75 81
85 76 59
85 77 40
85 78 60
85 79 77
85 80 64
85 81 10
85 82 24
85 83 61
85 84 58
85 85 19
85 86 67
85 87 56
85 88 6
85 89 30
85 90 56
85 91 54
85 92 14
85 93 57
85 94 43
85 95 22
85 96 29
85 97 44
85 98 51
85 99 58
85 100 15
86 1 74
86 2 24
86 3 68
86 4 60
86 5 72
86 6 55
86 7 84
86 8 74
86 9 19
86 10 53
86 11 49
86 12 71
86 13 10
86 14 74
86 15 41
86 16 34
86 17 69
86 18 85
86 19 14
86 20 32
86 21 57
86 22 94
86 23 18
86 24 77
86 25 56
86 26 18
86 27 98
86 28 12
86 29 9
86 30 36
86 31 7
86 32 87
86 33 58
86 34 15
86 35 36
86 36 32
86 37 25
86 38 70
86 39 20
86 40 83
86 41 69
86 42 32
86 43 103
86 44 19
86 45 52
86 46 77
86 47 49
86 48 26
86 49 84
86 50 32
86 51 68
86 52 62
86 53 14
86 54 17
86 55 16
86 56 81
86 57 34
86 58 9
86 59 92
86 60 87
86 61 33
86 62 83
86 63 64
86 64 75
86 65 38
86 66 23
86 67 53
86 68 66
86 69 62
86 70 78
86 71 83
86 72 8
86 73 79
86 74 44
86 75 26
86 76 64
86 77 82
86 78 82
86 79 10
86 80 86
86 81 64
86 82 45
86 83 83
86 84 9
86 85 57
86 86 73
86 87 33
86 88 18
86 89 10
86 90 72
86 91 38
86 92 38
86 93 49
86 94 61
86 95 44
86 96 53
86 97 60
86 98 29
86 99 53
86 100 36
87 1 103
87 2 74
87 3 80
87 4 26
87 5 22
87 6 88
87 7 6
87 8 52
87 9 74
87 10 30
87 11 70
87 12 28
87 13 87
87 14 20
87 15 40
87 16 50
87 17 91
87 18 76
87 19 92
87 20 61
87 21 33
87 22 36
87 23 63
87 24 45
87 25 85
87 26 82
87 27 69
87 28 68
87 29 88
87 30 77
87 31 85
87 32 59
87 33 29
87 34 81
87 35 51
87 36 94
87 37 56
87 38 57
87 39 86
87 40 47
87 41 47
87 42 94
87 43 67
87 44 60
87 45 29
87 46 11
87 47 33
87 48 66
87 49 26
87 50 50
87 51 63
87 52 81
87 53 93
87 54 71
87 55 94
87 56 31
87 57 52
87 58 71
87 59 53
87 60 58
87 61 57
87 62 5
87 63 34
87 64 19
87 65 86
87 66 82
87 67 78
87 68 30
87 69 55
87 70 2
87 71 4
87 72 84
87 73 30
87 74 76
87 75 94
87 76 70
87 77 44
87 78 67
87 79 89
87 80 71
87 81 17
87 82 37
87 83 68
87 84 71
87 85 26
87 86 105
87 87 37
87 88 25
87 89 49
87 90 38
87 91 63
87 92 13
87 93 60
87 94 24
87 95 24
87 96 19
87 97 26
87 98 67
87 99 58
87 100 23
88 1 55
88 2 87
88 3 30
88 4 65
88 5 71
88 6 47
88 7 61
88 8 4
88 9 84
88 10 62
88 11 34
88 12 76
88 13 77
88 14 70
88 15 60
88 16 68
88 17 42
88 18 20
88 19 80
88 20 44
88 21 30
88 22 34
88 23 68
88 24 11
88 25 43
88 26 89
88 27 23
88 28 69
88 29 81
88 30 49
88 31 83
88 32 11
88 33 34
88 34 87
88 35 73
88 36 69
88 37 65
88 38 6
88 39 68
88 40 13
88 41 10
88 42 69
88 43 28
88 44 62
88 45 45
88 46 44
88 47 43
88 48 51
88 49 33
88 50 64
88 51 13
88 52 35
88 53 82
88 54 60
88 55 91
88 56 27
88 57 43
88 58 68
88 59 19
88 60 12
88 61 76
88 62 60
88 63 76
88 64 70
88 65 55
88 66 63
88 67 38
88 68 27
88 69 14
88 70 53
88 71 58
88 72 74
88 73 81
88 74 42
88 75 73
88 76 22
88 77 15
88 78 12
88 79 85
88 80 16
88 81 56
88 82 43
88 83 13
88 84 68
88 85 62
88 86 58
88 87 37
88 88 81
88 89 69
88 90 53
88 91 35
88 92 70
88 93 15
88 94 54
88 95 82
88 96 79
88 97 50
88 98 56
88 99 8
88 100 77
89 1 29
89 2 69
89 3 21
89 4 74
89 5 85
89 6 9
89 7 86
89 8 42
89 9 64
89 10 69
89 11 10
89 12 88
89 13 45
89 14 85
89 15 59
89 16 61
89 17 20
89 18 41
89 19 46
89 20 25
89 21 46
89 22 73
89 23 51
89 24 50
89 25 8
89 26 66
89 27 60
89 28 48
89 29 49
89 30 12
89 31 54
89 32 52
89 33 51
89 34 64
89 35 66
89 36 29
89 37 54
89 38 36
89 39 32
89 40 54
89 41 41
89 42 29
89 43 67
89 44 46
89 45 55
89 46 71
89 47 50
89 48 27
89 49 68
89 50 56
89 51 30
89 52 14
89 53 48
89 54 33
89 55 60
89 56 63
89 57 33
89 58 45
89 59 61
89 60 53
89 61 67
89 62 84
89 63 84
89 64 86
89 65 15
89 66 28
89 67 5
89 68 52
89 69 30
89 70 77
89 71 83
89 72 43
89 73 95
89 74 5
89 75 34
89 76 21
89 77 55
89 78 42
89 79 56
89 80 44
89 81 71
89 82 47
89 83 42
89 84 44
89 85 71
89 86 28
89 87 44
89 88 57
89 89 24
89 90 18
89 91 81
89 92 40
89 93 70
89 94 12
89 95 48
89 96 34
89 97 15
89 98 90
89 99 66
89 100 49
90 1 109
90 2 42
90 3 90
90 4 13
90 5 19
90 6 90
90 7 40
90 8 73
90 9 44
90 10 14
90 11 73
90 12 15
90 13 66
90 14 22
90 15 21
90 16 23
90 17 98
90 18 95
90 19 71
90 20 56
90 21 46
90 22 71
90 23 40
90 24 70
90 25 88
90 26 52
90 27 97
90 28 46
90 29 66
90 30 73
90 31 61
90 32 85
90 33 42
90 34 52
90 35 21
90 36 83
90 37 33
90 38 75
90 39 71
90 40 74
90 41 66
90 42 83
90 43 97
90 44 42
90 45 32
90 46 44
90 47 34
90 48 57
90 49 59
90 50 27
90 51 78
90 52 88
90 53 72
90 54 57
90 55 68
90 56 61
90 57 47
90 58 51
90 59 83
90 60 84
90 61 25
90 62 39
90 63 7
90 64 23
90 65 80
90 66 70
90 67 82
90 68 51
90 69 69
90 70 38
90 71 39
90 72 64
90 73 22
90 74 76
90 75 80
90 76 81
90 77 71
90 78 88
90 79 64
90 80 92
90 81 24
90 82 36
90 83 88
90 84 51
90 85 15
90 86 109
90 87 41
90 88 53
90 89 71
90 90 92
90 91 23
90 92 85
90 93 20
90 94 78
90 95 96
90 96 97
90 97 75
90 98 43
90 99 24
90 100 89
91 1 35
91 2 64
91 3 22
91 4 67
91 5 78
91 6 16
91 7 79
91 8 38
91 9 60
91 10 62
91 11 5
91 12 81
91 13 44
91 14 78
91 15 53
91 16 55
91 17 25
91 18 41
91 19 45
91 20 18
91 21 39
91 22 68
91 23 46
91 24 45
91 25 14
91 26 62
91 27 58
91 28 43
91 29 48
91 30 11
91 31 52
91 32 48
91 33 44
91 34 60
91 35 60
91 36 31
91 37 48
91 38 32
91 39 32
91 40 50
91 41 36
91 42 31
91 43 64
91 44 40
91 45 47
91 46 64
91 47 43
91 48 22
91 49 62
91 50 50
91 51 27
91 52 17
91 53 47
91 54 29
91 55 58
91 56 57
91 57 27
91 58 41
91 59 57
91 60 50
91 61 61
91 62 77
91 63 77
91 64 79
91 65 17
91 66 27
91 67 8
91 68 45
91 69 25
91 70 70
91 71 76
91 72 41
91 73 88
91 74 4
91 75 35
91 76 19
91 77 50
91 78 40
91 79 53
91 80 43
91 81 64
91 82 40
91 83 40
91 84 40
91 85 64
91 86 35
91 87 37
91 88 53
91 89 19
91 90 41
91 91 24
91 92 90
91 93 42
91 94 96
91 95 99
91 96 105
91 97 93
91 98 28
91 99 49
91 100 91
92 1 83
92 2 85
92 3 58
92 4 48
92 5 49
92 6 72
92 7 34
92 8 27
92 9 84
92 10 48
92 11 55
92 12 55
92 13 87
92 14 47
92 15 52
92 16 62
92 17 70
92 18 49
92 19 91
92 20 55
92 21 26
92 22 12
92 23 69
92 24 19
92 25 68
92 26 90
92 27 40
92 28 72
92 29 90
92 30 67
92 31 89
92 32 31
92 33 25
92 34 89
92 35 66
92 36 87
92 37 64
92 38 33
92 39 82
92 40 19
92 41 24
92 42 87
92 43 38
92 44 65
92 45 35
92 46 18
92 47 36
92 48 61
92 49 4
92 50 60
92 51 40
92 52 62
92 53 93
92 54 69
92 55 98
92 56 2
92 57 49
92 58 74
92 59 24
92 60 29
92 61 71
92 62 33
92 63 58
92 64 47
92 65 75
92 66 77
92 67 62
92 68 16
92 69 35
92 70 28
92 71 32
92 72 84
92 73 59
92 74 63
92 75 88
92 76 49
92 77 16
92 78 40
92 79 93
92 80 44
92 81 37
92 82 39
92 83 41
92 84 73
92 85 46
92 86 86
92 87 35
92 88 85
92 89 42
92 90 44
92 91 66
92 92 27
92 93 62
92 94 38
92 95 16
92 96 21
92 97 40
92 98 60
92 99 62
92 100 11
93 1 46
93 2 89
93 3 21
93 4 71
93 5 78
93 6 40
93 7 70
93 8 12
93 9 85
93 10 68
93 11 29
93 12 83
93 13 76
93 14 77
93 15 64
93 16 71
93 17 34
93 18 13
93 19 78
93 20 43
93 21 36
93 22 43
93 23 69
93 24 20
93 25 36
93 26 89
93 27 24
93 28 69
93 29 79
93 30 45
93 31 82
93 32 16
93 33 41
93 34 87
93 35 76
93 36 65
93 37 68
93 38 8
93 39 65
93 40 22
93 41 17
93 42 64
93 43 31
93 44 63
93 45 51
93 46 53
93 47 48
93 48 50
93 49 43
93 50 67
93 51 7
93 52 27
93 53 80
93 54 59
93 55 90
93 56 37
93 57 44
93 58 69
93 59 26
93 60 17
93 61 80
93 62 69
93 63 83
93 64 78
93 65 50
93 66 60
93 67 31
93 68 35
93 69 14
93 70 62
93 71 67
93 72 73
93 73 89
93 74 38
93 75 69
93 76 15
93 77 24
93 78 7
93 79 84
93 80 11
93 81 64
93 82 48
93 83 7
93 84 68
93 85 69
93 86 49
93 87 42
93 88 81
93 89 16
93 90 10
93 91 54
93 92 39
93 93 37
93 94 38
93 95 64
93 96 62
93 97 35
93 98 52
93 99 17
93 100 59
94 1 116
94 2 59
94 3 95
94 4 15
94 5 6
94 6 98
94 7 26
94 8 72
94 9 61
94 10 21
94 11 80
94 12 2
94 13 81
94 14 8
94 15 33
94 16 39
94 17 104
94 18 96
94 19 86
94 20 66
94 21 48
94 22 63
94 23 55
94 24 68
94 25 96
94 26 68
94 27 93
94 28 61
94 29 82
94 30 83
94 31 77
94 32 82
94 33 43
94 34 69
94 35 38
94 36 95
94 37 48
94 38 76
94 39 85
94 40 71
94 41 66
94 42 96
94 43 92
94 44 55
94 45 35
94 46 36
94 47 39
94 48 68
94 49 52
94 50 41
94 51 81
94 52 94
94 53 87
94 54 69
94 55 85
94 56 56
94 57 56
94 58 65
94 59 78
94 60 81
94 61 42
94 62 26
94 63 10
94 64 8
94 65 91
94 66 83
94 67 89
94 68 49
94 69 72
94 70 28
94 71 27
94 72 79
94 73 7
94 74 84
94 75 93
94 76 85
94 77 68
94 78 88
94 79 80
94 80 92
94 81 20
94 82 42
94 83 88
94 84 65
94 85 18
94 86 117
94 87 45
94 88 69
94 89 75
94 90 92
94 91 70
94 92 80
94 93 49
94 94 17
94 95 39
94 96 52
94 97 68
94 98 40
94 99 68
94 100 32
95 1 35
95 2 66
95 3 40
95 4 85
95 5 97
95 6 20
95 7 102
95 8 63
95 9 61
95 10 79
95 11 31
95 12 98
95 13 35
95 14 98
95 15 68
95 16 66
95 17 34
95 18 62
95 19 34
95 20 35
95 21 63
95 22 94
95 23 52
95 24 71
95 25 24
95 26 60
95 27 81
95 28 47
95 29 39
95 30 19
95 31 46
95 32 73
95 33 67
95 34 58
95 35 70
95 36 12
95 37 57
95 38 57
95 39 22
95 40 76
95 41 62
95 42 11
95 43 89
95 44 48
95 45 68
95 46 88
95 47 64
95 48 32
95 49 87
95 50 62
95 51 52
95 52 33
95 53 35
95 54 33
95 55 49
95 56 83
95 57 44
95 58 43
95 59 82
95 60 75
95 61 70
95 62 100
95 63 94
95 64 99
95 65 10
95 66 20
95 67 26
95 68 70
95 69 51
95 70 93
95 71 99
95 72 35
95 73 107
95 74 22
95 75 18
95 76 43
95 77 76
95 78 64
95 79 46
95 80 65
95 81 85
95 82 60
95 83 64
95 84 42
95 85 83
95 86 32
95 87 59
95 88 51
95 89 45
95 90 64
95 91 30
95 92 96
95 93 59
95 94 88
95 95 51
95 96 85
95 97 72
95 98 21
95 99 30
95 100 73
96 1 43
96 2 102
96 3 24
96 4 86
96 5 93
96 6 44
96 7 83
96 8 26
96 9 99
96 10 83
96 11 39
96 12 98
96 13 87
96 14 92
96 15 80
96 16 86
96 17 33
96 18 3
96 19 89
96 20 56
96 21 51
96 22 52
96 23 83
96 24 32
96 25 40
96 26 103
96 27 20
96 28 83
96 29 91
96 30 54
96 31 94
96 32 21
96 33 56
96 34 101
96 35 91
96 36 73
96 37 82
96 38 23
96 39 75
96 40 32
96 41 32
96 42 72
96 43 29
96 44 77
96 45 66
96 46 66
96 47 63
96 48 62
96 49 54
96 50 82
96 51 20
96 52 31
96 53 90
96 54 71
96 55 101
96 56 48
96 57 59
96 58 81
96 59 31
96 60 23
96 61 94
96 62 82
96 63 98
96 64 92
96 65 58
96 66 70
96 67 38
96 68 49
96 69 29
96 70 76
96 71 80
96 72 84
96 73 104
96 74 46
96 75 77
96 76 24
96 77 35
96 78 11
96 79 96
96 80 7
96 81 78
96 82 63
96 83 10
96 84 81
96 85 84
96 86 47
96 87 57
96 88 94
96 89 30
96 90 6
96 91 66
96 92 43
96 93 52
96 94 95
96 95 49
96 96 29
96 97 29
96 98 58
96 99 51
96 100 23
97 1 101
97 2 19
97 3 86
97 4 32
97 5 42
97 6 81
97 7 60
97 8 77
97 9 21
97 10 27
97 11 67
97 12 39
97 13 47
97 14 44
97 15 22
97 16 13
97 17 92
97 18 96
97 19 51
97 20 48
97 21 52
97 22 85
97 23 23
97 24 77
97 25 80
97 26 28
97 27 103
97 28 28
97 29 45
97 30 62
97 31 39
97 32 90
97 33 50
97 34 29
97 35 8
97 36 66
97 37 19
97 38 77
97 39 55
97 40 82
97 41 71
97 42 67
97 43 105
97 44 27
97 45 39
97 46 60
97 47 39
97 48 46
97 49 73
97 50 17
97 51 79
97 52 83
97 53 51
97 54 42
97 55 46
97 56 73
97 57 41
97 58 33
97 59 91
97 60 90
97 61 5
97 62 59
97 63 31
97 64 45
97 65 67
97 66 55
97 67 74
97 68 60
97 69 70
97 70 56
97 71 59
97 72 45
97 73 46
97 74 67
97 75 62
97 76 78
97 77 80
97 78 91
97 79 42
97 80 95
97 81 41
97 82 37
97 83 91
97 84 33
97 85 31
97 86 100
97 87 43
97 88 31
97 89 70
97 90 94
97 91 45
97 92 99
97 93 49
97 94 24
97 95 50
97 96 72
97 97 48
97 98 92
97 99 77
97 100 39
98 1 33
98 2 69
98 3 16
98 4 68
98 5 78
98 6 17
98 7 77
98 8 32
98 9 65
98 10 63
98 11 3
98 12 81
98 13 50
98 14 78
98 15 55
98 16 58
98 17 22
98 18 34
98 19 52
98 20 23
98 21 38
98 22 63
98 23 51
98 24 40
98 25 14
98 26 68
98 27 51
98 28 49
98 29 54
98 30 18
98 31 58
98 32 42
98 33 43
98 34 66
98 35 63
98 36 38
98 37 52
98 38 26
98 39 38
98 40 44
98 41 31
98 42 37
98 43 58
98 44 45
98 45 48
98 46 62
98 47 44
98 48 27
98 49 58
98 50 54
98 51 20
98 52 13
98 53 54
98 54 35
98 55 65
98 56 53
98 57 29
98 58 47
98 59 51
98 60 43
98 61 65
98 62 76
98 63 79
98 64 79
98 65 23
98 66 34
98 67 7
98 68 43
98 69 20
98 70 69
98 71 75
98 72 48
98 73 89
98 74 10
98 75 42
98 76 12
98 77 45
98 78 34
98 79 60
98 80 36
98 81 64
98 82 41
98 83 34
98 84 46
98 85 65
98 86 34
98 87 37
98 88 59
98 89 14
98 90 35
98 91 30
98 92 64
98 93 35
98 94 74
98 95 28
98 96 9
98 97 42
98 98 20
98 99 32
98 100 40
99 1 67
99 2 32
99 3 62
99 4 64
99 5 76
99 6 48
99 7 87
99 8 71
99 9 27
99 10 57
99 11 44
99 12 76
99 13 5
99 14 78
99 15 45
99 16 39
99 17 62
99 18 80
99 19 9
99 20 29
99 21 57
99 22 94
99 23 23
99 24 76
99 25 50
99 26 25
99 27 95
99 28 17
99 29 8
99 30 30
99 31 12
99 32 84
99 33 59
99 34 23
99 35 42
99 36 24
99 37 30
99 38 67
99 39 13
99 40 81
99 41 67
99 42 25
99 43 101
99 44 22
99 45 54
99 46 79
99 47 50
99 48 23
99 49 84
99 50 36
99 51 65
99 52 57
99 53 10
99 54 14
99 55 18
99 56 81
99 57 34
99 58 12
99 59 90
99 60 85
99 61 40
99 62 86
99 63 69
99 64 79
99 65 31
99 66 16
99 67 47
99 68 66
99 69 59
99 70 80
99 71 85
99 72 2
99 73 84
99 74 38
99 75 19
99 76 59
99 77 80
99 78 79
99 79 13
99 80 82
99 81 67
99 82 46
99 83 79
99 84 12
99 85 62
99 86 65
99 87 48
99 88 17
99 89 55
99 90 80
99 91 18
99 92 102
99 93 52
99 94 62
99 95 47
99 96 54
99 97 6
99 98 49
99 99 92
99 100 78
100 1 67
100 2 65
100 3 44
100 4 40
100 5 47
100 6 52
100 7 43
100 8 22
100 9 63
100 10 37
100 11 34
100 12 52
100 13 63
100 14 47
100 15 35
100 16 44
100 17 55
100 18 44
100 19 67
100 20 31
100 21 5
100 22 35
100 23 47
100 24 21
100 25 49
100 26 69
100 27 47
100 28 49
100 29 66
100 30 44
100 31 66
100 32 34
100 33 9
100 34 67
100 35 48
100 36 63
100 37 43
100 38 24
100 39 58
100 40 26
100 41 15
100 42 63
100 43 49
100 44 42
100 45 19
100 46 27
100 47 18
100 48 37
100 49 26
100 50 40
100 51 28
100 52 45
100 53 69
100 54 45
100 55 75
100 56 23
100 57 25
100 58 51
100 59 35
100 60 34
100 61 52
100 62 41
100 63 52
100 64 47
100 65 52
100 66 53
100 67 42
100 68 8
100 69 20
100 70 34
100 71 40
100 72 60
100 73 58
100 74 41
100 75 64
100 76 34
100 77 24
100 78 37
100 79 69
100 80 41
100 81 33
100 82 19
100 83 37
100 84 50
100 85 37
100 86 69
100 87 13
100 88 62
100 89 24
100 90 41
100 91 42
100 92 45
100 93 8
100 94 49
100 95 12
100 96 30
100 97 57
100 98 15
100 99 42
100 100 35