100 2
10
6
10
37
52
9
75
81
79
28
19
48
8
35
44
69
61
17
68
82
67
73
93
65
4
40
42
85
58
97
77
81
49
71
22
95
97
2
80
72
24
28
45
13
32
44
27
70
86
74
78
31
33
9
64
43
48
84
94
23
90
83
35
77
65
27
89
64
24
25
9
83
77
53
15
65
48
40
71
91
2
86
98
92
25
44
42
18
61
69
88
67
98
52
98
61
76
17
72
33
0 1 62
0 2 52
0 3 87
0 4 33
0 5 85
0 6 33
0 7 14
0 8 23
0 9 75
0 10 35
0 11 12
0 12 73
0 13 54
0 14 42
0 15 21
0 16 72
0 17 87
0 18 48
0 19 72
0 20 25
0 21 47
0 22 96
0 23 34
0 24 26
0 25 35
0 26 14
0 27 42
0 28 11
0 29 3
0 30 70
0 31 31
0 32 45
0 33 44
0 34 78
0 35 39
0 36 46
0 37 63
0 38 81
0 39 51
0 40 58
0 41 75
0 42 15
0 43 60
0 44 69
0 45 83
0 46 37
0 47 53
0 48 44
0 49 26
0 50 8
0 51 72
0 52 73
0 53 47
0 54 29
0 55 40
0 56 35
0 57 34
0 58 13
0 59 26
0 60 23
0 61 27
0 62 72
0 63 23
0 64 39
0 65 15
0 66 57
0 67 49
0 68 32
0 69 24
0 70 20
0 71 71
0 72 81
0 73 54
0 74 57
0 75 38
0 76 40
0 77 52
0 78 60
0 79 36
0 80 48
0 81 73
0 82 53
0 83 67
0 84 67
0 85 16
0 86 72
0 87 91
0 88 73
0 89 36
0 90 34
0 91 33
0 92 41
0 93 79
0 94 34
0 95 77
0 96 66
0 97 80
0 98 77
0 99 61
0 100 56
1 1 91
1 2 57
1 3 77
1 4 20
1 5 71
1 6 34
1 7 22
1 8 28
1 9 67
1 10 40
1 11 8
1 12 64
1 13 42
1 14 28
1 15 28
1 16 59
1 17 78
1 18 34
1 19 59
1 20 34
1 21 33
1 22 86
1 23 26
1 24 29
1 25 39
1 26 27
1 27 35
1 28 24
1 29 11
1 30 61
1 31 22
1 32 33
1 33 32
1 34 66
1 35 30
1 36 45
1 37 50
1 38 68
1 39 45
1 40 53
1 41 61
1 42 28
1 43 55
1 44 58
1 45 69
1 46 23
1 47 49
1 48 51
1 49 23
1 50 20
1 51 64
1 52 59
1 53 44
1 54 32
1 55 38
1 56 40
1 57 22
1 58 17
1 59 33
1 60 10
1 61 31
1 62 66
1 63 10
1 64 26
1 65 3
1 66 58
1 67 35
1 68 28
1 69 34
1 70 27
1 71 57
1 72 74
1 73 53
1 74 48
1 75 28
1 76 44
1 77 46
1 78 46
1 79 22
1 80 34
1 81 59
1 82 41
1 83 62
1 84 54
1 85 11
1 86 58
1 87 82
1 88 60
1 89 31
1 90 21
1 91 43
1 92 31
1 93 72
1 94 38
1 95 63
1 96 56
1 97 67
1 98 72
1 99 49
1 100 60
2 1 75
2 2 17
2 3 79
2 4 29
2 5 52
2 6 36
2 7 41
2 8 40
2 9 77
2 10 69
2 11 31
2 12 72
2 13 45
2 14 16
2 15 43
2 16 52
2 17 83
2 18 17
2 19 52
2 20 65
2 21 18
2 22 91
2 23 45
2 24 37
2 25 68
2 26 56
2 27 17
2 28 53
2 29 39
2 30 68
2 31 14
2 32 38
2 33 33
2 34 63
2 35 12
2 36 70
2 37 50
2 38 59
2 39 63
2 40 72
2 41 46
2 42 51
2 43 72
2 44 60
2 45 46
2 46 17
2 47 68
2 48 80
2 49 26
2 50 44
2 51 76
2 52 40
2 53 65
2 54 40
2 55 31
2 56 70
2 57 8
2 58 36
2 59 46
2 60 20
2 61 40
2 62 80
2 63 20
2 64 5
2 65 28
2 66 84
2 67 19
2 68 23
2 69 64
2 70 44
2 71 37
2 72 86
2 73 75
2 74 57
2 75 43
2 76 47
2 77 63
2 78 23
2 79 16
2 80 16
2 81 37
2 82 45
2 83 79
2 84 46
2 85 40
2 86 41
2 87 88
2 88 32
2 89 53
2 90 10
2 91 73
2 92 45
2 93 85
2 94 44
2 95 41
2 96 63
2 97 56
2 98 86
2 99 51
2 100 87
3 1 72
3 2 65
3 3 65
3 4 15
3 5 44
3 6 47
3 7 46
3 8 48
3 9 60
3 10 59
3 11 32
3 12 55
3 13 28
3 14 1
3 15 49
3 16 37
3 17 67
3 18 7
3 19 37
3 20 59
3 21 6
3 22 74
3 23 31
3 24 46
3 25 59
3 26 53
3 27 33
3 28 50
3 29 38
3 30 51
3 31 25
3 32 21
3 33 16
3 34 47
3 35 27
3 36 56
3 37 33
3 38 45
3 39 48
3 40 56
3 41 35
3 42 54
3 43 57
3 44 43
3 45 42
3 46 4
3 47 53
3 48 71
3 49 35
3 50 46
3 51 59
3 52 32
3 53 51
3 54 49
3 55 45
3 56 61
3 57 16
3 58 40
3 59 54
3 60 19
3 61 50
3 62 64
3 63 19
3 64 13
3 65 26
3 66 71
3 67 8
3 68 35
3 69 58
3 70 50
3 71 30
3 72 69
3 73 61
3 74 40
3 75 29
3 76 59
3 77 47
3 78 20
3 79 5
3 80 8
3 81 32
3 82 28
3 83 63
3 84 31
3 85 32
3 86 32
3 87 72
3 88 35
3 89 40
3 90 13
3 91 68
3 92 29
3 93 68
3 94 54
3 95 36
3 96 46
3 97 43
3 98 69
3 99 34
3 100 75
4 1 81
4 2 8
4 3 12
4 4 9
4 5 72
4 6 42
4 7 28
4 8 35
4 9 60
4 10 32
4 11 16
4 12 57
4 13 38
4 14 31
4 15 34
4 16 57
4 17 72
4 18 37
4 19 57
4 20 29
4 21 36
4 22 81
4 23 19
4 24 37
4 25 31
4 26 24
4 27 43
4 28 21
4 29 14
4 30 55
4 31 31
4 32 30
4 33 30
4 34 63
4 35 38
4 36 37
4 37 47
4 38 66
4 39 37
4 40 45
4 41 61
4 42 31
4 43 47
4 44 54
4 45 72
4 46 26
4 47 41
4 48 43
4 49 31
4 50 23
4 51 58
4 52 61
4 53 35
4 54 40
4 55 47
4 56 33
4 57 29
4 58 24
4 59 40
4 60 17
4 61 39
4 62 59
4 63 18
4 64 32
4 65 11
4 66 50
4 67 38
4 68 36
4 69 28
4 70 33
4 71 59
4 72 67
4 73 44
4 74 42
4 75 22
4 76 52
4 77 38
4 78 50
4 79 25
4 80 38
4 81 62
4 82 37
4 83 54
4 84 52
4 85 3
4 86 59
4 87 75
4 88 65
4 89 23
4 90 27
4 91 38
4 92 25
4 93 65
4 94 45
4 95 66
4 96 51
4 97 66
4 98 64
4 99 45
4 100 51
5 1 54
5 2 42
5 3 46
5 4 29
5 5 55
5 6 32
5 7 12
5 8 21
5 9 82
5 10 37
5 11 18
5 12 80
5 13 62
5 14 50
5 15 18
5 16 81
5 17 95
5 18 56
5 19 80
5 20 25
5 21 55
5 22 104
5 23 42
5 24 26
5 25 37
5 26 12
5 27 46
5 28 11
5 29 12
5 30 78
5 31 37
5 32 54
5 33 53
5 34 87
5 35 44
5 36 51
5 37 71
5 38 90
5 39 57
5 40 64
5 41 83
5 42 7
5 43 66
5 44 78
5 45 91
5 46 45
5 47 60
5 48 44
5 49 29
5 50 5
5 51 80
5 52 81
5 53 53
5 54 28
5 55 41
5 56 36
5 57 41
5 58 15
5 59 23
5 60 31
5 61 25
5 62 79
5 63 31
5 64 46
5 65 23
5 66 60
5 67 57
5 68 35
5 69 24
5 70 16
5 71 79
5 72 89
5 73 60
5 74 65
5 75 46
5 76 37
5 77 59
5 78 68
5 79 44
5 80 56
5 81 81
5 82 61
5 83 73
5 84 76
5 85 24
5 86 80
5 87 98
5 88 80
5 89 43
5 90 41
5 91 30
5 92 49
5 93 86
5 94 31
5 95 85
5 96 74
5 97 89
5 98 84
5 99 69
5 100 58
6 1 29
6 2 58
6 3 64
6 4 49
6 5 59
6 6 86
6 7 67
6 8 66
6 9 78
6 10 88
6 11 56
6 12 72
6 13 47
6 14 27
6 15 69
6 16 42
6 17 80
6 18 22
6 19 42
6 20 87
6 21 23
6 22 85
6 23 59
6 24 63
6 25 87
6 26 80
6 27 39
6 28 77
6 29 63
6 30 67
6 31 40
6 32 44
6 33 39
6 34 54
6 35 36
6 36 84
6 37 47
6 38 47
6 39 73
6 40 81
6 41 30
6 42 77
6 43 80
6 44 56
6 45 21
6 46 32
6 47 78
6 48 100
6 49 52
6 50 70
6 51 78
6 52 22
6 53 77
6 54 65
6 55 54
6 56 89
6 57 33
6 58 62
6 59 72
6 60 43
6 61 66
6 62 84
6 63 43
6 64 28
6 65 52
6 66 98
6 67 21
6 68 48
6 69 86
6 70 70
6 71 18
6 72 87
6 73 87
6 74 61
6 75 55
6 76 72
6 77 72
6 78 10
6 79 32
6 80 20
6 81 14
6 82 47
6 83 86
6 84 38
6 85 60
6 86 25
6 87 85
6 88 7
6 89 67
6 90 33
6 91 96
6 92 55
6 93 87
6 94 69
6 95 18
6 96 63
6 97 41
6 98 90
6 99 50
6 100 103
7 1 83
7 2 90
7 3 90
7 4 73
7 5 23
7 6 78
7 7 49
7 8 82
7 9 76
7 10 96
7 11 69
7 12 70
7 13 49
7 14 38
7 15 84
7 16 37
7 17 75
7 18 32
7 19 37
7 20 97
7 21 33
7 22 79
7 23 66
7 24 78
7 25 96
7 26 92
7 27 55
7 28 89
7 29 76
7 30 65
7 31 55
7 32 49
7 33 45
7 34 48
7 35 52
7 36 89
7 37 45
7 38 39
7 39 76
7 40 83
7 41 22
7 42 91
7 43 83
7 44 53
7 45 5
7 46 43
7 47 82
7 48 108
7 49 67
7 50 84
7 51 76
7 52 14
7 53 82
7 54 81
7 55 70
7 56 98
7 57 48
7 58 76
7 59 87
7 60 56
7 61 82
7 62 84
7 63 57
7 64 42
7 65 64
7 66 104
7 67 31
7 68 64
7 69 97
7 70 85
7 71 12
7 72 85
7 73 91
7 74 62
7 75 61
7 76 88
7 77 75
7 78 19
7 79 44
7 80 31
7 81 7
7 82 49
7 83 87
7 84 34
7 85 71
7 86 18
7 87 80
7 88 14
7 89 74
7 90 47
7 91 107
7 92 60
7 93 86
7 94 85
7 95 6
7 96 61
7 97 32
7 98 89
7 99 49
7 100 109
8 1 111
8 2 46
8 3 40
8 4 38
8 5 90
8 6 4
8 7 81
8 8 62
8 9 62
8 10 12
8 11 32
8 12 62
8 13 51
8 14 52
8 15 42
8 16 72
8 17 77
8 18 58
8 19 72
8 20 8
8 21 56
8 22 86
8 23 28
8 24 48
8 25 12
8 26 14
8 27 62
8 28 15
8 29 24
8 30 61
8 31 50
8 32 45
8 33 47
8 34 75
8 35 58
8 36 27
8 37 61
8 38 80
8 39 37
8 40 42
8 41 79
8 42 31
8 43 44
8 44 64
8 45 92
8 46 47
8 47 38
8 48 22
8 49 47
8 50 28
8 51 60
8 52 80
8 53 31
8 54 51
8 55 62
8 56 12
8 57 50
8 58 35
8 59 47
8 60 38
8 61 49
8 62 58
8 63 38
8 64 54
8 65 31
8 66 36
8 67 59
8 68 54
8 69 9
8 70 40
8 71 79
8 72 68
8 73 36
8 74 49
8 75 33
8 76 62
8 77 39
8 78 71
8 79 46
8 80 59
8 81 82
8 82 50
8 83 51
8 84 68
8 85 19
8 86 78
8 87 79
8 88 86
8 89 24
8 90 48
8 91 18
8 92 36
8 93 64
8 94 55
8 95 86
8 96 58
8 97 82
8 98 62
8 99 57
8 100 34
9 1 61
9 2 90
9 3 92
9 4 74
9 5 6
9 6 90
9 7 31
9 8 51
9 9 47
9 10 27
9 11 63
9 12 40
9 13 48
9 14 66
9 15 77
9 16 67
9 17 53
9 18 71
9 19 66
9 20 40
9 21 69
9 22 60
9 23 34
9 24 82
9 25 26
9 26 51
9 27 89
9 28 51
9 29 57
9 30 42
9 31 77
9 32 48
9 33 52
9 34 64
9 35 84
9 36 10
9 37 54
9 38 72
9 39 20
9 40 15
9 41 79
9 42 68
9 43 18
9 44 52
9 45 97
9 46 63
9 47 15
9 48 30
9 49 78
9 50 63
9 51 35
9 52 83
9 53 15
9 54 85
9 55 94
9 56 29
9 57 73
9 58 69
9 59 83
9 60 62
9 61 84
9 62 29
9 63 63
9 64 74
9 65 58
9 66 9
9 67 71
9 68 83
9 69 42
9 70 76
9 71 84
9 72 38
9 73 5
9 74 37
9 75 37
9 76 97
9 77 22
9 78 82
9 79 63
9 80 72
9 81 89
9 82 47
9 83 20
9 84 65
9 85 45
9 86 80
9 87 52
9 88 98
9 89 26
9 90 70
9 91 44
9 92 37
9 93 35
9 94 90
9 95 91
9 96 42
9 97 76
9 98 31
9 99 50
9 100 18
10 1 3
10 2 83
10 3 90
10 4 76
10 5 66
10 6 113
10 7 35
10 8 47
10 9 16
10 10 44
10 11 19
10 12 91
10 13 69
10 14 50
10 15 1
10 16 85
10 17 106
10 18 54
10 19 85
10 20 44
10 21 54
10 22 114
10 23 53
10 24 8
10 25 55
10 26 31
10 27 34
10 28 29
10 29 21
10 30 88
10 31 28
10 32 61
10 33 58
10 34 93
10 35 33
10 36 68
10 37 78
10 38 94
10 39 71
10 40 79
10 41 84
10 42 15
10 43 81
10 44 86
10 45 87
10 46 45
10 47 74
10 48 63
10 49 17
10 50 15
10 51 92
10 52 80
10 53 68
10 54 9
10 55 25
10 56 55
10 57 36
10 58 10
10 59 5
10 60 31
10 61 7
10 62 93
10 63 31
10 64 41
10 65 27
10 66 78
10 67 56
10 68 22
10 69 42
10 70 3
10 71 77
10 72 101
10 73 76
10 74 76
10 75 56
10 76 19
10 77 72
10 78 64
10 79 44
10 80 54
10 81 78
10 82 68
10 83 88
10 84 79
10 85 35
10 86 80
10 87 109
10 88 74
10 89 56
10 90 38
10 91 49
10 92 59
10 93 99
10 94 13
10 95 82
10 96 84
10 97 92
10 98 98
10 99 76
10 100 77
11 1 67
11 2 34
11 3 36
11 4 18
11 5 62
11 6 48
11 7 40
11 8 17
11 9 60
11 10 43
11 11 34
11 12 21
11 13 13
11 14 38
11 15 70
11 16 32
11 17 36
11 18 41
11 19 31
11 20 52
11 21 38
11 22 44
11 23 18
11 24 71
11 25 44
11 26 56
11 27 68
11 28 54
11 29 50
11 30 18
11 31 57
11 32 16
11 33 21
11 34 32
11 35 62
11 36 30
11 37 19
11 38 39
11 39 15
11 40 22
11 41 44
11 42 67
11 43 21
11 44 20
11 45 62
11 46 37
11 47 21
11 48 55
11 49 63
11 50 59
11 51 23
11 52 48
11 53 22
11 54 75
11 55 77
11 56 47
11 57 50
11 58 60
11 59 76
11 60 43
11 61 74
11 62 27
11 63 44
11 64 49
11 65 44
11 66 43
11 67 40
11 68 66
11 69 53
11 70 69
11 71 49
11 72 33
11 73 30
11 74 5
11 75 14
11 76 86
11 77 13
11 78 50
11 79 37
11 80 42
11 81 54
11 82 13
11 83 27
11 84 30
11 85 36
11 86 45
11 87 39
11 88 65
11 89 20
11 90 46
11 91 61
11 92 12
11 93 32
11 94 80
11 95 56
11 96 14
11 97 42
11 98 33
11 99 15
11 100 50
12 1 98
12 2 27
12 3 21
12 4 20
12 5 88
12 6 21
12 7 72
12 8 49
12 9 92
12 10 65
12 11 62
12 12 81
12 13 36
12 14 30
12 15 35
12 16 56
12 17 71
12 18 36
12 19 55
12 20 30
12 21 34
12 22 79
12 23 18
12 24 38
12 25 32
12 26 26
12 27 43
12 28 23
12 29 15
12 30 53
12 31 31
12 32 28
12 33 28
12 34 61
12 35 38
12 36 36
12 37 46
12 38 64
12 39 36
12 40 44
12 41 60
12 42 32
12 43 46
12 44 52
12 45 70
12 46 25
12 47 40
12 48 44
12 49 32
12 50 25
12 51 56
12 52 59
12 53 35
12 54 41
12 55 47
12 56 33
12 57 29
12 58 25
12 59 41
12 60 16
12 61 40
12 62 58
12 63 17
12 64 32
12 65 12
12 66 50
12 67 37
12 68 37
12 69 30
12 70 34
12 71 57
12 72 66
12 73 43
12 74 40
12 75 21
12 76 53
12 77 37
12 78 49
12 79 24
12 80 37
12 81 61
12 82 36
12 83 53
12 84 51
12 85 4
12 86 58
12 87 74
12 88 63
12 89 22
12 90 26
12 91 39
12 92 24
12 93 64
12 94 46
12 95 64
12 96 49
12 97 64
12 98 63
12 99 43
12 100 51
13 1 104
13 2 43
13 3 37
13 4 33
13 5 84
13 6 11
13 7 75
13 8 55
13 9 96
13 10 78
13 11 71
13 12 76
13 13 27
13 14 27
13 15 76
13 16 11
13 17 47
13 18 25
13 19 10
13 20 75
13 21 24
13 22 52
13 23 40
13 24 73
13 25 71
13 26 74
13 27 58
13 28 71
13 29 61
13 30 35
13 31 52
13 32 22
13 33 20
13 34 22
13 35 53
13 36 61
13 37 14
13 38 18
13 39 47
13 40 53
13 41 13
13 42 79
13 43 52
13 44 23
13 45 31
13 46 31
13 47 52
13 48 83
13 49 63
13 50 70
13 51 46
13 52 17
13 53 53
13 54 77
13 55 72
13 56 73
13 57 43
13 58 66
13 59 81
13 60 45
13 61 77
13 62 53
13 63 45
13 64 39
13 65 51
13 66 75
13 67 23
13 68 62
13 69 76
13 70 76
13 71 19
13 72 54
13 73 61
13 74 31
13 75 35
13 76 86
13 77 45
13 78 25
13 79 32
13 80 26
13 81 24
13 82 19
13 83 56
13 84 5
13 85 52
13 86 14
13 87 52
13 88 38
13 89 47
13 90 40
13 91 85
13 92 33
13 93 55
13 94 82
13 95 25
13 96 31
13 97 16
13 98 58
13 99 18
13 100 81
14 1 111
14 2 51
14 3 45
14 4 41
14 5 87
14 6 9
14 7 81
14 8 63
14 9 103
14 10 86
14 11 79
14 12 79
14 13 33
14 14 69
14 15 44
14 16 51
14 17 62
14 18 37
14 19 50
14 20 30
14 21 35
14 22 71
14 23 9
14 24 47
14 25 28
14 26 30
14 27 51
14 28 28
14 29 24
14 30 45
14 31 38
14 32 23
14 33 25
14 34 55
14 35 45
14 36 28
14 37 40
14 38 59
14 39 27
14 40 35
14 41 57
14 42 40
14 43 37
14 44 45
14 45 70
14 46 27
14 47 31
14 48 41
14 49 41
14 50 33
14 51 47
14 52 58
14 53 26
14 54 50
14 55 56
14 56 30
14 57 35
14 58 34
14 59 50
14 60 24
14 61 49
14 62 48
14 63 24
14 64 37
14 65 20
14 66 43
14 67 38
14 68 45
14 69 31
14 70 43
14 71 57
14 72 57
14 73 35
14 74 32
14 75 13
14 76 62
14 77 28
14 78 50
14 79 27
14 80 38
14 81 61
14 82 29
14 83 44
14 84 46
14 85 10
14 86 56
14 87 65
14 88 66
14 89 13
14 90 32
14 91 40
14 92 16
14 93 54
14 94 56
14 95 64
14 96 41
14 97 60
14 98 54
14 99 37
14 100 45
15 1 94
15 2 66
15 3 64
15 4 50
15 5 55
15 6 43
15 7 60
15 8 52
15 9 83
15 10 84
15 11 72
15 12 48
15 13 27
15 14 87
15 15 76
15 16 43
15 17 81
15 18 24
15 19 44
15 20 89
15 21 26
15 22 86
15 23 61
15 24 64
15 25 89
15 26 82
15 27 40
15 28 79
15 29 65
15 30 69
15 31 42
15 32 46
15 33 41
15 34 55
15 35 38
15 36 86
15 37 48
15 38 48
15 39 75
15 40 83
15 41 31
15 42 79
15 43 82
15 44 58
15 45 20
15 46 34
15 47 81
15 48 102
15 49 54
15 50 72
15 51 79
15 52 22
15 53 79
15 54 67
15 55 55
15 56 91
15 57 35
15 58 64
15 59 73
15 60 45
15 61 68
15 62 86
15 63 45
15 64 30
15 65 54
15 66 100
15 67 23
15 68 49
15 69 88
15 70 71
15 71 18
15 72 89
15 73 89
15 74 63
15 75 57
15 76 73
15 77 74
15 78 12
15 79 35
15 80 23
15 81 15
15 82 49
15 83 88
15 84 39
15 85 63
15 86 25
15 87 87
15 88 5
15 89 69
15 90 35
15 91 98
15 92 57
15 93 89
15 94 70
15 95 18
15 96 64
15 97 42
15 98 92
15 99 52
15 100 105
16 1 12
16 2 89
16 3 96
16 4 84
16 5 78
16 6 122
16 7 46
16 8 56
16 9 27
16 10 46
16 11 42
16 12 78
16 13 86
16 14 94
16 15 33
16 16 83
16 17 73
16 18 68
16 19 75
16 20 16
16 21 66
16 22 81
16 23 32
16 24 63
16 25 2
16 26 28
16 27 76
16 28 29
16 29 39
16 30 59
16 31 64
16 32 50
16 33 53
16 34 76
16 35 72
16 36 18
16 37 63
16 38 83
16 39 33
16 40 35
16 41 85
16 42 45
16 43 37
16 44 64
16 45 99
16 46 58
16 47 31
16 48 11
16 49 62
16 50 42
16 51 55
16 52 87
16 53 25
16 54 66
16 55 77
16 56 4
16 57 63
16 58 50
16 59 62
16 60 51
16 61 64
16 62 51
16 63 51
16 64 66
16 65 44
16 66 22
16 67 68
16 68 68
16 69 17
16 70 55
16 71 86
16 72 61
16 73 26
16 74 48
16 75 37
16 76 76
16 77 35
16 78 80
16 79 57
16 80 69
16 81 90
16 82 54
16 83 43
16 84 72
16 85 31
16 86 84
16 87 74
16 88 96
16 89 25
16 90 60
16 91 20
16 92 39
16 93 57
16 94 70
16 95 93
16 96 57
16 97 85
16 98 54
16 99 59
16 100 19
17 1 72
17 2 31
17 3 38
17 4 40
17 5 104
17 6 78
17 7 70
17 8 47
17 9 76
17 10 26
17 11 38
17 12 99
17 13 62
17 14 24
17 15 74
17 16 48
17 17 80
17 18 33
17 19 67
17 20 70
17 21 34
17 22 106
17 23 57
17 24 30
17 25 76
17 26 59
17 27 3
17 28 56
17 29 42
17 30 83
17 31 14
17 32 53
17 33 48
17 34 78
17 35 7
17 36 80
17 37 65
17 38 75
17 39 76
17 40 85
17 41 61
17 42 49
17 43 86
17 44 75
17 45 57
17 46 31
17 47 81
17 48 87
17 49 21
17 50 44
17 51 90
17 52 54
17 53 77
17 54 31
17 55 18
17 56 77
17 57 18
17 58 34
17 59 39
17 60 28
17 61 33
17 62 95
17 63 28
17 64 20
17 65 34
17 66 94
17 67 34
17 68 15
17 69 68
17 70 39
17 71 50
17 72 100
17 73 87
17 74 72
17 75 57
17 76 36
17 77 76
17 78 36
17 79 31
17 80 31
17 81 49
17 82 60
17 83 93
17 84 62
17 85 47
17 86 56
17 87 104
17 88 40
17 89 64
17 90 22
17 91 77
17 92 58
17 93 99
17 94 34
17 95 53
17 96 78
17 97 71
17 98 100
17 99 66
17 100 96
18 1 56
18 2 32
18 3 37
18 4 23
18 5 69
18 6 62
18 7 38
18 8 13
18 9 53
18 10 27
18 11 19
18 12 64
18 13 32
18 14 46
18 15 48
18 16 23
18 17 55
18 18 10
18 19 23
18 20 66
18 21 11
18 22 61
18 23 32
18 24 60
18 25 63
18 26 63
18 27 46
18 28 60
18 29 49
18 30 40
18 31 39
18 32 16
18 33 11
18 34 33
18 35 41
18 36 56
18 37 20
18 38 31
18 39 44
18 40 52
18 41 23
18 42 66
18 43 51
18 44 31
18 45 35
18 46 17
18 47 50
18 48 75
18 49 50
18 50 58
18 51 49
18 52 22
18 53 49
18 54 63
18 55 59
18 56 65
18 57 30
18 58 53
18 59 68
18 60 32
18 61 64
18 62 56
18 63 32
18 64 26
18 65 38
18 66 70
18 67 11
18 68 49
18 69 65
18 70 63
18 71 22
18 72 59
18 73 58
18 74 32
18 75 28
18 76 73
18 77 43
18 78 19
18 79 19
18 80 14
18 81 26
18 82 18
18 83 57
18 84 17
18 85 40
18 86 21
18 87 60
18 88 35
18 89 40
18 90 27
18 91 75
18 92 27
18 93 59
18 94 69
18 95 29
18 96 35
18 97 29
18 98 61
18 99 23
18 100 76
19 1 48
19 2 45
19 3 53
19 4 46
19 5 87
19 6 86
19 7 51
19 8 35
19 9 53
19 10 2
19 11 18
19 12 83
19 13 60
19 14 47
19 15 52
19 16 50
19 17 82
19 18 29
19 19 47
19 20 61
19 21 40
19 22 37
19 23 26
19 24 78
19 25 52
19 26 64
19 27 72
19 28 62
19 29 58
19 30 11
19 31 62
19 32 19
19 33 24
19 34 24
19 35 66
19 36 37
19 37 14
19 38 32
19 39 21
19 40 26
19 41 40
19 42 75
19 43 25
19 44 12
19 45 59
19 46 41
19 47 26
19 48 63
19 49 69
19 50 67
19 51 19
19 52 45
19 53 29
19 54 81
19 55 82
19 56 55
19 57 55
19 58 67
19 59 83
19 60 49
19 61 81
19 62 25
19 63 50
19 64 52
19 65 51
19 66 49
19 67 41
19 68 72
19 69 62
19 70 77
19 71 47
19 72 29
19 73 35
19 74 4
19 75 22
19 76 93
19 77 19
19 78 49
19 79 41
19 80 44
19 81 52
19 82 13
19 83 28
19 84 26
19 85 44
19 86 42
19 87 33
19 88 64
19 89 29
19 90 50
19 91 69
19 92 19
19 93 29
19 94 87
19 95 53
19 96 7
19 97 36
19 98 31
19 99 10
19 100 57
20 1 90
20 2 28
20 3 33
20 4 43
20 5 116
20 6 74
20 7 84
20 8 60
20 9 93
20 10 43
20 11 54
20 12 110
20 13 67
20 14 10
20 15 91
20 16 52
20 17 81
20 18 38
20 19 81
20 20 94
20 21 22
20 22 70
20 23 16
20 24 44
20 25 42
20 26 39
20 27 41
20 28 37
20 29 27
20 30 45
20 31 30
20 32 16
20 33 15
20 34 49
20 35 35
20 36 40
20 37 33
20 38 51
20 39 34
20 40 43
20 41 46
20 42 44
20 43 44
20 44 41
20 45 57
20 46 14
20 47 39
20 48 54
20 49 36
20 50 36
20 51 50
20 52 46
20 53 36
20 54 48
20 55 49
20 56 44
20 57 24
20 58 34
20 59 50
20 60 16
20 61 47
20 62 53
20 63 17
20 64 25
20 65 18
20 66 55
20 67 25
20 68 39
20 69 42
20 70 44
20 71 44
20 72 60
20 73 45
20 74 32
20 75 15
20 76 59
20 77 34
20 78 37
20 79 14
20 80 25
20 81 48
20 82 24
20 83 51
20 84 37
20 85 17
20 86 44
20 87 66
20 88 52
20 89 23
20 90 20
20 91 52
20 92 16
20 93 59
20 94 53
20 95 51
20 96 40
20 97 51
20 98 59
20 99 32
20 100 58
21 1 38
21 2 53
21 3 60
21 4 51
21 5 81
21 6 92
21 7 44
21 8 33
21 9 44
21 10 9
21 11 14
21 12 78
21 13 62
21 14 56
21 15 44
21 16 53
21 17 85
21 18 34
21 19 40
21 20 95
21 21 102
21 22 111
21 23 51
21 24 4
21 25 57
21 26 34
21 27 27
21 28 32
21 29 21
21 30 85
21 31 21
21 32 56
21 33 54
21 34 88
21 35 26
21 36 68
21 37 73
21 38 88
21 39 70
21 40 77
21 41 78
21 42 21
21 43 79
21 44 82
21 45 81
21 46 40
21 47 73
21 48 66
21 49 9
21 50 18
21 51 89
21 52 74
21 53 67
21 54 8
21 55 19
21 56 57
21 57 29
21 58 9
21 59 11
21 60 26
21 61 7
21 62 91
21 63 25
21 64 34
21 65 23
21 66 79
21 67 50
21 68 15
21 69 45
21 70 9
21 71 71
21 72 99
21 73 76
21 74 72
21 75 53
21 76 19
21 77 71
21 78 58
21 79 39
21 80 48
21 81 72
21 82 64
21 83 87
21 84 74
21 85 34
21 86 74
21 87 106
21 88 67
21 89 55
21 90 31
21 91 53
21 92 56
21 93 97
21 94 13
21 95 76
21 96 80
21 97 86
21 98 96
21 99 72
21 100 78
22 1 62
22 2 35
22 3 43
22 4 40
22 5 96
22 6 80
22 7 61
22 8 40
22 9 66
22 10 16
22 11 29
22 12 91
22 13 59
22 14 33
22 15 65
22 16 47
22 17 79
22 18 26
22 19 57
22 20 91
22 21 95
22 22 80
22 23 33
22 24 86
22 25 54
22 26 70
22 27 81
22 28 68
22 29 65
22 30 4
22 31 71
22 32 28
22 33 33
22 34 25
22 35 75
22 36 38
22 37 21
22 38 35
22 39 22
22 40 24
22 41 45
22 42 82
22 43 22
22 44 14
22 45 65
22 46 50
22 47 25
22 48 64
22 49 78
22 50 74
22 51 11
22 52 52
22 53 30
22 54 90
22 55 91
22 56 58
22 57 64
22 58 75
22 59 91
22 60 58
22 61 89
22 62 18
22 63 59
22 64 61
22 65 59
22 66 48
22 67 50
22 68 80
22 69 66
22 70 84
22 71 54
22 72 20
22 73 34
22 74 10
22 75 29
22 76 101
22 77 20
22 78 58
22 79 50
22 80 53
22 81 59
22 82 21
22 83 23
22 84 32
22 85 51
22 86 48
22 87 24
22 88 72
22 89 33
22 90 59
22 91 73
22 92 27
22 93 20
22 94 95
22 95 60
22 96 5
22 97 40
22 98 23
22 99 17
22 100 56
23 1 63
23 2 29
23 3 33
23 4 16
23 5 68
23 6 53
23 7 41
23 8 15
23 9 58
23 10 35
23 11 28
23 12 61
23 13 23
23 14 46
23 15 53
23 16 14
23 17 46
23 18 12
23 19 40
23 20 56
23 21 63
23 22 57
23 23 66
23 24 80
23 25 35
23 26 55
23 27 82
23 28 55
23 29 56
23 30 25
23 31 70
23 32 34
23 33 39
23 34 46
23 35 76
23 36 17
23 37 37
23 38 55
23 39 7
23 40 3
23 41 63
23 42 70
23 43 3
23 44 34
23 45 81
23 46 53
23 47 4
23 48 43
23 49 74
23 50 64
23 51 20
23 52 67
23 53 10
23 54 83
23 55 89
23 56 38
23 57 65
23 58 67
23 59 83
23 60 55
23 61 82
23 62 17
23 63 56
23 64 64
23 65 54
23 66 26
23 67 58
23 68 78
23 69 49
23 70 76
23 71 69
23 72 26
23 73 12
23 74 20
23 75 26
23 76 95
23 77 6
23 78 69
23 79 53
23 80 60
23 81 74
23 82 32
23 83 11
23 84 49
23 85 42
23 86 64
23 87 39
23 88 84
23 89 21
23 90 61
23 91 54
23 92 25
23 93 23
23 94 89
23 95 76
23 96 25
23 97 59
23 98 21
23 99 33
23 100 35
24 1 53
24 2 34
24 3 41
24 4 30
24 5 76
24 6 70
24 7 42
24 8 20
24 9 52
24 10 16
24 11 14
24 12 71
24 13 42
24 14 43
24 15 49
24 16 33
24 17 65
24 18 13
24 19 39
24 20 76
24 21 82
24 22 61
24 23 74
24 24 12
24 25 79
24 26 86
24 27 72
24 28 83
24 29 75
24 30 32
24 31 66
24 32 33
24 33 33
24 34 12
24 35 67
24 36 67
24 37 17
24 38 4
24 39 51
24 40 56
24 41 14
24 42 92
24 43 55
24 44 20
24 45 34
24 46 45
24 47 56
24 48 91
24 49 77
24 50 84
24 51 43
24 52 23
24 53 59
24 54 91
24 55 86
24 56 82
24 57 58
24 58 80
24 59 95
24 60 59
24 61 91
24 62 52
24 63 59
24 64 53
24 65 64
24 66 79
24 67 37
24 68 77
24 69 86
24 70 90
24 71 26
24 72 50
24 73 66
24 74 34
24 75 45
24 76 101
24 77 49
24 78 37
24 79 46
24 80 40
24 81 31
24 82 27
24 83 57
24 84 11
24 85 64
24 86 19
24 87 45
24 88 47
24 89 55
24 90 54
24 91 95
24 92 42
24 93 52
24 94 96
24 95 30
24 96 30
24 97 6
24 98 56
24 99 22
24 100 87
25 1 68
25 2 64
25 3 65
25 4 48
25 5 34
25 6 61
25 7 32
25 8 33
25 9 55
25 10 66
25 11 51
25 12 27
25 13 26
25 14 84
25 15 48
25 16 38
25 17 41
25 18 50
25 19 35
25 20 43
25 21 57
25 22 34
25 23 33
25 24 63
25 25 66
25 26 83
25 27 74
25 28 81
25 29 73
25 30 26
25 31 67
25 32 31
25 33 32
25 34 6
25 35 69
25 36 62
25 37 14
25 38 7
25 39 46
25 40 50
25 41 20
25 42 91
25 43 49
25 44 14
25 45 40
25 46 46
25 47 51
25 48 87
25 49 78
25 50 83
25 51 37
25 52 28
25 53 54
25 54 91
25 55 88
25 56 78
25 57 59
25 58 80
25 59 95
25 60 59
25 61 91
25 62 45
25 63 59
25 64 55
25 65 64
25 66 74
25 67 39
25 68 78
25 69 83
25 70 90
25 71 32
25 72 44
25 73 60
25 74 29
25 75 41
25 76 102
25 77 44
25 78 41
25 79 47
25 80 42
25 81 37
25 82 24
25 83 51
25 84 12
25 85 62
25 86 25
25 87 38
25 88 52
25 89 51
25 90 55
25 91 92
25 92 39
25 93 46
25 94 97
25 95 36
25 96 24
25 97 12
25 98 50
25 99 17
25 100 82
26 1 62
26 2 69
26 3 71
26 4 53
26 5 27
26 6 69
26 7 27
26 8 34
26 9 49
26 10 66
26 11 51
26 12 20
26 13 34
26 14 88
26 15 42
26 16 44
26 17 49
26 18 53
26 19 30
26 20 51
26 21 65
26 22 27
26 23 26
26 24 64
26 25 63
26 26 63
26 27 71
26 28 20
26 29 32
26 30 66
26 31 59
26 32 53
26 33 55
26 34 82
26 35 67
26 36 27
26 37 67
26 38 88
26 39 40
26 40 43
26 41 87
26 42 36
26 43 46
26 44 70
26 45 100
26 46 56
26 47 40
26 48 14
26 49 56
26 50 34
26 51 63
26 52 88
26 53 33
26 54 58
26 55 70
26 56 6
26 57 60
26 58 43
26 59 53
26 60 47
26 61 56
26 62 60
26 63 48
26 64 63
26 65 40
26 66 32
26 67 68
26 68 62
26 69 7
26 70 47
26 71 87
26 72 70
26 73 36
26 74 55
26 75 40
26 76 68
26 77 42
26 78 80
26 79 56
26 80 68
26 81 91
26 82 58
26 83 52
26 84 76
26 85 28
26 86 86
26 87 82
26 88 95
26 89 30
26 90 58
26 91 11
26 92 43
26 93 66
26 94 62
26 95 94
26 96 63
26 97 89
26 98 63
26 99 64
26 100 28
27 1 72
27 2 16
27 3 21
27 4 8
27 5 80
27 6 49
27 7 53
27 8 27
27 9 69
27 10 37
27 11 34
27 12 74
27 13 29
27 14 34
27 15 65
27 16 15
27 17 47
27 18 9
27 19 52
27 20 60
27 21 63
27 22 70
27 23 78
27 24 31
27 25 64
27 26 11
27 27 25
27 28 21
27 29 10
27 30 59
27 31 26
27 32 33
27 33 32
27 34 66
27 35 34
27 36 42
27 37 51
27 38 68
27 39 42
27 40 50
27 41 63
27 42 27
27 43 52
27 44 58
27 45 71
27 46 25
27 47 46
27 48 47
27 49 26
27 50 19
27 51 63
27 52 61
27 53 41
27 54 35
27 55 41
27 56 36
27 57 26
27 58 19
27 59 35
27 60 14
27 61 33
27 62 64
27 63 14
27 64 30
27 65 6
27 66 55
27 67 38
27 68 31
27 69 30
27 70 28
27 71 59
27 72 72
27 73 49
27 74 47
27 75 27
27 76 46
27 77 44
27 78 49
27 79 25
27 80 37
27 81 62
27 82 41
27 83 60
27 84 54
27 85 7
27 86 60
27 87 80
27 88 63
27 89 28
27 90 24
27 91 40
27 92 30
27 93 70
27 94 40
27 95 66
27 96 55
27 97 68
27 98 69
27 99 49
27 100 56
28 1 53
28 2 34
28 3 40
28 4 26
28 5 69
28 6 66
28 7 37
28 8 13
28 9 50
28 10 23
28 11 15
28 12 64
28 13 35
28 14 47
28 15 46
28 16 27
28 17 58
28 18 12
28 19 35
28 20 69
28 21 76
28 22 55
28 23 68
28 24 20
28 25 44
28 26 21
28 27 39
28 28 36
28 29 37
28 30 45
28 31 29
28 32 16
28 33 11
28 34 43
28 35 32
28 36 51
28 37 29
28 38 43
28 39 42
28 40 51
28 41 35
28 42 54
28 43 51
28 44 38
28 45 44
28 46 6
28 47 48
28 48 67
28 49 38
28 50 46
28 51 53
28 52 33
28 53 45
28 54 52
28 55 49
28 56 57
28 57 21
28 58 41
28 59 56
28 60 20
28 61 52
28 62 58
28 63 20
28 64 18
28 65 26
28 66 66
28 67 12
28 68 39
28 69 55
28 70 51
28 71 31
28 72 63
28 73 55
28 74 35
28 75 23
28 76 62
28 77 42
28 78 24
28 79 7
28 80 12
28 81 35
28 82 22
28 83 58
28 84 28
28 85 30
28 86 32
28 87 66
28 88 39
28 89 35
28 90 17
28 91 65
28 92 24
28 93 62
28 94 57
28 95 38
28 96 40
28 97 41
28 98 64
28 99 29
28 100 71
29 1 98
29 2 33
29 3 27
29 4 23
29 5 84
29 6 18
29 7 70
29 8 48
29 9 91
29 10 68
29 11 63
29 12 77
29 13 24
29 14 52
29 15 85
29 16 21
29 17 22
29 18 40
29 19 70
29 20 35
29 21 33
29 22 81
29 23 83
29 24 63
29 25 91
29 26 41
29 27 44
29 28 29
29 29 42
29 30 95
29 31 23
29 32 65
29 33 61
29 34 95
29 35 22
29 36 84
29 37 80
29 38 93
29 39 83
29 40 92
29 41 80
29 42 38
29 43 93
29 44 90
29 45 78
29 46 45
29 47 88
29 48 83
29 49 16
29 50 36
29 51 101
29 52 74
29 53 82
29 54 14
29 55 3
29 56 74
29 57 31
29 58 27
29 59 22
29 60 35
29 61 16
29 62 104
29 63 35
29 64 36
29 65 36
29 66 96
29 67 52
29 68 13
29 69 63
29 70 26
29 71 70
29 72 111
29 73 91
29 74 83
29 75 65
29 76 15
29 77 84
29 78 57
29 79 44
29 80 49
29 81 70
29 82 73
29 83 101
29 84 79
29 85 49
29 86 75
29 87 117
29 88 61
29 89 70
29 90 35
29 91 71
29 92 67
29 93 109
29 94 14
29 95 74
29 96 91
29 97 89
29 98 109
29 99 81
29 100 96
30 1 46
30 2 79
30 3 82
30 4 64
30 5 23
30 6 87
30 7 14
30 8 37
30 9 32
30 10 63
30 11 47
30 12 21
30 13 50
30 14 95
30 15 25
30 16 57
30 17 69
30 18 59
30 19 19
30 20 71
30 21 85
30 22 7
30 23 21
30 24 63
30 25 49
30 26 69
30 27 87
30 28 45
30 29 84
30 30 44
30 31 73
30 32 34
30 33 36
30 34 1
30 35 75
30 36 62
30 37 17
30 38 11
30 39 46
30 40 49
30 41 27
30 42 94
30 43 47
30 44 13
30 45 46
30 46 51
30 47 50
30 48 87
30 49 83
30 50 86
30 51 33
30 52 35
30 53 53
30 54 96
30 55 93
30 56 79
30 57 65
30 58 84
30 59 99
30 60 63
30 61 96
30 62 42
30 63 64
30 64 61
30 65 68
30 66 73
30 67 45
30 68 83
30 69 85
30 70 94
30 71 38
30 72 39
30 73 59
30 74 29
30 75 44
30 76 107
30 77 43
30 78 47
30 79 52
30 80 48
30 81 43
30 82 27
30 83 48
30 84 18
30 85 65
30 86 31
30 87 32
30 88 58
30 89 53
30 90 61
30 91 93
30 92 41
30 93 41
30 94 102
30 95 43
30 96 22
30 97 17
30 98 46
30 99 19
30 100 81
31 1 84
31 2 99
31 3 99
31 4 82
31 5 19
31 6 88
31 7 52
31 8 65
31 9 69
31 10 97
31 11 81
31 12 18
31 13 60
31 14 119
31 15 62
31 16 73
31 17 66
31 18 85
31 19 56
31 20 60
31 21 76
31 22 39
31 23 20
31 24 96
31 25 87
31 26 94
31 27 110
31 28 54
31 29 107
31 30 65
31 31 101
31 32 43
31 33 45
31 34 12
31 35 86
31 36 64
31 37 26
31 38 20
31 39 48
31 40 49
31 41 37
31 42 102
31 43 47
31 44 18
31 45 56
31 46 61
31 47 51
31 48 90
31 49 93
31 50 95
31 51 31
31 52 46
31 53 56
31 54 106
31 55 104
31 56 83
31 57 75
31 58 93
31 59 109
31 60 73
31 61 106
31 62 39
31 63 74
31 64 71
31 65 77
31 66 73
31 67 56
31 68 94
31 69 90
31 70 103
31 71 49
31 72 33
31 73 60
31 74 32
31 75 50
31 76 117
31 77 46
31 78 59
31 79 62
31 80 59
31 81 54
31 82 35
31 83 46
31 84 29
31 85 72
31 86 42
31 87 23
31 88 70
31 89 58
31 90 71
31 91 98
31 92 47
31 93 36
31 94 111
31 95 53
31 96 24
31 97 27
31 98 41
31 99 27
31 100 82
32 1 60
32 2 28
32 3 33
32 4 19
32 5 72
32 6 59
32 7 42
32 8 16
32 9 57
32 10 28
32 11 23
32 12 66
32 13 31
32 14 42
32 15 53
32 16 21
32 17 53
32 18 6
32 19 40
32 20 64
32 21 70
32 22 60
32 23 70
32 24 24
32 25 51
32 26 16
32 27 34
32 28 32
32 29 32
32 30 14
32 31 27
32 32 28
32 33 40
32 34 15
32 35 82
32 36 53
32 37 22
32 38 26
32 39 37
32 40 38
32 41 41
32 42 94
32 43 36
32 44 12
32 45 61
32 46 57
32 47 40
32 48 79
32 49 87
32 50 87
32 51 20
32 52 48
32 53 45
32 54 100
32 55 99
32 56 72
32 57 71
32 58 86
32 59 102
32 60 67
32 61 99
32 62 28
32 63 68
32 64 68
32 65 70
32 66 62
32 67 54
32 68 89
32 69 80
32 70 96
32 71 52
32 72 24
32 73 48
32 74 23
32 75 42
32 76 111
32 77 35
32 78 59
32 79 57
32 80 57
32 81 57
32 82 29
32 83 35
32 84 29
32 85 64
32 86 45
32 87 18
32 88 71
32 89 48
32 90 67
32 91 88
32 92 39
32 93 26
32 94 105
32 95 57
32 96 14
32 97 32
32 98 31
32 99 21
32 100 71
33 1 70
33 2 80
33 3 81
33 4 63
33 5 20
33 6 74
33 7 36
33 8 45
33 9 56
33 10 77
33 11 62
33 12 13
33 13 42
33 14 99
33 15 49
33 16 54
33 17 53
33 18 64
33 19 39
33 20 51
33 21 67
33 22 29
33 23 19
33 24 76
33 25 72
33 26 74
33 27 90
33 28 36
33 29 87
33 30 45
33 31 81
33 32 86
33 33 17
33 34 88
33 35 80
33 36 28
33 37 75
33 38 95
33 39 44
33 40 45
33 41 97
33 42 48
33 43 47
33 44 76
33 45 111
33 46 68
33 47 42
33 48 2
33 49 69
33 50 47
33 51 65
33 52 98
33 53 36
33 54 71
33 55 83
33 56 11
33 57 73
33 58 56
33 59 65
33 60 60
33 61 68
33 62 60
33 63 61
33 64 76
33 65 53
33 66 26
33 67 80
33 68 75
33 69 19
33 70 59
33 71 98
33 72 70
33 73 35
33 74 60
33 75 49
33 76 80
33 77 46
33 78 92
33 79 68
33 80 80
33 81 102
33 82 66
33 83 52
33 84 84
33 85 41
33 86 96
33 87 84
33 88 107
33 89 37
33 90 70
33 91 15
33 92 51
33 93 66
33 94 74
33 95 105
33 96 68
33 97 97
33 98 63
33 99 71
33 100 19
34 1 48
34 2 38
34 3 45
34 4 32
34 5 69
34 6 71
34 7 35
34 8 14
34 9 46
34 10 20
34 11 10
34 12 64
34 13 40
34 14 50
34 15 43
34 16 32
34 17 63
34 18 17
34 19 32
34 20 73
34 21 81
34 22 54
34 23 67
34 24 17
34 25 39
34 26 24
34 27 43
34 28 40
34 29 41
34 30 21
34 31 22
34 32 34
34 33 63
34 34 65
34 35 32
34 36 74
34 37 81
34 38 96
34 39 77
34 40 84
34 41 86
34 42 21
34 43 86
34 44 90
34 45 88
34 46 48
34 47 80
34 48 69
34 49 16
34 50 22
34 51 97
34 52 82
34 53 74
34 54 3
34 55 20
34 56 61
34 57 36
34 58 16
34 59 5
34 60 34
34 61 2
34 62 98
34 63 33
34 64 42
34 65 31
34 66 85
34 67 58
34 68 20
34 69 49
34 70 9
34 71 78
34 72 107
34 73 82
34 74 80
34 75 61
34 76 12
34 77 78
34 78 65
34 79 47
34 80 55
34 81 79
34 82 72
34 83 94
34 84 82
34 85 41
34 86 82
34 87 114
34 88 73
34 89 62
34 90 39
34 91 55
34 92 63
34 93 104
34 94 6
34 95 83
34 96 88
34 97 94
34 98 104
34 99 80
34 100 83
35 1 72
35 2 81
35 3 82
35 4 65
35 5 20
35 6 75
35 7 38
35 8 48
35 9 58
35 10 80
35 11 64
35 12 13
35 13 43
35 14 101
35 15 51
35 16 56
35 17 53
35 18 67
35 19 42
35 20 51
35 21 67
35 22 30
35 23 19
35 24 78
35 25 74
35 26 76
35 27 92
35 28 37
35 29 89
35 30 47
35 31 84
35 32 88
35 33 17
35 34 78
35 35 55
35 36 75
35 37 82
35 38 97
35 39 78
35 40 86
35 41 87
35 42 22
35 43 88
35 44 91
35 45 88
35 46 49
35 47 82
35 48 71
35 49 17
35 50 23
35 51 98
35 52 82
35 53 76
35 54 3
35 55 19
35 56 63
35 57 37
35 58 17
35 59 5
35 60 35
35 61 3
35 62 100
35 63 35
35 64 43
35 65 32
35 66 86
35 67 59
35 68 20
35 69 50
35 70 11
35 71 79
35 72 108
35 73 84
35 74 82
35 75 62
35 76 11
35 77 79
35 78 66
35 79 48
35 80 56
35 81 80
35 82 74
35 83 95
35 84 83
35 85 43
35 86 83
35 87 116
35 88 73
35 89 64
35 90 40
35 91 57
35 92 65
35 93 106
35 94 5
35 95 84
35 96 90
35 97 95
35 98 105
35 99 82
35 100 85
36 1 39
36 2 58
36 3 62
36 4 45
36 5 46
36 6 77
36 7 12
36 8 15
36 9 30
36 10 39
36 11 23
36 12 42
36 13 40
36 14 72
36 15 24
36 16 41
36 17 63
36 18 36
36 19 10
36 20 70
36 21 81
36 22 30
36 23 45
36 24 39
36 25 36
36 26 46
36 27 64
36 28 36
36 29 62
36 30 26
36 31 45
36 32 56
36 33 49
36 34 75
36 35 27
36 36 32
36 37 43
36 38 44
36 39 69
36 40 77
36 41 27
36 42 76
36 43 77
36 44 53
36 45 20
36 46 29
36 47 75
36 48 97
36 49 51
36 50 68
36 51 74
36 52 19
36 53 73
36 54 65
36 55 54
36 56 86
36 57 32
36 58 61
36 59 71
36 60 41
36 61 66
36 62 80
36 63 41
36 64 27
36 65 50
36 66 95
36 67 18
36 68 48
36 69 83
36 70 69
36 71 15
36 72 83
36 73 83
36 74 57
36 75 52
36 76 72
36 77 68
36 78 6
36 79 30
36 80 17
36 81 13
36 82 43
36 83 82
36 84 34
36 85 58
36 86 22
36 87 82
36 88 10
36 89 64
36 90 31
36 91 93
36 92 51
36 93 83
36 94 69
36 95 16
36 96 59
36 97 38
36 98 86
36 99 46
36 100 100
37 1 99
37 2 76
37 3 74
37 4 60
37 5 52
37 6 51
37 7 63
37 8 60
37 9 86
37 10 92
37 11 79
37 12 45
37 13 37
37 14 97
37 15 79
37 16 51
37 17 30
37 18 70
37 19 66
37 20 21
37 21 37
37 22 62
37 23 51
37 24 89
37 25 97
37 26 77
37 27 88
37 28 34
37 29 85
37 30 52
37 31 93
37 32 89
37 33 16
37 34 57
37 35 83
37 36 92
37 37 90
37 38 19
37 39 56
37 40 63
37 41 4
37 42 84
37 43 62
37 44 32
37 45 21
37 46 35
37 47 62
37 48 92
37 49 65
37 50 76
37 51 55
37 52 8
37 53 63
37 54 80
37 55 73
37 56 82
37 57 45
37 58 71
37 59 84
37 60 49
37 61 80
37 62 62
37 63 50
37 64 40
37 65 56
37 66 84
37 67 24
37 68 64
37 69 84
37 70 80
37 71 11
37 72 63
37 73 71
37 74 41
37 75 44
37 76 89
37 77 55
37 78 21
37 79 36
37 80 27
37 81 16
37 82 29
37 83 66
37 84 12
37 85 59
37 86 4
37 87 59
37 88 31
37 89 56
37 90 43
37 91 93
37 92 42
37 93 64
37 94 84
37 95 16
37 96 40
37 97 14
37 98 67
37 99 28
37 100 91
38 1 53
38 2 52
38 3 55
38 4 37
38 5 44
38 6 64
38 7 22
38 8 14
38 9 44
38 10 47
38 11 32
38 12 38
38 13 26
38 14 70
38 15 37
38 16 31
38 17 48
38 18 34
38 19 22
38 20 55
38 21 66
38 22 34
38 23 42
38 24 45
38 25 50
38 26 44
38 27 61
38 28 22
38 29 58
38 30 17
38 31 50
38 32 56
38 33 36
38 34 62
38 35 41
38 36 46
38 37 48
38 38 38
38 39 76
38 40 83
38 41 19
38 42 94
38 43 82
38 44 51
38 45 1
38 46 45
38 47 81
38 48 109
38 49 71
38 50 86
38 51 74
38 52 13
38 53 82
38 54 84
38 55 74
38 56 99
38 57 51
38 58 79
38 59 90
38 60 59
38 61 85
38 62 82
38 63 59
38 64 45
38 65 67
38 66 103
38 67 32
38 68 67
38 69 98
38 70 88
38 71 12
38 72 82
38 73 90
38 74 61
38 75 62
38 76 91
38 77 74
38 78 22
38 79 46
38 80 34
38 81 8
38 82 48
38 83 86
38 84 32
38 85 73
38 86 16
38 87 78
38 88 19
38 89 74
38 90 50
38 91 108
38 92 60
38 93 84
38 94 88
38 95 5
38 96 60
38 97 29
38 98 87
38 99 48
38 100 110
39 1 57
39 2 30
39 3 36
39 4 23
39 5 72
39 6 62
39 7 41
39 8 15
39 9 54
39 10 25
39 11 19
39 12 66
39 13 34
39 14 44
39 15 50
39 16 24
39 17 56
39 18 8
39 19 38
39 20 67
39 21 73
39 22 58
39 23 70
39 24 21
39 25 48
39 26 17
39 27 36
39 28 35
39 29 33
39 30 16
39 31 24
39 32 28
39 33 61
39 34 56
39 35 52
39 36 49
39 37 22
39 38 64
39 39 30
39 40 50
39 41 39
39 42 104
39 43 47
39 44 19
39 45 58
39 46 63
39 47 52
39 48 91
39 49 94
39 50 96
39 51 31
39 52 47
39 53 56
39 54 107
39 55 105
39 56 84
39 57 76
39 58 94
39 59 110
39 60 74
39 61 107
39 62 39
39 63 75
39 64 73
39 65 78
39 66 74
39 67 58
39 68 95
39 69 91
39 70 104
39 71 51
39 72 33
39 73 60
39 74 33
39 75 51
39 76 118
39 77 46
39 78 60
39 79 63
39 80 61
39 81 55
39 82 36
39 83 46
39 84 31
39 85 73
39 86 44
39 87 23
39 88 71
39 89 58
39 90 73
39 91 99
39 92 48
39 93 36
39 94 113
39 95 55
39 96 24
39 97 28
39 98 41
39 99 28
39 100 82
40 1 72
40 2 15
40 3 23
40 4 21
40 5 90
40 6 60
40 7 60
40 8 34
40 9 72
40 10 30
40 11 34
40 12 84
40 13 43
40 14 24
40 15 69
40 16 29
40 17 60
40 18 12
40 19 57
40 20 73
40 21 75
40 22 78
40 23 88
40 24 24
40 25 62
40 26 3
40 27 17
40 28 46
40 29 15
40 30 31
40 31 23
40 32 10
40 33 75
40 34 51
40 35 70
40 36 65
40 37 21
40 38 83
40 39 18
40 40 36
40 41 70
40 42 35
40 43 82
40 44 79
40 45 69
40 46 34
40 47 77
40 48 76
40 49 7
40 50 31
40 51 90
40 52 64
40 53 72
40 54 16
40 55 10
40 56 67
40 57 20
40 58 21
40 59 24
40 60 24
40 61 18
40 62 93
40 63 23
40 64 25
40 65 26
40 66 87
40 67 42
40 68 1
40 69 57
40 70 24
40 71 61
40 72 100
40 73 81
40 74 72
40 75 54
40 76 23
40 77 73
40 78 47
40 79 33
40 80 39
40 81 61
40 82 62
40 83 90
40 84 68
40 85 40
40 86 65
40 87 106
40 88 54
40 89 59
40 90 24
40 91 65
40 92 56
40 93 98
40 94 20
40 95 65
40 96 79
40 97 79
40 98 99
40 99 69
40 100 87
41 1 51
41 2 36
41 3 42
41 4 27
41 5 66
41 6 66
41 7 34
41 8 10
41 9 48
41 10 25
41 11 15
41 12 61
41 13 34
41 14 50
41 15 44
41 16 27
41 17 58
41 18 14
41 19 32
41 20 68
41 21 75
41 22 52
41 23 65
41 24 22
41 25 43
41 26 23
41 27 42
41 28 34
41 29 40
41 30 16
41 31 27
41 32 34
41 33 58
41 34 61
41 35 46
41 36 44
41 37 24
41 38 58
41 39 35
41 40 21
41 41 44
41 42 18
41 43 59
41 44 67
41 45 79
41 46 33
41 47 53
41 48 46
41 49 23
41 50 10
41 51 71
41 52 69
41 53 47
41 54 28
41 55 38
41 56 37
41 57 30
41 58 12
41 59 27
41 60 20
41 61 27
41 62 72
41 63 19
41 64 35
41 65 11
41 66 58
41 67 46
41 68 30
41 69 27
41 70 20
41 71 67
41 72 80
41 73 55
41 74 55
41 75 36
41 76 40
41 77 51
41 78 56
41 79 32
41 80 44
41 81 70
41 82 50
41 83 67
41 84 64
41 85 14
41 86 69
41 87 89
41 88 69
41 89 35
41 90 30
41 91 36
41 92 39
41 93 78
41 94 33
41 95 73
41 96 64
41 97 77
41 98 77
41 99 58
41 100 58
42 1 103
42 2 69
42 3 65
42 4 54
42 5 62
42 6 39
42 7 68
42 8 60
42 9 91
42 10 90
42 11 79
42 12 55
42 13 32
42 14 90
42 15 84
42 16 45
42 17 18
42 18 66
42 19 70
42 20 9
42 21 25
42 22 70
42 23 62
42 24 86
42 25 100
42 26 72
42 27 81
42 28 31
42 29 78
42 30 50
42 31 90
42 32 83
42 33 26
42 34 46
42 35 88
42 36 96
42 37 87
42 38 66
42 39 91
42 40 44
42 41 47
42 42 48
42 43 70
42 44 39
42 45 13
42 46 40
42 47 70
42 48 100
42 49 70
42 50 82
42 51 62
42 52 4
42 53 71
42 54 84
42 55 75
42 56 90
42 57 49
42 58 76
42 59 89
42 60 55
42 61 84
42 62 70
42 63 55
42 64 44
42 65 62
42 66 93
42 67 28
42 68 67
42 69 91
42 70 85
42 71 8
42 72 70
42 73 79
42 74 49
42 75 52
42 76 92
42 77 63
42 78 22
42 79 41
42 80 31
42 81 11
42 82 37
42 83 74
42 84 20
42 85 66
42 86 5
42 87 65
42 88 27
42 89 64
42 90 47
42 91 100
42 92 50
42 93 71
42 94 88
42 95 10
42 96 47
42 97 17
42 98 75
42 99 36
42 100 99
43 1 91
43 2 69
43 3 67
43 4 53
43 5 49
43 6 48
43 7 56
43 8 51
43 9 79
43 10 83
43 11 70
43 12 42
43 13 28
43 14 90
43 15 71
43 16 43
43 17 26
43 18 61
43 19 58
43 20 22
43 21 38
43 22 56
43 23 48
43 24 80
43 25 89
43 26 69
43 27 80
43 28 25
43 29 78
43 30 43
43 31 84
43 32 80
43 33 12
43 34 53
43 35 75
43 36 84
43 37 81
43 38 52
43 39 88
43 40 37
43 41 50
43 42 54
43 43 58
43 44 11
43 45 63
43 46 49
43 47 28
43 48 67
43 49 78
43 50 76
43 51 13
43 52 49
43 53 33
43 54 90
43 55 91
43 56 60
43 57 63
43 58 76
43 59 92
43 60 58
43 61 90
43 62 21
43 63 59
43 64 61
43 65 60
43 66 51
43 67 49
43 68 80
43 69 68
43 70 85
43 71 52
43 72 22
43 73 37
43 74 11
43 75 31
43 76 102
43 77 23
43 78 56
43 79 50
43 80 52
43 81 57
43 82 21
43 83 26
43 84 29
43 85 53
43 86 46
43 87 24
43 88 70
43 89 36
43 90 59
43 91 75
43 92 28
43 93 22
43 94 96
43 95 58
43 96 3
43 97 37
43 98 26
43 99 15
43 100 60
44 1 105
44 2 67
44 3 63
44 4 53
44 5 67
44 6 35
44 7 71
44 8 61
44 9 94
44 10 91
44 11 80
44 12 60
44 13 32
44 14 87
44 15 87
44 16 45
44 17 15
44 18 66
44 19 73
44 20 4
44 21 20
44 22 74
44 23 66
44 24 87
44 25 102
44 26 71
44 27 79
44 28 32
44 29 76
44 30 51
44 31 90
44 32 81
44 33 30
44 34 42
44 35 91
44 36 99
44 37 87
44 38 70
44 39 90
44 40 45
44 41 45
44 42 45
44 43 76
44 44 73
44 45 94
44 46 49
44 47 41
44 48 23
44 49 47
44 50 26
44 51 63
44 52 82
44 53 34
44 54 50
44 55 61
44 56 14
44 57 51
44 58 34
44 59 45
44 60 39
44 61 47
44 62 61
44 63 39
44 64 55
44 65 31
44 66 38
44 67 61
44 68 53
44 69 6
44 70 39
44 71 81
44 72 71
44 73 39
44 74 52
44 75 36
44 76 60
44 77 42
44 78 73
44 79 48
44 80 60
44 81 84
44 82 53
44 83 54
44 84 71
44 85 20
44 86 80
44 87 82
44 88 87
44 89 27
44 90 49
44 91 16
44 92 39
44 93 68
44 94 54
44 95 88
44 96 61
44 97 84
44 98 65
44 99 60
44 100 35
45 1 96
45 2 37
45 3 32
45 4 25
45 5 79
45 6 19
45 7 67
45 8 47
45 9 88
45 10 69
45 11 63
45 12 72
45 13 20
45 14 57
45 15 82
45 16 21
45 17 16
45 18 41
45 19 68
45 20 29
45 21 30
45 22 77
45 23 78
45 24 64
45 25 90
45 26 44
45 27 49
45 28 25
45 29 46
45 30 34
45 31 65
45 32 53
45 33 48
45 34 18
45 35 86
45 36 89
45 37 63
45 38 77
45 39 63
45 40 32
45 41 14
45 42 16
45 43 80
45 44 73
45 45 37
45 46 31
45 47 51
45 48 82
45 49 63
45 50 71
45 51 45
45 52 18
45 53 52
45 54 77
45 55 72
45 56 73
45 57 44
45 58 67
45 59 81
45 60 45
45 61 77
45 62 52
45 63 45
45 64 39
45 65 51
45 66 74
45 67 23
45 68 63
45 69 75
45 70 76
45 71 20
45 72 53
45 73 61
45 74 31
45 75 35
45 76 87
45 77 44
45 78 26
45 79 32
45 80 26
45 81 25
45 82 19
45 83 55
45 84 4
45 85 51
45 86 14
45 87 51
45 88 39
45 89 47
45 90 40
45 91 84
45 92 33
45 93 54
45 94 82
45 95 26
45 96 30
45 97 16
45 98 57
45 99 18
45 100 81
46 1 75
46 2 42
46 3 42
46 4 25
46 5 57
46 6 42
46 7 44
46 8 27
46 9 66
46 10 57
46 11 46
46 12 50
46 13 4
46 14 63
46 15 59
46 16 16
46 17 27
46 18 33
46 19 45
46 20 36
46 21 45
46 22 54
46 23 56
46 24 53
46 25 70
46 26 40
46 27 53
46 28 3
46 29 50
46 30 16
46 31 56
46 32 52
46 33 33
46 34 41
46 35 63
46 36 68
46 37 54
46 38 55
46 39 59
46 40 11
46 41 30
46 42 37
46 43 56
46 44 49
46 45 18
46 46 26
46 47 24
46 48 18
46 49 60
46 50 43
46 51 48
46 52 80
46 53 18
46 54 66
46 55 75
46 56 10
46 57 59
46 58 49
46 59 62
46 60 47
46 61 64
46 62 44
46 63 48
46 64 61
46 65 41
46 66 20
46 67 62
46 68 66
46 69 21
46 70 56
46 71 80
46 72 54
46 73 21
46 74 41
46 75 30
46 76 77
46 77 28
46 78 74
46 79 52
46 80 63
46 81 84
46 82 46
46 83 37
46 84 65
46 85 28
46 86 77
46 87 67
46 88 90
46 89 18
46 90 56
46 91 26
46 92 32
46 93 51
46 94 70
46 95 87
46 96 49
46 97 78
46 98 48
46 99 52
46 100 21
47 1 48
47 2 40
47 3 48
47 4 39
47 5 82
47 6 80
47 7 46
47 8 28
47 9 51
47 10 6
47 11 13
47 12 77
47 13 53
47 14 46
47 15 49
47 16 43
47 17 75
47 18 22
47 19 42
47 20 86
47 21 92
47 22 65
47 23 80
47 24 3
47 25 37
47 26 25
47 27 41
47 28 53
47 29 39
47 30 35
47 31 10
47 32 29
47 33 77
47 34 73
47 35 50
47 36 42
47 37 8
47 38 72
47 39 23
47 40 40
47 41 56
47 42 65
47 43 66
47 44 55
47 45 33
47 46 45
47 47 42
47 48 42
47 49 37
47 50 29
47 51 51
47 52 58
47 53 29
47 54 46
47 55 52
47 56 31
47 57 32
47 58 31
47 59 46
47 60 20
47 61 45
47 62 52
47 63 21
47 64 34
47 65 17
47 66 45
47 67 37
47 68 42
47 69 30
47 70 40
47 71 57
47 72 61
47 73 38
47 74 36
47 75 16
47 76 58
47 77 32
47 78 49
47 79 25
47 80 37
47 81 60
47 82 32
47 83 48
47 84 48
47 85 6
47 86 56
47 87 69
47 88 65
47 89 17
47 90 29
47 91 39
47 92 19
47 93 58
47 94 52
47 95 64
47 96 44
47 97 61
47 98 57
47 99 39
47 100 48
48 1 63
48 2 26
48 3 34
48 4 28
48 5 88
48 6 69
48 7 55
48 8 31
48 9 64
48 10 19
48 11 25
48 12 82
48 13 47
48 14 31
48 15 61
48 16 34
48 17 67
48 18 13
48 19 52
48 20 79
48 21 83
48 22 73
48 23 86
48 24 14
48 25 52
48 26 11
48 27 26
48 28 49
48 29 24
48 30 32
48 31 12
48 32 15
48 33 77
48 34 61
48 35 63
48 36 56
48 37 11
48 38 79
48 39 14
48 40 38
48 41 44
48 42 52
48 43 75
48 44 64
48 45 32
48 46 33
48 47 45
48 48 27
48 49 62
48 50 53
48 51 27
48 52 59
48 53 10
48 54 72
48 55 76
48 56 35
48 57 52
48 58 56
48 59 71
48 60 43
48 61 70
48 62 27
48 63 44
48 64 52
48 65 41
48 66 32
48 67 47
48 68 66
48 69 43
48 70 65
48 71 60
48 72 36
48 73 19
48 74 16
48 75 14
48 76 83
48 77 7
48 78 58
48 79 41
48 80 49
48 81 64
48 82 23
48 83 23
48 84 42
48 85 31
48 86 56
48 87 45
48 88 74
48 89 10
48 90 48
48 91 50
48 92 13
48 93 33
48 94 77
48 95 67
48 96 25
48 97 54
48 98 32
48 99 27
48 100 39
49 1 72
49 2 19
49 3 23
49 4 7
49 5 76
49 6 47
49 7 51
49 8 25
49 9 68
49 10 39
49 11 35
49 12 70
49 13 25
49 14 38
49 15 63
49 16 11
49 17 44
49 18 11
49 19 50
49 20 56
49 21 60
49 22 67
49 23 75
49 24 34
49 25 64
49 26 15
49 27 29
49 28 28
49 29 26
49 30 16
49 31 35
49 32 27
49 33 58
49 34 41
49 35 66
49 36 65
49 37 33
49 38 71
49 39 35
49 40 20
49 41 24
49 42 32
49 43 69
49 44 59
49 45 18
49 46 12
49 47 34
49 48 38
49 49 26
49 50 35
49 51 59
49 52 44
49 53 45
49 54 41
49 55 41
49 56 50
49 57 15
49 58 30
49 59 45
49 60 8
49 61 41
49 62 62
49 63 9
49 64 15
49 65 15
49 66 64
49 67 20
49 68 30
49 69 47
49 70 40
49 71 42
49 72 69
49 73 55
49 74 41
49 75 24
49 76 52
49 77 44
49 78 32
49 79 7
49 80 19
49 81 44
49 82 30
49 83 60
49 84 40
49 85 21
49 86 43
49 87 74
49 88 46
49 89 33
49 90 11
49 91 57
49 92 26
49 93 68
49 94 47
49 95 48
49 96 48
49 97 52
49 98 68
49 99 38
49 100 67
50 1 26
50 2 79
50 3 84
50 4 68
50 5 41
50 6 98
50 7 13
50 8 37
50 9 12
50 10 52
50 11 37
50 12 40
50 13 60
50 14 92
50 15 4
50 16 63
50 17 82
50 18 58
50 19 12
50 20 86
50 21 100
50 22 20
50 23 39
50 24 54
50 25 30
50 26 67
50 27 85
50 28 56
50 29 83
50 30 48
50 31 60
50 32 76
50 33 59
50 34 96
50 35 8
50 36 22
50 37 59
50 38 29
50 39 73
50 40 48
50 41 82
50 42 90
50 43 20
50 44 12
50 45 45
50 46 72
50 47 34
50 48 89
50 49 59
50 50 81
50 51 37
50 52 49
50 53 23
50 54 60
50 55 63
50 56 39
50 57 38
50 58 45
50 59 61
50 60 29
50 61 59
50 62 39
50 63 30
50 64 38
50 65 29
50 66 44
50 67 33
50 68 52
50 69 42
50 70 55
50 71 49
50 72 47
50 73 33
50 74 20
50 75 1
50 76 72
50 77 20
50 78 45
50 79 26
50 80 35
50 81 53
50 82 17
50 83 37
50 84 35
50 85 22
50 86 46
50 87 54
50 88 61
50 89 13
50 90 34
50 91 51
50 92 3
50 93 45
50 94 66
50 95 56
50 96 29
50 97 48
50 98 45
50 99 24
50 100 49
51 1 77
51 2 9
51 3 17
51 4 16
51 5 91
51 6 54
51 7 63
51 8 36
51 9 76
51 10 36
51 11 39
51 12 85
51 13 40
51 14 23
51 15 72
51 16 25
51 17 56
51 18 14
51 19 61
51 20 69
51 21 70
51 22 80
51 23 89
51 24 31
51 25 68
51 26 6
51 27 14
51 28 44
51 29 11
51 30 31
51 31 29
51 32 12
51 33 73
51 34 45
51 35 74
51 36 70
51 37 27
51 38 85
51 39 23
51 40 36
51 41 29
51 42 36
51 43 82
51 44 72
51 45 32
51 46 20
51 47 48
51 48 22
51 49 41
51 50 49
51 51 29
51 52 31
51 53 48
51 54 88
51 55 86
51 56 73
51 57 57
51 58 76
51 59 91
51 60 55
51 61 88
51 62 41
51 63 56
51 64 53
51 65 60
51 66 69
51 67 38
51 68 75
51 69 78
51 70 86
51 71 34
51 72 40
51 73 55
51 74 24
51 75 36
51 76 99
51 77 39
51 78 41
51 79 44
51 80 41
51 81 39
51 82 19
51 83 46
51 84 12
51 85 57
51 86 27
51 87 36
51 88 54
51 89 46
51 90 53
51 91 86
51 92 34
51 93 41
51 94 94
51 95 39
51 96 19
51 97 17
51 98 45
51 99 12
51 100 76
52 1 84
52 2 85
52 3 84
52 4 68
52 5 29
52 6 71
52 7 49
52 8 56
52 9 70
52 10 88
52 11 73
52 12 23
52 13 44
52 14 105
52 15 63
52 16 58
52 17 49
52 18 72
52 19 53
52 20 44
52 21 60
52 22 42
52 23 29
52 24 86
52 25 85
52 26 81
52 27 96
52 28 39
52 29 93
52 30 53
52 31 91
52 32 93
52 33 11
52 34 75
52 35 67
52 36 79
52 37 89
52 38 35
52 39 98
52 40 47
52 41 70
52 42 74
52 43 44
52 44 47
52 45 53
52 46 68
52 47 42
52 48 105
52 49 43
52 50 53
52 51 92
52 52 91
52 53 63
52 54 48
52 55 40
52 56 71
52 57 14
52 58 43
52 59 54
52 60 24
52 61 49
52 62 76
52 63 24
52 64 9
52 65 32
52 66 83
52 67 11
52 68 31
52 69 67
52 70 51
52 71 28
52 72 81
52 73 73
52 74 53
52 75 41
52 76 56
52 77 60
52 78 15
52 79 15
52 80 8
52 81 29
52 82 39
52 83 76
52 84 38
52 85 42
52 86 33
52 87 82
52 88 26
52 89 52
52 90 14
52 91 77
52 92 42
52 93 80
52 94 52
52 95 33
52 96 57
52 97 47
52 98 82
52 99 45
52 100 87
53 1 76
53 2 45
53 3 44
53 4 28
53 5 56
53 6 41
53 7 45
53 8 30
53 9 67
53 10 59
53 11 48
53 12 49
53 13 4
53 14 65
53 15 61
53 16 18
53 17 25
53 18 36
53 19 46
53 20 33
53 21 43
53 22 54
53 23 55
53 24 56
53 25 72
53 26 43
53 27 56
53 28 2
53 29 53
53 30 19
53 31 59
53 32 55
53 33 30
53 34 41
53 35 64
53 36 69
53 37 56
53 38 54
53 39 62
53 40 14
53 41 31
53 42 37
53 43 56
53 44 50
53 45 21
53 46 28
53 47 24
53 48 65
53 49 3
53 50 23
53 51 59
53 52 51
53 53 66
53 54 64
53 55 58
53 56 70
53 57 30
53 58 55
53 59 68
53 60 33
53 61 64
53 62 61
53 63 34
53 64 25
53 65 40
53 66 76
53 67 8
53 68 49
53 69 70
53 70 64
53 71 17
53 72 64
53 73 64
53 74 38
53 75 33
53 76 73
53 77 49
53 78 14
53 79 20
53 80 12
53 81 21
53 82 24
53 83 63
53 84 19
53 85 44
53 86 17
53 87 64
53 88 29
53 89 46
53 90 27
53 91 79
53 92 32
53 93 64
53 94 68
53 95 24
53 96 40
53 97 29
53 98 67
53 99 27
53 100 82
54 1 27
54 2 81
54 3 86
54 4 69
54 5 39
54 6 99
54 7 13
54 8 38
54 9 12
54 10 54
54 11 39
54 12 39
54 13 61
54 14 94
54 15 5
54 16 64
54 17 83
54 18 59
54 19 14
54 20 87
54 21 100
54 22 19
54 23 38
54 24 56
54 25 31
54 26 68
54 27 87
54 28 57
54 29 84
54 30 49
54 31 62
54 32 78
54 33 59
54 34 97
54 35 9
54 36 23
54 37 60
54 38 28
54 39 75
54 40 49
54 41 83
54 42 91
54 43 19
54 44 12
54 45 46
54 46 73
54 47 35
54 48 91
54 49 60
54 50 82
54 51 63
54 52 89
54 53 77
54 54 42
54 55 72
54 56 44
54 57 46
54 58 55
54 59 71
54 60 38
54 61 69
54 62 31
54 63 39
54 64 45
54 65 39
54 66 43
54 67 37
54 68 61
54 69 50
54 70 65
54 71 48
54 72 37
54 73 31
54 74 10
54 75 10
54 76 81
54 77 15
54 78 47
54 79 33
54 80 39
54 81 53
54 82 12
54 83 30
54 84 30
54 85 32
54 86 44
54 87 44
54 88 63
54 89 17
54 90 42
54 91 58
54 92 7
54 93 36
54 94 75
54 95 55
54 96 19
54 97 43
54 98 37
54 99 17
54 100 50
55 1 97
55 2 55
55 3 52
55 4 41
55 5 66
55 6 29
55 7 64
55 8 51
55 9 87
55 10 79
55 11 69
55 12 58
55 13 21
55 14 76
55 15 80
55 16 32
55 17 7
55 18 54
55 19 65
55 20 13
55 21 23
55 22 69
55 23 65
55 24 75
55 25 93
55 26 59
55 27 67
55 28 22
55 29 64
55 30 39
55 31 78
55 32 69
55 33 31
55 34 34
55 35 84
55 36 90
55 37 75
55 38 67
55 39 78
55 40 35
55 41 34
55 42 35
55 43 71
55 44 67
55 45 42
55 46 38
55 47 44
55 48 77
55 49 21
55 50 13
55 51 78
55 52 60
55 53 83
55 54 34
55 55 54
55 56 51
55 57 25
55 58 4
55 59 17
55 60 20
55 61 14
55 62 83
55 63 19
55 64 31
55 65 16
55 66 72
55 67 45
55 68 17
55 69 40
55 70 12
55 71 66
55 72 92
55 73 68
55 74 65
55 75 46
55 76 27
55 77 63
55 78 54
55 79 33
55 80 43
55 81 68
55 82 57
55 83 79
55 84 68
55 85 27
55 86 69
55 87 99
55 88 64
55 89 48
55 90 26
55 91 48
55 92 48
55 93 89
55 94 21
55 95 72
55 96 73
55 97 80
55 98 89
55 99 65
55 100 72
56 1 90
56 2 26
56 3 32
56 4 42
56 5 115
56 6 72
56 7 84
56 8 59
56 9 93
56 10 44
56 11 54
56 12 110
56 13 66
56 14 8
56 15 91
56 16 51
56 17 79
56 18 37
56 19 81
56 20 92
56 21 91
56 22 102
56 23 114
56 24 39
56 25 79
56 26 28
56 27 15
56 28 70
56 29 17
56 30 56
56 31 34
56 32 16
56 33 99
56 34 62
56 35 92
56 36 84
56 37 34
56 38 108
56 39 20
56 40 61
56 41 50
56 42 54
56 43 104
56 44 93
56 45 57
56 46 43
56 47 72
56 48 4
56 49 67
56 50 72
56 51 33
56 52 24
56 53 21
56 54 79
56 55 31
56 56 58
56 57 74
56 58 56
56 59 65
56 60 62
56 61 68
56 62 64
56 63 62
56 64 77
56 65 54
56 66 29
56 67 82
56 68 76
56 69 19
56 70 59
56 71 101
56 72 74
56 73 38
56 74 64
56 75 52
56 76 80
56 77 50
56 78 94
56 79 70
56 80 82
56 81 105
56 82 69
56 83 56
56 84 87
56 85 42
56 86 99
56 87 87
56 88 109
56 89 40
56 90 72
56 91 13
56 92 54
56 93 70
56 94 74
56 95 108
56 96 72
56 97 100
56 98 66
56 99 74
56 100 22
57 1 50
57 2 37
57 3 45
57 4 35
57 5 80
57 6 76
57 7 45
57 8 25
57 9 52
57 10 10
57 11 13
57 12 75
57 13 49
57 14 44
57 15 50
57 16 39
57 17 71
57 18 19
57 19 41
57 20 82
57 21 88
57 22 64
57 23 78
57 24 6
57 25 40
57 26 22
57 27 38
57 28 50
57 29 37
57 30 31
57 31 11
57 32 27
57 33 74
57 34 70
57 35 51
57 36 44
57 37 9
57 38 71
57 39 23
57 40 37
57 41 53
57 42 61
57 43 65
57 44 54
57 45 30
57 46 41
57 47 39
57 48 40
57 49 49
57 50 66
57 51 12
57 52 44
57 53 25
57 54 50
57 55 24
57 56 25
57 57 42
57 58 37
57 59 52
57 60 28
57 61 51
57 62 46
57 63 28
57 64 41
57 65 24
57 66 38
57 67 42
57 68 49
57 69 28
57 70 45
57 71 61
57 72 55
57 73 31
57 74 32
57 75 14
57 76 64
57 77 26
57 78 54
57 79 31
57 80 43
57 81 65
57 82 32
57 83 41
57 84 49
57 85 11
57 86 59
57 87 65
57 88 70
57 89 10
57 90 36
57 91 37
57 92 17
57 93 53
57 94 58
57 95 68
57 96 41
57 97 63
57 98 51
57 99 38
57 100 41
58 1 44
58 2 43
58 3 50
58 4 38
58 5 73
58 6 78
58 7 37
58 8 20
58 9 44
58 10 13
58 11 5
58 12 69
58 13 48
58 14 51
58 15 42
58 16 40
58 17 71
58 18 22
58 19 34
58 20 81
58 21 88
58 22 56
58 23 71
58 24 12
58 25 34
58 26 28
58 27 45
58 28 47
58 29 43
58 30 29
58 31 18
58 32 35
58 33 70
58 34 72
58 35 43
58 36 37
58 37 16
58 38 64
58 39 31
58 40 34
58 41 55
58 42 64
58 43 58
58 44 47
58 45 27
58 46 43
58 47 34
58 48 47
58 49 47
58 50 66
58 51 19
58 52 50
58 53 33
58 54 45
58 55 29
58 56 21
58 57 36
58 58 73
58 59 34
58 60 13
58 61 29
58 62 80
58 63 12
58 64 11
58 65 19
58 66 78
58 67 27
58 68 13
58 69 54
58 70 31
58 71 48
58 72 87
58 73 71
58 74 59
58 75 42
58 76 38
58 77 61
58 78 34
58 79 18
58 80 25
58 81 48
58 82 47
58 83 78
58 84 53
58 85 32
58 86 51
58 87 91
58 88 44
58 89 49
58 90 9
58 91 63
58 92 43
58 93 85
58 94 33
58 95 52
58 96 65
58 97 64
58 98 86
58 99 55
58 100 80
59 1 95
59 2 63
59 3 60
59 4 47
59 5 58
59 6 38
59 7 61
59 8 52
59 9 84
59 10 82
59 11 71
59 12 51
59 13 25
59 14 84
59 15 77
59 16 38
59 17 16
59 18 58
59 19 63
59 20 14
59 21 29
59 22 64
59 23 57
59 24 79
59 25 92
59 26 65
59 27 75
59 28 23
59 29 72
59 30 42
59 31 82
59 32 76
59 33 22
59 34 44
59 35 81
59 36 88
59 37 79
59 38 60
59 39 84
59 40 36
59 41 42
59 42 45
59 43 66
59 44 63
59 45 44
59 46 45
59 47 42
59 48 85
59 49 24
59 50 22
59 51 82
59 52 68
59 53 88
59 54 32
59 55 60
59 56 51
59 57 44
59 58 36
59 59 35
59 60 42
59 61 75
59 62 40
59 63 43
59 64 42
59 65 47
59 66 61
59 67 28
59 68 63
59 69 66
59 70 73
59 71 32
59 72 43
59 73 48
59 74 18
59 75 24
59 76 86
59 77 32
59 78 35
59 79 32
59 80 31
59 81 37
59 82 7
59 83 43
59 84 12
59 85 44
59 86 27
59 87 43
59 88 50
59 89 35
59 90 41
59 91 75
59 92 22
59 93 43
59 94 81
59 95 39
59 96 19
59 97 25
59 98 46
59 99 6
59 100 69
60 1 33
60 2 61
60 3 66
60 4 50
60 5 47
60 6 82
60 7 11
60 8 19
60 9 25
60 10 38
60 11 22
60 12 44
60 13 45
60 14 75
60 15 19
60 16 46
60 17 68
60 18 40
60 19 7
60 20 75
60 21 86
60 22 29
60 23 45
60 24 39
60 25 31
60 26 49
60 27 67
60 28 42
60 29 65
60 30 30
60 31 45
60 32 59
60 33 53
60 34 80
60 35 22
60 36 26
60 37 43
60 38 37
60 39 57
60 40 32
60 41 64
60 42 73
60 43 31
60 44 20
60 45 28
60 46 54
60 47 20
60 48 72
60 49 44
60 50 66
60 51 46
60 52 69
60 53 59
60 54 31
60 55 47
60 56 20
60 57 18
60 58 52
60 59 56
60 60 46
60 61 96
60 62 2
60 63 68
60 64 74
60 65 67
60 66 37
60 67 65
60 68 90
60 69 64
60 70 90
60 71 71
60 72 11
60 73 25
60 74 22
60 75 37
60 76 109
60 77 19
60 78 73
60 79 62
60 80 67
60 81 76
60 82 36
60 83 8
60 84 49
60 85 56
60 86 65
60 87 24
60 88 88
60 89 35
60 90 71
60 91 69
60 92 35
60 93 8
60 94 103
60 95 77
60 96 21
60 97 56
60 98 7
60 99 33
60 100 46
61 1 56
61 2 54
61 3 57
61 4 39
61 5 42
61 6 63
61 7 23
61 8 18
61 9 46
61 10 50
61 11 36
61 12 36
61 13 25
61 14 72
61 15 39
61 16 31
61 17 46
61 18 37
61 19 25
61 20 52
61 21 64
61 22 34
61 23 40
61 24 48
61 25 53
61 26 46
61 27 63
61 28 20
61 29 60
61 30 18
61 31 53
61 32 58
61 33 33
61 34 62
61 35 43
61 36 49
61 37 51
61 38 36
61 39 61
61 40 15
61 41 49
61 42 56
61 43 36
61 44 29
61 45 17
61 46 41
61 47 4
61 48 71
61 49 23
61 50 45
61 51 54
61 52 62
61 53 65
61 54 8
61 55 43
61 56 18
61 57 6
61 58 36
61 59 39
61 60 35
61 61 35
61 62 7
61 63 63
61 64 69
61 65 61
61 66 34
61 67 61
61 68 85
61 69 59
61 70 85
61 71 68
61 72 16
61 73 21
61 74 18
61 75 32
61 76 103
61 77 14
61 78 70
61 79 58
61 80 63
61 81 73
61 82 32
61 83 8
61 84 46
61 85 51
61 86 62
61 87 28
61 88 85
61 89 30
61 90 66
61 91 65
61 92 30
61 93 13
61 94 97
61 95 74
61 96 20
61 97 55
61 98 12
61 99 30
61 100 43
62 1 94
62 2 66
62 3 64
62 4 51
62 5 54
62 6 43
62 7 59
62 8 52
62 9 82
62 10 84
62 11 72
62 12 47
62 13 27
62 14 87
62 15 75
62 16 41
62 17 21
62 18 61
62 19 62
62 20 17
62 21 33
62 22 61
62 23 53
62 24 80
62 25 92
62 26 67
62 27 78
62 28 25
62 29 75
62 30 43
62 31 84
62 32 79
62 33 18
62 34 49
62 35 79
62 36 87
62 37 81
62 38 57
62 39 87
62 40 38
62 41 47
62 42 49
62 43 63
62 44 61
62 45 45
62 46 49
62 47 42
62 48 88
62 49 27
62 50 27
62 51 84
62 52 72
62 53 91
62 54 30
62 55 63
62 56 52
62 57 43
62 58 32
62 59 30
62 60 49
62 61 36
62 62 18
62 63 51
62 64 38
62 65 59
62 66 96
62 67 25
62 68 61
62 69 90
62 70 81
62 71 4
62 72 77
62 73 83
62 74 54
62 75 54
62 76 86
62 77 67
62 78 15
62 79 38
62 80 26
62 81 2
62 82 41
62 83 79
62 84 26
62 85 65
62 86 10
62 87 73
62 88 18
62 89 66
62 90 42
62 91 100
62 92 52
62 93 78
62 94 82
62 95 3
62 96 53
62 97 26
62 98 81
62 99 41
62 100 102
63 1 81
63 2 86
63 3 86
63 4 69
63 5 25
63 6 74
63 7 46
63 8 55
63 9 67
63 10 87
63 11 72
63 12 19
63 13 46
63 14 106
63 15 60
63 16 60
63 17 52
63 18 73
63 19 50
63 20 48
63 21 64
63 22 38
63 23 24
63 24 86
63 25 83
63 26 81
63 27 97
63 28 41
63 29 94
63 30 53
63 31 91
63 32 94
63 33 14
63 34 78
63 35 64
63 36 76
63 37 88
63 38 31
63 39 98
63 40 48
63 41 72
63 42 77
63 43 40
63 44 43
63 45 53
63 46 70
63 47 41
63 48 105
63 49 44
63 50 56
63 51 91
63 52 93
63 53 102
63 54 31
63 55 78
63 56 55
63 57 38
63 58 2
63 59 3
63 60 66
63 61 58
63 62 48
63 63 61
63 64 58
63 65 35
63 66 32
63 67 63
63 68 58
63 69 8
63 70 44
63 71 82
63 72 67
63 73 34
63 74 51
63 75 36
63 76 66
63 77 39
63 78 75
63 79 51
63 80 63
63 81 86
63 82 53
63 83 50
63 84 71
63 85 23
63 86 81
63 87 79
63 88 90
63 89 26
63 90 53
63 91 15
63 92 38
63 93 64
63 94 59
63 95 89
63 96 60
63 97 84
63 98 61
63 99 59
63 100 30
64 1 28
64 2 66
64 3 72
64 4 56
64 5 47
64 6 88
64 7 10
64 8 24
64 9 19
64 10 40
64 11 25
64 12 45
64 13 51
64 14 79
64 15 14
64 16 52
64 17 74
64 18 45
64 19 6
64 20 80
64 21 92
64 22 28
64 23 45
64 24 41
64 25 27
64 26 53
64 27 72
64 28 47
64 29 70
64 30 36
64 31 48
64 32 63
64 33 57
64 34 86
64 35 17
64 36 21
64 37 46
64 38 36
64 39 60
64 40 38
64 41 70
64 42 79
64 43 29
64 44 18
64 45 33
64 46 60
64 47 25
64 48 76
64 49 50
64 50 72
64 51 48
64 52 74
64 53 62
64 54 36
64 55 53
64 56 26
64 57 23
64 58 55
64 59 59
64 60 51
64 61 59
64 62 71
64 63 88
64 64 30
64 65 25
64 66 44
64 67 56
64 68 46
64 69 11
64 70 32
64 71 76
64 72 73
64 73 43
64 74 52
64 75 34
64 76 54
64 77 44
64 78 67
64 79 43
64 80 55
64 81 80
64 82 51
64 83 57
64 84 68
64 85 15
64 86 76
64 87 84
64 88 82
64 89 28
64 90 43
64 91 21
64 92 37
64 93 70
64 94 47
64 95 83
64 96 61
64 97 82
64 98 68
64 99 59
64 100 42
65 1 81
65 2 8
65 3 16
65 4 21
65 5 97
65 6 56
65 7 68
65 8 42
65 9 81
65 10 38
65 11 43
65 12 91
65 13 45
65 14 17
65 15 77
65 16 31
65 17 60
65 18 20
65 19 66
65 20 73
65 21 73
65 22 85
65 23 95
65 24 33
65 25 71
65 26 11
65 27 8
65 28 49
65 29 6
65 30 37
65 31 30
65 32 9
65 33 79
65 34 47
65 35 79
65 36 74
65 37 29
65 38 90
65 39 21
65 40 41
65 41 32
65 42 38
65 43 88
65 44 77
65 45 38
65 46 23
65 47 53
65 48 17
65 49 46
65 50 53
65 51 30
65 52 12
65 53 26
65 54 59
65 55 12
65 56 41
65 57 58
65 58 88
65 59 89
65 60 23
65 61 36
65 62 60
65 63 69
65 64 34
65 65 42
65 66 109
65 67 34
65 68 64
65 69 101
65 70 86
65 71 18
65 72 91
65 73 97
65 74 68
65 75 67
65 76 88
65 77 81
65 78 23
65 79 47
65 80 35
65 81 13
65 82 55
65 83 93
65 84 41
65 85 75
65 86 24
65 87 87
65 88 12
65 89 79
65 90 49
65 91 111
65 92 66
65 93 92
65 94 85
65 95 12
65 96 68
65 97 38
65 98 95
65 99 56
65 100 115
66 1 78
66 2 11
66 3 20
66 4 22
66 5 96
66 6 59
66 7 66
66 8 40
66 9 78
66 10 35
66 11 40
66 12 90
66 13 46
66 14 18
66 15 75
66 16 32
66 17 62
66 18 18
66 19 64
66 20 75
66 21 76
66 22 84
66 23 94
66 24 29
66 25 68
66 26 8
66 27 10
66 28 50
66 29 8
66 30 36
66 31 27
66 32 6
66 33 79
66 34 50
66 35 77
66 36 71
66 37 25
66 38 89
66 39 18
66 40 41
66 41 35
66 42 41
66 43 86
66 44 75
66 45 37
66 46 25
66 47 52
66 48 16
66 49 47
66 50 55
66 51 26
66 52 16
66 53 22
66 54 59
66 55 11
66 56 39
66 57 57
66 58 88
66 59 89
66 60 24
66 61 38
66 62 62
66 63 71
66 64 33
66 65 44
66 66 53
66 67 32
66 68 72
66 69 82
66 70 85
66 71 24
66 72 50
66 73 63
66 74 32
66 75 40
66 76 96
66 77 47
66 78 33
66 79 41
66 80 35
66 81 29
66 82 23
66 83 55
66 84 5
66 85 59
66 86 17
66 87 46
66 88 44
66 89 51
66 90 49
66 91 91
66 92 38
66 93 52
66 94 91
66 95 29
66 96 28
66 97 9
66 98 55
66 99 19
66 100 84
67 1 96
67 2 48
67 3 44
67 4 34
67 5 71
67 6 23
67 7 65
67 8 48
67 9 87
67 10 75
67 11 66
67 12 64
67 13 18
67 14 68
67 15 81
67 16 27
67 17 6
67 18 48
67 19 66
67 20 18
67 21 24
67 22 72
67 23 70
67 24 70
67 25 91
67 26 52
67 27 59
67 28 22
67 29 57
67 30 36
67 31 73
67 32 62
67 33 37
67 34 27
67 35 84
67 36 89
67 37 70
67 38 71
67 39 72
67 40 32
67 41 26
67 42 27
67 43 74
67 44 69
67 45 39
67 46 31
67 47 44
67 48 70
67 49 19
67 50 5
67 51 73
67 52 52
67 53 77
67 54 36
67 55 48
67 56 47
67 57 47
67 58 51
67 59 50
67 60 34
67 61 18
67 62 6
67 63 19
67 64 49
67 65 12
67 66 18
67 67 64
67 68 66
67 69 82
67 70 81
67 71 16
67 72 58
67 73 67
67 74 37
67 75 41
67 76 90
67 77 51
67 78 25
67 79 36
67 80 29
67 81 21
67 82 25
67 83 61
67 84 7
67 85 57
67 86 9
67 87 54
67 88 36
67 89 53
67 90 44
67 91 91
67 92 39
67 93 59
67 94 86
67 95 21
67 96 35
67 97 11
67 98 62
67 99 23
67 100 87
68 1 52
68 2 90
68 3 93
68 4 75
68 5 14
68 6 95
68 7 25
68 8 48
68 9 37
68 10 74
68 11 58
68 12 16
68 13 59
68 14 107
68 15 31
68 16 68
68 17 75
68 18 71
68 19 29
68 20 76
68 21 91
68 22 7
68 23 12
68 24 74
68 25 57
68 26 80
68 27 98
68 28 53
68 29 96
68 30 55
68 31 81
68 32 92
68 33 43
68 34 96
68 35 34
68 36 49
68 37 79
68 38 3
68 39 92
68 40 52
68 41 85
68 42 92
68 43 7
68 44 17
68 45 53
68 46 78
68 47 37
68 48 105
68 49 57
68 50 77
68 51 81
68 52 98
68 53 95
68 54 37
68 55 78
68 56 49
68 57 33
68 58 32
68 59 36
68 60 71
68 61 71
68 62 71
68 63 88
68 64 56
68 65 76
68 66 55
68 67 39
68 68 89
68 69 18
68 70 57
68 71 90
68 72 63
68 73 28
68 74 52
68 75 41
68 76 78
68 77 38
68 78 84
68 79 61
68 80 72
68 81 94
68 82 57
68 83 45
68 84 76
68 85 34
68 86 88
68 87 76
68 88 99
68 89 29
68 90 64
68 91 18
68 92 43
68 93 59
68 94 72
68 95 97
68 96 60
68 97 89
68 98 56
68 99 62
68 100 17
69 1 51
69 2 76
69 3 79
69 4 61
69 5 22
69 6 82
69 7 17
69 8 35
69 9 37
69 10 64
69 11 48
69 12 18
69 13 45
69 14 93
69 15 30
69 16 53
69 17 63
69 18 57
69 19 21
69 20 65
69 21 79
69 22 13
69 23 20
69 24 63
69 25 53
69 26 67
69 27 85
69 28 40
69 29 82
69 30 40
69 31 69
69 32 78
69 33 34
69 34 82
69 35 34
69 36 46
69 37 67
69 38 14
69 39 79
69 40 38
69 41 71
69 42 78
69 43 15
69 44 14
69 45 39
69 46 64
69 47 23
69 48 91
69 49 43
69 50 64
69 51 70
69 52 84
69 53 83
69 54 23
69 55 64
69 56 36
69 57 19
69 58 28
69 59 32
69 60 57
69 61 57
69 62 59
69 63 76
69 64 43
69 65 62
69 66 42
69 67 30
69 68 74
69 69 20
69 70 16
69 71 65
69 72 98
69 73 77
69 74 71
69 75 52
69 76 21
69 77 70
69 78 52
69 79 34
69 80 42
69 81 66
69 82 62
69 83 87
69 84 70
69 85 35
69 86 69
69 87 105
69 88 60
69 89 55
69 90 26
69 91 58
69 92 54
69 93 96
69 94 16
69 95 70
69 96 78
69 97 81
69 98 96
69 99 69
69 100 81
70 1 91
70 2 7
70 3 10
70 4 23
70 5 103
70 6 50
70 7 76
70 8 49
70 9 90
70 10 48
70 11 52
70 12 96
70 13 47
70 14 15
70 15 86
70 16 33
70 17 58
70 18 28
70 19 74
70 20 71
70 21 69
70 22 93
70 23 101
70 24 43
70 25 81
70 26 20
70 27 8
70 28 52
70 29 6
70 30 42
70 31 40
70 32 17
70 33 81
70 34 41
70 35 88
70 36 84
70 37 39
70 38 97
70 39 30
70 40 46
70 41 28
70 42 32
70 43 95
70 44 85
70 45 44
70 46 23
70 47 60
70 48 18
70 49 48
70 50 50
70 51 39
70 52 3
70 53 33
70 54 63
70 55 20
70 56 48
70 57 64
70 58 92
70 59 93
70 60 26
70 61 37
70 62 59
70 63 65
70 64 42
70 65 41
70 66 54
70 67 65
70 68 32
70 69 81
70 70 89
70 71 45
70 72 86
70 73 72
70 74 58
70 75 42
70 76 39
70 77 62
70 78 32
70 79 17
70 80 23
70 81 46
70 82 47
70 83 78
70 84 52
70 85 33
70 86 49
70 87 91
70 88 42
70 89 49
70 90 8
70 91 65
70 92 43
70 93 85
70 94 35
70 95 50
70 96 65
70 97 62
70 98 86
70 99 54
70 100 82
71 1 11
71 2 83
71 3 91
71 4 78
71 5 76
71 6 116
71 7 43
71 8 51
71 9 25
71 10 41
71 11 37
71 12 75
71 13 81
71 14 89
71 15 31
71 16 78
71 17 105
71 18 63
71 19 39
71 20 112
71 21 123
71 22 55
71 23 74
71 24 46
71 25 8
71 26 68
71 27 84
71 28 79
71 29 83
71 30 64
71 31 51
71 32 73
71 33 91
71 34 112
71 35 28
71 36 13
71 37 51
71 38 64
71 39 65
71 40 67
71 41 95
71 42 104
71 43 55
71 44 47
71 45 61
71 46 83
71 47 58
71 48 84
71 49 80
71 50 102
71 51 51
71 52 90
71 53 64
71 54 69
71 55 70
71 56 52
71 57 56
71 58 88
71 59 91
71 60 74
71 61 86
71 62 102
71 63 118
71 64 52
71 65 94
71 66 83
71 67 36
71 68 100
71 69 39
71 70 17
71 71 87
71 72 38
71 73 24
71 74 15
71 75 9
71 76 80
71 77 11
71 78 53
71 79 36
71 80 44
71 81 60
71 82 20
71 83 27
71 84 39
71 85 28
71 86 52
71 87 47
71 88 69
71 89 10
71 90 44
71 91 50
71 92 8
71 93 36
71 94 74
71 95 63
71 96 24
71 97 51
71 98 36
71 99 25
71 100 42
72 1 91
72 2 70
72 3 68
72 4 54
72 5 48
72 6 50
72 7 56
72 8 52
72 9 78
72 10 84
72 11 71
72 12 41
72 13 30
72 14 91
72 15 71
72 16 44
72 17 28
72 18 63
72 19 58
72 20 23
72 21 39
72 22 55
72 23 47
72 24 81
72 25 89
72 26 70
72 27 82
72 28 27
72 29 79
72 30 44
72 31 85
72 32 82
72 33 11
72 34 55
72 35 75
72 36 84
72 37 82
72 38 51
72 39 89
72 40 38
72 41 52
72 42 55
72 43 57
72 44 56
72 45 45
72 46 53
72 47 40
72 48 92
72 49 29
72 50 33
72 51 85
72 52 76
72 53 93
72 54 28
72 55 66
72 56 51
72 57 41
72 58 25
72 59 23
72 60 52
72 61 40
72 62 24
72 63 37
72 64 57
72 65 39
72 66 23
72 67 61
72 68 53
72 69 61
72 70 85
72 71 61
72 72 69
72 73 41
72 74 62
72 75 47
72 76 69
72 77 49
72 78 86
72 79 62
72 80 74
72 81 98
72 82 65
72 83 58
72 84 83
72 85 34
72 86 93
72 87 89
72 88 101
72 89 37
72 90 63
72 91 4
72 92 50
72 93 73
72 94 63
72 95 101
72 96 71
72 97 96
72 98 69
72 99 71
72 100 30
73 1 86
73 2 20
73 3 26
73 4 35
73 5 109
73 6 66
73 7 78
73 8 53
73 9 88
73 10 40
73 11 49
73 12 103
73 13 59
73 14 8
73 15 85
73 16 44
73 17 73
73 18 31
73 19 75
73 20 86
73 21 85
73 22 96
73 23 107
73 24 36
73 25 75
73 26 21
73 27 9
73 28 63
73 29 11
73 30 49
73 31 31
73 32 10
73 33 92
73 34 57
73 35 87
73 36 80
73 37 31
73 38 101
73 39 17
73 40 54
73 41 44
73 42 48
73 43 98
73 44 87
73 45 50
73 46 37
73 47 65
73 48 4
73 49 60
73 50 65
73 51 30
73 52 19
73 53 20
73 54 72
73 55 24
73 56 52
73 57 69
73 58 101
73 59 102
73 60 36
73 61 50
73 62 73
73 63 81
73 64 45
73 65 55
73 66 65
73 67 65
73 68 47
73 69 82
73 70 86
73 71 30
73 72 28
73 73 76
73 74 68
73 75 52
73 76 35
73 77 72
73 78 36
73 79 27
73 80 29
73 81 49
73 82 56
73 83 89
73 84 59
73 85 43
73 86 54
73 87 100
73 88 41
73 89 60
73 90 18
73 91 73
73 92 54
73 93 96
73 94 32
73 95 53
73 96 74
73 97 69
73 98 96
73 99 63
73 100 91
74 1 67
74 2 27
74 3 30
74 4 13
74 5 69
74 6 50
74 7 44
74 8 18
74 9 61
74 10 38
74 11 31
74 12 63
74 13 21
74 14 45
74 15 56
74 16 11
74 17 43
74 18 13
74 19 43
74 20 54
74 21 60
74 22 59
74 23 67
74 24 34
74 25 59
74 26 21
74 27 36
74 28 23
74 29 33
74 30 9
74 31 36
74 32 33
74 33 52
74 34 45
74 35 59
74 36 59
74 37 34
74 38 63
74 39 39
74 40 13
74 41 28
74 42 37
74 43 62
74 44 52
74 45 11
74 46 17
74 47 26
74 48 44
74 49 21
74 50 38
74 51 36
74 52 35
74 53 43
74 54 31
74 55 17
74 56 17
74 57 31
74 58 60
74 59 62
74 60 9
74 61 20
74 62 42
74 63 55
74 64 14
74 65 29
74 66 27
74 67 36
74 68 34
74 69 50
74 70 63
74 71 24
74 72 33
74 73 41
74 74 28
74 75 61
74 76 18
74 77 80
74 78 53
74 79 40
74 80 45
74 81 67
74 82 69
74 83 96
74 84 75
74 85 45
74 86 71
74 87 112
74 88 58
74 89 65
74 90 31
74 91 68
74 92 63
74 93 105
74 94 15
74 95 71
74 96 86
74 97 85
74 98 105
74 99 76
74 100 92
75 1 37
75 2 72
75 3 76
75 4 58
75 5 34
75 6 86
75 7 3
75 8 29
75 9 24
75 10 51
75 11 36
75 12 32
75 13 48
75 14 87
75 15 17
75 16 53
75 17 70
75 18 51
75 19 7
75 20 74
75 21 87
75 22 16
75 23 33
75 24 52
75 25 38
75 26 60
75 27 79
75 28 44
75 29 76
75 30 38
75 31 58
75 32 71
75 33 47
75 34 85
75 35 21
75 36 31
75 37 56
75 38 24
75 39 70
75 40 37
75 41 71
75 42 79
75 43 18
75 44 7
75 45 35
75 46 62
75 47 22
75 48 84
75 49 47
75 50 69
75 51 59
75 52 79
75 53 72
75 54 29
75 55 58
75 56 30
75 57 18
75 58 43
75 59 47
75 60 54
75 61 58
75 62 66
75 63 83
75 64 36
75 65 65
75 66 47
75 67 17
75 68 76
75 69 6
75 70 30
75 71 69
75 72 79
75 73 5
75 74 72
75 75 39
75 76 63
75 77 52
75 78 13
75 79 12
75 80 2
75 81 26
75 82 30
75 83 67
75 84 29
75 85 39
75 86 26
75 87 73
75 88 28
75 89 46
75 90 17
75 91 75
75 92 34
75 93 71
75 94 58
75 95 30
75 96 48
75 97 39
75 98 73
75 99 35
75 100 82
76 1 63
76 2 61
76 3 62
76 4 45
76 5 36
76 6 62
76 7 28
76 8 28
76 9 51
76 10 61
76 11 46
76 12 29
76 13 25
76 14 80
76 15 44
76 16 36
76 17 43
76 18 46
76 19 31
76 20 46
76 21 60
76 22 33
76 23 34
76 24 58
76 25 62
76 26 55
76 27 71
76 28 20
76 29 68
76 30 26
76 31 64
76 32 67
76 33 23
76 34 62
76 35 48
76 36 57
76 37 61
76 38 33
76 39 71
76 40 22
76 41 52
76 42 58
76 43 35
76 44 31
76 45 26
76 46 46
76 47 14
76 48 79
76 49 24
76 50 43
76 51 64
76 52 68
76 53 75
76 54 4
76 55 51
76 56 28
76 57 13
76 58 26
76 59 29
76 60 41
76 61 38
76 62 39
76 63 56
76 64 35
76 65 42
76 66 21
76 67 34
76 68 55
76 69 34
76 70 57
76 71 55
76 72 65
76 73 26
76 74 54
76 75 12
76 76 37
76 77 12
76 78 60
76 79 40
76 80 49
76 81 68
76 82 28
76 83 27
76 84 47
76 85 25
76 86 60
76 87 52
76 88 76
76 89 4
76 90 47
76 91 43
76 92 15
76 93 39
76 94 72
76 95 70
76 96 32
76 97 60
76 98 38
76 99 33
76 100 35
77 1 25
77 2 72
77 3 78
77 4 61
77 5 45
77 6 93
77 7 10
77 8 30
77 9 14
77 10 45
77 11 30
77 12 43
77 13 55
77 14 85
77 15 8
77 16 57
77 17 78
77 18 50
77 19 8
77 20 84
77 21 96
77 22 25
77 23 43
77 24 46
77 25 26
77 26 59
77 27 78
77 28 52
77 29 75
77 30 42
77 31 53
77 32 69
77 33 59
77 34 91
77 35 11
77 36 19
77 37 51
77 38 34
77 39 66
77 40 43
77 41 76
77 42 84
77 43 26
77 44 15
77 45 39
77 46 66
77 47 29
77 48 81
77 49 54
77 50 76
77 51 53
77 52 80
77 53 67
77 54 39
77 55 58
77 56 31
77 57 26
77 58 55
77 59 59
77 60 57
77 61 64
77 62 75
77 63 92
77 64 36
77 65 71
77 66 55
77 67 13
77 68 81
77 69 7
77 70 19
77 71 72
77 72 81
77 73 13
77 74 76
77 75 49
77 76 21
77 77 100
77 78 66
77 79 50
77 80 57
77 81 80
77 82 78
77 83 101
77 84 86
77 85 49
77 86 84
77 87 120
77 88 72
77 89 70
77 90 42
77 91 64
77 92 70
77 93 111
77 94 3
77 95 84
77 96 94
77 97 97
77 98 111
77 99 85
77 100 92
78 1 106
78 2 70
78 3 66
78 4 55
78 5 66
78 6 37
78 7 71
78 8 63
78 9 95
78 10 93
78 11 82
78 12 59
78 13 34
78 14 90
78 15 87
78 16 47
78 17 18
78 18 68
78 19 74
78 20 7
78 21 22
78 22 73
78 23 65
78 24 89
78 25 103
78 26 73
78 27 82
78 28 34
78 29 79
78 30 52
78 31 92
78 32 84
78 33 29
78 34 45
78 35 91
78 36 99
78 37 89
78 38 69
78 39 93
78 40 47
78 41 48
78 42 48
78 43 75
78 44 73
78 45 54
78 46 53
78 47 53
78 48 92
78 49 34
78 50 25
78 51 92
78 52 74
78 53 97
78 54 42
78 55 69
78 56 62
78 57 55
78 58 42
78 59 40
78 60 55
78 61 40
78 62 16
78 63 21
78 64 66
78 65 35
78 66 30
78 67 75
78 68 46
78 69 77
78 70 100
78 71 59
78 72 66
78 73 69
78 74 53
78 75 32
78 76 76
78 77 27
78 78 86
78 79 47
78 80 55
78 81 71
78 82 29
78 83 18
78 84 47
78 85 35
78 86 62
78 87 44
78 88 80
78 89 14
78 90 55
78 91 49
78 92 19
78 93 30
78 94 81
78 95 73
78 96 27
78 97 59
78 98 28
78 99 32
78 100 33
79 1 94
79 2 73
79 3 71
79 4 57
79 5 49
79 6 50
79 7 59
79 8 56
79 9 82
79 10 88
79 11 75
79 12 43
79 13 33
79 14 94
79 15 75
79 16 48
79 17 29
79 18 66
79 19 62
79 20 22
79 21 38
79 22 58
79 23 49
79 24 85
79 25 93
79 26 73
79 27 85
79 28 30
79 29 82
79 30 48
79 31 89
79 32 85
79 33 13
79 34 56
79 35 79
79 36 88
79 37 86
79 38 53
79 39 92
79 40 42
79 41 54
79 42 57
79 43 60
79 44 60
79 45 49
79 46 56
79 47 44
79 48 95
79 49 32
79 50 34
79 51 89
79 52 79
79 53 97
79 54 32
79 55 69
79 56 55
79 57 45
79 58 26
79 59 24
79 60 55
79 61 43
79 62 25
79 63 36
79 64 60
79 65 41
79 66 26
79 67 65
79 68 55
79 69 64
79 70 88
79 71 64
79 72 72
79 73 57
79 74 59
79 75 23
79 76 67
79 77 43
79 78 79
79 79 55
79 80 59
79 81 68
79 82 28
79 83 13
79 84 41
79 85 51
79 86 57
79 87 25
79 88 80
79 89 31
79 90 64
79 91 68
79 92 29
79 93 14
79 94 97
79 95 69
79 96 14
79 97 49
79 98 15
79 99 25
79 100 49
80 1 86
80 2 6
80 3 7
80 4 12
80 5 92
80 6 43
80 7 67
80 8 41
80 9 83
80 10 47
80 11 48
80 12 86
80 13 36
80 14 26
80 15 79
80 16 22
80 17 47
80 18 22
80 19 66
80 20 60
80 21 60
80 22 83
80 23 91
80 24 41
80 25 77
80 26 17
80 27 17
80 28 41
80 29 15
80 30 32
80 31 40
80 32 22
80 33 70
80 34 34
80 35 81
80 36 79
80 37 39
80 38 87
80 39 34
80 40 36
80 41 19
80 42 25
80 43 85
80 44 76
80 45 35
80 46 12
80 47 50
80 48 28
80 49 37
80 50 40
80 51 40
80 52 11
80 53 38
80 54 53
80 55 15
80 56 40
80 57 54
80 58 80
80 59 81
80 60 16
80 61 25
80 62 48
80 63 56
80 64 35
80 65 30
80 66 43
80 67 58
80 68 23
80 69 73
80 70 84
80 71 5
80 72 10
80 73 65
80 74 14
80 75 52
80 76 51
80 77 61
80 78 53
80 79 13
80 80 67
80 81 34
80 82 37
80 83 72
80 84 39
80 85 36
80 86 36
80 87 80
80 88 32
80 89 46
80 90 8
80 91 71
80 92 37
80 93 77
80 94 48
80 95 38
80 96 55
80 97 49
80 98 78
80 99 43
80 100 81
81 1 84
81 2 11
81 3 18
81 4 26
81 5 102
81 6 59
81 7 72
81 8 46
81 9 84
81 10 40
81 11 46
81 12 96
81 13 50
81 14 12
81 15 81
81 16 35
81 17 64
81 18 24
81 19 70
81 20 77
81 21 77
81 22 90
81 23 100
81 24 34
81 25 73
81 26 14
81 27 5
81 28 54
81 29 3
81 30 41
81 31 31
81 32 8
81 33 84
81 34 49
81 35 83
81 36 77
81 37 30
81 38 95
81 39 20
81 40 46
81 41 35
81 42 41
81 43 92
81 44 81
81 45 43
81 46 28
81 47 58
81 48 12
81 49 51
81 50 57
81 51 30
81 52 13
81 53 24
81 54 64
81 55 17
81 56 45
81 57 62
81 58 93
81 59 94
81 60 28
81 61 41
81 62 65
81 63 72
81 64 38
81 65 46
81 66 57
81 67 60
81 68 39
81 69 77
81 70 83
81 71 22
81 72 21
81 73 70
81 74 30
81 75 65
81 76 52
81 77 77
81 78 50
81 79 29
81 80 75
81 81 83
81 82 66
81 83 83
81 84 78
81 85 31
81 86 81
81 87 106
81 88 76
81 89 52
81 90 39
81 91 42
81 92 55
81 93 95
81 94 19
81 95 84
81 96 81
81 97 91
81 98 94
81 99 74
81 100 70
82 1 56
82 2 64
82 3 67
82 4 49
82 5 32
82 6 69
82 7 20
82 8 26
82 9 43
82 10 58
82 11 42
82 12 26
82 13 32
82 14 82
82 15 36
82 16 41
82 17 51
82 18 47
82 19 23
82 20 54
82 21 68
82 22 25
82 23 30
82 24 56
82 25 55
82 26 56
82 27 74
82 28 27
82 29 71
82 30 29
82 31 62
82 32 68
82 33 29
82 34 70
82 35 40
82 36 49
82 37 60
82 38 26
82 39 71
82 40 25
82 41 58
82 42 65
82 43 28
82 44 22
82 45 27
82 46 51
82 47 12
82 48 81
82 49 31
82 50 51
82 51 63
82 52 72
82 53 74
82 54 11
82 55 53
82 56 27
82 57 9
82 58 28
82 59 32
82 60 45
82 61 44
82 62 47
82 63 64
82 64 34
82 65 49
82 66 29
82 67 28
82 68 62
82 69 26
82 70 49
82 71 59
82 72 69
82 73 18
82 74 60
82 75 20
82 76 33
82 77 73
82 78 45
82 79 50
82 80 8
82 81 44
82 82 39
82 83 69
82 84 22
82 85 49
82 86 15
82 87 69
82 88 23
82 89 52
82 90 28
82 91 84
82 92 39
82 93 70
82 94 69
82 95 19
82 96 46
82 97 30
82 98 73
82 99 33
82 100 88
83 1 42
83 2 49
83 3 55
83 4 38
83 5 54
83 6 73
83 7 21
83 8 7
83 9 36
83 10 32
83 11 16
83 12 50
83 13 37
83 14 64
83 15 31
83 16 35
83 17 61
83 18 28
83 19 18
83 20 69
83 21 79
83 22 39
83 23 52
83 24 31
83 25 36
83 26 37
83 27 56
83 28 35
83 29 53
83 30 20
83 31 37
83 32 48
83 33 52
83 34 69
83 35 34
83 36 35
83 37 35
83 38 45
83 39 47
83 40 23
83 41 53
83 42 62
83 43 41
83 44 30
83 45 17
83 46 43
83 47 16
83 48 61
83 49 36
83 50 57
83 51 37
83 52 57
83 53 50
83 54 28
83 55 36
83 56 9
83 57 17
83 58 54
83 59 57
83 60 34
83 61 43
83 62 58
83 63 74
83 64 13
83 65 51
83 66 39
83 67 10
83 68 59
83 69 26
83 70 38
83 71 49
83 72 58
83 73 19
83 74 53
83 75 36
83 76 8
83 77 82
83 78 20
83 79 41
83 80 27
83 81 35
83 82 53
83 83 54
83 84 6
83 85 55
83 86 22
83 87 42
83 88 48
83 89 46
83 90 48
83 91 85
83 92 32
83 93 46
83 94 89
83 95 34
83 96 22
83 97 15
83 98 50
83 99 12
83 100 78
84 1 68
84 2 45
84 3 46
84 4 28
84 5 52
84 6 49
84 7 36
84 8 21
84 9 58
84 10 52
84 11 40
84 12 45
84 13 11
84 14 64
84 15 52
84 16 19
84 17 34
84 18 32
84 19 37
84 20 42
84 21 52
84 22 47
84 23 51
84 24 49
84 25 63
84 26 40
84 27 55
84 28 8
84 29 52
84 30 13
84 31 53
84 32 52
84 33 32
84 34 48
84 35 56
84 36 60
84 37 51
84 38 48
84 39 58
84 40 7
84 41 36
84 42 43
84 43 49
84 44 42
84 45 14
84 46 30
84 47 15
84 48 64
84 49 10
84 50 32
84 51 54
84 52 52
84 53 62
84 54 12
84 55 36
84 56 21
84 57 19
84 58 40
84 59 42
84 60 25
84 61 22
84 62 31
84 63 48
84 64 25
84 65 28
84 66 12
84 67 35
84 68 40
84 69 43
84 70 63
84 71 38
84 72 48
84 73 33
84 74 38
84 75 13
84 76 35
84 77 56
84 78 45
84 79 28
84 80 29
84 81 59
84 82 26
84 83 61
84 84 53
84 85 10
84 86 67
84 87 73
84 88 76
84 89 17
84 90 39
84 91 28
84 92 26
84 93 59
84 94 54
84 95 75
84 96 50
84 97 71
84 98 58
84 99 48
84 100 39
85 1 86
85 2 28
85 3 35
85 4 43
85 5 114
85 6 75
85 7 82
85 8 57
85 9 89
85 10 40
85 11 51
85 12 108
85 13 66
85 14 13
85 15 88
85 16 52
85 17 81
85 18 36
85 19 78
85 20 94
85 21 94
85 22 100
85 23 112
85 24 36
85 25 75
85 26 27
85 27 18
85 28 70
85 29 20
85 30 56
85 31 30
85 32 15
85 33 99
85 34 66
85 35 89
85 36 80
85 37 31
85 38 106
85 39 16
85 40 61
85 41 53
85 42 57
85 43 102
85 44 91
85 45 56
85 46 45
85 47 71
85 48 8
85 49 67
85 50 74
85 51 29
85 52 28
85 53 16
85 54 78
85 55 31
85 56 57
85 57 75
85 58 107
85 59 109
85 60 44
85 61 58
85 62 82
85 63 90
85 64 49
85 65 64
85 66 73
85 67 68
85 68 56
85 69 86
85 70 86
85 71 39
85 72 37
85 73 80
85 74 48
85 75 80
85 76 60
85 77 94
85 78 54
85 79 46
85 80 87
85 81 88
85 82 85
85 83 7
85 84 118
85 85 47
85 86 20
85 87 77
85 88 16
85 89 57
85 90 27
85 91 88
85 92 45
85 93 78
85 94 66
85 95 19
85 96 54
85 97 36
85 98 80
85 99 41
85 100 94
86 1 84
86 2 93
86 3 93
86 4 76
86 5 24
86 6 80
86 7 51
86 8 61
86 9 70
86 10 93
86 11 78
86 12 19
86 13 53
86 14 113
86 15 63
86 16 67
86 17 58
86 18 79
86 19 55
86 20 52
86 21 68
86 22 41
86 23 24
86 24 92
86 25 87
86 26 88
86 27 104
86 28 48
86 29 101
86 30 60
86 31 97
86 32 101
86 33 20
86 34 84
86 35 67
86 36 80
86 37 95
86 38 32
86 39 105
86 40 55
86 41 79
86 42 83
86 43 42
86 44 47
86 45 60
86 46 77
86 47 47
86 48 112
86 49 51
86 50 62
86 51 98
86 52 100
86 53 109
86 54 38
86 55 85
86 56 62
86 57 44
86 58 8
86 59 7
86 60 73
86 61 65
86 62 54
86 63 66
86 64 69
86 65 66
86 66 46
86 67 62
86 68 80
86 69 54
86 70 78
86 71 85
86 72 95
86 73 50
86 74 82
86 75 36
86 76 68
86 77 74
86 78 80
86 79 75
86 80 36
86 81 71
86 82 43
86 83 109
86 84 13
86 85 75
86 86 27
86 87 82
86 88 117
86 89 44
86 90 82
86 91 29
86 92 58
86 93 64
86 94 88
86 95 113
86 96 71
86 97 103
86 98 60
86 99 76
86 100 12
87 1 38
87 2 50
87 3 57
87 4 46
87 5 75
87 6 86
87 7 38
87 8 26
87 9 40
87 10 11
87 11 7
87 12 71
87 13 55
87 14 56
87 15 39
87 16 48
87 17 79
87 18 30
87 19 34
87 20 88
87 21 96
87 22 57
87 23 73
87 24 14
87 25 27
87 26 35
87 27 51
87 28 54
87 29 49
87 30 36
87 31 20
87 32 40
87 33 75
87 34 80
87 35 40
87 36 31
87 37 19
87 38 65
87 39 34
87 40 41
87 41 63
87 42 72
87 43 58
87 44 47
87 45 34
87 46 51
87 47 39
87 48 52
87 49 54
87 50 74
87 51 21
87 52 57
87 53 35
87 54 51
87 55 36
87 56 27
87 57 40
87 58 77
87 59 81
87 60 43
87 61 57
87 62 77
87 63 91
87 64 23
87 65 65
87 66 59
87 67 24
87 68 69
87 69 40
87 70 37
87 71 54
87 72 61
87 73 37
87 74 61
87 75 59
87 76 17
87 77 99
87 78 5
87 79 50
87 80 49
87 81 39
87 82 74
87 83 43
87 84 83
87 85 51
87 86 58
87 87 48
87 88 46
87 89 43
87 90 44
87 91 82
87 92 29
87 93 47
87 94 85
87 95 33
87 96 23
87 97 17
87 98 50
87 99 11
87 100 76
88 1 23
88 2 76
88 3 82
88 4 65
88 5 44
88 6 97
88 7 12
88 8 34
88 9 11
88 10 48
88 11 33
88 12 43
88 13 59
88 14 89
88 15 4
88 16 61
88 17 81
88 18 54
88 19 11
88 20 86
88 21 99
88 22 24
88 23 43
88 24 50
88 25 26
88 26 63
88 27 82
88 28 55
88 29 79
88 30 46
88 31 56
88 32 72
88 33 61
88 34 94
88 35 8
88 36 18
88 37 54
88 38 33
88 39 69
88 40 46
88 41 80
88 42 88
88 43 24
88 44 15
88 45 43
88 46 70
88 47 33
88 48 85
88 49 58
88 50 80
88 51 57
88 52 84
88 53 71
88 54 42
88 55 62
88 56 35
88 57 29
88 58 56
88 59 60
88 60 61
88 61 68
88 62 78
88 63 95
88 64 40
88 65 75
88 66 59
88 67 17
88 68 84
88 69 8
88 70 17
88 71 75
88 72 85
88 73 15
88 74 80
88 75 52
88 76 25
88 77 103
88 78 31
88 79 68
88 80 27
88 81 11
88 82 71
88 83 77
88 84 55
88 85 68
88 86 37
88 87 28
88 88 40
88 89 36
88 90 11
88 91 53
88 92 32
88 93 74
88 94 38
88 95 55
88 96 56
88 97 61
88 98 74
88 99 46
88 100 68
89 1 76
89 2 43
89 3 42
89 4 26
89 5 58
89 6 41
89 7 45
89 8 29
89 9 67
89 10 58
89 11 47
89 12 51
89 13 3
89 14 63
89 15 61
89 16 16
89 17 26
89 18 34
89 19 46
89 20 34
89 21 44
89 22 55
89 23 57
89 24 54
89 25 71
89 26 41
89 27 54
89 28 3
89 29 51
89 30 18
89 31 57
89 32 53
89 33 32
89 34 40
89 35 64
89 36 69
89 37 55
89 38 55
89 39 60
89 40 13
89 41 29
89 42 36
89 43 57
89 44 51
89 45 20
89 46 26
89 47 24
89 48 63
89 49 1
89 50 23
89 51 58
89 52 49
89 53 65
89 54 19
89 55 37
89 56 28
89 57 28
89 58 43
89 59 44
89 60 24
89 61 15
89 62 23
89 63 39
89 64 31
89 65 20
89 66 6
89 67 44
89 68 33
89 69 52
89 70 71
89 71 34
89 72 44
89 73 42
89 74 32
89 75 14
89 76 43
89 77 47
89 78 52
89 79 25
89 80 37
89 81 67
89 82 20
89 83 62
89 84 58
89 85 24
89 86 35
89 87 34
89 88 17
89 89 33
89 90 36
89 91 67
89 92 14
89 93 43
89 94 75
89 95 43
89 96 20
89 97 33
89 98 45
89 99 10
89 100 62
90 1 100
90 2 49
90 3 45
90 4 36
90 5 74
90 6 20
90 7 68
90 8 52
90 9 91
90 10 78
90 11 70
90 12 67
90 13 22
90 14 69
90 15 84
90 16 29
90 17 4
90 18 51
90 19 70
90 20 17
90 21 20
90 22 76
90 23 73
90 24 73
90 25 95
90 26 55
90 27 61
90 28 25
90 29 58
90 30 40
90 31 75
90 32 64
90 33 40
90 34 25
90 35 88
90 36 93
90 37 73
90 38 74
90 39 74
90 40 36
90 41 26
90 42 26
90 43 78
90 44 73
90 45 42
90 46 33
90 47 48
90 48 71
90 49 23
90 50 4
90 51 75
90 52 53
90 53 79
90 54 40
90 55 50
90 56 51
90 57 51
90 58 54
90 59 53
90 60 37
90 61 21
90 62 6
90 63 16
90 64 53
90 65 14
90 66 22
90 67 68
90 68 25
90 69 75
90 70 95
90 71 38
90 72 44
90 73 65
90 74 31
90 75 31
90 76 66
90 77 23
90 78 75
90 79 32
90 80 58
90 81 91
90 82 16
90 83 73
90 84 70
90 85 31
90 86 54
90 87 56
90 88 40
90 89 16
90 90 42
90 91 70
90 92 21
90 93 55
90 94 67
90 95 35
90 96 32
90 97 32
90 98 57
90 99 20
90 100 70
91 1 110
91 2 35
91 3 27
91 4 32
91 5 98
91 6 14
91 7 84
91 8 61
91 9 104
91 10 76
91 11 73
91 12 91
91 13 38
91 14 51
91 15 98
91 16 33
91 17 31
91 18 48
91 19 83
91 20 42
91 21 35
91 22 95
91 23 96
91 24 71
91 25 102
91 26 47
91 27 44
91 28 43
91 29 43
91 30 48
91 31 70
91 32 52
91 33 66
91 34 4
91 35 101
91 36 102
91 37 68
91 38 96
91 39 64
91 40 48
91 41 15
91 42 6
91 43 98
91 44 90
91 45 51
91 46 27
91 47 63
91 48 54
91 49 40
91 50 25
91 51 70
91 52 34
91 53 68
91 54 60
91 55 44
91 56 59
91 57 67
91 58 80
91 59 79
91 60 35
91 61 27
91 62 34
91 63 32
91 64 57
91 65 21
91 66 42
91 67 78
91 68 9
91 69 90
91 70 106
91 71 26
91 72 25
91 73 81
91 74 17
91 75 53
91 76 74
91 77 34
91 78 79
91 79 28
91 80 77
91 81 103
91 82 43
91 83 60
91 84 96
91 85 27
91 86 75
91 87 74
91 88 55
91 89 11
91 90 62
91 91 29
91 92 29
91 93 53
91 94 65
91 95 82
91 96 49
91 97 75
91 98 51
91 99 49
91 100 27
92 1 81
92 2 32
92 3 30
92 4 16
92 5 70
92 6 33
92 7 54
92 8 32
92 9 74
92 10 56
92 11 48
92 12 63
92 13 10
92 14 53
92 15 68
92 16 7
92 17 25
92 18 29
92 19 54
92 20 37
92 21 42
92 22 65
92 23 68
92 24 51
92 25 75
92 26 34
92 27 43
92 28 15
92 29 41
92 30 19
92 31 53
92 32 44
92 33 44
92 34 30
92 35 72
92 36 74
92 37 51
92 38 67
92 39 53
92 40 18
92 41 18
92 42 25
92 43 68
92 44 60
92 45 22
92 46 15
92 47 33
92 48 53
92 49 11
92 50 20
92 51 53
92 52 38
92 53 58
92 54 30
92 55 29
92 56 31
92 57 37
92 58 55
92 59 56
92 60 15
92 61 4
92 62 25
92 63 38
92 64 31
92 65 11
92 66 16
92 67 49
92 68 21
92 69 60
92 70 77
92 71 23
92 72 32
92 73 50
92 74 20
92 75 27
92 76 46
92 77 45
92 78 54
92 79 13
92 80 48
92 81 74
92 82 27
92 83 53
92 84 70
92 85 12
92 86 47
92 87 44
92 88 25
92 89 25
92 90 33
92 91 26
92 92 38
92 93 98
92 94 16
92 95 85
92 96 84
92 97 93
92 98 97
92 99 77
92 100 74
93 1 97
93 2 50
93 3 46
93 4 36
93 5 70
93 6 24
93 7 65
93 8 49
93 9 87
93 10 77
93 11 67
93 12 62
93 13 19
93 14 71
93 15 81
93 16 29
93 17 5
93 18 50
93 19 66
93 20 16
93 21 23
93 22 72
93 23 69
93 24 72
93 25 92
93 26 55
93 27 62
93 28 22
93 29 59
93 30 38
93 31 74
93 32 65
93 33 36
93 34 29
93 35 84
93 36 90
93 37 72
93 38 70
93 39 74
93 40 33
93 41 28
93 42 29
93 43 74
93 44 69
93 45 40
93 46 33
93 47 44
93 48 72
93 49 20
93 50 7
93 51 74
93 52 54
93 53 79
93 54 36
93 55 50
93 56 48
93 57 48
93 58 49
93 59 49
93 60 36
93 61 20
93 62 4
93 63 18
93 64 51
93 65 15
93 66 18
93 67 65
93 68 27
93 69 71
93 70 92
93 71 40
93 72 46
93 73 62
93 74 33
93 75 27
93 76 63
93 77 27
93 78 73
93 79 33
93 80 54
93 81 88
93 82 12
93 83 74
93 84 66
93 85 31
93 86 49
93 87 52
93 88 37
93 89 20
93 90 38
93 91 6
93 92 55
93 93 26
93 94 92
93 95 74
93 96 21
93 97 56
93 98 17
93 99 30
93 100 39
94 1 100
94 2 14
94 3 9
94 4 27
94 5 106
94 6 42
94 7 83
94 8 56
94 9 98
94 10 59
94 11 62
94 12 100
94 13 48
94 14 23
94 15 94
94 16 35
94 17 54
94 18 36
94 19 81
94 20 67
94 21 63
94 22 98
94 23 105
94 24 53
94 25 91
94 26 30
94 27 18
94 28 53
94 29 18
94 30 47
94 31 51
94 32 29
94 33 82
94 34 32
94 35 96
94 36 93
94 37 50
94 38 102
94 39 41
94 40 50
94 41 24
94 42 25
94 43 100
94 44 91
94 45 50
94 46 24
94 47 65
94 48 27
94 49 49
94 50 46
94 51 50
94 52 8
94 53 45
94 54 67
94 55 29
94 56 55
94 57 69
94 58 93
94 59 94
94 60 31
94 61 36
94 62 55
94 63 59
94 64 50
94 65 37
94 66 54
94 67 73
94 68 25
94 69 88
94 70 98
94 71 16
94 72 6
94 73 80
94 74 19
94 75 64
94 76 66
94 77 62
94 78 67
94 79 26
94 80 82
94 81 97
94 82 62
94 83 34
94 84 107
94 85 26
94 86 83
94 87 78
94 88 58
94 89 37
94 90 69
94 91 53
94 92 9
94 93 32
94 94 38
94 95 8
94 96 47
94 97 19
94 98 75
94 99 36
94 100 98
95 1 12
95 2 74
95 3 81
95 4 67
95 5 64
95 6 104
95 7 29
95 8 38
95 9 16
95 10 36
95 11 27
95 12 63
95 13 68
95 14 82
95 15 19
95 16 65
95 17 92
95 18 53
95 19 25
95 20 99
95 21 110
95 22 43
95 23 62
95 24 40
95 25 7
95 26 59
95 27 77
95 28 65
95 29 75
95 30 51
95 31 46
95 32 66
95 33 77
95 34 100
95 35 17
95 36 5
95 37 45
95 38 52
95 39 60
95 40 54
95 41 83
95 42 92
95 43 43
95 44 34
95 45 48
95 46 72
95 47 44
95 48 78
95 49 67
95 50 89
95 51 46
95 52 81
95 53 60
95 54 55
95 55 60
95 56 39
95 57 42
95 58 74
95 59 78
95 60 63
95 61 74
95 62 89
95 63 105
95 64 41
95 65 82
95 66 69
95 67 22
95 68 89
95 69 26
95 70 11
95 71 76
95 72 84
95 73 31
95 74 82
95 75 65
95 76 25
95 77 113
95 78 22
95 79 71
95 80 44
95 81 15
95 82 83
95 83 69
95 84 74
95 85 71
95 86 54
95 87 44
95 88 50
95 89 96
95 90 55
95 91 93
95 92 81
95 93 70
95 94 57
95 95 75
95 96 18
95 97 42
95 98 24
95 99 29
95 100 68
96 1 47
96 2 89
96 3 93
96 4 75
96 5 19
96 6 97
96 7 22
96 8 47
96 9 32
96 10 71
96 11 55
96 12 21
96 13 60
96 14 105
96 15 26
96 16 68
96 17 78
96 18 69
96 19 26
96 20 79
96 21 94
96 22 3
96 23 18
96 24 71
96 25 52
96 26 79
96 27 97
96 28 55
96 29 94
96 30 54
96 31 78
96 32 90
96 33 47
96 34 98
96 35 29
96 36 44
96 37 76
96 38 8
96 39 89
96 40 52
96 41 86
96 42 93
96 43 2
96 44 13
96 45 52
96 46 78
96 47 37
96 48 103
96 49 58
96 50 79
96 51 78
96 52 97
96 53 92
96 54 39
96 55 77
96 56 48
96 57 32
96 58 37
96 59 41
96 60 71
96 61 72
96 62 74
96 63 90
96 64 55
96 65 77
96 66 57
96 67 36
96 68 90
96 69 20
96 70 40
96 71 86
96 72 96
96 73 24
96 74 87
96 75 47
96 76 45
96 77 99
96 78 55
96 79 77
96 80 21
96 81 34
96 82 64
96 83 96
96 84 31
96 85 76
96 86 25
96 87 24
96 88 44
96 89 91
96 90 37
96 91 79
96 92 97
96 93 72
96 94 63
96 95 34
96 96 98
96 97 39
96 98 48
96 99 18
96 100 58
97 1 99
97 2 67
97 3 63
97 4 51
97 5 59
97 6 40
97 7 64
97 8 56
97 9 87
97 10 87
97 11 75
97 12 52
97 13 29
97 14 87
97 15 80
97 16 42
97 17 18
97 18 63
97 19 66
97 20 12
97 21 28
97 22 66
97 23 58
97 24 83
97 25 96
97 26 69
97 27 78
97 28 28
97 29 76
97 30 46
97 31 86
97 32 80
97 33 22
97 34 46
97 35 84
97 36 92
97 37 84
97 38 62
97 39 88
97 40 41
97 41 46
97 42 47
97 43 68
97 44 66
97 45 48
97 46 49
97 47 46
97 48 89
97 49 29
97 50 25
97 51 86
97 52 71
97 53 93
97 54 35
97 55 64
97 56 55
97 57 48
97 58 36
97 59 34
97 60 50
97 61 36
97 62 15
97 63 25
97 64 59
97 65 32
97 66 23
97 67 67
97 68 45
97 69 70
97 70 93
97 71 57
97 72 64
97 73 61
97 74 51
97 75 25
97 76 69
97 77 33
97 78 79
97 79 48
97 80 50
97 81 88
97 82 9
97 83 89
97 84 53
97 85 47
97 86 43
97 87 49
97 88 41
97 89 38
97 90 36
97 91 20
97 92 72
97 93 41
97 94 49
97 95 47
97 96 43
97 97 103
97 98 95
97 99 61
97 100 91
98 1 50
98 2 38
98 3 44
98 4 29
98 5 66
98 6 67
98 7 33
98 8 9
98 9 46
98 10 25
98 11 14
98 12 60
98 13 35
98 14 51
98 15 42
98 16 28
98 17 59
98 18 16
98 19 31
98 20 68
98 21 76
98 22 51
98 23 64
98 24 22
98 25 42
98 26 25
98 27 44
98 28 35
98 29 41
98 30 16
98 31 27
98 32 35
98 33 58
98 34 62
98 35 45
98 36 42
98 37 24
98 38 57
98 39 36
98 40 22
98 41 46
98 42 54
98 43 53
98 44 42
98 45 14
98 46 34
98 47 24
98 48 48
98 49 35
98 50 54
98 51 27
98 52 46
98 53 39
98 54 34
98 55 24
98 56 9
98 57 27
98 58 63
98 59 65
98 60 25
98 61 37
98 62 57
98 63 72
98 64 3
98 65 46
98 66 39
98 67 22
98 68 51
98 69 38
98 70 47
98 71 38
98 72 47
98 73 31
98 74 44
98 75 40
98 76 14
98 77 79
98 78 19
98 79 33
98 80 38
98 81 46
98 82 54
98 83 42
98 84 71
98 85 33
98 86 45
98 87 36
98 88 24
98 89 59
98 90 35
98 91 59
98 92 46
98 93 33
98 94 19
98 95 70
98 96 65
98 97 48
98 98 45
98 99 27
98 100 72
99 1 64
99 2 36
99 3 44
99 4 42
99 5 98
99 6 82
99 7 63
99 8 43
99 9 68
99 10 17
99 11 31
99 12 94
99 13 62
99 14 33
99 15 67
99 16 49
99 17 82
99 18 28
99 19 60
99 20 94
99 21 97
99 22 82
99 23 97
99 24 14
99 25 52
99 26 24
99 27 31
99 28 64
99 29 31
99 30 46
99 31 8
99 32 20
99 33 91
99 34 74
99 35 67
99 36 58
99 37 10
99 38 89
99 39 8
99 40 52
99 41 58
99 42 65
99 43 84
99 44 72
99 45 45
99 46 47
99 47 57
99 48 28
99 49 62
99 50 75
99 51 7
99 52 40
99 53 7
99 54 67
99 55 28
99 56 42
99 57 60
99 58 96
99 59 99
99 60 41
99 61 58
99 62 81
99 63 93
99 64 35
99 65 65
99 66 68
99 67 49
99 68 63
99 69 66
99 70 64
99 71 45
99 72 47
99 73 62
99 74 54
99 75 72
99 76 41
99 77 99
99 78 33
99 79 47
99 80 72
99 81 66
99 82 82
99 83 17
99 84 105
99 85 48
99 86 78
99 87 69
99 88 56
99 89 74
99 90 69
99 91 82
99 92 39
99 93 52
99 94 42
99 95 103
99 96 78
99 97 55
99 98 38
99 99 77
99 100 96
100 1 83
100 2 24
100 3 31
100 4 38
100 5 109
100 6 72
100 7 77
100 8 53
100 9 86
100 10 37
100 11 47
100 12 104
100 13 62
100 14 12
100 15 84
100 16 47
100 17 77
100 18 31
100 19 74
100 20 90
100 21 90
100 22 96
100 23 107
100 24 32
100 25 72
100 26 22
100 27 14
100 28 65
100 29 16
100 30 50
100 31 27
100 32 10
100 33 94
100 34 62
100 35 85
100 36 77
100 37 27
100 38 101
100 39 13
100 40 56
100 41 49
100 42 54
100 43 97
100 44 86
100 45 51
100 46 40
100 47 66
100 48 7
100 49 62
100 50 70
100 51 26
100 52 24
100 53 15
100 54 73
100 55 26
100 56 52
100 57 70
100 58 102
100 59 104
100 60 39
100 61 53
100 62 77
100 63 85
100 64 44
100 65 59
100 66 68
100 67 64
100 68 52
100 69 81
100 70 83
100 71 35
100 72 33
100 73 75
100 74 44
100 75 75
100 76 55
100 77 90
100 78 51
100 79 41
100 80 82
100 81 84
100 82 80
100 83 4
100 84 114
100 85 42
100 86 87
100 87 79
100 88 62
100 89 65
100 90 75
100 91 76
100 92 23
100 93 48
100 94 43
100 95 111
100 96 67
100 97 76
100 98 23
100 99 85
100 100 17