100 2
55
12
84
86
92
16
67
42
89
24
99
37
12
56
11
3
90
2
75
68
11
98
91
70
62
66
26
36
53
40
36
15
85
17
17
31
34
67
27
10
61
8
28
33
62
28
27
44
17
80
33
14
24
27
57
59
82
57
80
13
23
34
90
20
43
56
19
39
54
83
76
93
25
15
38
82
24
81
45
35
51
4
89
20
57
98
24
27
31
12
45
91
89
96
76
59
95
27
13
53
0 1 61
0 2 61
0 3 69
0 4 47
0 5 83
0 6 84
0 7 38
0 8 54
0 9 19
0 10 8
0 11 15
0 12 39
0 13 22
0 14 52
0 15 40
0 16 46
0 17 88
0 18 42
0 19 83
0 20 14
0 21 53
0 22 67
0 23 32
0 24 76
0 25 41
0 26 88
0 27 32
0 28 15
0 29 71
0 30 35
0 31 74
0 32 47
0 33 36
0 34 69
0 35 68
0 36 45
0 37 62
0 38 56
0 39 73
0 40 53
0 41 79
0 42 90
0 43 31
0 44 75
0 45 46
0 46 72
0 47 80
0 48 35
0 49 54
0 50 64
0 51 103
0 52 53
0 53 61
0 54 80
0 55 85
0 56 63
0 57 31
0 58 94
0 59 68
0 60 11
0 61 74
0 62 39
0 63 86
0 64 35
0 65 43
0 66 42
0 67 74
0 68 58
0 69 41
0 70 88
0 71 65
0 72 102
0 73 92
0 74 28
0 75 17
0 76 57
0 77 32
0 78 58
0 79 88
0 80 37
0 81 48
0 82 87
0 83 26
0 84 77
0 85 48
0 86 22
0 87 59
0 88 69
0 89 18
0 90 51
0 91 87
0 92 55
0 93 12
0 94 21
0 95 43
0 96 98
0 97 60
0 98 92
0 99 53
0 100 44
1 1 99
1 2 72
1 3 9
1 4 31
1 5 40
1 6 48
1 7 80
1 8 79
1 9 81
1 10 72
1 11 70
1 12 41
1 13 72
1 14 29
1 15 67
1 16 68
1 17 29
1 18 46
1 19 12
1 20 85
1 21 26
1 22 60
1 23 60
1 24 44
1 25 99
1 26 61
1 27 44
1 28 82
1 29 69
1 30 48
1 31 38
1 32 54
1 33 92
1 34 73
1 35 37
1 36 41
1 37 40
1 38 78
1 39 7
1 40 27
1 41 55
1 42 46
1 43 65
1 44 36
1 45 104
1 46 90
1 47 44
1 48 56
1 49 31
1 50 17
1 51 29
1 52 35
1 53 68
1 54 16
1 55 76
1 56 13
1 57 54
1 58 90
1 59 8
1 60 69
1 61 29
1 62 76
1 63 64
1 64 60
1 65 50
1 66 34
1 67 45
1 68 20
1 69 74
1 70 28
1 71 42
1 72 28
1 73 24
1 74 65
1 75 66
1 76 93
1 77 54
1 78 34
1 79 65
1 80 40
1 81 56
1 82 58
1 83 61
1 84 13
1 85 34
1 86 59
1 87 90
1 88 60
1 89 72
1 90 56
1 91 69
1 92 22
1 93 73
1 94 83
1 95 78
1 96 28
1 97 68
1 98 76
1 99 30
1 100 33
2 1 63
2 2 32
2 3 95
2 4 74
2 5 92
2 6 89
2 7 25
2 8 37
2 9 28
2 10 54
2 11 60
2 12 63
2 13 34
2 14 89
2 15 85
2 16 41
2 17 103
2 18 58
2 19 105
2 20 32
2 21 88
2 22 64
2 23 44
2 24 82
2 25 5
2 26 85
2 27 67
2 28 31
2 29 61
2 30 77
2 31 84
2 32 54
2 33 13
2 34 56
2 35 79
2 36 85
2 37 73
2 38 40
2 39 98
2 40 88
2 41 79
2 42 97
2 43 76
2 44 86
2 45 0
2 46 47
2 47 87
2 48 79
2 49 74
2 50 97
2 51 125
2 52 71
2 53 53
2 54 101
2 55 73
2 56 92
2 57 51
2 58 75
2 59 97
2 60 43
2 61 89
2 62 29
2 63 81
2 64 45
2 65 55
2 66 73
2 67 80
2 68 91
2 69 33
2 70 104
2 71 73
2 72 123
2 73 111
2 74 74
2 75 42
2 76 27
2 77 76
2 78 73
2 79 83
2 80 73
2 81 52
2 82 86
2 83 44
2 84 100
2 85 86
2 86 65
2 87 32
2 88 65
2 89 64
2 90 54
2 91 80
2 92 84
2 93 58
2 94 25
2 95 30
2 96 117
2 97 51
2 98 81
2 99 75
2 100 78
3 1 47
3 2 43
3 3 48
3 4 34
3 5 9
3 6 17
3 7 64
3 8 57
3 9 74
3 10 75
3 11 76
3 12 39
3 13 63
3 14 49
3 15 83
3 16 49
3 17 13
3 18 36
3 19 24
3 20 80
3 21 44
3 22 32
3 23 49
3 24 13
3 25 86
3 26 29
3 27 50
3 28 76
3 29 41
3 30 62
3 31 7
3 32 36
3 33 78
3 34 46
3 35 11
3 36 59
3 37 17
3 38 56
3 39 25
3 40 46
3 41 24
3 42 17
3 43 78
3 44 4
3 45 90
3 46 63
3 47 13
3 48 71
3 49 24
3 50 42
3 51 37
3 52 24
3 53 43
3 54 18
3 55 46
3 56 32
3 57 47
3 58 59
3 59 31
3 60 67
3 61 4
3 62 61
3 63 32
3 64 47
3 65 37
3 66 41
3 67 14
3 68 40
3 69 57
3 70 14
3 71 17
3 72 36
3 73 23
3 74 77
3 75 62
3 76 72
3 77 67
3 78 19
3 79 34
3 80 49
3 81 38
3 82 27
3 83 53
3 84 20
3 85 53
3 86 68
3 87 68
3 88 32
3 89 80
3 90 36
3 91 38
3 92 34
3 93 78
3 94 75
3 95 60
3 96 28
3 97 44
3 98 44
3 99 25
3 100 45
4 1 54
4 2 93
4 3 98
4 4 14
4 5 78
4 6 73
4 7 18
4 8 20
4 9 34
4 10 60
4 11 66
4 12 57
4 13 34
4 14 85
4 15 90
4 16 28
4 17 89
4 18 49
4 19 95
4 20 41
4 21 83
4 22 48
4 23 38
4 24 67
4 25 20
4 26 68
4 27 65
4 28 38
4 29 43
4 30 77
4 31 70
4 32 42
4 33 18
4 34 38
4 35 66
4 36 84
4 37 60
4 38 22
4 39 89
4 40 84
4 41 63
4 42 81
4 43 81
4 44 73
4 45 19
4 46 28
4 47 71
4 48 82
4 49 65
4 50 91
4 51 113
4 52 61
4 53 36
4 54 89
4 55 54
4 56 85
4 57 45
4 58 56
4 59 89
4 60 46
4 61 76
4 62 20
4 63 64
4 64 37
4 65 45
4 66 69
4 67 65
4 68 85
4 69 22
4 70 90
4 71 60
4 72 111
4 73 99
4 74 78
4 75 42
4 76 8
4 77 78
4 78 62
4 79 66
4 80 70
4 81 40
4 82 69
4 83 40
4 84 89
4 85 84
4 86 68
4 87 13
4 88 49
4 89 70
4 90 40
4 91 62
4 92 77
4 93 64
4 94 31
4 95 18
4 96 104
4 97 34
4 98 62
4 99 66
4 100 74
5 1 30
5 2 64
5 3 69
5 4 29
5 5 49
5 6 13
5 7 66
5 8 52
5 9 82
5 10 92
5 11 94
5 12 57
5 13 72
5 14 76
5 15 107
5 16 50
5 17 35
5 18 50
5 19 51
5 20 90
5 21 71
5 22 25
5 23 59
5 24 18
5 25 87
5 26 4
5 27 71
5 28 86
5 29 28
5 30 85
5 31 24
5 32 44
5 33 80
5 34 34
5 35 29
5 36 84
5 37 32
5 38 49
5 39 54
5 40 73
5 41 11
5 42 17
5 43 100
5 44 26
5 45 89
5 46 49
5 47 17
5 48 94
5 49 46
5 50 70
5 51 58
5 52 43
5 53 36
5 54 46
5 55 23
5 56 60
5 57 61
5 58 34
5 59 60
5 60 80
5 61 33
5 62 62
5 63 8
5 64 56
5 65 48
5 66 65
5 67 19
5 68 68
5 69 58
5 70 37
5 71 28
5 72 57
5 73 47
5 74 98
5 75 74
5 76 65
5 77 90
5 78 39
5 79 7
5 80 72
5 81 43
5 82 4
5 83 64
5 84 48
5 85 79
5 86 88
5 87 60
5 88 24
5 89 99
5 90 40
5 91 13
5 92 60
5 93 95
5 94 82
5 95 60
5 96 49
5 97 38
5 98 18
5 99 48
5 100 69
6 1 58
6 2 31
6 3 35
6 4 52
6 5 49
6 6 56
6 7 8
6 8 17
6 9 24
6 10 43
6 11 48
6 12 32
6 13 16
6 14 61
6 15 70
6 16 10
6 17 69
6 18 25
6 19 72
6 20 32
6 21 59
6 22 34
6 23 13
6 24 50
6 25 30
6 26 56
6 27 41
6 28 28
6 29 35
6 30 55
6 31 51
6 32 20
6 33 22
6 34 32
6 35 45
6 36 60
6 37 39
6 38 19
6 39 65
6 40 60
6 41 49
6 42 64
6 43 61
6 44 53
6 45 34
6 46 34
6 47 54
6 48 60
6 49 41
6 50 67
6 51 91
6 52 37
6 53 25
6 54 67
6 55 49
6 56 60
6 57 21
6 58 56
6 59 64
6 60 28
6 61 55
6 62 5
6 63 53
6 64 13
6 65 21
6 66 44
6 67 48
6 68 61
6 69 3
6 70 70
6 71 40
6 72 90
6 73 78
6 74 58
6 75 22
6 76 25
6 77 56
6 78 40
6 79 55
6 80 46
6 81 18
6 82 56
6 83 17
6 84 66
6 85 60
6 86 47
6 87 24
6 88 35
6 89 52
6 90 20
6 91 53
6 92 53
6 93 48
6 94 23
6 95 7
6 96 83
6 97 23
6 98 56
6 99 42
6 100 49
7 1 85
7 2 96
7 3 100
7 4 35
7 5 32
7 6 39
7 7 9
7 8 59
7 9 69
7 10 66
7 11 66
7 12 30
7 13 58
7 14 37
7 15 72
7 16 49
7 17 19
7 18 30
7 19 18
7 20 74
7 21 32
7 22 38
7 23 45
7 24 23
7 25 84
7 26 40
7 27 40
7 28 70
7 29 47
7 30 50
7 31 17
7 32 35
7 33 76
7 34 51
7 35 15
7 36 47
7 37 18
7 38 58
7 39 15
7 40 34
7 41 34
7 42 29
7 43 67
7 44 15
7 45 88
7 46 68
7 47 24
7 48 59
7 49 15
7 50 30
7 51 37
7 52 17
7 53 46
7 54 13
7 55 54
7 56 20
7 57 41
7 58 68
7 59 20
7 60 60
7 61 8
7 62 59
7 63 43
7 64 43
7 65 33
7 66 30
7 67 23
7 68 28
7 69 56
7 70 19
7 71 20
7 72 36
7 73 24
7 74 66
7 75 55
7 76 74
7 77 56
7 78 14
7 79 44
7 80 38
7 81 37
7 82 38
7 83 47
7 84 12
7 85 40
7 86 57
7 87 70
7 88 38
7 89 70
7 90 36
7 91 48
7 92 21
7 93 69
7 94 70
7 95 59
7 96 30
7 97 47
7 98 54
7 99 16
7 100 33
8 1 38
8 2 80
8 3 85
8 4 13
8 5 45
8 6 58
8 7 50
8 8 33
8 9 77
8 10 64
8 11 61
8 12 39
8 13 68
8 14 19
8 15 56
8 16 69
8 17 40
8 18 46
8 19 24
8 20 79
8 21 17
8 22 65
8 23 58
8 24 52
8 25 97
8 26 69
8 27 37
8 28 77
8 29 74
8 30 39
8 31 46
8 32 55
8 33 89
8 34 77
8 35 43
8 36 30
8 37 44
8 38 80
8 39 16
8 40 17
8 41 63
8 42 56
8 43 55
8 44 44
8 45 102
8 46 93
8 47 53
8 48 46
8 49 32
8 50 6
8 51 40
8 52 37
8 53 71
8 54 27
8 55 83
8 56 11
8 57 51
8 58 96
8 59 9
8 60 64
8 61 37
8 62 75
8 63 72
8 64 58
8 65 50
8 66 29
8 67 52
8 68 11
8 69 73
8 70 39
8 71 47
8 72 39
8 73 36
8 74 55
8 75 62
8 76 94
8 77 44
8 78 37
8 79 73
8 80 33
8 81 57
8 82 67
8 83 58
8 84 23
8 85 24
8 86 51
8 87 91
8 88 65
8 89 63
8 90 58
8 91 77
8 92 18
8 93 64
8 94 79
8 95 77
8 96 40
8 97 71
8 98 83
8 99 30
8 100 26
9 1 72
9 2 24
9 3 29
9 4 55
9 5 42
9 6 45
9 7 80
9 8 41
9 9 58
9 10 2
9 11 7
9 12 38
9 13 28
9 14 48
9 15 32
9 16 51
9 17 87
9 18 43
9 19 81
9 20 21
9 21 49
9 22 71
9 23 36
9 24 78
9 25 48
9 26 90
9 27 30
9 28 22
9 29 75
9 30 30
9 31 75
9 32 50
9 33 43
9 34 73
9 35 69
9 36 39
9 37 63
9 38 62
9 39 70
9 40 49
9 41 82
9 42 91
9 43 23
9 44 76
9 45 53
9 46 78
9 47 82
9 48 28
9 49 53
9 50 60
9 51 101
9 52 53
9 53 65
9 54 78
9 55 90
9 56 60
9 57 33
9 58 99
9 59 65
9 60 15
9 61 74
9 62 45
9 63 89
9 64 39
9 65 45
9 66 40
9 67 76
9 68 55
9 69 47
9 70 87
9 71 66
9 72 100
9 73 91
9 74 21
9 75 21
9 76 64
9 77 26
9 78 58
9 79 91
9 80 34
9 81 51
9 82 89
9 83 30
9 84 76
9 85 43
9 86 16
9 87 66
9 88 72
9 89 10
9 90 54
9 91 91
9 92 52
9 93 5
9 94 29
9 95 48
9 96 97
9 97 64
9 98 95
9 99 52
9 100 40
10 1 60
10 2 91
10 3 96
10 4 14
10 5 38
10 6 50
10 7 26
10 8 29
10 9 13
10 10 25
10 11 49
10 12 21
10 13 25
10 14 50
10 15 67
10 16 12
10 17 53
10 18 11
10 19 56
10 20 42
10 21 47
10 22 24
10 23 11
10 24 35
10 25 46
10 26 44
10 27 33
10 28 38
10 29 29
10 30 48
10 31 35
10 32 4
10 33 38
10 34 29
10 35 29
10 36 52
10 37 23
10 38 24
10 39 49
10 40 48
10 41 36
10 42 50
10 43 59
10 44 37
10 45 50
10 46 39
10 47 39
10 48 55
10 49 25
10 50 53
10 51 75
10 52 21
10 53 20
10 54 51
10 55 43
10 56 46
10 57 15
10 58 54
10 59 49
10 60 33
10 61 39
10 62 21
10 63 42
10 64 9
10 65 6
10 66 33
10 67 33
10 68 47
10 69 18
10 70 54
10 71 24
10 72 73
10 73 61
10 74 56
10 75 26
10 76 38
10 77 51
10 78 24
10 79 45
10 80 37
10 81 4
10 82 44
10 83 17
10 84 50
10 85 49
10 86 45
10 87 35
10 88 25
10 89 54
10 90 8
10 91 44
10 92 39
10 93 50
10 94 36
10 95 22
10 96 67
10 97 19
10 98 49
10 99 26
10 100 38
11 1 45
11 2 53
11 3 58
11 4 28
11 5 37
11 6 48
11 7 62
11 8 27
11 9 38
11 10 26
11 11 78
11 12 12
11 13 33
11 14 22
11 15 38
11 16 42
11 17 57
11 18 22
11 19 49
11 20 43
11 21 21
11 22 52
11 23 27
11 24 52
11 25 62
11 26 67
11 27 2
11 28 41
11 29 58
11 30 17
11 31 48
11 32 33
11 33 55
11 34 60
11 35 41
11 36 21
11 37 37
11 38 55
11 39 39
11 40 21
11 41 58
11 42 63
11 43 31
11 44 48
11 45 68
11 46 70
11 47 55
11 48 25
11 49 24
11 50 31
11 51 70
11 52 26
11 53 52
11 54 47
11 55 72
11 56 29
11 57 19
11 58 84
11 59 34
11 60 28
11 61 44
11 62 45
11 63 67
11 64 28
11 65 26
11 66 8
11 67 50
11 68 25
11 69 43
11 70 56
11 71 41
11 72 68
11 73 59
11 74 29
11 75 26
11 76 65
11 77 21
11 78 30
11 79 69
11 80 6
11 81 35
11 82 65
11 83 24
11 84 44
11 85 19
11 86 20
11 87 64
11 88 53
11 89 32
11 90 37
11 91 70
11 92 21
11 93 31
11 94 44
11 95 47
11 96 66
11 97 51
11 98 76
11 99 22
11 100 11
12 1 98
12 2 110
12 3 114
12 4 49
12 5 45
12 6 49
12 7 12
12 8 47
12 9 35
12 10 46
12 11 66
12 12 17
12 13 41
12 14 45
12 15 72
12 16 27
12 17 36
12 18 15
12 19 40
12 20 58
12 21 41
12 22 19
12 23 27
12 24 20
12 25 63
12 26 33
12 27 36
12 28 54
12 29 28
12 30 51
12 31 18
12 32 13
12 33 56
12 34 31
12 35 12
12 36 51
12 37 6
12 38 35
12 39 36
12 40 43
12 41 24
12 42 34
12 43 65
12 44 20
12 45 67
12 46 47
12 47 24
12 48 60
12 49 15
12 50 45
12 51 58
12 52 11
12 53 25
12 54 35
12 55 39
12 56 35
12 57 26
12 58 52
12 59 38
12 60 46
12 61 22
12 62 38
12 63 33
12 64 25
12 65 15
12 66 31
12 67 18
12 68 40
12 69 34
12 70 37
12 71 8
12 72 57
12 73 45
12 74 63
12 75 41
12 76 51
12 77 55
12 78 9
12 79 35
12 80 38
12 81 15
12 82 32
12 83 31
12 84 35
12 85 47
12 86 52
12 87 48
12 88 20
12 89 63
12 90 14
12 91 36
12 92 31
12 93 61
12 94 53
12 95 38
12 96 50
12 97 25
12 98 42
12 99 17
12 100 36
13 1 76
13 2 97
13 3 101
13 4 27
13 5 36
13 6 45
13 7 11
13 8 32
13 9 15
13 10 29
13 11 71
13 12 27
13 13 32
13 14 84
13 15 84
13 16 33
13 17 95
13 18 51
13 19 98
13 20 32
13 21 82
13 22 56
13 23 38
13 24 74
13 25 8
13 26 77
13 27 62
13 28 30
13 29 53
13 30 73
13 31 76
13 32 46
13 33 9
13 34 48
13 35 71
13 36 81
13 37 65
13 38 32
13 39 91
13 40 83
13 41 71
13 42 89
13 43 74
13 44 79
13 45 8
13 46 40
13 47 79
13 48 77
13 49 67
13 50 91
13 51 117
13 52 64
13 53 44
13 54 94
13 55 65
13 56 86
13 57 45
13 58 67
13 59 90
13 60 40
13 61 81
13 62 22
13 63 73
13 64 38
13 65 48
13 66 68
13 67 72
13 68 85
13 69 25
13 70 96
13 71 65
13 72 116
13 73 104
13 74 72
13 75 38
13 76 19
13 77 73
13 78 66
13 79 75
13 80 68
13 81 44
13 82 78
13 83 38
13 84 92
13 85 82
13 86 63
13 87 24
13 88 57
13 89 62
13 90 46
13 91 72
13 92 78
13 93 57
13 94 23
13 95 22
13 96 110
13 97 43
13 98 73
13 99 68
13 100 72
14 1 72
14 2 21
14 3 25
14 4 58
14 5 46
14 6 50
14 7 85
14 8 45
14 9 62
14 10 47
14 11 69
14 12 79
14 13 48
14 14 48
14 15 62
14 16 48
14 17 28
14 18 26
14 19 22
14 20 67
14 21 22
14 22 42
14 23 41
14 24 31
14 25 80
14 26 48
14 27 31
14 28 64
14 29 51
14 30 41
14 31 25
14 32 34
14 33 72
14 34 55
14 35 21
14 36 37
14 37 22
14 38 58
14 39 13
14 40 24
14 41 41
14 42 39
14 43 57
14 44 24
14 45 85
14 46 70
14 47 33
14 48 49
14 49 11
14 50 22
14 51 42
14 52 15
14 53 48
14 54 19
14 55 61
14 56 12
14 57 35
14 58 74
14 59 14
14 60 53
14 61 18
14 62 56
14 63 50
14 64 40
14 65 30
14 66 21
14 67 31
14 68 19
14 69 54
14 70 28
14 71 25
14 72 41
14 73 31
14 74 56
14 75 49
14 76 73
14 77 46
14 78 15
14 79 52
14 80 29
14 81 36
14 82 46
14 83 42
14 84 16
14 85 31
14 86 48
14 87 70
14 88 43
14 89 61
14 90 36
14 91 55
14 92 11
14 93 60
14 94 65
14 95 58
14 96 37
14 97 49
14 98 61
14 99 10
14 100 23
15 1 118
15 2 68
15 3 69
15 4 78
15 5 44
15 6 31
15 7 74
15 8 56
15 9 68
15 10 60
15 11 12
15 12 55
15 13 49
15 14 30
15 15 24
15 16 40
15 17 89
15 18 41
15 19 86
15 20 3
15 21 60
15 22 63
15 23 29
15 24 75
15 25 29
15 26 84
15 27 39
15 28 3
15 29 65
15 30 45
15 31 74
15 32 44
15 33 24
15 34 62
15 35 67
15 36 54
15 37 61
15 38 48
15 39 76
15 40 60
15 41 76
15 42 89
15 43 42
15 44 75
15 45 34
15 46 63
15 47 79
15 48 46
15 49 55
15 50 70
15 51 107
15 52 54
15 53 55
15 54 83
15 55 79
15 56 68
15 57 30
15 58 87
15 59 73
15 60 12
15 61 75
15 62 30
15 63 82
15 64 31
15 65 41
15 66 47
15 67 72
15 68 64
15 69 33
15 70 89
15 71 63
15 72 105
15 73 95
15 74 40
15 75 15
15 76 47
15 77 43
15 78 58
15 79 84
15 80 44
15 81 44
15 82 84
15 83 24
15 84 80
15 85 56
15 86 32
15 87 49
15 88 64
15 89 29
15 90 47
15 91 83
15 92 60
15 93 24
15 94 10
15 95 34
15 96 101
15 97 53
15 98 86
15 99 55
15 100 50
16 1 77
16 2 21
16 3 26
16 4 59
16 5 43
16 6 45
16 7 83
16 8 44
16 9 62
16 10 47
16 11 63
16 12 75
16 13 45
16 14 43
16 15 60
16 16 59
16 17 62
16 18 26
16 19 68
16 20 45
16 21 61
16 22 22
16 23 21
16 24 41
16 25 39
16 26 44
16 27 47
16 28 41
16 29 22
16 30 62
16 31 43
16 32 16
16 33 33
16 34 19
16 35 38
16 36 66
16 37 33
16 38 9
16 39 63
16 40 63
16 41 38
16 42 55
16 43 71
16 44 45
16 45 42
16 46 25
16 47 45
16 48 69
16 49 39
16 50 68
16 51 86
16 52 35
16 53 12
16 54 63
16 55 36
16 56 60
16 57 28
16 58 44
16 59 63
16 60 40
16 61 49
16 62 15
16 63 40
16 64 18
16 65 21
16 66 48
16 67 38
16 68 62
16 69 11
16 70 63
16 71 32
16 72 84
16 73 72
16 74 68
16 75 34
16 76 24
16 77 64
16 78 36
16 79 43
16 80 51
16 81 14
16 82 44
16 83 26
16 84 62
16 85 64
16 86 57
16 87 21
16 88 24
16 89 64
16 90 14
16 91 40
16 92 54
16 93 59
16 94 36
16 95 13
16 96 77
16 97 10
16 98 43
16 99 41
16 100 53
17 1 96
17 2 91
17 3 94
17 4 46
17 5 27
17 6 27
17 7 25
17 8 33
17 9 31
17 10 35
17 11 44
17 12 6
17 13 27
17 14 29
17 15 27
17 16 78
17 17 49
17 18 1
17 19 48
17 20 44
17 21 37
17 22 29
17 23 14
17 24 34
17 25 53
17 26 47
17 27 25
17 28 40
17 29 36
17 30 40
17 31 33
17 32 10
17 33 45
17 34 37
17 35 26
17 36 43
17 37 20
17 38 34
17 39 41
17 40 38
17 41 38
17 42 48
17 43 52
17 44 34
17 45 58
17 46 49
17 47 38
17 48 48
17 49 17
17 50 43
17 51 68
17 52 14
17 53 29
17 54 44
17 55 50
17 56 36
17 57 11
17 58 61
17 59 40
17 60 32
17 61 34
17 62 29
17 63 46
17 64 13
17 65 4
17 66 23
17 67 32
17 68 37
17 69 27
17 70 49
17 71 23
17 72 66
17 73 55
17 74 50
17 75 26
17 76 47
17 77 43
17 78 17
17 79 49
17 80 28
17 81 12
17 82 46
17 83 17
17 84 42
17 85 40
17 86 39
17 87 45
17 88 30
17 89 49
17 90 15
17 91 49
17 92 29
17 93 46
17 94 40
17 95 31
17 96 61
17 97 28
17 98 54
17 99 17
17 100 29
18 1 62
18 2 46
18 3 51
18 4 34
18 5 25
18 6 33
18 7 59
18 8 20
18 9 36
18 10 22
18 11 62
18 12 56
18 13 24
18 14 33
18 15 52
18 16 42
18 17 25
18 18 32
18 19 98
18 20 15
18 21 75
18 22 65
18 23 36
18 24 80
18 25 13
18 26 86
18 27 54
18 28 15
18 29 64
18 30 62
18 31 81
18 32 49
18 33 12
18 34 60
18 35 75
18 36 70
18 37 69
18 38 44
18 39 89
18 40 75
18 41 80
18 42 95
18 43 59
18 44 82
18 45 18
18 46 56
18 47 85
18 48 63
18 49 66
18 50 85
18 51 118
18 52 64
18 53 55
18 54 94
18 55 78
18 56 82
18 57 41
18 58 83
18 59 87
18 60 28
18 61 84
18 62 28
18 63 83
18 64 38
18 65 48
18 66 62
18 67 78
18 68 79
18 69 32
18 70 98
18 71 70
18 72 116
18 73 105
18 74 57
18 75 28
18 76 37
18 77 60
18 78 67
18 79 86
18 80 59
18 81 49
18 82 87
18 83 34
18 84 92
18 85 72
18 86 49
18 87 41
18 88 66
18 89 46
18 90 51
18 91 83
18 92 73
18 93 41
18 94 11
18 95 30
18 96 111
18 97 53
18 98 85
18 99 66
18 100 65
19 1 51
19 2 37
19 3 41
19 4 57
19 5 61
19 6 69
19 7 92
19 8 54
19 9 67
19 10 55
19 11 93
19 12 92
19 13 60
19 14 68
19 15 87
19 16 38
19 17 53
19 18 26
19 19 29
19 20 51
19 21 37
19 22 25
19 23 20
19 24 28
19 25 58
19 26 41
19 27 29
19 28 47
19 29 33
19 30 44
19 31 26
19 32 10
19 33 51
19 34 35
19 35 19
19 36 45
19 37 14
19 38 36
19 39 36
19 40 38
19 41 32
19 42 42
19 43 57
19 44 27
19 45 63
19 46 49
19 47 32
19 48 52
19 49 13
19 50 42
19 51 62
19 52 9
19 53 28
19 54 38
19 55 46
19 56 33
19 57 18
19 58 58
19 59 37
19 60 38
19 61 27
19 62 34
19 63 40
19 64 18
19 65 8
19 66 25
19 67 26
19 68 36
19 69 31
19 70 42
19 71 16
19 72 61
19 73 49
19 74 55
19 75 33
19 76 50
19 77 48
19 78 11
19 79 43
19 80 31
19 81 13
19 82 40
19 83 24
19 84 37
19 85 41
19 86 44
19 87 47
19 88 26
19 89 55
19 90 14
19 91 44
19 92 28
19 93 52
19 94 46
19 95 35
19 96 55
19 97 27
19 98 49
19 99 14
19 100 30
20 1 69
20 2 42
20 3 47
20 4 40
20 5 24
20 6 30
20 7 62
20 8 23
20 9 41
20 10 26
20 11 56
20 12 56
20 13 25
20 14 29
20 15 48
20 16 49
20 17 18
20 18 29
20 19 11
20 20 53
20 21 40
20 22 24
20 23 37
20 24 13
20 25 74
20 26 30
20 27 41
20 28 64
20 29 33
20 30 55
20 31 9
20 32 24
20 33 66
20 34 37
20 35 3
20 36 53
20 37 5
20 38 45
20 39 28
20 40 42
20 41 22
20 42 25
20 43 70
20 44 10
20 45 78
20 46 54
20 47 16
20 48 63
20 49 15
20 50 41
20 51 48
20 52 13
20 53 33
20 54 25
20 55 41
20 56 31
20 57 35
20 58 55
20 59 32
20 60 55
20 61 11
20 62 48
20 63 31
20 64 35
20 65 24
20 66 34
20 67 12
20 68 38
20 69 45
20 70 26
20 71 6
20 72 47
20 73 34
20 74 68
20 75 50
20 76 61
20 77 59
20 78 8
20 79 33
20 80 41
20 81 26
20 82 28
20 83 41
20 84 26
20 85 48
20 86 58
20 87 57
20 88 24
20 89 70
20 90 24
20 91 36
20 92 29
20 93 68
20 94 63
20 95 48
20 96 40
20 97 33
20 98 42
20 99 17
20 100 38
21 1 79
21 2 53
21 3 57
21 4 41
21 5 12
21 6 14
21 7 52
21 8 19
21 9 36
21 10 23
21 11 43
21 12 43
21 13 15
21 14 14
21 15 33
21 16 59
21 17 15
21 18 42
21 19 26
21 20 52
21 21 41
21 22 80
21 23 55
21 24 77
21 25 84
21 26 93
21 27 28
21 28 59
21 29 88
21 30 13
21 31 72
21 32 62
21 33 78
21 34 89
21 35 66
21 36 11
21 37 64
21 38 84
21 39 51
21 40 24
21 41 85
21 42 86
21 43 19
21 44 71
21 45 90
21 46 100
21 47 79
21 48 12
21 49 49
21 50 33
21 51 79
21 52 52
21 53 81
21 54 62
21 55 101
21 56 40
21 57 48
21 58 113
21 59 44
21 60 47
21 61 66
21 62 72
21 63 94
21 64 57
21 65 56
21 66 31
21 67 76
21 68 31
21 69 71
21 70 74
21 71 67
21 72 78
21 73 73
21 74 21
21 75 49
21 76 93
21 77 14
21 78 56
21 79 96
21 80 24
21 81 64
21 82 92
21 83 51
21 84 58
21 85 17
21 86 25
21 87 92
21 88 81
21 89 32
21 90 67
21 91 98
21 92 36
21 93 36
21 94 64
21 95 75
21 96 78
21 97 80
21 98 104
21 99 47
21 100 26
22 1 96
22 2 88
22 3 92
22 4 46
22 5 25
22 6 25
22 7 27
22 8 32
22 9 31
22 10 34
22 11 42
22 12 8
22 13 26
22 14 26
22 15 25
22 16 78
22 17 47
22 18 77
22 19 57
22 20 47
22 21 64
22 22 73
22 23 75
22 24 49
22 25 114
22 26 64
22 27 61
22 28 98
22 29 77
22 30 65
22 31 43
22 32 66
22 33 106
22 34 82
22 35 45
22 36 57
22 37 49
22 38 89
22 39 21
22 40 43
22 41 60
22 42 46
22 43 81
22 44 41
22 45 119
22 46 99
22 47 48
22 48 73
22 49 44
22 50 33
22 51 14
22 52 48
22 53 77
22 54 19
22 55 81
22 56 30
22 57 69
22 58 95
22 59 25
22 60 86
22 61 34
22 62 90
22 63 67
22 64 74
22 65 64
22 66 51
22 67 50
22 68 37
22 69 87
22 70 26
22 71 51
22 72 13
22 73 16
22 74 81
22 75 82
22 76 105
22 77 71
22 78 46
22 79 68
22 80 57
22 81 68
22 82 61
22 83 76
22 84 19
22 85 51
22 86 76
22 87 102
22 88 68
22 89 89
22 90 68
22 91 73
22 92 38
22 93 90
22 94 99
22 95 91
22 96 18
22 97 78
22 98 79
22 99 44
22 100 50
23 1 22
23 2 66
23 3 70
23 4 47
23 5 67
23 6 78
23 7 86
23 8 57
23 9 62
23 10 55
23 11 108
23 12 93
23 13 64
23 14 78
23 15 97
23 16 15
23 17 70
23 18 53
23 19 41
23 20 58
23 21 25
23 22 16
23 23 45
23 24 43
23 25 110
23 26 57
23 27 60
23 28 95
23 29 71
23 30 66
23 31 37
23 32 61
23 33 102
23 34 76
23 35 39
23 36 58
23 37 44
23 38 84
23 39 19
23 40 44
23 41 53
23 42 39
23 43 82
23 44 34
23 45 115
23 46 93
23 47 41
23 48 73
23 49 41
23 50 34
23 51 12
23 52 44
23 53 72
23 54 14
23 55 75
23 56 29
23 57 66
23 58 88
23 59 25
23 60 84
23 61 28
23 62 86
23 63 61
23 64 70
23 65 60
23 66 49
23 67 44
23 68 37
23 69 82
23 70 19
23 71 45
23 72 11
23 73 10
23 74 82
23 75 80
23 76 100
23 77 71
23 78 41
23 79 61
23 80 56
23 81 63
23 82 54
23 83 73
23 84 15
23 85 52
23 86 76
23 87 96
23 88 62
23 89 89
23 90 63
23 91 66
23 92 37
23 93 89
23 94 96
23 95 86
23 96 12
23 97 72
23 98 72
23 99 41
23 100 50
24 1 88
24 2 62
24 3 65
24 4 46
24 5 12
24 6 4
24 7 49
24 8 23
24 9 37
24 10 27
24 11 34
24 12 35
24 13 17
24 14 3
24 15 22
24 16 68
24 17 20
24 18 51
24 19 36
24 20 54
24 21 51
24 22 60
24 23 65
24 24 48
24 25 34
24 26 86
24 27 36
24 28 9
24 29 67
24 30 41
24 31 74
24 32 45
24 33 29
24 34 65
24 35 68
24 36 50
24 37 62
24 38 52
24 39 75
24 40 57
24 41 78
24 42 90
24 43 37
24 44 75
24 45 40
24 46 67
24 47 80
24 48 41
24 49 55
24 50 68
24 51 105
24 52 54
24 53 58
24 54 82
24 55 82
24 56 66
24 57 30
24 58 90
24 59 71
24 60 10
24 61 75
24 62 34
24 63 84
24 64 33
24 65 42
24 66 45
24 67 74
24 68 62
24 69 37
24 70 89
24 71 64
24 72 104
24 73 94
24 74 35
24 75 16
24 76 52
24 77 38
24 78 58
24 79 86
24 80 41
24 81 46
24 82 85
24 83 25
24 84 79
24 85 53
24 86 28
24 87 54
24 88 66
24 89 24
24 90 49
24 91 85
24 92 58
24 93 19
24 94 15
24 95 38
24 96 100
24 97 56
24 98 89
24 99 54
24 100 47
25 1 83
25 2 28
25 3 31
25 4 60
25 5 38
25 6 37
25 7 78
25 8 41
25 9 59
25 10 44
25 11 53
25 12 69
25 13 41
25 14 36
25 15 52
25 16 65
25 17 15
25 18 20
25 19 26
25 20 73
25 21 46
25 22 54
25 23 36
25 24 54
25 25 18
25 26 41
25 27 64
25 28 95
25 29 59
25 30 73
25 31 26
25 32 56
25 33 98
25 34 64
25 35 31
25 36 68
25 37 36
25 38 75
25 39 27
25 40 54
25 41 39
25 42 22
25 43 90
25 44 24
25 45 110
25 46 82
25 47 27
25 48 82
25 49 40
25 50 46
25 51 19
25 52 41
25 53 62
25 54 16
25 55 60
25 56 38
25 57 65
25 58 73
25 59 35
25 60 84
25 61 21
25 62 80
25 63 45
25 64 67
25 65 56
25 66 54
25 67 32
25 68 47
25 69 77
25 70 6
25 71 37
25 72 18
25 73 8
25 74 89
25 75 80
25 76 92
25 77 79
25 78 37
25 79 46
25 80 62
25 81 57
25 82 38
25 83 72
25 84 20
25 85 61
25 86 82
25 87 87
25 88 50
25 89 94
25 90 56
25 91 51
25 92 43
25 93 93
25 94 94
25 95 80
25 96 10
25 97 63
25 98 57
25 99 41
25 100 56
26 1 63
26 2 80
26 3 85
26 4 13
26 5 25
26 6 38
26 7 28
26 8 16
26 9 4
26 10 13
26 11 68
26 12 36
26 13 20
26 14 39
26 15 52
26 16 46
26 17 49
26 18 65
26 19 39
26 20 18
26 21 36
26 22 43
26 23 72
26 24 23
26 25 71
26 26 37
26 27 27
26 28 51
26 29 38
26 30 41
26 31 24
26 32 17
26 33 56
26 34 40
26 35 17
26 36 41
26 37 13
26 38 42
26 39 30
26 40 33
26 41 34
26 42 40
26 43 55
26 44 25
26 45 69
26 46 55
26 47 31
26 48 50
26 49 6
26 50 36
26 51 57
26 52 2
26 53 33
26 54 33
26 55 50
26 56 27
26 57 21
26 58 62
26 59 30
26 60 41
26 61 23
26 62 40
26 63 42
26 64 24
26 65 14
26 66 21
26 67 26
26 68 30
26 69 37
26 70 38
26 71 16
26 72 55
26 73 44
26 74 54
26 75 36
26 76 57
26 77 45
26 78 7
26 79 45
26 80 28
26 81 19
26 82 41
26 83 28
26 84 31
26 85 37
26 86 44
26 87 54
26 88 30
26 89 55
26 90 20
26 91 46
26 92 22
26 93 53
26 94 51
26 95 41
26 96 50
26 97 33
26 98 52
26 99 8
26 100 26
27 1 85
27 2 86
27 3 90
27 4 35
27 5 22
27 6 27
27 7 20
27 8 24
27 9 19
27 10 25
27 11 52
27 12 14
27 13 20
27 14 29
27 15 34
27 16 67
27 17 47
27 18 73
27 19 51
27 20 36
27 21 55
27 22 63
27 23 84
27 24 44
27 25 69
27 26 52
27 27 48
27 28 59
27 29 88
27 30 13
27 31 72
27 32 62
27 33 78
27 34 89
27 35 67
27 36 11
27 37 64
27 38 84
27 39 51
27 40 25
27 41 86
27 42 87
27 43 19
27 44 71
27 45 90
27 46 100
27 47 80
27 48 11
27 49 49
27 50 34
27 51 80
27 52 52
27 53 81
27 54 63
27 55 101
27 56 41
27 57 48
27 58 113
27 59 44
27 60 47
27 61 66
27 62 72
27 63 94
27 64 57
27 65 56
27 66 31
27 67 76
27 68 32
27 69 71
27 70 74
27 71 68
27 72 78
27 73 74
27 74 20
27 75 49
27 76 93
27 77 14
27 78 57
27 79 97
27 80 25
27 81 64
27 82 92
27 83 51
27 84 59
27 85 18
27 86 24
27 87 92
27 88 82
27 89 32
27 90 67
27 91 98
27 92 37
27 93 35
27 94 64
27 95 75
27 96 79
27 97 80
27 98 104
27 99 47
27 100 26
28 1 33
28 2 59
28 3 64
28 4 33
28 5 49
28 6 61
28 7 70
28 8 39
28 9 46
28 10 37
28 11 91
28 12 76
28 13 47
28 14 61
28 15 80
28 16 14
28 17 55
28 18 44
28 19 26
28 20 46
28 21 7
28 22 3
28 23 41
28 24 21
28 25 68
28 26 17
28 27 14
28 28 23
28 29 34
28 30 43
28 31 38
28 32 9
28 33 37
28 34 34
28 35 32
28 36 47
28 37 26
28 38 29
28 39 48
28 40 44
28 41 41
28 42 53
28 43 53
28 44 40
28 45 50
28 46 44
28 47 43
28 48 50
28 49 24
28 50 50
28 51 75
28 52 21
28 53 26
28 54 51
28 55 49
28 56 44
28 57 9
28 58 60
28 59 48
28 60 27
28 61 41
28 62 22
28 63 48
28 64 5
28 65 5
28 66 29
28 67 37
28 68 44
28 69 19
28 70 55
28 71 27
28 72 74
28 73 62
28 74 51
28 75 21
28 76 40
28 77 45
28 78 24
28 79 50
28 80 32
28 81 10
28 82 49
28 83 12
28 84 50
28 85 45
28 86 39
28 87 38
28 88 31
28 89 48
28 90 13
28 91 50
28 92 36
28 93 44
28 94 33
28 95 23
28 96 68
28 97 25
28 98 54
28 99 25
28 100 34
29 1 80
29 2 87
29 3 91
29 4 30
29 5 24
29 6 32
29 7 17
29 8 23
29 9 14
29 10 22
29 11 58
29 12 19
29 13 21
29 14 33
29 15 40
29 16 63
29 17 50
29 18 74
29 19 50
29 20 29
29 21 52
29 22 59
29 23 83
29 24 40
29 25 72
29 26 50
29 27 45
29 28 77
29 29 81
29 30 46
29 31 29
29 32 5
29 33 45
29 34 31
29 35 23
29 36 48
29 37 17
29 38 30
29 39 42
29 40 42
29 41 33
29 42 45
29 43 58
29 44 31
29 45 57
29 46 44
29 47 34
29 48 53
29 49 18
29 50 47
29 51 68
29 52 14
29 53 24
29 54 44
29 55 44
29 56 39
29 57 16
29 58 56
29 59 42
29 60 36
29 61 32
29 62 28
29 63 40
29 64 14
29 65 4
29 66 28
29 67 28
29 68 41
29 69 25
29 70 47
29 71 19
29 72 66
29 73 54
29 74 56
29 75 30
29 76 45
29 77 49
29 78 16
29 79 43
29 80 33
29 81 8
29 82 41
29 83 20
29 84 43
29 85 45
29 86 44
29 87 42
29 88 25
29 89 54
29 90 9
29 91 43
29 92 33
29 93 51
29 94 42
29 95 29
29 96 60
29 97 23
29 98 48
29 99 19
29 100 34
30 1 87
30 2 29
30 3 32
30 4 62
30 5 39
30 6 37
30 7 80
30 8 43
30 9 61
30 10 47
30 11 51
30 12 69
30 13 42
30 14 35
30 15 50
30 16 68
30 17 14
30 18 23
30 19 29
30 20 75
30 21 50
30 22 58
30 23 39
30 24 58
30 25 14
30 26 38
30 27 51
30 28 76
30 29 37
30 30 16
30 31 20
30 32 47
30 33 87
30 34 44
30 35 26
30 36 80
30 37 31
30 38 59
30 39 46
30 40 67
30 41 18
30 42 5
30 43 98
30 44 20
30 45 97
30 46 61
30 47 13
30 48 91
30 49 44
30 50 63
30 51 46
30 52 42
30 53 45
30 54 36
30 55 36
30 56 53
30 57 62
30 58 47
30 59 52
30 60 83
30 61 25
30 62 69
30 63 21
30 64 60
30 65 51
30 66 62
30 67 19
30 68 61
30 69 65
30 70 25
30 71 28
30 72 45
30 73 34
30 74 97
30 75 77
30 76 75
30 77 87
30 78 37
30 79 20
30 80 70
30 81 48
30 82 14
30 83 67
30 84 39
30 85 74
30 86 87
30 87 70
30 88 32
30 89 99
30 90 45
30 91 26
30 92 55
30 93 96
30 94 87
30 95 68
30 96 36
30 97 46
30 98 31
30 99 45
30 100 65
31 1 56
31 2 69
31 3 74
31 4 12
31 5 23
31 6 37
31 7 40
31 8 12
31 9 15
31 10 8
31 11 68
31 12 44
31 13 19
31 14 38
31 15 54
31 16 37
31 17 42
31 18 54
31 19 28
31 20 24
31 21 25
31 22 33
31 23 61
31 24 15
31 25 64
31 26 25
31 27 18
31 28 51
31 29 58
31 30 67
31 31 34
31 32 16
31 33 56
31 34 22
31 35 15
31 36 61
31 37 11
31 38 30
31 39 44
31 40 53
31 41 17
31 42 31
31 43 74
31 44 21
31 45 66
31 46 39
31 47 21
31 48 69
31 49 25
31 50 54
31 51 62
31 52 21
31 53 17
31 54 41
31 55 29
31 56 45
31 57 33
31 58 42
31 59 47
31 60 52
31 61 26
31 62 37
31 63 24
31 64 29
31 65 20
31 66 41
31 67 14
31 68 50
31 69 33
31 70 39
31 71 9
31 72 61
31 73 49
31 74 72
31 75 46
31 76 47
31 77 65
31 78 18
31 79 26
31 80 48
31 81 16
31 82 24
31 83 37
31 84 41
31 85 57
31 86 61
31 87 43
31 88 10
31 89 71
31 90 13
31 91 27
31 92 41
31 93 68
31 94 55
31 95 37
31 96 54
31 97 18
31 98 32
31 99 27
31 100 46
32 1 43
32 2 85
32 3 90
32 4 10
32 5 44
32 6 58
32 7 44
32 8 33
32 9 25
32 10 29
32 11 89
32 12 57
32 13 39
32 14 59
32 15 73
32 16 29
32 17 64
32 18 70
32 19 44
32 20 14
32 21 29
32 22 31
32 23 71
32 24 14
32 25 84
32 26 37
32 27 23
32 28 43
32 29 69
32 30 86
32 31 54
32 32 76
32 33 21
32 34 64
32 35 72
32 36 60
32 37 66
32 38 49
32 39 82
32 40 66
32 41 80
32 42 93
32 43 47
32 44 80
32 45 30
32 46 63
32 47 83
32 48 51
32 49 61
32 50 77
32 51 112
32 52 59
32 53 57
32 54 88
32 55 81
32 56 74
32 57 35
32 58 88
32 59 79
32 60 18
32 61 80
32 62 31
32 63 85
32 64 35
32 65 45
32 66 53
32 67 77
32 68 71
32 69 35
32 70 94
32 71 67
32 72 111
32 73 100
32 74 45
32 75 21
32 76 46
32 77 48
32 78 63
32 79 87
32 80 50
32 81 48
32 82 87
32 83 29
32 84 86
32 85 62
32 86 38
32 87 49
32 88 67
32 89 34
32 90 50
32 91 85
32 92 66
32 93 29
32 94 9
32 95 34
32 96 106
32 97 56
32 98 88
32 99 61
32 100 56
33 1 52
33 2 68
33 3 73
33 4 11
33 5 26
33 6 40
33 7 43
33 8 15
33 9 18
33 10 11
33 11 71
33 12 48
33 13 22
33 14 40
33 15 57
33 16 34
33 17 44
33 18 53
33 19 27
33 20 25
33 21 22
33 22 29
33 23 59
33 24 11
33 25 64
33 26 23
33 27 14
33 28 47
33 29 56
33 30 67
33 31 35
33 32 61
33 33 53
33 34 64
33 35 29
33 36 64
33 37 35
33 38 74
33 39 24
33 40 50
33 41 39
33 42 23
33 43 87
33 44 22
33 45 108
33 46 81
33 47 27
33 48 79
33 49 37
33 50 42
33 51 19
33 52 39
33 53 61
33 54 13
33 55 61
33 56 34
33 57 62
33 58 74
33 59 31
33 60 82
33 61 19
33 62 78
33 63 46
33 64 64
33 65 54
33 66 51
33 67 31
33 68 43
33 69 75
33 70 4
33 71 35
33 72 18
33 73 6
33 74 86
33 75 77
33 76 91
33 77 76
33 78 35
33 79 47
33 80 59
33 81 56
33 82 39
33 83 69
33 84 17
33 85 58
33 86 78
33 87 86
33 88 50
33 89 91
33 90 54
33 91 52
33 92 40
33 93 90
33 94 92
33 95 78
33 96 10
33 97 62
33 98 57
33 99 38
33 100 53
34 1 121
34 2 84
34 3 87
34 4 75
34 5 43
34 6 30
34 7 61
34 8 54
34 9 62
34 10 58
34 11 10
34 12 40
34 13 47
34 14 30
34 15 12
34 16 101
34 17 44
34 18 78
34 19 69
34 20 80
34 21 84
34 22 93
34 23 94
34 24 80
34 25 56
34 26 75
34 27 80
34 28 114
34 29 92
34 30 63
34 31 55
34 32 12
34 33 32
34 34 95
34 35 21
34 36 74
34 37 26
34 38 57
34 39 40
34 40 62
34 41 17
34 42 2
34 43 93
34 44 14
34 45 95
34 46 61
34 47 8
34 48 86
34 49 38
34 50 57
34 51 43
34 52 36
34 53 43
34 54 30
34 55 37
34 56 47
34 57 58
34 58 50
34 59 46
34 60 78
34 61 20
34 62 66
34 63 22
34 64 56
34 65 46
34 66 56
34 67 15
34 68 56
34 69 62
34 70 21
34 71 24
34 72 41
34 73 30
34 74 91
34 75 72
34 76 74
34 77 82
34 78 32
34 79 23
34 80 64
34 81 44
34 82 15
34 83 63
34 84 33
34 85 68
34 86 81
34 87 69
34 88 31
34 89 93
34 90 42
34 91 28
34 92 49
34 93 91
34 94 84
34 95 65
34 96 33
34 97 45
34 98 34
34 99 40
34 100 60
35 1 83
35 2 49
35 3 53
35 4 47
35 5 18
35 6 16
35 7 58
35 8 25
35 9 42
35 10 29
35 11 40
35 12 47
35 13 22
35 14 15
35 15 33
35 16 63
35 17 8
35 18 39
35 19 27
35 20 58
35 21 45
35 22 54
35 23 53
35 24 46
35 25 31
35 26 35
35 27 43
35 28 75
35 29 51
35 30 37
35 31 13
35 32 41
35 33 16
35 34 56
35 35 83
35 36 58
35 37 50
35 38 90
35 39 22
35 40 45
35 41 60
35 42 46
35 43 83
35 44 41
35 45 120
35 46 100
35 47 48
35 48 74
35 49 46
35 50 34
35 51 13
35 52 49
35 53 78
35 54 20
35 55 82
35 56 31
35 57 70
35 58 95
35 59 26
35 60 87
35 61 35
35 62 91
35 63 68
35 64 75
35 65 65
35 66 52
35 67 51
35 68 38
35 69 88
35 70 26
35 71 52
35 72 12
35 73 16
35 74 83
35 75 84
35 76 106
35 77 72
35 78 47
35 79 69
35 80 58
35 81 69
35 82 61
35 83 77
35 84 20
35 85 52
35 86 78
35 87 103
35 88 69
35 89 90
35 90 69
35 91 73
35 92 40
35 93 91
35 94 100
35 95 92
35 96 17
35 97 79
35 98 79
35 99 45
35 100 51
36 1 103
36 2 48
36 3 50
36 4 68
36 5 37
36 6 27
36 7 75
36 8 46
36 9 62
36 10 50
36 11 30
36 12 59
36 13 41
36 14 26
36 15 33
36 16 83
36 17 16
36 18 44
36 19 44
36 20 79
36 21 64
36 22 73
36 23 60
36 24 67
36 25 19
36 26 53
36 27 63
36 28 93
36 29 59
36 30 27
36 31 28
36 32 42
36 33 8
36 34 74
36 35 103
36 36 29
36 37 7
36 38 46
36 39 30
36 40 45
36 41 19
36 42 21
36 43 73
36 44 7
36 45 80
36 46 54
36 47 12
36 48 67
36 49 19
36 50 44
36 51 47
36 52 17
36 53 33
36 54 25
36 55 39
36 56 33
36 57 39
36 58 53
36 59 34
36 60 59
36 61 10
36 62 51
36 63 28
36 64 38
36 65 28
36 66 37
36 67 9
36 68 40
36 69 47
36 70 24
36 71 7
36 72 45
36 73 33
36 74 72
36 75 53
36 76 63
36 77 63
36 78 12
36 79 30
36 80 45
36 81 28
36 82 24
36 83 44
36 84 26
36 85 51
36 86 62
36 87 58
36 88 23
36 89 74
36 90 26
36 91 33
36 92 33
36 93 72
36 94 66
36 95 51
36 96 38
36 97 34
36 98 40
36 99 21
36 100 42
37 1 22
37 2 66
37 3 71
37 4 42
37 5 62
37 6 74
37 7 80
37 8 52
37 9 56
37 10 49
37 11 104
37 12 87
37 13 59
37 14 74
37 15 93
37 16 9
37 17 67
37 18 53
37 19 38
37 20 52
37 21 20
37 22 11
37 23 46
37 24 30
37 25 80
37 26 30
37 27 25
37 28 10
37 29 45
37 30 79
37 31 54
37 32 98
37 33 80
37 34 9
37 35 21
37 36 83
37 37 60
37 38 78
37 39 13
37 40 18
37 41 60
37 42 53
37 43 56
37 44 41
37 45 101
37 46 90
37 47 50
37 48 47
37 49 30
37 50 8
37 51 38
37 52 34
37 53 69
37 54 24
37 55 80
37 56 9
37 57 50
37 58 94
37 59 6
37 60 64
37 61 34
37 62 74
37 63 69
37 64 57
37 65 49
37 66 28
37 67 49
37 68 12
37 69 72
37 70 36
37 71 44
37 72 37
37 73 33
37 74 56
37 75 61
37 76 92
37 77 46
37 78 35
37 79 70
37 80 33
37 81 55
37 82 64
37 83 57
37 84 20
37 85 26
37 86 52
37 87 90
37 88 63
37 89 64
37 90 56
37 91 74
37 92 17
37 93 65
37 94 79
37 95 76
37 96 38
37 97 69
37 98 80
37 99 28
37 100 26
38 1 86
38 2 78
38 3 82
38 4 38
38 5 14
38 6 17
38 7 30
38 8 21
38 9 24
38 10 23
38 11 43
38 12 19
38 13 14
38 14 19
38 15 26
38 16 67
38 17 37
38 18 66
38 19 45
38 20 42
38 21 53
38 22 61
38 23 77
38 24 44
38 25 59
38 26 48
38 27 47
38 28 81
38 29 75
38 30 65
38 31 39
38 32 28
38 33 37
38 34 63
38 35 86
38 36 69
38 37 16
38 38 49
38 39 31
38 40 50
38 41 18
38 42 14
38 43 80
38 44 2
38 45 87
38 46 58
38 47 7
38 48 74
38 49 26
38 50 47
38 51 42
38 52 24
38 53 38
38 54 24
38 55 39
38 56 37
38 57 47
38 58 53
38 59 37
38 60 67
38 61 9
38 62 58
38 63 26
38 64 46
38 65 36
38 66 44
38 67 8
38 68 45
38 69 54
38 70 19
38 71 14
38 72 41
38 73 29
38 74 79
38 75 61
38 76 68
38 77 70
38 78 20
38 79 28
38 80 52
38 81 35
38 82 21
38 83 52
38 84 26
38 85 57
38 86 69
38 87 64
38 88 27
38 89 81
38 90 33
38 91 32
38 92 38
38 93 79
38 94 74
38 95 57
38 96 33
38 97 39
38 98 38
38 99 27
38 100 48
39 1 88
39 2 101
39 3 105
39 4 38
39 5 37
39 6 43
39 7 5
39 8 37
39 9 24
39 10 35
39 11 64
39 12 17
39 13 34
39 14 44
39 15 46
39 16 72
39 17 62
39 18 87
39 19 63
39 20 33
39 21 63
39 22 70
39 23 97
39 24 50
39 25 85
39 26 63
39 27 56
39 28 86
39 29 94
39 30 90
39 31 62
39 32 44
39 33 62
39 34 71
39 35 88
39 36 94
39 37 23
39 38 71
39 39 35
39 40 81
39 41 65
39 42 83
39 43 76
39 44 74
39 45 15
39 46 33
39 47 73
39 48 77
39 49 64
39 50 89
39 51 113
39 52 60
39 53 38
39 54 89
39 55 58
39 56 83
39 57 43
39 58 61
39 59 87
39 60 41
39 61 77
39 62 18
39 63 67
39 64 35
39 65 44
39 66 66
39 67 67
39 68 83
39 69 21
39 70 91
39 71 60
39 72 112
39 73 100
39 74 73
39 75 38
39 76 13
39 77 73
39 78 62
39 79 69
39 80 67
39 81 40
39 82 72
39 83 37
39 84 89
39 85 81
39 86 64
39 87 18
39 88 51
39 89 65
39 90 41
39 91 65
39 92 75
39 93 59
39 94 26
39 95 17
39 96 105
39 97 37
39 98 66
39 99 65
39 100 71
40 1 106
40 2 83
40 3 86
40 4 59
40 5 29
40 6 19
40 7 44
40 8 40
40 9 45
40 10 43
40 11 26
40 12 23
40 13 32
40 14 21
40 15 8
40 16 87
40 17 40
40 18 74
40 19 59
40 20 62
40 21 71
40 22 80
40 23 88
40 24 65
40 25 58
40 26 64
40 27 66
40 28 100
40 29 86
40 30 65
40 31 48
40 32 7
40 33 32
40 34 82
40 35 106
40 36 68
40 37 36
40 38 56
40 39 32
40 40 45
40 41 9
40 42 20
40 43 81
40 44 13
40 45 78
40 46 47
40 47 9
40 48 75
40 49 28
40 50 54
40 51 54
40 52 24
40 53 27
40 54 34
40 55 29
40 56 44
40 57 42
40 58 43
40 59 45
40 60 62
40 61 19
40 62 49
40 63 18
40 64 39
40 65 30
40 66 46
40 67 3
40 68 51
40 69 45
40 70 30
40 71 9
40 72 52
40 73 40
40 74 79
40 75 56
40 76 57
40 77 71
40 78 20
40 79 20
40 80 53
40 81 27
40 82 16
40 83 47
40 84 36
40 85 60
40 86 69
40 87 53
40 88 15
40 89 80
40 90 25
40 91 23
40 92 42
40 93 77
40 94 67
40 95 48
40 96 45
40 97 28
40 98 29
40 99 30
40 100 50
41 1 100
41 2 90
41 3 94
41 4 50
41 5 28
41 6 26
41 7 29
41 8 36
41 9 35
41 10 38
41 11 41
41 12 8
41 13 29
41 14 28
41 15 23
41 16 82
41 17 48
41 18 79
41 19 60
41 20 51
41 21 68
41 22 76
41 23 92
41 24 58
41 25 69
41 26 63
41 27 62
41 28 95
41 29 90
41 30 76
41 31 53
41 32 20
41 33 44
41 34 78
41 35 100
41 36 79
41 37 28
41 38 62
41 39 30
41 40 40
41 41 52
41 42 39
41 43 97
41 44 40
41 45 69
41 46 25
41 47 33
41 48 93
41 49 51
41 50 80
41 51 80
41 52 47
41 53 20
41 54 62
41 55 5
41 56 70
41 57 54
41 58 16
41 59 72
41 60 70
41 61 47
41 62 46
41 63 16
41 64 47
41 65 43
41 66 67
41 67 31
41 68 76
41 69 42
41 70 57
41 71 34
41 72 78
41 73 67
41 74 95
41 75 64
41 76 43
41 77 89
41 78 44
41 79 17
41 80 73
41 81 35
41 82 23
41 83 55
41 84 64
41 85 83
41 86 84
41 87 38
41 88 16
41 89 93
41 90 32
41 91 12
41 92 67
41 93 89
41 94 68
41 95 43
41 96 70
41 97 21
41 98 12
41 99 53
41 100 72
42 1 107
42 2 92
42 3 96
42 4 57
42 5 33
42 6 28
42 7 36
42 8 42
42 9 42
42 10 44
42 11 35
42 12 14
42 13 35
42 14 29
42 15 19
42 16 88
42 17 50
42 18 82
42 19 65
42 20 59
42 21 74
42 22 83
42 23 96
42 24 65
42 25 69
42 26 68
42 27 68
42 28 102
42 29 93
42 30 76
42 31 56
42 32 14
42 33 43
42 34 84
42 35 107
42 36 79
42 37 35
42 38 65
42 39 35
42 40 46
42 41 55
42 42 15
42 43 44
42 44 42
42 45 89
42 46 84
42 47 51
42 48 35
42 49 24
42 50 8
42 51 50
42 52 28
42 53 62
42 54 31
42 55 77
42 56 9
42 57 39
42 58 91
42 59 14
42 60 51
42 61 36
42 62 64
42 63 68
42 64 46
42 65 40
42 66 16
42 67 48
42 68 2
42 69 62
42 70 43
42 71 41
42 72 49
42 73 42
42 74 44
42 75 49
42 76 83
42 77 33
42 78 31
42 79 70
42 80 20
42 81 47
42 82 64
42 83 45
42 84 27
42 85 14
42 86 38
42 87 81
42 88 59
42 89 51
42 90 49
42 91 72
42 92 8
42 93 52
42 94 66
42 95 66
42 96 48
42 97 62
42 98 79
42 99 22
42 100 13
43 1 92
43 2 87
43 3 91
43 4 42
43 5 23
43 6 25
43 7 24
43 8 29
43 9 27
43 10 30
43 11 46
43 12 9
43 13 23
43 14 27
43 15 28
43 16 74
43 17 46
43 18 76
43 19 54
43 20 43
43 21 61
43 22 69
43 23 87
43 24 51
43 25 68
43 26 57
43 27 54
43 28 88
43 29 85
43 30 74
43 31 49
43 32 27
43 33 44
43 34 70
43 35 92
43 36 78
43 37 20
43 38 58
43 39 24
43 40 32
43 41 49
43 42 6
43 43 42
43 44 35
43 45 87
43 46 78
43 47 44
43 48 40
43 49 17
43 50 12
43 51 47
43 52 22
43 53 56
43 54 26
43 55 71
43 56 6
43 57 36
43 58 84
43 59 11
43 60 50
43 61 29
43 62 60
43 63 61
43 64 43
43 65 35
43 66 15
43 67 42
43 68 8
43 69 58
43 70 37
43 71 35
43 72 45
43 73 38
43 74 48
43 75 48
43 76 79
43 77 37
43 78 24
43 79 63
43 80 21
43 81 42
43 82 57
43 83 43
43 84 22
43 85 20
43 86 41
43 87 76
43 88 52
43 89 54
43 90 43
43 91 66
43 92 3
43 93 54
43 94 65
43 95 62
43 96 44
43 97 56
43 98 72
43 99 16
43 100 15
44 1 37
44 2 63
44 3 68
44 4 22
44 5 41
44 6 54
44 7 60
44 8 30
44 9 35
44 10 28
44 11 85
44 12 66
44 13 38
44 14 54
44 15 72
44 16 17
44 17 51
44 18 48
44 19 25
44 20 36
44 21 6
44 22 11
44 23 48
44 24 10
44 25 68
44 26 16
44 27 4
44 28 30
44 29 46
44 30 69
44 31 39
44 32 77
44 33 63
44 34 12
44 35 37
44 36 73
44 37 39
44 38 43
44 39 38
44 40 26
44 41 42
44 42 63
44 43 42
44 44 46
44 45 60
44 46 41
44 47 29
44 48 60
44 49 20
44 50 50
44 51 66
44 52 16
44 53 19
44 54 43
44 55 38
44 56 41
44 57 22
44 58 50
44 59 44
44 60 42
44 61 29
44 62 30
44 63 34
44 64 19
44 65 10
44 66 33
44 67 23
44 68 45
44 69 27
44 70 44
44 71 14
44 72 64
44 73 52
44 74 62
44 75 36
44 76 44
44 77 55
44 78 16
44 79 37
44 80 39
44 81 7
44 82 35
44 83 26
44 84 42
44 85 50
44 86 51
44 87 40
44 88 18
44 89 61
44 90 6
44 91 37
44 92 36
44 93 58
44 94 46
44 95 30
44 96 58
44 97 19
44 98 42
44 99 22
44 100 39
45 1 42
45 2 47
45 3 51
45 4 55
45 5 64
45 6 74
45 7 92
45 8 56
45 9 67
45 10 56
45 11 100
45 12 94
45 13 63
45 14 73
45 15 92
45 16 31
45 17 60
45 18 36
45 19 34
45 20 68
45 21 28
45 22 24
45 23 25
45 24 43
45 25 67
45 26 29
45 27 35
45 28 29
45 29 24
45 30 64
45 31 47
45 32 99
45 33 74
45 34 24
45 35 41
45 36 67
45 37 68
45 38 44
45 39 62
45 40 54
45 41 50
45 42 91
45 43 54
45 44 52
45 45 32
45 46 44
45 47 25
45 48 99
45 49 52
45 50 78
45 51 67
45 52 49
45 53 34
45 54 54
45 55 16
45 56 67
45 57 63
45 58 26
45 59 68
45 60 81
45 61 40
45 62 61
45 63 7
45 64 57
45 65 50
45 66 70
45 67 25
45 68 75
45 69 57
45 70 46
45 71 33
45 72 66
45 73 55
45 74 102
45 75 75
45 76 61
45 77 94
45 78 45
45 79 4
45 80 77
45 81 45
45 82 11
45 83 66
45 84 57
45 85 85
45 86 91
45 87 56
45 88 24
45 89 102
45 90 41
45 91 6
45 92 67
45 93 98
45 94 82
45 95 59
45 96 58
45 97 36
45 98 9
45 99 54
45 100 75
46 1 90
46 2 72
46 3 75
46 4 44
46 5 13
46 6 8
46 7 40
46 8 24
46 9 32
46 10 27
46 11 35
46 12 25
46 13 16
46 14 9
46 15 19
46 16 71
46 17 30
46 18 61
46 19 43
46 20 50
46 21 55
46 22 64
46 23 74
46 24 49
46 25 51
46 26 48
46 27 50
46 28 84
46 29 72
46 30 57
46 31 34
46 32 23
46 33 27
46 34 65
46 35 90
46 36 61
46 37 24
46 38 43
46 39 15
46 40 29
46 41 33
46 42 23
46 43 26
46 44 36
46 45 73
46 46 42
46 47 43
46 48 99
46 49 59
46 50 88
46 51 89
46 52 54
46 53 24
46 54 71
46 55 10
46 56 78
46 57 59
46 58 10
46 59 80
46 60 74
46 61 56
46 62 47
46 63 25
46 64 51
46 65 48
46 66 74
46 67 40
46 68 84
46 69 44
46 70 66
46 71 42
46 72 88
46 73 76
46 74 100
46 75 67
46 76 40
46 77 95
46 78 52
46 79 25
46 80 80
46 81 40
46 82 32
46 83 59
46 84 73
46 85 90
46 86 89
46 87 35
46 88 24
46 89 97
46 90 37
46 91 20
46 92 75
46 93 92
46 94 69
46 95 44
46 96 79
46 97 25
46 98 17
46 99 61
46 100 79
47 1 51
47 2 84
47 3 88
47 4 5
47 5 37
47 6 51
47 7 36
47 8 27
47 9 16
47 10 22
47 11 81
47 12 49
47 13 32
47 14 51
47 15 65
47 16 36
47 17 58
47 18 68
47 19 42
47 20 10
47 21 32
47 22 36
47 23 72
47 24 16
47 25 80
47 26 37
47 27 24
47 28 49
47 29 70
47 30 83
47 31 50
47 32 68
47 33 66
47 34 37
47 35 51
47 36 87
47 37 24
47 38 58
47 39 34
47 40 21
47 41 53
47 42 46
47 43 49
47 44 57
47 45 37
47 46 67
47 47 90
47 48 106
47 49 66
47 50 95
47 51 94
47 52 61
47 53 31
47 54 77
47 55 14
47 56 85
47 57 66
47 58 5
47 59 87
47 60 80
47 61 62
47 62 53
47 63 29
47 64 58
47 65 56
47 66 81
47 67 46
47 68 91
47 69 50
47 70 71
47 71 49
47 72 93
47 73 81
47 74 107
47 75 74
47 76 44
47 77 102
47 78 59
47 79 29
47 80 87
47 81 47
47 82 36
47 83 66
47 84 79
47 85 97
47 86 96
47 87 39
47 88 31
47 89 104
47 90 44
47 91 24
47 92 82
47 93 99
47 94 74
47 95 49
47 96 84
47 97 32
47 98 19
47 99 68
47 100 86
48 1 89
48 2 34
48 3 37
48 4 61
48 5 36
48 6 32
48 7 76
48 8 41
48 9 59
48 10 45
48 11 46
48 12 65
48 13 39
48 14 31
48 15 45
48 16 70
48 17 10
48 18 28
48 19 30
48 20 74
48 21 51
48 22 59
48 23 44
48 24 57
48 25 14
48 26 40
48 27 52
48 28 79
48 29 42
48 30 19
48 31 16
48 32 53
48 33 19
48 34 61
48 35 89
48 36 23
48 37 52
48 38 14
48 39 37
48 40 45
48 41 13
48 42 62
48 43 17
48 44 8
48 45 72
48 46 2
48 47 28
48 48 47
48 49 41
48 50 50
48 51 25
48 52 41
48 53 58
48 54 20
48 55 55
48 56 41
48 57 65
48 58 68
48 59 38
48 60 84
48 61 20
48 62 78
48 63 40
48 64 65
48 65 55
48 66 56
48 67 28
48 68 50
48 69 74
48 70 8
48 71 34
48 72 24
48 73 14
48 74 91
48 75 79
48 76 89
48 77 81
48 78 37
48 79 40
48 80 64
48 81 55
48 82 33
48 83 71
48 84 24
48 85 64
48 86 83
48 87 84
48 88 46
48 89 96
48 90 54
48 91 46
48 92 46
48 93 94
48 94 93
48 95 78
48 96 15
48 97 59
48 98 51
48 99 41
48 100 58
49 1 80
49 2 11
49 3 15
49 4 69
49 5 55
49 6 56
49 7 94
49 8 55
49 9 72
49 10 57
49 11 72
49 12 87
49 13 56
49 14 54
49 15 71
49 16 64
49 17 34
49 18 6
49 19 31
49 20 83
49 21 48
49 22 53
49 23 20
49 24 61
49 25 28
49 26 38
49 27 52
49 28 68
49 29 19
49 30 23
49 31 29
49 32 79
49 33 46
49 34 54
49 35 80
49 36 26
49 37 68
49 38 19
49 39 55
49 40 56
49 41 29
49 42 84
49 43 36
49 44 27
49 45 65
49 46 24
49 47 23
49 48 54
49 49 58
49 50 46
49 51 81
49 52 29
49 53 43
49 54 57
49 55 66
49 56 43
49 57 7
49 58 76
49 59 47
49 60 15
49 61 50
49 62 30
49 63 64
49 64 16
49 65 20
49 66 22
49 67 50
49 68 40
49 69 29
49 70 64
49 71 41
49 72 79
49 73 69
49 74 34
49 75 11
49 76 51
49 77 30
49 78 33
49 79 66
49 80 21
49 81 27
49 82 64
49 83 9
49 84 54
49 85 35
49 86 23
49 87 50
49 88 47
49 89 31
49 90 30
49 91 66
49 92 34
49 93 28
49 94 28
49 95 33
49 96 75
49 97 41
49 98 71
49 99 29
49 100 26
50 1 53
50 2 42
50 3 47
50 4 37
50 5 37
50 6 46
50 7 69
50 8 30
50 9 44
50 10 31
50 11 73
50 12 68
50 13 36
50 14 45
50 15 64
50 16 34
50 17 35
50 18 27
50 19 6
50 20 52
50 21 16
50 22 24
50 23 31
50 24 28
50 25 48
50 26 6
50 27 20
50 28 43
50 29 29
50 30 48
50 31 22
50 32 71
50 33 48
50 34 25
50 35 53
50 36 52
50 37 43
50 38 23
50 39 35
50 40 29
50 41 25
50 42 64
50 43 27
50 44 28
50 45 36
50 46 36
50 47 52
50 48 24
50 49 26
50 50 65
50 51 57
50 52 15
50 53 47
50 54 34
50 55 64
50 56 19
50 57 23
50 58 77
50 59 24
50 60 38
50 61 31
50 62 47
50 63 56
50 64 30
50 65 23
50 66 7
50 67 39
50 68 19
50 69 45
50 70 43
50 71 30
50 72 56
50 73 46
50 74 42
50 75 35
50 76 66
50 77 33
50 78 19
50 79 59
50 80 15
50 81 31
50 82 54
50 83 30
50 84 31
50 85 22
50 86 33
50 87 64
50 88 45
50 89 46
50 90 33
50 91 61
50 92 11
50 93 45
50 94 52
50 95 49
50 96 52
50 97 46
50 98 67
50 99 10
50 100 12
51 1 77
51 2 32
51 3 37
51 4 52
51 5 32
51 6 34
51 7 72
51 8 34
51 9 52
51 10 37
51 11 54
51 12 64
51 13 34
51 14 32
51 15 50
51 16 58
51 17 14
51 18 22
51 19 19
51 20 65
51 21 39
51 22 48
51 23 36
51 24 47
51 25 25
51 26 28
51 27 41
51 28 67
51 29 34
51 30 26
51 31 7
51 32 58
51 33 27
51 34 49
51 35 77
51 36 31
51 37 47
51 38 4
51 39 33
51 40 37
51 41 6
51 42 61
51 43 13
51 44 5
51 45 60
51 46 12
51 47 34
51 48 37
51 49 43
51 50 55
51 51 59
51 52 47
51 53 13
51 54 68
51 55 18
51 56 72
51 57 48
51 58 23
51 59 74
51 60 61
51 61 53
51 62 34
51 63 29
51 64 39
51 65 38
51 66 65
51 67 38
51 68 76
51 69 31
51 70 65
51 71 37
51 72 87
51 73 75
51 74 89
51 75 55
51 76 29
51 77 84
51 78 46
51 79 31
51 80 70
51 81 30
51 82 35
51 83 47
51 84 69
51 85 81
51 86 78
51 87 24
51 88 19
51 89 85
51 90 27
51 91 26
51 92 67
51 93 80
51 94 56
51 95 31
51 96 79
51 97 14
51 98 26
51 99 53
51 100 70
52 1 53
52 2 93
52 3 98
52 4 14
52 5 45
52 6 57
52 7 34
52 8 35
52 9 20
52 10 30
52 11 87
52 12 50
52 13 40
52 14 58
52 15 71
52 16 41
52 17 67
52 18 78
52 19 51
52 20 3
52 21 40
52 22 43
52 23 81
52 24 24
52 25 89
52 26 46
52 27 33
52 28 54
52 29 79
52 30 92
52 31 59
52 32 72
52 33 74
52 34 43
52 35 53
52 36 96
52 37 29
52 38 67
52 39 41
52 40 30
52 41 62
52 42 48
52 43 57
52 44 66
52 45 42
52 46 76
52 47 99
52 48 29
52 49 25
52 50 62
52 51 27
52 52 93
52 53 12
52 54 67
52 55 33
52 56 66
52 57 34
52 58 40
52 59 69
52 60 45
52 61 53
52 62 17
52 63 40
52 64 24
52 65 27
52 66 54
52 67 41
52 68 68
52 69 14
52 70 67
52 71 36
52 72 88
52 73 76
52 74 74
52 75 39
52 76 20
52 77 70
52 78 41
52 79 42
52 80 58
52 81 20
52 82 45
52 83 32
52 84 67
52 85 71
52 86 63
52 87 15
52 88 24
52 89 69
52 90 19
52 91 39
52 92 60
52 93 64
52 94 39
52 95 14
52 96 81
52 97 10
52 98 41
52 99 46
52 100 60
53 1 77
53 2 75
53 3 80
53 4 28
53 5 12
53 6 22
53 7 29
53 8 13
53 9 16
53 10 14
53 11 51
53 12 25
53 13 9
53 14 23
53 15 35
53 16 58
53 17 38
53 18 62
53 19 39
53 20 34
53 21 44
53 22 53
53 23 72
53 24 35
53 25 61
53 26 40
53 27 38
53 28 72
53 29 70
53 30 66
53 31 36
53 32 38
53 33 41
53 34 54
53 35 77
53 36 70
53 37 7
53 38 46
53 39 10
53 40 16
53 41 37
53 42 22
53 43 31
53 44 41
53 45 60
53 46 49
53 47 75
53 48 24
53 49 31
53 50 29
53 51 17
53 52 63
53 53 92
53 54 44
53 55 56
53 56 33
53 57 9
53 58 68
53 59 38
53 60 28
53 61 36
53 62 32
53 63 52
53 64 15
53 65 10
53 66 17
53 67 37
53 68 33
53 69 30
53 70 50
53 71 27
53 72 67
53 73 56
53 74 44
53 75 24
53 76 52
53 77 37
53 78 20
53 79 54
53 80 22
53 81 19
53 82 51
53 83 16
53 84 42
53 85 34
53 86 33
53 87 50
53 88 37
53 89 44
53 90 21
53 91 55
53 92 25
53 93 41
53 94 39
53 95 34
53 96 62
53 97 35
53 98 60
53 99 16
53 100 23
54 1 6
54 2 82
54 3 86
54 4 45
54 5 72
54 6 85
54 7 83
54 8 61
54 9 61
54 10 58
54 11 116
54 12 94
54 13 68
54 14 85
54 15 103
54 16 14
54 17 81
54 18 68
54 19 52
54 20 53
54 21 32
54 22 23
54 23 61
54 24 36
54 25 95
54 26 43
54 27 35
54 28 8
54 29 60
54 30 94
54 31 68
54 32 108
54 33 93
54 34 22
54 35 6
54 36 98
54 37 67
54 38 70
54 39 69
54 40 56
54 41 71
54 42 91
54 43 72
54 44 75
54 45 12
54 46 83
54 47 96
54 48 48
54 49 40
54 50 99
54 51 72
54 52 101
54 53 92
54 54 60
54 55 25
54 56 80
54 57 52
54 58 24
54 59 83
54 60 63
54 61 62
54 62 34
54 63 37
54 64 43
54 65 44
54 66 71
54 67 47
54 68 84
54 69 32
54 70 74
54 71 46
54 72 96
54 73 84
54 74 93
54 75 58
54 76 24
54 77 89
54 78 54
54 79 39
54 80 75
54 81 36
54 82 44
54 83 51
54 84 78
54 85 88
54 86 82
54 87 19
54 88 28
54 89 88
54 90 34
54 91 34
54 92 75
54 93 83
54 94 56
54 95 31
54 96 88
54 97 20
54 98 32
54 99 61
54 100 77
55 1 113
55 2 46
55 3 47
55 4 82
55 5 51
55 6 42
55 7 89
55 8 60
55 9 77
55 10 64
55 11 36
55 12 73
55 13 56
55 14 40
55 15 45
55 16 94
55 17 28
55 18 47
55 19 54
55 20 93
55 21 75
55 22 83
55 23 63
55 24 80
55 25 16
55 26 64
55 27 75
55 28 103
55 29 62
55 30 22
55 31 39
55 32 53
55 33 22
55 34 85
55 35 113
55 36 22
55 37 69
55 38 37
55 39 54
55 40 65
55 41 36
55 42 71
55 43 38
55 44 32
55 45 96
55 46 24
55 47 30
55 48 68
55 49 76
55 50 56
55 51 79
55 52 9
55 53 58
55 54 77
55 55 82
55 56 47
55 57 37
55 58 105
55 59 52
55 60 30
55 61 67
55 62 58
55 63 90
55 64 46
55 65 48
55 66 30
55 67 74
55 68 40
55 69 58
55 70 78
55 71 64
55 72 87
55 73 80
55 74 6
55 75 34
55 76 79
55 77 6
55 78 54
55 79 93
55 80 22
55 81 56
55 82 89
55 83 38
55 84 64
55 85 26
55 86 8
55 87 79
55 88 75
55 89 14
55 90 59
55 91 93
55 92 40
55 93 17
55 94 47
55 95 61
55 96 86
55 97 71
55 98 99
55 99 46
55 100 27
56 1 44
56 2 85
56 3 90
56 4 9
56 5 43
56 6 57
56 7 43
56 8 32
56 9 23
56 10 28
56 11 88
56 12 56
56 13 38
56 14 57
56 15 72
56 16 30
56 17 63
56 18 69
56 19 43
56 20 13
56 21 30
56 22 32
56 23 72
56 24 14
56 25 83
56 26 37
56 27 23
56 28 44
56 29 70
56 30 86
56 31 54
56 32 75
56 33 71
56 34 33
56 35 44
56 36 90
56 37 31
56 38 61
56 39 40
56 40 26
56 41 56
56 42 53
56 43 53
56 44 61
56 45 32
56 46 71
56 47 92
56 48 23
56 49 17
56 50 65
56 51 33
56 52 88
56 53 99
56 54 22
56 55 44
56 56 40
56 57 32
56 58 100
56 59 43
56 60 30
56 61 59
56 62 55
56 63 83
56 64 41
56 65 42
56 66 22
56 67 66
56 68 31
56 69 55
56 70 70
56 71 57
56 72 79
56 73 71
56 74 14
56 75 32
56 76 76
56 77 5
56 78 46
56 79 86
56 80 14
56 81 50
56 82 82
56 83 35
56 84 56
56 85 18
56 86 10
56 87 76
56 88 69
56 89 21
56 90 53
56 91 86
56 92 32
56 93 23
56 94 48
56 95 59
56 96 77
56 97 66
56 98 92
56 99 38
56 100 19
57 1 113
57 2 44
57 3 44
57 4 84
57 5 54
57 6 45
57 7 92
57 8 62
57 9 79
57 10 66
57 11 40
57 12 76
57 13 58
57 14 43
57 15 49
57 16 94
57 17 30
57 18 46
57 19 55
57 20 95
57 21 75
57 22 84
57 23 62
57 24 81
57 25 14
57 26 64
57 27 76
57 28 103
57 29 60
57 30 19
57 31 40
57 32 57
57 33 25
57 34 85
57 35 113
57 36 19
57 37 71
57 38 37
57 39 57
57 40 67
57 41 37
57 42 74
57 43 39
57 44 33
57 45 96
57 46 24
57 47 27
57 48 70
57 49 77
57 50 60
57 51 82
57 52 7
57 53 54
57 54 79
57 55 85
57 56 82
57 57 100
57 58 85
57 59 36
57 60 26
57 61 46
57 62 44
57 63 68
57 64 29
57 65 27
57 66 10
57 67 52
57 68 26
57 69 44
57 70 58
57 71 42
57 72 70
57 73 61
57 74 28
57 75 25
57 76 65
57 77 19
57 78 32
57 79 71
57 80 6
57 81 36
57 82 67
57 83 24
57 84 46
57 85 20
57 86 18
57 87 64
57 88 54
57 89 30
57 90 38
57 91 72
57 92 23
57 93 29
57 94 42
57 95 47
57 96 67
57 97 52
57 98 77
57 99 24
57 100 12
58 1 86
58 2 2
58 3 6
58 4 78
58 5 64
58 6 64
58 7 103
58 8 64
58 9 81
58 10 66
58 11 78
58 12 96
58 13 66
58 14 63
58 15 78
58 16 71
58 17 42
58 18 14
58 19 40
58 20 92
58 21 56
58 22 60
58 23 21
58 24 69
58 25 32
58 26 47
58 27 61
58 28 74
58 29 21
58 30 25
58 31 38
58 32 87
58 33 53
58 34 61
58 35 86
58 36 26
58 37 77
58 38 28
58 39 64
58 40 66
58 41 38
58 42 93
58 43 45
58 44 35
58 45 72
58 46 31
58 47 20
58 48 63
58 49 67
58 50 85
58 51 90
58 52 38
58 53 17
58 54 81
58 55 98
58 56 93
58 57 86
58 58 24
58 59 6
58 60 67
58 61 28
58 62 75
58 63 64
58 64 58
58 65 49
58 66 32
58 67 44
58 68 17
58 69 72
58 70 29
58 71 41
58 72 30
58 73 26
58 74 62
58 75 64
58 76 92
58 77 52
58 78 33
58 79 65
58 80 37
58 81 54
58 82 58
58 83 59
58 84 13
58 85 32
58 86 57
58 87 89
58 88 59
58 89 70
58 90 55
58 91 69
58 92 19
58 93 70
58 94 81
58 95 76
58 96 30
58 97 67
58 98 76
58 99 28
58 100 31
59 1 59
59 2 97
59 3 102
59 4 18
59 5 45
59 6 57
59 7 29
59 8 36
59 9 20
59 10 32
59 11 86
59 12 47
59 13 40
59 14 58
59 15 69
59 16 47
59 17 69
59 18 82
59 19 55
59 20 4
59 21 45
59 22 48
59 23 86
59 24 29
59 25 91
59 26 50
59 27 38
59 28 60
59 29 84
59 30 94
59 31 62
59 32 70
59 33 75
59 34 49
59 35 59
59 36 99
59 37 28
59 38 70
59 39 42
59 40 32
59 41 64
59 42 45
59 43 59
59 44 69
59 45 48
59 46 78
59 47 102
59 48 32
59 49 30
59 50 60
59 51 24
59 52 94
59 53 112
59 54 19
59 55 33
59 56 30
59 57 26
59 58 79
59 59 18
59 60 24
59 61 55
59 62 48
59 63 77
59 64 34
59 65 35
59 66 18
59 67 61
59 68 32
59 69 48
59 70 67
59 71 51
59 72 78
59 73 70
59 74 18
59 75 25
59 76 69
59 77 12
59 78 42
59 79 80
59 80 11
59 81 43
59 82 76
59 83 28
59 84 54
59 85 21
59 86 9
59 87 69
59 88 62
59 89 22
59 90 46
59 91 80
59 92 30
59 93 22
59 94 42
59 95 51
59 96 76
59 97 59
59 98 86
59 99 34
59 100 18
60 1 65
60 2 25
60 3 30
60 4 55
60 5 47
60 6 52
60 7 83
60 8 44
60 9 60
60 10 46
60 11 74
60 12 80
60 13 48
60 14 51
60 15 69
60 16 48
60 17 34
60 18 10
60 19 18
60 20 69
60 21 33
60 22 38
60 23 17
60 24 46
60 25 38
60 26 23
60 27 37
60 28 54
60 29 15
60 30 35
60 31 23
60 32 77
60 33 47
60 34 39
60 35 65
60 36 39
60 37 58
60 38 17
60 39 47
60 40 45
60 41 25
60 42 76
60 43 31
60 44 25
60 45 50
60 46 29
60 47 37
60 48 41
60 49 43
60 50 73
60 51 70
60 52 45
60 53 39
60 54 60
60 55 79
60 56 74
60 57 62
60 58 11
60 59 76
60 60 24
60 61 60
60 62 63
60 63 86
60 64 48
60 65 47
60 66 23
60 67 69
60 68 28
60 69 62
60 70 69
60 71 60
60 72 76
60 73 69
60 74 17
60 75 40
60 76 84
60 77 7
60 78 49
60 79 89
60 80 16
60 81 55
60 82 84
60 83 42
60 84 54
60 85 13
60 86 17
60 87 83
60 88 73
60 89 27
60 90 58
60 91 90
60 92 31
60 93 30
60 94 56
60 95 66
60 96 75
60 97 71
60 98 96
60 99 40
60 100 19
61 1 56
61 2 89
61 3 93
61 4 10
61 5 38
61 6 51
61 7 31
61 8 29
61 9 14
61 10 24
61 11 81
61 12 45
61 13 33
61 14 52
61 15 65
61 16 42
61 17 61
61 18 73
61 19 47
61 20 5
61 21 38
61 22 42
61 23 78
61 24 22
61 25 83
61 26 42
61 27 30
61 28 55
61 29 76
61 30 87
61 31 54
61 32 66
61 33 68
61 34 43
61 35 56
61 36 91
61 37 23
61 38 62
61 39 35
61 40 24
61 41 56
61 42 43
61 43 52
61 44 61
61 45 43
61 46 70
61 47 94
61 48 24
61 49 22
61 50 57
61 51 22
61 52 87
61 53 104
61 54 13
61 55 33
61 56 29
61 57 24
61 58 71
61 59 19
61 60 89
61 61 73
61 62 64
61 63 16
61 64 63
61 65 58
61 66 79
61 67 36
61 68 85
61 69 61
61 70 56
61 71 43
61 72 76
61 73 66
61 74 110
61 75 81
61 76 61
61 77 103
61 78 54
61 79 14
61 80 86
61 81 51
61 82 21
61 83 72
61 84 67
61 85 94
61 86 99
61 87 56
61 88 30
61 89 109
61 90 48
61 91 12
61 92 76
61 93 105
61 94 86
61 95 62
61 96 68
61 97 39
61 98 7
61 99 63
61 100 84
62 1 96
62 2 68
62 3 72
62 4 51
62 5 18
62 6 5
62 7 48
62 8 30
62 9 40
62 10 33
62 11 27
62 12 31
62 13 22
62 14 6
62 15 14
62 16 76
62 17 26
62 18 59
62 19 45
62 20 58
62 21 59
62 22 68
62 23 73
62 24 55
62 25 45
62 26 51
62 27 55
62 28 89
62 29 71
62 30 52
62 31 33
62 32 21
62 33 20
62 34 70
62 35 96
62 36 55
62 37 32
62 38 41
62 39 21
62 40 35
62 41 32
62 42 29
62 43 25
62 44 33
62 45 78
62 46 37
62 47 62
62 48 42
62 49 51
62 50 17
62 51 39
62 52 45
62 53 84
62 54 41
62 55 41
62 56 38
62 57 72
62 58 67
62 59 49
62 60 75
62 61 45
62 62 14
62 63 47
62 64 47
62 65 37
62 66 30
62 67 28
62 68 25
62 69 60
62 70 19
62 71 25
62 72 32
62 73 22
62 74 65
62 75 58
62 76 78
62 77 55
62 78 19
62 79 49
62 80 38
62 81 41
62 82 42
62 83 50
62 84 8
62 85 39
62 86 57
62 87 75
62 88 43
62 89 70
62 90 41
62 91 52
62 92 20
62 93 69
62 94 73
62 95 64
62 96 28
62 97 52
62 98 59
62 99 18
62 100 32
63 1 70
63 2 20
63 3 24
63 4 70
63 5 65
63 6 69
63 7 101
63 8 62
63 9 77
63 10 63
63 11 89
63 12 98
63 13 66
63 14 68
63 15 86
63 16 56
63 17 50
63 18 16
63 19 35
63 20 85
63 21 45
63 22 47
63 23 3
63 24 60
63 25 47
63 26 38
63 27 51
63 28 57
63 29 5
63 30 41
63 31 41
63 32 94
63 33 62
63 34 47
63 35 69
63 36 44
63 37 75
63 38 33
63 39 65
63 40 62
63 41 42
63 42 94
63 43 49
63 44 41
63 45 57
63 46 42
63 47 39
63 48 57
63 49 58
63 50 90
63 51 87
63 52 54
63 53 28
63 54 77
63 55 97
63 56 92
63 57 74
63 58 10
63 59 93
63 60 11
63 61 34
63 62 60
63 63 78
63 64 25
63 65 35
63 66 47
63 67 66
63 68 64
63 69 24
63 70 85
63 71 57
63 72 102
63 73 91
63 74 46
63 75 14
63 76 38
63 77 47
63 78 54
63 79 76
63 80 45
63 81 37
63 82 76
63 83 19
63 84 77
63 85 58
63 86 37
63 87 40
63 88 56
63 89 37
63 90 40
63 91 74
63 92 58
63 93 32
63 94 4
63 95 24
63 96 97
63 97 45
63 98 77
63 99 52
63 100 50
64 1 44
64 2 45
64 3 50
64 4 41
64 5 48
64 6 58
64 7 76
64 8 40
64 9 52
64 10 40
64 11 85
64 12 78
64 13 46
64 14 57
64 15 76
64 16 27
64 17 46
64 18 31
64 19 18
64 20 55
64 21 14
64 22 17
64 23 28
64 24 30
64 25 57
64 26 13
64 27 21
64 28 33
64 29 26
64 30 56
64 31 33
64 32 83
64 33 60
64 34 18
64 35 44
64 36 60
64 37 52
64 38 33
64 39 46
64 40 38
64 41 36
64 42 75
64 43 39
64 44 39
64 45 29
64 46 46
64 47 59
64 48 31
64 49 29
64 50 77
64 51 63
64 52 64
64 53 58
64 54 51
64 55 74
64 56 68
64 57 43
64 58 21
64 59 67
64 60 41
64 61 43
64 62 50
64 63 71
64 64 80
64 65 32
64 66 48
64 67 62
64 68 65
64 69 17
64 70 82
64 71 53
64 72 100
64 73 89
64 74 52
64 75 16
64 76 31
64 77 52
64 78 51
64 79 70
64 80 47
64 81 32
64 82 71
64 83 18
64 84 76
64 85 61
64 86 42
64 87 33
64 88 51
64 89 43
64 90 35
64 91 68
64 92 59
64 93 38
64 94 8
64 95 17
64 96 95
64 97 38
64 98 71
64 99 50
64 100 52
65 1 19
65 2 74
65 3 78
65 4 34
65 5 60
65 6 72
65 7 72
65 8 48
65 9 50
65 10 45
65 11 103
65 12 82
65 13 56
65 14 72
65 15 91
65 16 1
65 17 69
65 18 59
65 19 41
65 20 44
65 21 20
65 22 12
65 23 54
65 24 24
65 25 84
65 26 31
65 27 22
65 28 13
65 29 53
65 30 83
65 31 56
65 32 95
65 33 81
65 34 11
65 35 19
65 36 87
65 37 55
65 38 59
65 39 56
65 40 43
65 41 59
65 42 79
65 43 60
65 44 63
65 45 1
65 46 71
65 47 87
65 48 35
65 49 28
65 50 87
65 51 61
65 52 90
65 53 85
65 54 48
65 55 73
65 56 68
65 57 22
65 58 49
65 59 61
65 60 68
65 61 70
65 62 67
65 63 88
65 64 73
65 65 34
65 66 46
65 67 45
65 68 32
65 69 81
65 70 22
65 71 45
65 72 15
65 73 14
65 74 77
65 75 77
65 76 100
65 77 66
65 78 40
65 79 64
65 80 52
65 81 62
65 82 56
65 83 70
65 84 13
65 85 47
65 86 71
65 87 96
65 88 62
65 89 84
65 90 62
65 91 68
65 92 33
65 93 85
65 94 93
65 95 85
65 96 17
65 97 72
65 98 75
65 99 38
65 100 45
66 1 108
66 2 39
66 3 40
66 4 79
66 5 50
66 6 42
66 7 89
66 8 58
66 9 75
66 10 62
66 11 42
66 12 74
66 13 55
66 14 41
66 15 48
66 16 89
66 17 25
66 18 41
66 19 50
66 20 91
66 21 70
66 22 78
66 23 57
66 24 76
66 25 9
66 26 59
66 27 71
66 28 97
66 29 55
66 30 15
66 31 35
66 32 56
66 33 23
66 34 80
66 35 108
66 36 16
66 37 68
66 38 32
66 39 53
66 40 62
66 41 32
66 42 72
66 43 35
66 44 28
66 45 91
66 46 19
66 47 24
66 48 65
66 49 72
66 50 59
66 51 78
66 52 2
66 53 51
66 54 75
66 55 83
66 56 79
66 57 95
66 58 55
66 59 88
66 60 50
66 61 23
66 62 36
66 63 38
66 64 99
66 65 64
66 66 56
66 67 33
66 68 60
66 69 16
66 70 58
66 71 27
66 72 79
66 73 67
66 74 70
66 75 37
66 76 28
66 77 65
66 78 32
66 79 37
66 80 51
66 81 12
66 82 39
66 83 29
66 84 58
66 85 64
66 86 59
66 87 24
66 88 18
66 89 66
66 90 10
66 91 35
66 92 52
66 93 62
66 94 41
66 95 19
66 96 72
66 97 6
66 98 38
66 99 38
66 100 53
67 1 105
67 2 51
67 3 53
67 4 70
67 5 38
67 6 27
67 7 74
67 8 47
67 9 63
67 10 51
67 11 27
67 12 58
67 13 42
67 14 26
67 15 31
67 16 85
67 17 18
67 18 48
67 19 47
67 20 80
67 21 67
67 22 76
67 23 64
67 24 69
67 25 22
67 26 56
67 27 65
67 28 96
67 29 62
67 30 29
67 31 31
67 32 39
67 33 8
67 34 77
67 35 105
67 36 31
67 37 55
67 38 33
67 39 41
67 40 52
67 41 28
67 42 56
67 43 27
67 44 25
67 45 87
67 46 22
67 47 39
67 48 57
67 49 65
67 50 42
67 51 65
67 52 19
67 53 65
67 54 64
67 55 67
67 56 64
67 57 88
67 58 60
67 59 74
67 60 61
67 61 29
67 62 24
67 63 21
67 64 84
67 65 65
67 66 42
67 67 42
67 68 57
67 69 15
67 70 73
67 71 45
67 72 91
67 73 80
67 74 48
67 75 11
67 76 34
67 77 46
67 78 42
67 79 65
67 80 39
67 81 25
67 82 64
67 83 10
67 84 67
67 85 53
67 86 37
67 87 35
67 88 45
67 89 41
67 90 28
67 91 63
67 92 50
67 93 36
67 94 15
67 95 17
67 96 86
67 97 34
67 98 66
67 99 41
67 100 44
68 1 121
68 2 64
68 3 65
68 4 83
68 5 50
68 6 37
68 7 82
68 8 60
68 9 74
68 10 65
68 11 19
68 12 63
68 13 55
68 14 36
68 15 32
68 16 101
68 17 34
68 18 63
68 19 63
68 20 92
68 21 82
68 22 92
68 23 79
68 24 84
68 25 33
68 26 72
68 27 81
68 28 112
68 29 77
68 30 40
68 31 47
68 32 38
68 33 22
68 34 93
68 35 121
68 36 41
68 37 66
68 38 49
68 39 53
68 40 66
68 41 44
68 42 62
68 43 43
68 44 42
68 45 103
68 46 37
68 47 49
68 48 71
68 49 79
68 50 44
68 51 74
68 52 27
68 53 76
68 54 75
68 55 75
68 56 72
68 57 102
68 58 76
68 59 84
68 60 75
68 61 44
68 62 37
68 63 24
68 64 92
68 65 82
68 66 52
68 67 45
68 68 66
68 69 25
68 70 46
68 71 17
68 72 66
68 73 54
68 74 60
68 75 33
68 76 43
68 77 54
68 78 17
68 79 39
68 80 38
68 81 5
68 82 37
68 83 24
68 84 44
68 85 49
68 86 49
68 87 39
68 88 20
68 89 59
68 90 6
68 91 39
68 92 36
68 93 55
68 94 44
68 95 28
68 96 60
68 97 19
68 98 44
68 99 22
68 100 38
69 1 68
69 2 72
69 3 77
69 4 20
69 5 15
69 6 28
69 7 32
69 8 7
69 9 11
69 10 6
69 11 59
69 12 33
69 13 10
69 14 29
69 15 43
69 16 49
69 17 39
69 18 58
69 19 33
69 20 28
69 21 36
69 22 44
69 23 67
69 24 26
69 25 62
69 26 33
69 27 29
69 28 63
69 29 65
69 30 66
69 31 34
69 32 46
69 33 44
69 34 45
69 35 68
69 36 70
69 37 7
69 38 44
69 39 11
69 40 8
69 41 36
69 42 30
69 43 30
69 44 40
69 45 51
69 46 49
69 47 74
69 48 16
69 49 23
69 50 37
69 51 18
69 52 65
69 53 89
69 54 12
69 55 29
69 56 23
69 57 41
69 58 60
69 59 26
69 60 75
69 61 54
69 62 29
69 63 43
69 64 39
69 65 53
69 66 14
69 67 36
69 68 83
69 69 67
69 70 81
69 71 50
69 72 102
69 73 90
69 74 79
69 75 43
69 76 5
69 77 77
69 78 55
69 79 54
69 80 67
69 81 32
69 82 58
69 83 38
69 84 81
69 85 81
69 86 68
69 87 3
69 88 38
69 89 72
69 90 32
69 91 50
69 92 72
69 93 67
69 94 37
69 95 15
69 96 95
69 97 24
69 98 51
69 99 59
69 100 70
70 1 70
70 2 18
70 3 23
70 4 63
70 5 54
70 6 58
70 7 91
70 8 52
70 9 68
70 10 54
70 11 78
70 12 87
70 13 55
70 14 57
70 15 75
70 16 54
70 17 38
70 18 5
70 19 26
70 20 77
70 21 40
70 22 44
70 23 11
70 24 53
70 25 37
70 26 31
70 27 45
70 28 58
70 29 10
70 30 33
70 31 29
70 32 83
70 33 51
70 34 44
70 35 69
70 36 37
70 37 65
70 38 21
70 39 54
70 40 52
70 41 30
70 42 83
70 43 37
70 44 30
70 45 55
70 46 31
70 47 33
70 48 49
70 49 51
70 50 79
70 51 77
70 52 45
70 53 32
70 54 68
70 55 87
70 56 82
70 57 69
70 58 9
70 59 84
70 60 16
70 61 24
70 62 49
70 63 66
70 64 98
70 65 22
70 66 62
70 67 78
70 68 31
70 69 21
70 70 77
70 71 68
70 72 86
70 73 79
70 74 9
70 75 41
70 76 86
70 77 6
70 78 57
70 79 97
70 80 24
70 81 61
70 82 92
70 83 45
70 84 64
70 85 23
70 86 15
70 87 86
70 88 80
70 89 20
70 90 64
70 91 97
70 92 40
70 93 24
70 94 55
70 95 68
70 96 85
70 97 77
70 98 103
70 99 48
70 100 28
71 1 97
71 2 85
71 3 89
71 4 48
71 5 24
71 6 21
71 7 32
71 8 32
71 9 33
71 10 34
71 11 38
71 12 13
71 13 25
71 14 22
71 15 20
71 16 78
71 17 43
71 18 74
71 19 55
71 20 50
71 21 64
71 22 73
71 23 87
71 24 56
71 25 64
71 26 59
71 27 58
71 28 92
71 29 85
71 30 70
71 31 47
71 32 19
71 33 39
71 34 74
71 35 97
71 36 74
71 37 26
71 38 57
71 39 25
71 40 36
71 41 47
71 42 11
71 43 40
71 44 49
71 45 80
71 46 55
71 47 80
71 48 44
71 49 52
71 50 9
71 51 27
71 52 63
71 53 101
71 54 35
71 55 24
71 56 23
71 57 69
71 58 81
71 59 36
71 60 91
71 61 62
71 62 30
71 63 27
71 64 42
71 65 77
71 66 17
71 67 8
71 68 94
71 69 77
71 70 16
71 71 23
71 72 70
71 73 59
71 74 104
71 75 77
71 76 60
71 77 97
71 78 48
71 79 7
71 80 80
71 81 46
71 82 14
71 83 67
71 84 61
71 85 88
71 86 93
71 87 55
71 88 25
71 89 103
71 90 43
71 91 6
71 92 70
71 93 100
71 94 82
71 95 59
71 96 62
71 97 36
71 98 6
71 99 57
71 100 78
72 1 58
72 2 88
72 3 93
72 4 11
72 5 36
72 6 49
72 7 29
72 8 27
72 9 11
72 10 23
72 11 78
72 12 42
72 13 31
72 14 50
72 15 62
72 16 43
72 17 59
72 18 73
72 19 46
72 20 7
72 21 38
72 22 43
72 23 78
72 24 23
72 25 81
72 26 42
72 27 31
72 28 57
72 29 76
72 30 85
72 31 53
72 32 63
72 33 65
72 34 44
72 35 58
72 36 89
72 37 20
72 38 61
72 39 32
72 40 22
72 41 55
72 42 40
72 43 50
72 44 59
72 45 45
72 46 69
72 47 93
72 48 23
72 49 22
72 50 54
72 51 19
72 52 85
72 53 103
72 54 10
72 55 30
72 56 26
72 57 26
72 58 71
72 59 17
72 60 88
72 61 72
72 62 50
72 63 64
72 64 30
72 65 60
72 66 34
72 67 52
72 68 100
72 69 84
72 70 30
72 71 51
72 72 33
72 73 89
72 74 5
72 75 40
72 76 85
72 77 14
72 78 64
72 79 103
72 80 32
72 81 65
72 82 99
72 83 47
72 84 74
72 85 34
72 86 16
72 87 86
72 88 85
72 89 13
72 90 68
72 91 103
72 92 50
72 93 19
72 94 52
72 95 69
72 96 95
72 97 80
72 98 108
72 99 56
72 100 37
73 1 63
73 2 86
73 3 90
73 4 13
73 5 31
73 6 43
73 7 25
73 8 22
73 9 5
73 10 19
73 11 72
73 12 36
73 13 26
73 14 44
73 15 55
73 16 47
73 17 55
73 18 71
73 19 45
73 20 13
73 21 40
73 22 46
73 23 78
73 24 25
73 25 77
73 26 42
73 27 32
73 28 61
73 29 75
73 30 81
73 31 49
73 32 57
73 33 60
73 34 47
73 35 63
73 36 86
73 37 14
73 38 58
73 39 27
73 40 19
73 41 51
73 42 34
73 43 46
73 44 56
73 45 49
73 46 65
73 47 90
73 48 22
73 49 24
73 50 47
73 51 14
73 52 81
73 53 102
73 54 5
73 55 25
73 56 20
73 57 32
73 58 70
73 59 14
73 60 87
73 61 69
73 62 45
73 63 58
73 64 28
73 65 60
73 66 28
73 67 46
73 68 97
73 69 81
73 70 23
73 71 45
73 72 34
73 73 51
73 74 27
73 75 51
73 76 94
73 77 19
73 78 53
73 79 93
73 80 23
73 81 63
73 82 88
73 83 52
73 84 52
73 85 12
73 86 29
73 87 93
73 88 79
73 89 38
73 90 66
73 91 95
73 92 31
73 93 41
73 94 68
73 95 76
73 96 72
73 97 79
73 98 101
73 99 43
73 100 23
74 1 94
74 2 102
74 3 106
74 4 44
74 5 38
74 6 42
74 7 10
74 8 40
74 9 29
74 10 39
74 11 61
74 12 12
74 13 36
74 14 43
74 15 43
74 16 78
74 17 63
74 18 90
74 19 66
74 20 39
74 21 68
74 22 75
74 23 100
74 24 55
74 25 85
74 26 66
74 27 61
74 28 92
74 29 97
74 30 91
74 31 63
74 32 40
74 33 61
74 34 76
74 35 94
74 36 95
74 37 27
74 38 73
74 39 37
74 40 41
74 41 64
74 42 13
74 43 57
74 44 67
74 45 80
74 46 75
74 47 100
74 48 48
74 49 53
74 50 31
74 51 17
74 52 85
74 53 119
74 54 30
74 55 5
74 56 11
74 57 62
74 58 93
74 59 20
74 60 106
74 61 81
74 62 49
74 63 50
74 64 20
74 65 86
74 66 30
74 67 30
74 68 112
74 69 95
74 70 14
74 71 45
74 72 63
74 73 81
74 74 64
74 75 24
74 76 21
74 77 59
74 78 49
74 79 63
74 80 52
74 81 28
74 82 65
74 83 22
74 84 76
74 85 66
74 86 50
74 87 23
74 88 44
74 89 53
74 90 30
74 91 61
74 92 61
74 93 47
74 94 17
74 95 8
74 96 93
74 97 31
74 98 63
74 99 51
74 100 56
75 1 62
75 2 82
75 3 87
75 4 12
75 5 27
75 6 40
75 7 27
75 8 19
75 9 4
75 10 15
75 11 70
75 12 37
75 13 22
75 14 41
75 15 54
75 16 46
75 17 51
75 18 67
75 19 41
75 20 15
75 21 37
75 22 43
75 23 74
75 24 23
75 25 74
75 26 38
75 27 29
75 28 60
75 29 72
75 30 78
75 31 45
75 32 55
75 33 57
75 34 44
75 35 62
75 36 82
75 37 12
75 38 54
75 39 24
75 40 15
75 41 47
75 42 34
75 43 42
75 44 52
75 45 47
75 46 61
75 47 86
75 48 19
75 49 21
75 50 46
75 51 15
75 52 77
75 53 98
75 54 2
75 55 27
75 56 21
75 57 32
75 58 67
75 59 18
75 60 83
75 61 65
75 62 41
75 63 55
75 64 31
75 65 57
75 66 25
75 67 45
75 68 93
75 69 77
75 70 23
75 71 43
75 72 32
75 73 49
75 74 34
75 75 85
75 76 76
75 77 37
75 78 22
75 79 61
75 80 21
75 81 40
75 82 55
75 83 41
75 84 22
75 85 21
75 86 41
75 87 74
75 88 50
75 89 53
75 90 41
75 91 64
75 92 2
75 93 53
75 94 63
75 95 59
75 96 44
75 97 54
75 98 70
75 99 13
75 100 15
76 1 59
76 2 69
76 3 74
76 4 13
76 5 21
76 6 35
76 7 38
76 8 10
76 9 14
76 10 5
76 11 66
76 12 42
76 13 17
76 14 35
76 15 51
76 16 40
76 17 41
76 18 55
76 19 29
76 20 25
76 21 27
76 22 35
76 23 62
76 24 17
76 25 63
76 26 26
76 27 20
76 28 54
76 29 59
76 30 66
76 31 34
76 32 55
76 33 49
76 34 36
76 35 59
76 36 71
76 37 15
76 38 42
76 39 18
76 40 4
76 41 36
76 42 39
76 43 32
76 44 41
76 45 42
76 46 50
76 47 74
76 48 7
76 49 13
76 50 47
76 51 25
76 52 67
76 53 85
76 54 13
76 55 36
76 56 30
76 57 33
76 58 54
76 59 30
76 60 71
76 61 53
76 62 33
76 63 51
76 64 43
76 65 45
76 66 23
76 67 45
76 68 81
76 69 65
76 70 29
76 71 37
76 72 23
76 73 42
76 74 23
76 75 80
76 76 15
76 77 41
76 78 13
76 79 53
76 80 23
76 81 31
76 82 47
76 83 36
76 84 23
76 85 28
76 86 42
76 87 65
76 88 41
76 89 55
76 90 32
76 91 55
76 92 10
76 93 54
76 94 58
76 95 52
76 96 44
76 97 45
76 98 61
76 99 4
76 100 19
77 1 62
77 2 96
77 3 101
77 4 18
77 5 43
77 6 55
77 7 26
77 8 34
77 9 17
77 10 31
77 11 83
77 12 43
77 13 38
77 14 56
77 15 66
77 16 49
77 17 67
77 18 81
77 19 55
77 20 6
77 21 46
77 22 50
77 23 86
77 24 30
77 25 89
77 26 50
77 27 39
77 28 62
77 29 84
77 30 93
77 31 61
77 32 67
77 33 72
77 34 51
77 35 62
77 36 98
77 37 26
77 38 69
77 39 40
77 40 31
77 41 63
77 42 41
77 43 58
77 44 67
77 45 50
77 46 77
77 47 101
77 48 32
77 49 31
77 50 57
77 51 21
77 52 93
77 53 112
77 54 17
77 55 29
77 56 26
77 57 29
77 58 79
77 59 14
77 60 97
77 61 80
77 62 57
77 63 69
77 64 24
77 65 68
77 66 40
77 67 56
77 68 108
77 69 92
77 70 32
77 71 57
77 72 40
77 73 54
77 74 46
77 75 99
77 76 12
77 77 87
77 78 31
77 79 23
77 80 58
77 81 20
77 82 24
77 83 41
77 84 53
77 85 68
77 86 69
77 87 34
77 88 4
77 89 78
77 90 17
77 91 21
77 92 53
77 93 74
77 94 56
77 95 33
77 96 64
77 97 10
77 98 24
77 99 39
77 100 57
78 1 66
78 2 69
78 3 73
78 4 21
78 5 13
78 6 27
78 7 36
78 8 4
78 9 15
78 10 3
78 11 58
78 12 36
78 13 9
78 14 28
78 15 43
78 16 48
78 17 36
78 18 55
78 19 30
78 20 30
78 21 33
78 22 42
78 23 63
78 24 25
78 25 58
78 26 30
78 27 27
78 28 61
78 29 61
78 30 63
78 31 31
78 32 47
78 33 42
78 34 43
78 35 67
78 36 67
78 37 10
78 38 40
78 39 10
78 40 5
78 41 32
78 42 32
78 43 27
78 44 37
78 45 50
78 46 46
78 47 71
78 48 13
78 49 21
78 50 39
78 51 22
78 52 62
78 53 85
78 54 15
78 55 32
78 56 27
78 57 41
78 58 56
78 59 30
78 60 71
78 61 50
78 62 26
78 63 43
78 64 43
78 65 49
78 66 15
78 67 37
78 68 80
78 69 63
78 70 24
78 71 29
78 72 29
78 73 49
78 74 28
78 75 72
78 76 19
78 77 60
78 78 42
78 79 81
78 80 32
78 81 62
78 82 74
78 83 60
78 84 31
78 85 21
78 86 48
78 87 95
78 88 71
78 89 60
78 90 63
78 91 84
78 92 22
78 93 62
78 94 80
78 95 80
78 96 48
78 97 76
78 98 90
78 99 35
78 100 26
79 1 81
79 2 75
79 3 79
79 4 33
79 5 11
79 6 18
79 7 31
79 8 16
79 9 21
79 10 18
79 11 46
79 12 23
79 13 10
79 14 19
79 15 30
79 16 63
79 17 36
79 18 63
79 19 41
79 20 39
79 21 48
79 22 57
79 23 74
79 24 40
79 25 59
79 26 43
79 27 42
79 28 76
79 29 72
79 30 64
79 31 36
79 32 33
79 33 37
79 34 58
79 35 82
79 36 68
79 37 12
79 38 46
79 39 11
79 40 20
79 41 37
79 42 19
79 43 30
79 44 40
79 45 65
79 46 48
79 47 74
79 48 28
79 49 36
79 50 24
79 51 20
79 52 60
79 53 92
79 54 22
79 55 24
79 56 20
79 57 54
79 58 67
79 59 30
79 60 80
79 61 54
79 62 23
79 63 32
79 64 40
79 65 62
79 66 3
79 67 22
79 68 85
79 69 68
79 70 13
79 71 21
79 72 45
79 73 64
79 74 43
79 75 62
79 76 28
79 77 69
79 78 35
79 79 74
79 80 59
79 81 24
79 82 18
79 83 45
79 84 49
79 85 69
79 86 72
79 87 41
79 88 3
79 89 81
79 90 21
79 91 16
79 92 52
79 93 78
79 94 61
79 95 39
79 96 58
79 97 17
79 98 21
79 99 38
79 100 58
80 1 67
80 2 81
80 3 86
80 4 17
80 5 23
80 6 35
80 7 25
80 8 16
80 9 2
80 10 14
80 11 65
80 12 32
80 13 19
80 14 36
80 15 48
80 16 50
80 17 48
80 18 67
80 19 41
80 20 20
80 21 40
80 22 47
80 23 75
80 24 27
80 25 71
80 26 40
80 27 33
80 28 64
80 29 72
80 30 75
80 31 44
80 32 50
80 33 53
80 34 48
80 35 67
80 36 80
80 37 7
80 38 53
80 39 20
80 40 15
80 41 45
80 42 28
80 43 40
80 44 50
80 45 52
80 46 59
80 47 84
80 48 20
80 49 24
80 50 41
80 51 11
80 52 74
80 53 97
80 54 3
80 55 23
80 56 17
80 57 37
80 58 67
80 59 17
80 60 83
80 61 63
80 62 37
80 63 50
80 64 30
80 65 59
80 66 20
80 67 39
80 68 92
80 69 76
80 70 18
80 71 38
80 72 35
80 73 53
80 74 36
80 75 80
80 76 10
80 77 73
80 78 52
80 79 76
80 80 35
80 81 9
80 82 35
80 83 26
80 84 40
80 85 47
80 86 49
80 87 43
80 88 20
80 89 60
80 90 9
80 91 38
80 92 33
80 93 57
80 94 47
80 95 32
80 96 56
80 97 22
80 98 44
80 99 19
80 100 36
81 1 122
81 2 66
81 3 67
81 4 83
81 5 49
81 6 36
81 7 81
81 8 60
81 9 74
81 10 65
81 11 17
81 12 61
81 13 54
81 14 35
81 15 30
81 16 102
81 17 35
81 18 64
81 19 64
81 20 92
81 21 83
81 22 92
81 23 81
81 24 84
81 25 35
81 26 72
81 27 81
81 28 112
81 29 79
81 30 42
81 31 48
81 32 37
81 33 22
81 34 94
81 35 122
81 36 43
81 37 65
81 38 50
81 39 53
81 40 66
81 41 45
81 42 60
81 43 43
81 44 43
81 45 104
81 46 38
81 47 51
81 48 71
81 49 80
81 50 43
81 51 73
81 52 29
81 53 78
81 54 75
81 55 73
81 56 71
81 57 102
81 58 77
81 59 83
81 60 76
81 61 46
81 62 37
81 63 23
81 64 91
81 65 83
81 66 52
81 67 43
81 68 68
81 69 56
81 70 64
81 71 34
81 72 83
81 73 101
81 74 76
81 75 15
81 76 81
81 77 68
81 78 21
81 79 79
81 80 91
81 81 50
81 82 6
81 83 55
81 84 45
81 85 71
81 86 79
81 87 53
81 88 15
81 89 90
81 90 31
81 91 13
81 92 53
81 93 86
81 94 73
81 95 52
81 96 49
81 97 30
81 98 19
81 99 41
81 100 61
82 1 122
82 2 74
82 3 76
82 4 80
82 5 46
82 6 32
82 7 73
82 8 57
82 9 69
82 10 61
82 11 5
82 12 52
82 13 50
82 14 32
82 15 21
82 16 102
82 17 38
82 18 70
82 19 66
82 20 87
82 21 83
82 22 93
82 23 86
82 24 82
82 25 44
82 26 74
82 27 81
82 28 113
82 29 85
82 30 51
82 31 51
82 32 26
82 33 24
82 34 94
82 35 122
82 36 53
82 37 60
82 38 55
82 39 49
82 40 63
82 41 48
82 42 52
82 43 44
82 44 46
82 45 104
82 46 44
82 47 61
82 48 69
82 49 78
82 50 33
82 51 66
82 52 39
82 53 88
82 54 70
82 55 65
82 56 64
82 57 100
82 58 83
82 59 76
82 60 84
82 61 52
82 62 35
82 63 16
82 64 83
82 65 86
82 66 46
82 67 34
82 68 77
82 69 64
82 70 56
82 71 30
82 72 83
82 73 101
82 74 76
82 75 13
82 76 76
82 77 75
82 78 22
82 79 85
82 80 90
82 81 51
82 82 78
82 83 20
82 84 39
82 85 35
82 86 37
82 87 50
82 88 33
82 89 48
82 90 19
82 91 51
82 92 24
82 93 45
82 94 42
82 95 35
82 96 58
82 97 32
82 98 56
82 99 13
82 100 24
83 1 122
83 2 71
83 3 73
83 4 82
83 5 48
83 6 34
83 7 76
83 8 59
83 9 71
83 10 63
83 11 10
83 12 56
83 13 52
83 14 33
83 15 25
83 16 102
83 17 37
83 18 69
83 19 66
83 20 89
83 21 84
83 22 93
83 23 85
83 24 84
83 25 41
83 26 74
83 27 81
83 28 114
83 29 83
83 30 48
83 31 50
83 32 30
83 33 24
83 34 95
83 35 122
83 36 49
83 37 63
83 38 54
83 39 51
83 40 65
83 41 48
83 42 55
83 43 45
83 44 45
83 45 104
83 46 43
83 47 57
83 48 71
83 49 79
83 50 37
83 51 70
83 52 36
83 53 84
83 54 72
83 55 69
83 56 67
83 57 101
83 58 81
83 59 79
83 60 82
83 61 50
83 62 36
83 63 19
83 64 87
83 65 85
83 66 49
83 67 38
83 68 74
83 69 62
83 70 60
83 71 32
83 72 83
83 73 102
83 74 77
83 75 12
83 76 78
83 77 73
83 78 22
83 79 83
83 80 91
83 81 51
83 82 82
83 83 46
83 84 64
83 85 67
83 86 59
83 87 18
83 88 24
83 89 66
83 90 16
83 91 40
83 92 56
83 93 61
83 94 37
83 95 13
83 96 79
83 97 10
83 98 42
83 99 43
83 100 56
84 1 35
84 2 53
84 3 58
84 4 41
84 5 53
84 6 64
84 7 77
84 8 44
84 9 53
84 10 43
84 11 93
84 12 82
84 13 51
84 14 64
84 15 83
84 16 19
84 17 55
84 18 39
84 19 26
84 20 54
84 21 13
84 22 10
84 23 34
84 24 28
84 25 66
84 26 18
84 27 21
84 28 24
84 29 33
84 30 65
84 31 42
84 32 89
84 33 68
84 34 10
84 35 35
84 36 69
84 37 55
84 38 41
84 39 51
84 40 41
84 41 44
84 42 78
84 43 47
84 44 48
84 45 20
84 46 55
84 47 67
84 48 33
84 49 29
84 50 82
84 51 64
84 52 73
84 53 64
84 54 52
84 55 76
84 56 70
84 57 38
84 58 28
84 59 67
84 60 48
84 61 52
84 62 57
84 63 78
84 64 81
84 65 14
84 66 59
84 67 81
84 68 65
84 69 55
84 70 69
84 71 64
84 72 19
84 73 15
84 74 18
84 75 103
84 76 49
84 77 41
84 78 70
84 79 36
84 80 24
84 81 41
84 82 90
84 83 46
84 84 85
84 85 29
84 86 9
84 87 80
84 88 78
84 89 11
84 90 61
84 91 96
84 92 44
84 93 15
84 94 47
84 95 62
84 96 89
84 97 73
84 98 101
84 99 49
84 100 31
85 1 135
85 2 82
85 3 83
85 4 93
85 5 59
85 6 45
85 7 83
85 8 70
85 9 81
85 10 74
85 11 14
85 12 62
85 13 63
85 14 45
85 15 32
85 16 114
85 17 50
85 18 80
85 19 78
85 20 99
85 21 96
85 22 106
85 23 97
85 24 95
85 25 51
85 26 86
85 27 94
85 28 126
85 29 95
85 30 59
85 31 63
85 32 35
85 33 36
85 34 107
85 35 134
85 36 59
85 37 73
85 38 66
85 39 62
85 40 76
85 41 60
85 42 62
85 43 57
85 44 58
85 45 117
85 46 55
85 47 67
85 48 82
85 49 91
85 50 44
85 51 78
85 52 45
85 53 95
85 54 82
85 55 76
85 56 75
85 57 113
85 58 93
85 59 88
85 60 93
85 61 62
85 62 48
85 63 29
85 64 94
85 65 98
85 66 59
85 67 45
85 68 84
85 69 73
85 70 68
85 71 43
85 72 96
85 73 114
85 74 89
85 75 3
85 76 89
85 77 85
85 78 34
85 79 95
85 80 103
85 81 63
85 82 88
85 83 59
85 84 26
85 85 87
85 86 10
85 87 70
85 88 73
85 89 6
85 90 55
85 91 91
85 92 48
85 93 4
85 94 35
85 95 52
85 96 93
85 97 66
85 98 96
85 99 49
85 100 35
86 1 111
86 2 50
86 3 51
86 4 77
86 5 45
86 6 34
86 7 82
86 8 54
86 9 70
86 10 58
86 11 29
86 12 65
86 13 50
86 14 33
86 15 37
86 16 91
86 17 24
86 18 49
86 19 52
86 20 87
86 21 72
86 22 81
86 23 65
86 24 76
86 25 19
86 26 61
86 27 71
86 28 101
86 29 64
86 30 27
86 31 36
86 32 45
86 33 15
86 34 82
86 35 110
86 36 28
86 37 62
86 38 36
86 39 48
86 40 59
86 41 33
86 42 63
86 43 33
86 44 30
86 45 93
86 46 24
86 47 36
86 48 63
86 49 71
86 50 48
86 51 72
86 52 14
86 53 63
86 54 71
86 55 75
86 56 72
86 57 94
86 58 63
86 59 82
86 60 61
86 61 30
86 62 31
86 63 27
86 64 92
86 65 69
86 66 49
86 67 48
86 68 53
86 69 40
86 70 64
86 71 32
86 72 73
86 73 89
86 74 65
86 75 30
86 76 76
86 77 53
86 78 17
86 79 64
86 80 82
86 81 39
86 82 90
86 83 36
86 84 32
86 85 55
86 86 92
86 87 54
86 88 17
86 89 77
86 90 24
86 91 26
86 92 39
86 93 75
86 94 66
86 95 48
86 96 43
86 97 29
86 98 33
86 99 26
86 100 47
87 1 89
87 2 69
87 3 73
87 4 44
87 5 11
87 6 6
87 7 42
87 8 22
87 9 33
87 10 26
87 11 35
87 12 28
87 13 15
87 14 7
87 15 20
87 16 69
87 17 27
87 18 58
87 19 41
87 20 50
87 21 53
87 22 62
87 23 71
87 24 48
87 25 49
87 26 46
87 27 48
87 28 82
87 29 69
87 30 55
87 31 32
87 32 25
87 33 25
87 34 64
87 35 89
87 36 59
87 37 24
87 38 41
87 39 14
87 40 28
87 41 31
87 42 25
87 43 24
87 44 33
87 45 72
87 46 39
87 47 65
87 48 35
87 49 44
87 50 19
87 51 32
87 52 49
87 53 85
87 54 33
87 55 35
87 56 31
87 57 64
87 58 65
87 59 42
87 60 75
87 61 46
87 62 14
87 63 20
87 64 51
87 65 63
87 66 10
87 67 18
87 68 78
87 69 61
87 70 24
87 71 9
87 72 51
87 73 70
87 74 46
87 75 50
87 76 40
87 77 64
87 78 23
87 79 71
87 80 56
87 81 27
87 82 51
87 83 23
87 84 24
87 85 70
87 86 62
87 87 9
87 88 96
87 89 35
87 90 81
87 91 113
87 92 52
87 93 40
87 94 73
87 95 87
87 96 92
87 97 94
87 98 119
87 99 62
87 100 41
88 1 102
88 2 33
88 3 34
88 4 76
88 5 49
88 6 43
88 7 89
88 8 55
88 9 73
88 10 59
88 11 46
88 12 76
88 13 53
88 14 41
88 15 51
88 16 83
88 17 23
88 18 34
88 19 44
88 20 88
88 21 65
88 22 73
88 23 50
88 24 72
88 25 2
88 26 54
88 27 66
88 28 91
88 29 49
88 30 9
88 31 31
88 32 59
88 33 25
88 34 74
88 35 102
88 36 11
88 37 66
88 38 26
88 39 51
88 40 60
88 41 28
88 42 73
88 43 32
88 44 23
88 45 85
88 46 14
88 47 19
88 48 62
88 49 68
88 50 61
88 51 77
88 52 5
88 53 45
88 54 73
88 55 83
88 56 79
88 57 91
88 58 48
88 59 87
88 60 44
88 61 16
88 62 35
88 63 41
88 64 98
88 65 57
88 66 55
88 67 61
88 68 35
88 69 23
88 70 72
88 71 40
88 72 67
88 73 81
88 74 59
88 75 48
88 76 78
88 77 37
88 78 28
88 79 48
88 80 77
88 81 36
88 82 99
88 83 35
88 84 47
88 85 38
88 86 89
88 87 44
88 88 60
88 89 49
88 90 12
88 91 49
88 92 38
88 93 45
88 94 33
88 95 22
88 96 69
88 97 24
88 98 53
88 99 26
88 100 36
89 1 82
89 2 103
89 3 108
89 4 35
89 5 41
89 6 49
89 7 5
89 8 38
89 9 22
89 10 36
89 11 72
89 12 26
89 13 37
89 14 50
89 15 55
89 16 68
89 17 67
89 18 89
89 19 64
89 20 26
89 21 61
89 22 67
89 23 97
89 24 47
89 25 90
89 26 62
89 27 54
89 28 82
89 29 95
89 30 95
89 31 65
89 32 53
89 33 68
89 34 68
89 35 83
89 36 99
89 37 25
89 38 74
89 39 39
89 40 37
89 41 66
89 42 25
89 43 60
89 44 70
89 45 70
89 46 79
89 47 104
89 48 43
89 49 45
89 50 43
89 51 13
89 52 92
89 53 119
89 54 23
89 55 11
89 56 12
89 57 50
89 58 90
89 59 8
89 60 106
89 61 84
89 62 54
89 63 60
89 64 8
89 65 81
89 66 35
89 67 42
89 68 114
89 69 97
89 70 20
89 71 52
89 72 56
89 73 72
89 74 59
89 75 88
89 76 25
89 77 95
89 78 66
89 79 98
89 80 54
89 81 58
89 82 16
89 83 57
89 84 61
89 85 102
89 86 49
89 87 50
89 88 58
89 89 73
89 90 19
89 91 23
89 92 58
89 93 75
89 94 54
89 95 30
89 96 69
89 97 8
89 98 25
89 99 43
89 100 61
90 1 57
90 2 60
90 3 65
90 4 20
90 5 21
90 6 34
90 7 47
90 8 11
90 9 24
90 10 10
90 11 65
90 12 48
90 13 18
90 14 34
90 15 52
90 16 38
90 17 35
90 18 45
90 19 19
90 20 34
90 21 21
90 22 30
90 23 52
90 24 18
90 25 55
90 26 17
90 27 16
90 28 50
90 29 50
90 30 58
90 31 25
90 32 57
90 33 44
90 34 32
90 35 57
90 36 62
90 37 22
90 38 33
90 39 18
90 40 8
90 41 28
90 42 45
90 43 25
90 44 33
90 45 40
90 46 42
90 47 65
90 48 6
90 49 13
90 50 49
90 51 33
90 52 60
90 53 76
90 54 23
90 55 44
90 56 39
90 57 36
90 58 45
90 59 39
90 60 61
90 61 44
90 62 30
90 63 49
90 64 53
90 65 37
90 66 26
90 67 48
90 68 72
90 69 56
90 70 36
90 71 35
90 72 19
90 73 38
90 74 16
90 75 78
90 76 24
90 77 50
90 78 45
90 79 53
90 80 25
90 81 20
90 82 60
90 83 22
90 84 55
90 85 58
90 86 34
90 87 39
90 88 16
90 89 34
90 90 38
90 91 59
90 92 7
90 93 57
90 94 64
90 95 59
90 96 40
90 97 51
90 98 66
90 99 11
90 100 19
91 1 97
91 2 70
91 3 73
91 4 52
91 5 19
91 6 6
91 7 47
91 8 31
91 9 41
91 10 34
91 11 26
91 12 30
91 13 23
91 14 7
91 15 12
91 16 77
91 17 27
91 18 61
91 19 46
91 20 59
91 21 60
91 22 70
91 23 75
91 24 56
91 25 46
91 26 52
91 27 56
91 28 90
91 29 73
91 30 53
91 31 35
91 32 19
91 33 21
91 34 71
91 35 97
91 36 56
91 37 32
91 38 43
91 39 22
91 40 36
91 41 33
91 42 28
91 43 27
91 44 35
91 45 79
91 46 39
91 47 63
91 48 43
91 49 52
91 50 16
91 51 39
91 52 46
91 53 86
91 54 42
91 55 40
91 56 38
91 57 73
91 58 69
91 59 49
91 60 77
91 61 46
91 62 15
91 63 11
91 64 58
91 65 68
91 66 18
91 67 16
91 68 77
91 69 61
91 70 30
91 71 7
91 72 58
91 73 78
91 74 53
91 75 41
91 76 48
91 77 66
91 78 18
91 79 74
91 80 64
91 81 31
91 82 55
91 83 27
91 84 15
91 85 72
91 86 71
91 87 1
91 88 54
91 89 72
91 90 2
91 91 30
91 92 12
91 93 41
91 94 50
91 95 49
91 96 56
91 97 48
91 98 70
91 99 14
91 100 9
92 1 77
92 2 24
92 3 29
92 4 57
92 5 40
92 6 42
92 7 80
92 8 41
92 9 59
92 10 44
92 11 60
92 12 72
92 13 42
92 14 40
92 15 57
92 16 59
92 17 21
92 18 14
92 19 21
92 20 71
92 21 41
92 22 48
92 23 29
92 24 51
92 25 24
92 26 30
92 27 44
92 28 66
92 29 27
92 30 23
92 31 14
92 32 65
92 33 33
92 34 50
92 35 77
92 36 27
92 37 54
92 38 5
92 39 41
92 40 43
92 41 14
92 42 69
92 43 21
92 44 12
92 45 61
92 46 14
92 47 28
92 48 43
92 49 47
92 50 63
92 51 66
92 52 30
92 53 41
92 54 59
92 55 75
92 56 69
92 57 69
92 58 25
92 59 74
92 60 30
92 61 9
92 62 32
92 63 49
92 64 87
92 65 32
92 66 48
92 67 62
92 68 35
92 69 19
92 70 64
92 71 40
92 72 44
92 73 56
92 74 35
92 75 67
92 76 61
92 77 19
92 78 36
92 79 28
92 80 54
92 81 21
92 82 91
92 83 23
92 84 56
92 85 25
92 86 67
92 87 46
92 88 37
92 89 46
92 90 46
92 91 42
92 92 54
92 93 28
92 94 6
92 95 27
92 96 97
92 97 47
92 98 79
92 99 51
92 100 49
93 1 79
93 2 18
93 3 22
93 4 63
93 5 46
93 6 48
93 7 86
93 8 47
93 9 65
93 10 50
93 11 65
93 12 78
93 13 49
93 14 46
93 15 63
93 16 61
93 17 26
93 18 9
93 19 26
93 20 76
93 21 44
93 22 51
93 23 25
93 24 55
93 25 24
93 26 33
93 27 48
93 28 67
93 29 23
93 30 21
93 31 21
93 32 71
93 33 38
93 34 52
93 35 79
93 36 25
93 37 60
93 38 11
93 39 47
93 40 49
93 41 21
93 42 75
93 43 28
93 44 18
93 45 63
93 46 17
93 47 24
93 48 48
93 49 52
93 50 69
93 51 73
93 52 31
93 53 34
93 54 65
93 55 81
93 56 76
93 57 73
93 58 23
93 59 80
93 60 24
93 61 10
93 62 38
93 63 54
93 64 93
93 65 32
93 66 54
93 67 68
93 68 29
93 69 13
93 70 70
93 71 46
93 72 48
93 73 58
93 74 39
93 75 70
93 76 67
93 77 14
93 78 41
93 79 24
93 80 58
93 81 27
93 82 98
93 83 30
93 84 61
93 85 19
93 86 71
93 87 52
93 88 41
93 89 47
93 90 53
93 91 45
93 92 60
93 93 31
93 94 103
93 95 92
93 96 4
93 97 76
93 98 70
93 99 48
93 100 60
94 1 129
94 2 70
94 3 70
94 4 90
94 5 56
94 6 43
94 7 87
94 8 68
94 9 81
94 10 72
94 11 20
94 12 67
94 13 61
94 14 42
94 15 36
94 16 109
94 17 42
94 18 69
94 19 71
94 20 99
94 21 90
94 22 99
94 23 86
94 24 91
94 25 39
94 26 79
94 27 88
94 28 119
94 29 84
94 30 46
94 31 55
94 32 42
94 33 29
94 34 100
94 35 128
94 36 45
94 37 72
94 38 56
94 39 60
94 40 73
94 41 52
94 42 67
94 43 50
94 44 49
94 45 111
94 46 44
94 47 54
94 48 78
94 49 87
94 50 48
94 51 80
94 52 32
94 53 81
94 54 82
94 55 80
94 56 78
94 57 109
94 58 83
94 59 90
94 60 80
94 61 50
94 62 44
94 63 30
94 64 98
94 65 89
94 66 59
94 67 49
94 68 71
94 69 60
94 70 70
94 71 41
94 72 90
94 73 108
94 74 83
94 75 12
94 76 88
94 77 73
94 78 29
94 79 84
94 80 98
94 81 56
94 82 93
94 83 52
94 84 30
94 85 75
94 86 107
94 87 40
94 88 84
94 89 99
94 90 43
94 91 17
94 92 39
94 93 37
94 94 44
94 95 15
94 96 87
94 97 33
94 98 66
94 99 43
94 100 46
95 1 97
95 2 32
95 3 34
95 4 70
95 5 43
95 6 38
95 7 84
95 8 49
95 9 67
95 10 53
95 11 46
95 12 71
95 13 47
95 14 37
95 15 48
95 16 77
95 17 17
95 18 30
95 19 38
95 20 82
95 21 59
95 22 67
95 23 46
95 24 66
95 25 6
95 26 48
95 27 60
95 28 86
95 29 45
95 30 11
95 31 25
95 32 57
95 33 22
95 34 68
95 35 96
95 36 15
95 37 60
95 38 21
95 39 46
95 40 53
95 41 22
95 42 69
95 43 26
95 44 17
95 45 79
95 46 8
95 47 22
95 48 55
95 49 62
95 50 57
95 51 72
95 52 11
95 53 46
95 54 67
95 55 78
95 56 73
95 57 85
95 58 44
95 59 81
95 60 42
95 61 12
95 62 30
95 63 39
95 64 93
95 65 52
95 66 50
95 67 57
95 68 37
95 69 22
95 70 67
95 71 36
95 72 61
95 73 75
95 74 53
95 75 49
95 76 72
95 77 34
95 78 26
95 79 45
95 80 71
95 81 30
95 82 94
95 83 29
95 84 45
95 85 37
95 86 82
95 87 40
95 88 54
95 89 65
95 90 42
95 91 24
95 92 47
95 93 19
95 94 8
95 95 40
95 96 50
95 97 48
95 98 67
95 99 9
95 100 12
96 1 44
96 2 52
96 3 57
96 4 30
96 5 39
96 6 50
96 7 65
96 8 30
96 9 41
96 10 29
96 11 80
96 12 68
96 13 37
96 14 50
96 15 69
96 16 24
96 17 43
96 18 37
96 19 15
96 20 45
96 21 6
96 22 14
96 23 38
96 24 20
96 25 58
96 26 6
96 27 11
96 28 34
96 29 36
96 30 58
96 31 30
96 32 75
96 33 56
96 34 16
96 35 44
96 36 63
96 37 41
96 38 33
96 39 37
96 40 27
96 41 33
96 42 64
96 43 35
96 44 37
96 45 26
96 46 46
96 47 63
96 48 20
96 49 18
96 50 68
96 51 52
96 52 64
96 53 66
96 54 40
96 55 63
96 56 57
96 57 35
96 58 31
96 59 56
96 60 50
96 61 44
96 62 44
96 63 65
96 64 69
96 65 19
96 66 45
96 67 67
96 68 64
96 69 51
96 70 56
96 71 51
96 72 10
96 73 23
96 74 4
96 75 91
96 76 38
96 77 41
96 78 57
96 79 39
96 80 19
96 81 29
96 82 78
96 83 33
96 84 71
96 85 48
96 86 33
96 87 56
96 88 5
96 89 15
96 90 55
96 91 68
96 92 64
96 93 47
96 94 56
96 95 43
96 96 31
96 97 83
96 98 79
96 99 52
96 100 61
97 1 58
97 2 30
97 3 34
97 4 55
97 5 52
97 6 59
97 7 86
97 8 48
97 9 62
97 10 49
97 11 83
97 12 85
97 13 52
97 14 58
97 15 77
97 16 42
97 17 42
97 18 16
97 19 21
97 20 69
97 21 29
97 22 32
97 23 13
97 24 44
97 25 47
97 26 23
97 27 35
97 28 46
97 29 11
97 30 44
97 31 31
97 32 84
97 33 56
97 34 33
97 35 58
97 36 47
97 37 61
97 38 25
97 39 51
97 40 47
97 41 33
97 42 81
97 43 38
97 44 34
97 45 44
97 46 38
97 47 45
97 48 42
97 49 43
97 50 80
97 51 72
97 52 54
97 53 42
97 54 62
97 55 83
97 56 77
97 57 59
97 58 6
97 59 78
97 60 25
97 61 32
97 62 50
97 63 70
97 64 92
97 65 10
97 66 60
97 67 79
97 68 42
97 69 32
97 70 74
97 71 58
97 72 35
97 73 38
97 74 27
97 75 90
97 76 62
97 77 18
97 78 59
97 79 15
97 80 43
97 81 34
97 82 99
97 83 39
97 84 77
97 85 24
97 86 57
97 87 64
97 88 29
97 89 27
97 90 64
97 91 65
97 92 73
97 93 48
97 94 43
97 95 54
97 96 48
97 97 39
97 98 70
97 99 66
97 100 71
98 1 60
98 2 30
98 3 34
98 4 52
98 5 48
98 6 54
98 7 82
98 8 43
98 9 59
98 10 45
98 11 78
98 12 80
98 13 48
98 14 53
98 15 72
98 16 43
98 17 38
98 18 15
98 19 17
98 20 66
98 21 28
98 22 32
98 23 17
98 24 42
98 25 43
98 26 20
98 27 33
98 28 48
98 29 15
98 30 41
98 31 26
98 32 79
98 33 51
98 34 33
98 35 59
98 36 45
98 37 57
98 38 21
98 39 47
98 40 43
98 41 28
98 42 77
98 43 34
98 44 29
98 45 44
98 46 34
98 47 43
98 48 39
98 49 40
98 50 75
98 51 68
98 52 50
98 53 43
98 54 58
98 55 79
98 56 73
98 57 58
98 58 10
98 59 75
98 60 27
98 61 29
98 62 45
98 63 65
98 64 88
98 65 12
98 66 55
98 67 74
98 68 42
98 69 31
98 70 69
98 71 53
98 72 33
98 73 39
98 74 25
98 75 86
98 76 58
98 77 18
98 78 54
98 79 18
98 80 42
98 81 29
98 82 95
98 83 34
98 84 72
98 85 25
98 86 56
98 87 59
98 88 27
98 89 28
98 90 59
98 91 61
98 92 68
98 93 43
98 94 40
98 95 49
98 96 44
98 97 34
98 98 42
98 99 60
98 100 62
99 1 92
99 2 71
99 3 74
99 4 46
99 5 14
99 6 6
99 7 42
99 8 25
99 9 34
99 10 29
99 11 33
99 12 27
99 13 17
99 14 8
99 15 17
99 16 72
99 17 28
99 18 60
99 19 43
99 20 52
99 21 56
99 22 65
99 23 74
99 24 51
99 25 49
99 26 48
99 27 51
99 28 85
99 29 71
99 30 56
99 31 34
99 32 23
99 33 25
99 34 66
99 35 92
99 36 59
99 37 26
99 38 42
99 39 17
99 40 30
99 41 33
99 42 24
99 43 26
99 44 35
99 45 74
99 46 40
99 47 66
99 48 38
99 49 46
99 50 16
99 51 33
99 52 50
99 53 87
99 54 35
99 55 35
99 56 32
99 57 67
99 58 68
99 59 43
99 60 77
99 61 48
99 62 15
99 63 18
99 64 52
99 65 65
99 66 12
99 67 16
99 68 79
99 69 62
99 70 24
99 71 9
99 72 53
99 73 73
99 74 49
99 75 48
99 76 42
99 77 66
99 78 23
99 79 73
99 80 59
99 81 29
99 82 51
99 83 25
99 84 22
99 85 72
99 86 64
99 87 7
99 88 49
99 89 68
99 90 5
99 91 36
99 92 12
99 93 25
99 94 52
99 95 10
99 96 24
99 97 38
99 98 36
99 99 56
99 100 72
100 1 35
100 2 57
100 3 62
100 4 32
100 5 47
100 6 59
100 7 69
100 8 37
100 9 45
100 10 36
100 11 89
100 12 74
100 13 45
100 14 59
100 15 78
100 16 16
100 17 52
100 18 42
100 19 24
100 20 45
100 21 6
100 22 5
100 23 40
100 24 20
100 25 66
100 26 15
100 27 13
100 28 25
100 29 38
100 30 66
100 31 39
100 32 83
100 33 65
100 34 7
100 35 35
100 36 70
100 37 47
100 38 41
100 39 45
100 40 34
100 41 42
100 42 71
100 43 44
100 44 46
100 45 18
100 46 54
100 47 70
100 48 26
100 49 21
100 50 76
100 51 56
100 52 73
100 53 70
100 54 44
100 55 68
100 56 62
100 57 31
100 58 33
100 59 59
100 60 53
100 61 52
100 62 53
100 63 74
100 64 72
100 65 19
100 66 53
100 67 75
100 68 70
100 69 58
100 70 62
100 71 60
100 72 10
100 73 14
100 74 12
100 75 100
100 76 41
100 77 46
100 78 66
100 79 42
100 80 16
100 81 38
100 82 82
100 83 42
100 84 80
100 85 52
100 86 29
100 87 65
100 88 11
100 89 7
100 90 64
100 91 77
100 92 72
100 93 56
100 94 64
100 95 51
100 96 38
100 97 54
100 98 29
100 99 38
100 100 42