100 2
2
18
59
35
33
24
59
2
99
19
81
27
17
76
76
37
20
87
82
55
53
24
89
75
21
92
10
85
49
83
94
49
21
62
12
67
69
34
74
48
97
88
12
53
92
12
26
17
46
87
87
96
14
45
50
75
18
31
66
3
55
84
46
62
21
86
48
14
84
42
45
5
72
76
60
99
1
23
18
78
2
21
81
46
89
54
7
36
1
53
1
16
80
40
54
58
16
38
53
72
0 1 54
0 2 69
0 3 44
0 4 16
0 5 83
0 6 37
0 7 63
0 8 68
0 9 39
0 10 38
0 11 78
0 12 42
0 13 92
0 14 74
0 15 27
0 16 19
0 17 33
0 18 52
0 19 45
0 20 33
0 21 79
0 22 28
0 23 49
0 24 29
0 25 51
0 26 23
0 27 25
0 28 29
0 29 62
0 30 34
0 31 24
0 32 61
0 33 31
0 34 56
0 35 9
0 36 44
0 37 66
0 38 48
0 39 73
0 40 63
0 41 50
0 42 77
0 43 89
0 44 54
0 45 71
0 46 29
0 47 30
0 48 47
0 49 79
0 50 12
0 51 69
0 52 52
0 53 91
0 54 35
0 55 70
0 56 49
0 57 47
0 58 47
0 59 12
0 60 28
0 61 62
0 62 11
0 63 69
0 64 67
0 65 28
0 66 74
0 67 58
0 68 53
0 69 42
0 70 60
0 71 66
0 72 78
0 73 60
0 74 28
0 75 66
0 76 83
0 77 87
0 78 37
0 79 79
0 80 37
0 81 33
0 82 73
0 83 55
0 84 43
0 85 49
0 86 30
0 87 71
0 88 6
0 89 19
0 90 54
0 91 31
0 92 77
0 93 61
0 94 32
0 95 49
0 96 20
0 97 31
0 98 34
0 99 32
0 100 54
1 1 59
1 2 69
1 3 69
1 4 51
1 5 84
1 6 32
1 7 27
1 8 67
1 9 70
1 10 42
1 11 61
1 12 17
1 13 89
1 14 75
1 15 52
1 16 36
1 17 10
1 18 58
1 19 75
1 20 6
1 21 74
1 22 45
1 23 46
1 24 33
1 25 83
1 26 38
1 27 47
1 28 6
1 29 29
1 30 64
1 31 22
1 32 40
1 33 15
1 34 21
1 35 27
1 36 40
1 37 31
1 38 33
1 39 71
1 40 34
1 41 80
1 42 66
1 43 55
1 44 55
1 45 57
1 46 24
1 47 20
1 48 64
1 49 67
1 50 40
1 51 37
1 52 43
1 53 88
1 54 4
1 55 41
1 56 17
1 57 15
1 58 79
1 59 37
1 60 13
1 61 32
1 62 26
1 63 71
1 64 32
1 65 44
1 66 42
1 67 23
1 68 66
1 69 36
1 70 71
1 71 42
1 72 45
1 73 30
1 74 33
1 75 75
1 76 51
1 77 83
1 78 35
1 79 74
1 80 34
1 81 66
1 82 58
1 83 35
1 84 32
1 85 58
1 86 21
1 87 39
1 88 41
1 89 36
1 90 49
1 91 24
1 92 52
1 93 75
1 94 39
1 95 15
1 96 43
1 97 14
1 98 16
1 99 6
1 100 23
2 1 32
2 2 55
2 3 34
2 4 31
2 5 57
2 6 55
2 7 58
2 8 42
2 9 39
2 10 60
2 11 54
2 12 30
2 13 66
2 14 48
2 15 19
2 16 7
2 17 27
2 18 27
2 19 42
2 20 38
2 21 53
2 22 10
2 23 23
2 24 50
2 25 53
2 26 5
2 27 50
2 28 31
2 29 53
2 30 32
2 31 40
2 32 40
2 33 42
2 34 55
2 35 21
2 36 20
2 37 59
2 38 27
2 39 48
2 40 48
2 41 47
2 42 52
2 43 78
2 44 28
2 45 46
2 46 13
2 47 17
2 48 28
2 49 54
2 50 18
2 51 57
2 52 28
2 53 65
2 54 33
2 55 54
2 56 53
2 57 51
2 58 47
2 59 15
2 60 23
2 61 48
2 62 28
2 63 43
2 64 63
2 65 8
2 66 60
2 67 52
2 68 31
2 69 18
2 70 38
2 71 48
2 72 67
2 73 46
2 74 49
2 75 43
2 76 69
2 77 61
2 78 13
2 79 53
2 80 56
2 81 38
2 82 49
2 83 35
2 84 59
2 85 25
2 86 17
2 87 59
2 88 27
2 89 43
2 90 29
2 91 15
2 92 58
2 93 41
2 94 6
2 95 51
2 96 45
2 97 23
2 98 45
2 99 30
2 100 44
3 1 106
3 2 70
3 3 69
3 4 58
3 5 105
3 6 15
3 7 37
3 8 88
3 9 80
3 10 26
3 11 82
3 12 39
3 13 111
3 14 96
3 15 65
3 16 51
3 17 31
3 18 78
3 19 86
3 20 17
3 21 96
3 22 61
3 23 68
3 24 22
3 25 92
3 26 53
3 27 41
3 28 24
3 29 44
3 30 75
3 31 18
3 32 62
3 33 11
3 34 26
3 35 36
3 36 61
3 37 43
3 38 55
3 39 92
3 40 53
3 41 91
3 42 88
3 43 66
3 44 76
3 45 79
3 46 44
3 47 41
3 48 81
3 49 88
3 50 51
3 51 52
3 52 65
3 53 110
3 54 26
3 55 59
3 56 17
3 57 14
3 58 89
3 59 48
3 60 33
3 61 51
3 62 31
3 63 92
3 64 38
3 65 60
3 66 59
3 67 36
3 68 84
3 69 58
3 70 90
3 71 62
3 72 58
3 73 49
3 74 22
3 75 95
3 76 66
3 77 105
3 78 55
3 79 96
3 80 17
3 81 74
3 82 80
3 83 56
3 84 11
3 85 77
3 86 41
3 87 55
3 88 47
3 89 31
3 90 70
3 91 44
3 92 72
3 93 94
3 94 57
3 95 18
3 96 38
3 97 35
3 98 9
3 99 27
3 100 41
4 1 88
4 2 77
4 3 73
4 4 25
4 5 61
4 6 78
4 7 90
4 8 53
4 9 11
4 10 78
4 11 77
4 12 63
4 13 72
4 14 53
4 15 15
4 16 30
4 17 59
4 18 36
4 19 10
4 20 67
4 21 63
4 22 23
4 23 44
4 24 69
4 25 23
4 26 30
4 27 60
4 28 61
4 29 86
4 30 9
4 31 64
4 32 69
4 33 69
4 34 87
4 35 44
4 36 46
4 37 92
4 38 57
4 39 58
4 40 79
4 41 15
4 42 70
4 43 110
4 44 43
4 45 68
4 46 46
4 47 50
4 48 19
4 49 73
4 50 30
4 51 90
4 52 53
4 53 72
4 54 65
4 55 85
4 56 84
4 57 82
4 58 17
4 59 32
4 60 54
4 61 80
4 62 50
4 63 49
4 64 96
4 65 25
4 66 92
4 67 85
4 68 26
4 69 47
4 70 33
4 71 78
4 72 99
4 73 78
4 74 68
4 75 38
4 76 101
4 77 70
4 78 43
4 79 64
4 80 78
4 81 18
4 82 72
4 83 65
4 84 83
4 85 30
4 86 49
4 87 91
4 88 36
4 89 59
4 90 50
4 91 47
4 92 86
4 93 30
4 94 33
4 95 82
4 96 57
4 97 55
4 98 72
4 99 61
4 100 77
5 1 119
5 2 83
5 3 82
5 4 86
5 5 55
5 6 58
5 7 68
5 8 47
5 9 28
5 10 61
5 11 63
5 12 41
5 13 70
5 14 52
5 15 8
5 16 7
5 17 36
5 18 30
5 19 31
5 20 45
5 21 58
5 22 5
5 23 31
5 24 51
5 25 42
5 26 7
5 27 47
5 28 38
5 29 63
5 30 22
5 31 43
5 32 51
5 33 47
5 34 64
5 35 23
5 36 29
5 37 69
5 38 38
5 39 53
5 40 59
5 41 37
5 42 60
5 43 89
5 44 34
5 45 55
5 46 23
5 47 27
5 48 24
5 49 62
5 50 12
5 51 68
5 52 37
5 53 70
5 54 41
5 55 65
5 56 61
5 57 59
5 58 37
5 59 11
5 60 31
5 61 58
5 62 30
5 63 47
5 64 73
5 65 6
5 66 71
5 67 62
5 68 29
5 69 29
5 70 37
5 71 59
5 72 78
5 73 57
5 74 50
5 75 43
5 76 80
5 77 66
5 78 23
5 79 59
5 80 59
5 81 27
5 82 58
5 83 46
5 84 63
5 85 26
5 86 27
5 87 70
5 88 22
5 89 42
5 90 37
5 91 25
5 92 69
5 93 38
5 94 14
5 95 59
5 96 43
5 97 32
5 98 50
5 99 38
5 100 54
6 1 58
6 2 62
6 3 58
6 4 11
6 5 81
6 6 53
6 7 49
6 8 86
6 9 68
6 10 16
6 11 86
6 12 43
6 13 110
6 14 94
6 15 55
6 16 43
6 17 32
6 18 73
6 19 74
6 20 21
6 21 95
6 22 53
6 23 65
6 24 7
6 25 79
6 26 46
6 27 25
6 28 24
6 29 54
6 30 63
6 31 7
6 32 66
6 33 12
6 34 40
6 35 26
6 36 59
6 37 55
6 38 56
6 39 91
6 40 60
6 41 79
6 42 90
6 43 79
6 44 73
6 45 81
6 46 41
6 47 39
6 48 73
6 49 91
6 50 40
6 51 62
6 52 65
6 53 109
6 54 30
6 55 67
6 56 31
6 57 27
6 58 75
6 59 38
6 60 31
6 61 59
6 62 20
6 63 89
6 64 52
6 65 52
6 66 68
6 67 47
6 68 77
6 69 56
6 70 84
6 71 68
6 72 69
6 73 57
6 74 7
6 75 90
6 76 77
6 77 104
6 78 52
6 79 95
6 80 10
6 81 61
6 82 83
6 83 60
6 84 15
6 85 71
6 86 39
6 87 65
6 88 34
6 89 15
6 90 69
6 91 42
6 92 79
6 93 87
6 94 52
6 95 31
6 96 22
6 97 35
6 98 13
6 99 28
6 100 49
7 1 96
7 2 73
7 3 71
7 4 46
7 5 65
7 6 46
7 7 32
7 8 45
7 9 53
7 10 57
7 11 47
7 12 15
7 13 68
7 14 53
7 15 34
7 16 19
7 17 14
7 18 34
7 19 57
7 20 27
7 21 54
7 22 25
7 23 24
7 24 46
7 25 68
7 26 19
7 27 53
7 28 20
7 29 38
7 30 47
7 31 35
7 32 29
7 33 34
7 34 41
7 35 23
7 36 18
7 37 44
7 38 17
7 39 49
7 40 34
7 41 62
7 42 49
7 43 63
7 44 32
7 45 41
7 46 3
7 47 3
7 48 41
7 49 50
7 50 28
7 51 43
7 52 24
7 53 67
7 54 20
7 55 41
7 56 40
7 57 39
7 58 62
7 59 24
7 60 11
7 61 33
7 62 28
7 63 48
7 64 48
7 65 23
7 66 46
7 67 37
7 68 43
7 69 15
7 70 47
7 71 36
7 72 52
7 73 32
7 74 45
7 75 52
7 76 55
7 77 62
7 78 11
7 79 54
7 80 51
7 81 51
7 82 43
7 83 24
7 84 52
7 85 34
7 86 2
7 87 44
7 88 35
7 89 43
7 90 28
7 91 1
7 92 47
7 93 52
7 94 16
7 95 38
7 96 48
7 97 9
7 98 36
7 99 18
7 100 29
8 1 78
8 2 52
8 3 49
8 4 44
8 5 47
8 6 25
8 7 41
8 8 14
8 9 67
8 10 24
8 11 79
8 12 35
8 13 103
8 14 87
8 15 52
8 16 39
8 17 25
8 18 67
8 19 72
8 20 13
8 21 89
8 22 49
8 23 59
8 24 14
8 25 79
8 26 41
8 27 31
8 28 17
8 29 47
8 30 61
8 31 4
8 32 58
8 33 5
8 34 34
8 35 23
8 36 53
8 37 48
8 38 49
8 39 84
8 40 53
8 41 78
8 42 83
8 43 72
8 44 67
8 45 74
8 46 34
8 47 32
8 48 69
8 49 83
8 50 37
8 51 55
8 52 58
8 53 102
8 54 22
8 55 60
8 56 25
8 57 22
8 58 75
8 59 35
8 60 24
8 61 51
8 62 17
8 63 83
8 64 45
8 65 48
8 66 61
8 67 40
8 68 73
8 69 50
8 70 79
8 71 60
8 72 62
8 73 49
8 74 14
8 75 84
8 76 70
8 77 97
8 78 46
8 79 88
8 80 16
8 81 61
8 82 76
8 83 52
8 84 18
8 85 66
8 86 33
8 87 58
8 88 34
8 89 20
8 90 63
8 91 36
8 92 71
8 93 82
8 94 47
8 95 25
8 96 27
8 97 28
8 98 7
8 99 21
8 100 42
9 1 67
9 2 50
9 3 47
9 4 29
9 5 57
9 6 30
9 7 33
9 8 26
9 9 59
9 10 88
9 11 79
9 12 70
9 13 68
9 14 50
9 15 25
9 16 39
9 17 68
9 18 36
9 19 13
9 20 77
9 21 61
9 22 31
9 23 47
9 24 79
9 25 25
9 26 38
9 27 70
9 28 70
9 29 92
9 30 19
9 31 74
9 32 73
9 33 79
9 34 96
9 35 54
9 36 50
9 37 99
9 38 62
9 39 56
9 40 85
9 41 14
9 42 70
9 43 116
9 44 45
9 45 70
9 46 53
9 47 58
9 48 19
9 49 73
9 50 40
9 51 96
9 52 57
9 53 68
9 54 73
9 55 91
9 56 93
9 57 91
9 58 20
9 59 42
9 60 63
9 61 85
9 62 60
9 63 47
9 64 104
9 65 32
9 66 97
9 67 92
9 68 24
9 69 52
9 70 30
9 71 82
9 72 105
9 73 85
9 74 79
9 75 34
9 76 106
9 77 67
9 78 48
9 79 63
9 80 88
9 81 26
9 82 73
9 83 70
9 84 94
9 85 31
9 86 57
9 87 97
9 88 47
9 89 69
9 90 53
9 91 55
9 92 90
9 93 25
9 94 40
9 95 91
9 96 67
9 97 63
9 98 81
9 99 70
9 100 84
10 1 86
10 2 43
10 3 46
10 4 96
10 5 11
10 6 39
10 7 99
10 8 44
10 9 10
10 10 65
10 11 72
10 12 56
10 13 71
10 14 52
10 15 8
10 16 23
10 17 52
10 18 32
10 19 17
10 20 60
10 21 61
10 22 16
10 23 39
10 24 63
10 25 29
10 26 22
10 27 55
10 28 53
10 29 78
10 30 10
10 31 57
10 32 63
10 33 62
10 34 80
10 35 37
10 36 39
10 37 84
10 38 51
10 39 55
10 40 73
10 41 22
10 42 66
10 43 103
10 44 39
10 45 63
10 46 38
10 47 42
10 48 18
10 49 68
10 50 23
10 51 83
10 52 47
10 53 70
10 54 57
10 55 79
10 56 76
10 57 74
10 58 23
10 59 25
10 60 47
10 61 73
10 62 43
10 63 47
10 64 88
10 65 17
10 66 85
10 67 77
10 68 25
10 69 40
10 70 33
10 71 71
10 72 92
10 73 71
10 74 62
10 75 38
10 76 94
10 77 68
10 78 36
10 79 62
10 80 71
10 81 18
10 82 67
10 83 59
10 84 77
10 85 27
10 86 42
10 87 84
10 88 31
10 89 53
10 90 45
10 91 40
10 92 80
10 93 31
10 94 26
10 95 74
10 96 51
10 97 48
10 98 65
10 99 54
10 100 69
11 1 65
11 2 22
11 3 25
11 4 85
11 5 20
11 6 31
11 7 93
11 8 42
11 9 17
11 10 56
11 11 21
11 12 45
11 13 76
11 14 57
11 15 7
11 16 11
11 17 39
11 18 35
11 19 28
11 20 46
11 21 64
11 22 11
11 23 37
11 24 49
11 25 38
11 26 12
11 27 43
11 28 40
11 29 68
11 30 17
11 31 43
11 32 57
11 33 47
11 34 67
11 35 22
11 36 35
11 37 73
11 38 44
11 39 59
11 40 64
11 41 34
11 42 66
11 43 93
11 44 40
11 45 61
11 46 28
11 47 31
11 48 27
11 49 68
11 50 9
11 51 73
11 52 44
11 53 75
11 54 44
11 55 70
11 56 63
11 57 61
11 58 33
11 59 10
11 60 34
11 61 64
11 62 29
11 63 52
11 64 76
11 65 12
11 66 76
11 67 66
11 68 33
11 69 35
11 70 41
11 71 64
11 72 82
11 73 62
11 74 48
11 75 47
11 76 86
11 77 72
11 78 29
11 79 64
11 80 57
11 81 21
11 82 65
11 83 52
11 84 62
11 85 31
11 86 31
11 87 75
11 88 18
11 89 39
11 90 43
11 91 30
11 92 74
11 93 42
11 94 20
11 95 61
11 96 39
11 97 36
11 98 50
11 99 41
11 100 59
12 1 85
12 2 76
12 3 72
12 4 21
12 5 81
12 6 55
12 7 7
12 8 48
12 9 83
12 10 31
12 11 68
12 12 87
12 13 93
12 14 77
12 15 46
12 16 31
12 17 15
12 18 58
12 19 67
12 20 8
12 21 78
12 22 41
12 23 49
12 24 23
12 25 75
12 26 33
12 27 36
12 28 7
12 29 40
12 30 56
12 31 11
12 32 48
12 33 9
12 34 31
12 35 18
12 36 42
12 37 43
12 38 39
12 39 74
12 40 44
12 41 73
12 42 72
12 43 66
12 44 56
12 45 64
12 46 24
12 47 22
12 48 61
12 49 73
12 50 32
12 51 48
12 52 48
12 53 92
12 54 13
12 55 51
12 56 24
12 57 22
12 58 71
12 59 29
12 60 14
12 61 43
12 62 15
12 63 73
12 64 42
12 65 40
12 66 54
12 67 35
12 68 64
12 69 39
12 70 70
12 71 51
12 72 56
12 73 41
12 74 23
12 75 75
12 76 63
12 77 87
12 78 36
12 79 78
12 80 27
12 81 57
12 82 65
12 83 42
12 84 27
12 85 57
12 86 22
12 87 51
12 88 31
12 89 25
12 90 52
12 91 25
12 92 62
12 93 73
12 94 37
12 95 23
12 96 31
12 97 18
12 98 12
12 99 11
12 100 34
13 1 53
13 2 25
13 3 22
13 4 50
13 5 38
13 6 12
13 7 59
13 8 22
13 9 39
13 10 21
13 11 16
13 12 53
13 13 57
13 14 74
13 15 67
13 16 52
13 17 25
13 18 62
13 19 90
13 20 28
13 21 69
13 22 58
13 23 48
13 24 56
13 25 101
13 26 52
13 27 71
13 28 29
13 29 6
13 30 80
13 31 45
13 32 29
13 33 37
13 34 16
13 35 48
13 36 42
13 37 10
13 38 30
13 39 67
13 40 15
13 41 96
13 42 57
13 43 32
13 44 56
13 45 48
13 46 36
13 47 32
13 48 73
13 49 57
13 50 59
13 51 14
13 52 41
13 53 82
13 54 22
13 55 20
13 56 24
13 57 26
13 58 95
13 59 55
13 60 30
13 61 13
13 62 49
13 63 71
13 64 16
13 65 57
13 66 20
13 67 5
13 68 73
13 69 39
13 70 76
13 71 25
13 72 22
13 73 11
13 74 55
13 75 79
13 76 28
13 77 76
13 78 41
13 79 68
13 80 55
13 81 84
13 82 47
13 83 26
13 84 50
13 85 64
13 86 32
13 87 16
13 88 63
13 89 59
13 90 47
13 91 34
13 92 34
13 93 81
13 94 49
13 95 21
13 96 66
13 97 27
13 98 36
13 99 26
13 100 6
14 1 47
14 2 26
14 3 22
14 4 45
14 5 45
14 6 20
14 7 56
14 8 28
14 9 46
14 10 20
14 11 20
14 12 48
14 13 62
14 14 51
14 15 81
14 16 68
14 17 45
14 18 66
14 19 103
14 20 51
14 21 64
14 22 71
14 23 53
14 24 79
14 25 115
14 26 67
14 27 93
14 28 51
14 29 18
14 30 95
14 31 68
14 32 27
14 33 60
14 34 37
14 35 68
14 36 49
14 37 21
14 38 37
14 39 63
14 40 15
14 41 108
14 42 49
14 43 18
14 44 59
14 45 40
14 46 51
14 47 48
14 48 81
14 49 47
14 50 76
14 51 10
14 52 44
14 53 74
14 54 44
14 55 8
14 56 46
14 57 49
14 58 109
14 59 72
14 60 49
14 61 15
14 62 70
14 63 70
14 64 30
14 65 70
14 66 4
14 67 26
14 68 79
14 69 47
14 70 79
14 71 18
14 72 11
14 73 17
14 74 78
14 75 82
14 76 7
14 77 69
14 78 51
14 79 62
14 80 78
14 81 100
14 82 39
14 83 29
14 84 73
14 85 70
14 86 48
14 87 8
14 88 82
14 89 82
14 90 49
14 91 49
14 92 17
14 93 86
14 94 61
14 95 44
14 96 88
14 97 45
14 98 60
14 99 47
14 100 23
15 1 22
15 2 38
15 3 34
15 4 49
15 5 71
15 6 49
15 7 68
15 8 58
15 9 70
15 10 42
15 11 40
15 12 23
15 13 91
15 14 78
15 15 63
15 16 39
15 17 65
15 18 59
15 19 21
15 20 68
15 21 87
15 22 38
15 23 64
15 24 60
15 25 18
15 26 40
15 27 45
15 28 64
15 29 95
15 30 18
15 31 59
15 32 85
15 33 66
15 34 91
15 35 43
15 36 63
15 37 99
15 38 72
15 39 82
15 40 92
15 41 23
15 42 92
15 43 121
15 44 65
15 45 89
15 46 55
15 47 59
15 48 44
15 49 95
15 50 31
15 51 101
15 52 71
15 53 97
15 54 69
15 55 99
15 56 85
15 57 82
15 58 17
15 59 35
15 60 60
15 61 92
15 62 46
15 63 74
15 64 101
15 65 39
15 66 104
15 67 92
15 68 51
15 69 63
15 70 59
15 71 93
15 72 110
15 73 90
15 74 59
15 75 64
15 76 114
15 77 95
15 78 58
15 79 88
15 80 69
15 81 9
15 82 92
15 83 80
15 84 76
15 85 54
15 86 59
15 87 102
15 88 29
15 89 48
15 90 70
15 91 58
15 92 103
15 93 56
15 94 48
15 95 84
15 96 43
15 97 63
15 98 69
15 99 65
15 100 86
16 1 73
16 2 45
16 3 43
16 4 46
16 5 42
16 6 18
16 7 46
16 8 10
16 9 45
16 10 16
16 11 35
16 12 73
16 13 37
16 14 44
16 15 54
16 16 51
16 17 25
16 18 59
16 19 89
16 20 30
16 21 66
16 22 57
16 23 46
16 24 58
16 25 100
16 26 51
16 27 72
16 28 30
16 29 5
16 30 79
16 31 47
16 32 26
16 33 39
16 34 20
16 35 48
16 36 40
16 37 12
16 38 27
16 39 64
16 40 11
16 41 95
16 42 54
16 43 31
16 44 53
16 45 44
16 46 35
16 47 31
16 48 71
16 49 53
16 50 59
16 51 12
16 52 38
16 53 79
16 54 23
16 55 17
16 56 27
16 57 29
16 58 95
16 59 55
16 60 30
16 61 10
16 62 50
16 63 68
16 64 19
16 65 56
16 66 17
16 67 9
16 68 71
16 69 37
16 70 73
16 71 22
16 72 21
16 73 8
16 74 57
16 75 76
16 76 26
16 77 73
16 78 39
16 79 65
16 80 58
16 81 83
16 82 44
16 83 23
16 84 53
16 85 61
16 86 31
16 87 14
16 88 63
16 89 61
16 90 44
16 91 33
16 92 30
16 93 79
16 94 47
16 95 25
16 96 68
16 97 27
16 98 39
16 99 27
16 100 3
17 1 54
17 2 46
17 3 42
17 4 25
17 5 62
17 6 35
17 7 38
17 8 36
17 9 63
17 10 12
17 11 40
17 12 55
17 13 62
17 14 66
17 15 38
17 16 44
17 17 33
17 18 80
17 19 92
17 20 19
17 21 96
17 22 66
17 23 69
17 24 31
17 25 100
17 26 58
17 27 50
17 28 26
17 29 38
17 30 81
17 31 26
17 32 59
17 33 18
17 34 19
17 35 43
17 36 62
17 37 36
17 38 54
17 39 92
17 40 48
17 41 98
17 42 87
17 43 58
17 44 77
17 45 77
17 46 46
17 47 42
17 48 85
17 49 87
17 50 57
17 51 46
17 52 65
17 53 109
17 54 26
17 55 53
17 56 10
17 57 8
17 58 95
17 59 54
17 60 35
17 61 46
17 62 38
17 63 93
17 64 30
17 65 64
17 66 52
17 67 30
17 68 88
17 69 59
17 70 93
17 71 58
17 72 51
17 73 44
17 74 31
17 75 98
17 76 59
17 77 104
17 78 57
17 79 95
17 80 26
17 81 81
17 82 78
17 83 54
17 84 18
17 85 80
17 86 43
17 87 48
17 88 55
17 89 40
17 90 70
17 91 46
17 92 67
17 93 97
17 94 61
17 95 12
17 96 47
17 97 37
17 98 15
17 99 28
17 100 37
18 1 39
18 2 26
18 3 22
18 4 44
18 5 52
18 6 28
18 7 59
18 8 37
18 9 52
18 10 24
18 11 23
18 12 40
18 13 70
18 14 58
18 15 58
18 16 65
18 17 51
18 18 57
18 19 44
18 20 30
18 21 69
18 22 20
18 23 39
18 24 35
18 25 52
18 26 14
18 27 34
18 28 25
18 29 56
18 30 33
18 31 27
18 32 51
18 33 31
18 34 52
18 35 6
18 36 34
18 37 60
18 38 38
18 39 64
18 40 54
18 41 49
18 42 67
18 43 82
18 44 45
18 45 61
18 46 19
18 47 21
18 48 40
18 49 69
18 50 9
18 51 62
18 52 42
18 53 81
18 54 30
18 55 61
18 56 47
18 57 45
18 58 48
18 59 6
18 60 21
18 61 54
18 62 13
18 63 60
18 64 62
18 65 20
18 66 66
18 67 52
18 68 45
18 69 32
18 70 52
18 71 57
18 72 71
18 73 52
18 74 34
18 75 58
18 76 76
18 77 77
18 78 27
18 79 69
18 80 42
18 81 34
18 82 63
18 83 45
18 84 47
18 85 40
18 86 21
18 87 64
18 88 13
18 89 27
18 90 44
18 91 22
18 92 68
18 93 54
18 94 22
18 95 46
18 96 29
18 97 24
18 98 34
18 99 26
18 100 47
19 1 55
19 2 66
19 3 62
19 4 19
19 5 89
19 6 61
19 7 41
19 8 63
19 9 90
19 10 39
19 11 63
19 12 57
19 13 85
19 14 93
19 15 30
19 16 46
19 17 50
19 18 97
19 19 49
19 20 29
19 21 63
19 22 54
19 23 42
19 24 57
19 25 97
19 26 48
19 27 71
19 28 28
19 29 9
19 30 76
19 31 45
19 32 23
19 33 38
19 34 22
19 35 46
19 36 37
19 37 15
19 38 24
19 39 61
19 40 11
19 41 91
19 42 52
19 43 34
19 44 50
19 45 42
19 46 32
19 47 28
19 48 68
19 49 51
19 50 56
19 51 14
19 52 35
19 53 76
19 54 21
19 55 17
19 56 27
19 57 29
19 58 92
19 59 52
19 60 27
19 61 9
19 62 47
19 63 65
19 64 22
19 65 52
19 66 19
19 67 11
19 68 68
19 69 34
19 70 70
19 71 21
19 72 23
19 73 7
19 74 56
19 75 73
19 76 28
19 77 71
19 78 36
19 79 62
19 80 57
19 81 80
19 82 42
19 83 20
19 84 52
19 85 58
19 86 28
19 87 16
19 88 61
19 89 59
19 90 41
19 91 30
19 92 30
19 93 76
19 94 44
19 95 25
19 96 66
19 97 24
19 98 38
19 99 24
19 100 1
20 1 108
20 2 71
20 3 70
20 4 79
20 5 44
20 6 44
20 7 70
20 8 33
20 9 48
20 10 53
20 11 61
20 12 107
20 13 15
20 14 38
20 15 83
20 16 73
20 17 48
20 18 74
20 19 50
20 20 10
20 21 89
20 22 54
20 23 60
20 24 22
20 25 87
20 26 46
20 27 40
20 28 16
20 29 39
20 30 69
20 31 14
20 32 55
20 33 5
20 34 24
20 35 30
20 36 53
20 37 39
20 38 47
20 39 84
20 40 47
20 41 85
20 42 81
20 43 63
20 44 68
20 45 72
20 46 36
20 47 33
20 48 74
20 49 81
20 50 44
20 51 48
20 52 57
20 53 102
20 54 19
20 55 53
20 56 15
20 57 12
20 58 83
20 59 42
20 60 25
20 61 45
20 62 26
20 63 84
20 64 36
20 65 53
20 66 54
20 67 32
20 68 77
20 69 50
20 70 82
20 71 56
20 72 54
20 73 43
20 74 22
20 75 87
20 76 62
20 77 97
20 78 47
20 79 88
20 80 21
20 81 69
20 82 73
20 83 49
20 84 17
20 85 69
20 86 33
20 87 50
20 88 42
20 89 29
20 90 62
20 91 36
20 92 66
20 93 86
20 94 50
20 95 16
20 96 37
20 97 27
20 98 3
20 99 19
20 100 35
21 1 96
21 2 55
21 3 56
21 4 83
21 5 23
21 6 34
21 7 80
21 8 29
21 9 27
21 10 53
21 11 46
21 12 96
21 13 35
21 14 16
21 15 91
21 16 84
21 17 59
21 18 53
21 19 60
21 20 32
21 21 60
21 22 28
21 23 44
21 24 27
21 25 57
21 26 21
21 27 29
21 28 21
21 29 54
21 30 39
21 31 20
21 32 53
21 33 25
21 34 48
21 35 1
21 36 39
21 37 58
21 38 41
21 39 70
21 40 54
21 41 56
21 42 72
21 43 80
21 44 51
21 45 65
21 46 22
21 47 23
21 48 48
21 49 73
21 50 15
21 51 61
21 52 47
21 53 88
21 54 27
21 55 62
21 56 42
21 57 39
21 58 53
21 59 13
21 60 19
21 61 54
21 62 6
21 63 66
21 64 59
21 65 27
21 66 65
21 67 50
21 68 52
21 69 37
21 70 59
21 71 59
21 72 70
21 73 52
21 74 26
21 75 65
21 76 75
21 77 83
21 78 32
21 79 75
21 80 35
21 81 39
21 82 67
21 83 47
21 84 39
21 85 47
21 86 23
21 87 63
21 88 14
21 89 20
21 90 49
21 91 24
21 92 70
21 93 62
21 94 28
21 95 41
21 96 24
21 97 23
21 98 28
21 99 23
21 100 46
22 1 42
22 2 38
22 3 34
22 4 34
22 5 62
22 6 36
22 7 50
22 8 41
22 9 62
22 10 22
22 11 35
22 12 43
22 13 72
22 14 67
22 15 48
22 16 56
22 17 46
22 18 69
22 19 45
22 20 76
22 21 9
22 22 18
22 23 17
22 24 73
22 25 84
22 26 39
22 27 81
22 28 44
22 29 38
22 30 64
22 31 61
22 32 10
22 33 58
22 34 53
22 35 50
22 36 16
22 37 46
22 38 12
22 39 29
22 40 26
22 41 75
22 42 22
22 43 55
22 44 22
22 45 13
22 46 30
22 47 30
22 48 45
22 49 23
22 50 52
22 51 38
22 52 8
22 53 45
22 54 40
22 55 29
22 56 56
22 57 57
22 58 78
22 59 49
22 60 37
22 61 28
22 62 56
22 63 34
22 64 54
22 65 39
22 66 36
22 67 43
22 68 43
22 69 16
22 70 42
22 71 20
22 72 46
22 73 28
22 74 72
22 75 45
22 76 44
22 77 39
22 78 22
22 79 31
22 80 77
22 81 71
22 82 16
22 83 12
22 84 76
22 85 33
22 86 29
22 87 38
22 88 61
22 89 71
22 90 12
22 91 27
22 92 26
22 93 49
22 94 31
22 95 54
22 96 75
22 97 33
22 98 59
22 99 40
22 100 32
23 1 101
23 2 61
23 3 61
23 4 84
23 5 30
23 6 37
23 7 79
23 8 30
23 9 33
23 10 55
23 11 52
23 12 101
23 13 30
23 14 23
23 15 90
23 16 82
23 17 57
23 18 59
23 19 58
23 20 26
23 21 64
23 22 89
23 23 71
23 24 62
23 25 85
23 26 37
23 27 72
23 28 32
23 29 26
23 30 65
23 31 50
23 32 10
23 33 45
23 34 38
23 35 43
23 36 20
23 37 33
23 38 7
23 39 43
23 40 16
23 41 78
23 42 36
23 43 47
23 44 32
23 45 26
23 46 23
23 47 21
23 48 52
23 49 36
23 50 48
23 51 27
23 52 17
23 53 59
23 54 27
23 55 22
23 56 42
23 57 43
23 58 79
23 59 44
23 60 26
23 61 17
23 62 47
23 63 47
23 64 40
23 65 40
23 66 28
23 67 29
23 68 51
23 69 17
23 70 52
23 71 16
23 72 36
23 73 16
23 74 61
23 75 55
23 76 37
23 77 54
23 78 21
23 79 45
23 80 65
23 81 70
23 82 28
23 83 4
23 84 62
23 85 41
23 86 21
23 87 28
23 88 55
23 89 61
23 90 23
23 91 20
23 92 26
23 93 58
23 94 31
23 95 39
23 96 66
23 97 22
23 98 46
23 99 28
23 100 18
24 1 89
24 2 88
24 3 84
24 4 19
24 5 99
24 6 72
24 7 15
24 8 67
24 9 101
24 10 46
24 11 82
24 12 91
24 13 73
24 14 101
24 15 5
24 16 15
24 17 36
24 18 116
24 19 34
24 20 80
24 21 58
24 22 52
24 23 86
24 24 89
24 25 55
24 26 34
24 27 13
24 28 34
24 29 68
24 30 41
24 31 22
24 32 70
24 33 30
24 34 58
24 35 18
24 36 55
24 37 71
24 38 58
24 39 85
24 40 70
24 41 57
24 42 88
24 43 94
24 44 66
24 45 81
24 46 38
24 47 39
24 48 58
24 49 90
24 50 22
24 51 75
24 52 63
24 53 102
24 54 40
24 55 77
24 56 51
24 57 47
24 58 53
24 59 23
24 60 35
24 61 69
24 62 14
24 63 80
24 64 70
24 65 39
24 66 80
24 67 63
24 68 64
24 69 53
24 70 71
24 71 75
24 72 84
24 73 67
24 74 21
24 75 77
24 76 90
24 77 98
24 78 48
24 79 90
24 80 31
24 81 38
24 82 84
24 83 64
24 84 38
24 85 60
24 86 39
24 87 78
24 88 13
24 89 10
24 90 65
24 91 41
24 92 86
24 93 72
24 94 43
24 95 50
24 96 8
24 97 39
24 98 33
24 99 37
24 100 61
25 1 17
25 2 32
25 3 29
25 4 57
25 5 68
25 6 49
25 7 75
25 8 59
25 9 67
25 10 46
25 11 37
25 12 17
25 13 93
25 14 75
25 15 71
25 16 81
25 17 71
25 18 63
25 19 71
25 20 96
25 21 27
25 22 26
25 23 22
25 24 48
25 25 13
25 26 5
25 27 46
25 28 27
25 29 52
25 30 33
25 31 35
25 32 42
25 33 38
25 34 53
25 35 16
25 36 23
25 37 58
25 38 29
25 39 52
25 40 48
25 41 48
25 42 56
25 43 78
25 44 33
25 45 50
25 46 12
25 47 16
25 48 32
25 49 58
25 50 15
25 51 57
25 52 32
25 53 70
25 54 30
25 55 55
25 56 50
25 57 48
25 58 48
25 59 11
25 60 20
25 61 48
25 62 24
25 63 48
25 64 61
25 65 11
25 66 60
25 67 51
25 68 36
25 69 22
25 70 42
25 71 50
25 72 67
25 73 46
25 74 44
25 75 48
25 76 70
25 77 66
25 78 16
25 79 58
25 80 52
25 81 37
25 82 53
25 83 37
25 84 55
25 85 30
25 86 15
25 87 59
25 88 23
25 89 38
25 90 33
25 91 14
25 92 60
25 93 45
25 94 11
25 95 48
25 96 40
25 97 21
25 98 40
25 99 27
25 100 43
26 1 50
26 2 43
26 3 38
26 4 28
26 5 62
26 6 34
26 7 43
26 8 37
26 9 63
26 10 15
26 11 37
26 12 51
26 13 65
26 14 66
26 15 42
26 16 49
26 17 38
26 18 72
26 19 38
26 20 70
26 21 12
26 22 22
26 23 40
26 24 47
26 25 45
26 26 23
26 27 17
26 28 45
26 29 75
26 30 68
26 31 26
26 32 86
26 33 33
26 34 60
26 35 40
26 36 77
26 37 75
26 38 76
26 39 108
26 40 81
26 41 83
26 42 109
26 43 99
26 44 89
26 45 101
26 46 59
26 47 58
26 48 85
26 49 110
26 50 49
26 51 83
26 52 84
26 53 126
26 54 51
26 55 88
26 56 50
26 57 47
26 58 78
26 59 50
26 60 51
26 61 80
26 62 33
26 63 105
26 64 71
26 65 65
26 66 90
26 67 68
26 68 90
26 69 74
26 70 98
26 71 89
26 72 90
26 73 78
26 74 15
26 75 103
26 76 98
26 77 122
26 78 70
26 79 113
26 80 17
26 81 64
26 82 103
26 83 80
26 84 25
26 85 86
26 86 58
26 87 86
26 88 40
26 89 19
26 90 87
26 91 61
26 92 100
26 93 99
26 94 67
26 95 51
26 96 20
26 97 55
26 98 33
26 99 49
26 100 70
27 1 67
27 2 25
27 3 26
27 4 74
27 5 14
27 6 17
27 7 79
27 8 27
27 9 14
27 10 43
27 11 17
27 12 66
27 13 57
27 14 21
27 15 85
27 16 84
27 17 61
27 18 30
27 19 62
27 20 57
27 21 39
27 22 65
27 23 36
27 24 6
27 25 55
27 26 32
27 27 24
27 28 7
27 29 32
27 30 64
27 31 18
27 32 44
27 33 11
27 34 22
27 35 26
27 36 43
27 37 34
27 38 36
27 39 74
27 40 37
27 41 80
27 42 70
27 43 58
27 44 57
27 45 61
27 46 26
27 47 23
27 48 65
27 49 70
27 50 40
27 51 40
27 52 46
27 53 91
27 54 8
27 55 44
27 56 16
27 57 14
27 58 78
27 59 37
27 60 15
27 61 36
27 62 24
27 63 74
27 64 33
27 65 45
27 66 46
27 67 26
27 68 68
27 69 39
27 70 73
27 71 45
27 72 48
27 73 34
27 74 29
27 75 78
27 76 55
27 77 86
27 78 37
27 79 77
27 80 31
27 81 65
27 82 62
27 83 38
27 84 28
27 85 60
27 86 23
27 87 42
27 88 40
27 89 33
27 90 52
27 91 26
27 92 56
27 93 77
27 94 41
27 95 15
27 96 40
27 97 17
27 98 12
27 99 8
27 100 26
28 1 104
28 2 74
28 3 72
28 4 63
28 5 57
28 6 45
28 7 50
28 8 32
28 9 60
28 10 43
28 11 63
28 12 104
28 13 8
28 14 53
28 15 65
28 16 52
28 17 30
28 18 85
28 19 31
28 20 15
28 21 61
28 22 80
28 23 80
28 24 60
28 25 95
28 26 65
28 27 34
28 28 45
28 29 60
28 30 52
28 31 71
28 32 33
28 33 70
28 34 72
28 35 54
28 36 19
28 37 68
28 38 29
28 39 14
28 40 49
28 41 59
28 42 24
28 43 78
28 44 5
28 45 24
28 46 37
28 47 40
28 48 27
28 49 27
28 50 50
28 51 60
28 52 18
28 53 32
28 54 55
28 55 52
28 56 74
28 57 73
28 58 63
28 59 47
28 60 48
28 61 50
28 62 61
28 63 12
28 64 75
28 65 33
28 66 59
28 67 64
28 68 23
28 69 22
28 70 20
28 71 42
28 72 69
28 73 50
28 74 81
28 75 22
28 76 67
28 77 28
28 78 25
28 79 20
28 80 87
28 81 60
28 82 27
28 83 34
28 84 88
28 85 16
28 86 39
28 87 61
28 88 60
28 89 76
28 90 12
28 91 36
28 92 47
28 93 27
28 94 27
28 95 71
28 96 78
28 97 45
28 98 72
28 99 54
28 100 53
29 1 38
29 2 49
29 3 44
29 4 32
29 5 76
29 6 50
29 7 52
29 8 55
29 9 76
29 10 33
29 11 47
29 12 40
29 13 84
29 14 81
29 15 46
29 16 58
29 17 54
29 18 80
29 19 53
29 20 89
29 21 23
29 22 4
29 23 42
29 24 58
29 25 39
29 26 31
29 27 54
29 28 32
29 29 85
29 30 14
29 31 70
29 32 73
29 33 75
29 34 93
29 35 50
29 36 50
29 37 97
29 38 62
29 39 59
29 40 84
29 41 12
29 42 72
29 43 115
29 44 46
29 45 71
29 46 51
29 47 55
29 48 20
29 49 75
29 50 36
29 51 95
29 52 57
29 53 71
29 54 70
29 55 90
29 56 90
29 57 88
29 58 16
29 59 38
29 60 60
29 61 84
29 62 56
29 63 49
29 64 101
29 65 30
29 66 96
29 67 90
29 68 26
29 69 51
29 70 33
29 71 82
29 72 104
29 73 83
29 74 74
29 75 37
29 76 105
29 77 70
29 78 47
29 79 65
29 80 84
29 81 21
29 82 74
29 83 70
29 84 90
29 85 32
29 86 55
29 87 96
29 88 42
29 89 65
29 90 53
29 91 53
29 92 90
29 93 29
29 94 38
29 95 88
29 96 62
29 97 61
29 98 78
29 99 67
29 100 82
30 1 94
30 2 95
30 3 91
30 4 25
30 5 105
30 6 78
30 7 20
30 8 73
30 9 107
30 10 52
30 11 88
30 12 95
30 13 78
30 14 107
30 15 11
30 16 18
30 17 41
30 18 122
30 19 40
30 20 85
30 21 64
30 22 57
30 23 92
30 24 95
30 25 94
30 26 75
30 27 74
30 28 52
30 29 127
30 30 85
30 31 73
30 32 15
30 33 67
30 34 52
30 35 67
30 36 37
30 37 39
30 38 28
30 39 42
30 40 21
30 41 97
30 42 27
30 43 39
30 44 42
30 45 20
30 46 47
30 47 45
30 48 67
30 49 26
30 50 71
30 51 27
30 52 29
30 53 53
30 54 49
30 55 17
30 56 59
30 57 60
30 58 99
30 59 68
30 60 50
30 61 22
30 62 71
30 63 50
30 64 48
30 65 60
30 66 23
30 67 40
30 68 64
30 69 37
30 70 62
30 71 11
30 72 32
30 73 24
30 74 84
30 75 63
30 76 27
30 77 47
30 78 42
30 79 41
30 80 86
30 81 92
30 82 18
30 83 21
30 84 83
30 85 55
30 86 45
30 87 26
30 88 79
30 89 85
30 90 33
30 91 44
30 92 5
30 93 69
30 94 51
30 95 56
30 96 90
30 97 45
30 98 68
30 99 51
30 100 32
31 1 31
31 2 12
31 3 10
31 4 67
31 5 49
31 6 36
31 7 81
31 8 49
31 9 48
31 10 46
31 11 20
31 12 30
31 13 84
31 14 57
31 15 81
31 16 88
31 17 72
31 18 42
31 19 72
31 20 87
31 21 28
31 22 43
31 23 1
31 24 30
31 25 19
31 26 18
31 27 46
31 28 45
31 29 47
31 30 24
31 31 51
31 32 78
31 33 76
31 34 95
31 35 51
31 36 54
31 37 100
31 38 66
31 39 65
31 40 88
31 41 6
31 42 77
31 43 119
31 44 51
31 45 76
31 46 54
31 47 58
31 48 26
31 49 80
31 50 36
31 51 98
31 52 62
31 53 77
31 54 73
31 55 94
31 56 91
31 57 89
31 58 10
31 59 39
31 60 62
31 61 88
31 62 56
31 63 55
31 64 104
31 65 33
31 66 100
31 67 93
31 68 32
31 69 55
31 70 39
31 71 86
31 72 108
31 73 87
31 74 74
31 75 43
31 76 110
31 77 76
31 78 51
31 79 71
31 80 84
31 81 18
31 82 80
31 83 74
31 84 90
31 85 38
31 86 58
31 87 100
31 88 42
31 89 64
31 90 59
31 91 56
31 92 95
31 93 34
31 94 42
31 95 90
31 96 61
31 97 64
31 98 79
31 99 69
31 100 85
32 1 43
32 2 45
32 3 41
32 4 28
32 5 69
32 6 43
32 7 47
32 8 47
32 9 70
32 10 25
32 11 42
32 12 44
32 13 75
32 14 75
32 15 43
32 16 53
32 17 46
32 18 76
32 19 46
32 20 80
32 21 17
32 22 12
32 23 40
32 24 53
32 25 41
32 26 26
32 27 46
32 28 24
32 29 81
32 30 41
32 31 63
32 32 80
32 33 5
32 34 33
32 35 26
32 36 56
32 37 48
32 38 51
32 39 87
32 40 54
32 41 81
32 42 85
32 43 72
32 44 70
32 45 76
32 46 37
32 47 35
32 48 72
32 49 86
32 50 40
32 51 56
32 52 61
32 53 105
32 54 24
32 55 61
32 56 24
32 57 21
32 58 78
32 59 38
32 60 27
32 61 53
32 62 20
32 63 86
32 64 45
32 65 51
32 66 62
32 67 40
32 68 76
32 69 52
32 70 82
32 71 62
32 72 63
32 73 50
32 74 13
32 75 88
32 76 70
32 77 100
32 78 49
32 79 91
32 80 14
32 81 63
32 82 78
32 83 54
32 84 14
32 85 69
32 86 36
32 87 58
32 88 37
32 89 21
32 90 65
32 91 38
32 92 72
32 93 85
32 94 50
32 95 24
32 96 28
32 97 31
32 98 6
32 99 23
32 100 43
33 1 21
33 2 27
33 3 23
33 4 57
33 5 62
33 6 43
33 7 75
33 8 54
33 9 61
33 10 43
33 11 31
33 12 21
33 13 89
33 14 69
33 15 72
33 16 81
33 17 69
33 18 57
33 19 69
33 20 92
33 21 24
33 22 29
33 23 16
33 24 42
33 25 13
33 26 19
33 27 52
33 28 42
33 29 62
33 30 34
33 31 61
33 32 88
33 33 56
33 34 24
33 35 29
33 36 31
33 37 29
33 38 22
33 39 61
33 40 25
33 41 78
33 42 56
33 43 50
33 44 46
33 45 46
33 46 18
33 47 14
33 48 58
33 49 56
33 50 40
33 51 31
33 52 33
33 53 78
33 54 7
33 55 32
33 56 24
33 57 24
33 58 77
33 59 36
33 60 11
33 61 24
33 62 31
33 63 62
33 64 32
33 65 39
33 66 35
33 67 21
33 68 59
33 69 27
33 70 63
33 71 32
33 72 40
33 73 22
33 74 42
33 75 67
33 76 45
33 77 73
33 78 27
33 79 64
33 80 45
33 81 65
33 82 48
33 83 24
33 84 42
33 85 50
33 86 15
33 87 33
33 88 44
33 89 44
33 90 39
33 91 17
33 92 43
33 93 68
33 94 33
33 95 22
33 96 50
33 97 9
33 98 26
33 99 8
33 100 16
34 1 80
34 2 39
34 3 39
34 4 74
34 5 14
34 6 18
34 7 75
34 8 20
34 9 17
34 10 42
34 11 30
34 12 79
34 13 44
34 14 14
34 15 84
34 16 80
34 17 55
34 18 41
34 19 56
34 20 43
34 21 45
34 22 72
34 23 49
34 24 21
34 25 68
34 26 42
34 27 19
34 28 43
34 29 45
34 30 26
34 31 2
34 32 33
34 33 51
34 34 64
34 35 58
34 36 71
34 37 112
34 38 82
34 39 84
34 40 103
34 41 15
34 42 96
34 43 133
34 44 70
34 45 95
34 46 67
34 47 71
34 48 45
34 49 99
34 50 44
34 51 112
34 52 79
34 53 97
34 54 83
34 55 109
34 56 100
34 57 97
34 58 9
34 59 48
34 60 73
34 61 103
34 62 62
34 63 74
34 64 115
34 65 48
34 66 115
34 67 105
34 68 51
34 69 71
34 70 58
34 71 102
34 72 122
34 73 101
34 74 75
34 75 62
34 76 125
34 77 96
34 78 67
34 79 90
34 80 85
34 81 19
34 82 98
34 83 90
34 84 93
34 85 57
34 86 71
34 87 114
34 88 45
34 89 65
34 90 76
34 91 69
34 92 112
34 93 54
34 94 57
34 95 99
34 96 60
34 97 75
34 98 85
34 99 79
34 100 98
35 1 58
35 2 23
35 3 21
35 4 57
35 5 30
35 6 7
35 7 65
35 8 20
35 9 31
35 10 27
35 11 12
35 12 57
35 13 55
35 14 35
35 15 70
35 16 70
35 17 49
35 18 43
35 19 49
35 20 57
35 21 23
35 22 50
35 23 30
35 24 15
35 25 47
35 26 19
35 27 17
35 28 27
35 29 48
35 30 7
35 31 25
35 32 51
35 33 40
35 34 41
35 35 45
35 36 72
35 37 67
35 38 70
35 39 103
35 40 74
35 41 84
35 42 103
35 43 91
35 44 85
35 45 94
35 46 53
35 47 52
35 48 82
35 49 104
35 50 47
35 51 75
35 52 78
35 53 121
35 54 43
35 55 80
35 56 42
35 57 38
35 58 79
35 59 47
35 60 44
35 61 72
35 62 29
35 63 101
35 64 63
35 65 62
35 66 81
35 67 60
35 68 87
35 69 69
35 70 95
35 71 82
35 72 82
35 73 70
35 74 9
35 75 100
35 76 90
35 77 117
35 78 65
35 79 108
35 80 8
35 81 65
35 82 96
35 83 73
35 84 17
35 85 82
35 86 52
35 87 78
35 88 39
35 89 17
35 90 82
35 91 55
35 92 92
35 93 96
35 94 63
35 95 43
35 96 21
35 97 48
35 98 25
35 99 42
35 100 62
36 1 81
36 2 44
36 3 43
36 4 65
36 5 26
36 6 17
36 7 64
36 8 10
36 9 29
36 10 34
36 11 34
36 12 81
36 13 34
36 14 25
36 15 74
36 16 68
36 17 44
36 18 52
36 19 44
36 20 34
36 21 42
36 22 68
36 23 53
36 24 28
36 25 70
36 26 41
36 27 11
36 28 35
36 29 56
36 30 29
36 31 12
36 32 28
36 33 41
36 34 61
36 35 68
36 36 61
36 37 31
36 38 10
36 39 49
36 40 18
36 41 76
36 42 43
36 43 48
36 44 35
36 45 34
36 46 18
36 47 15
36 48 52
36 49 43
36 50 43
36 51 28
36 52 21
36 53 66
36 54 19
36 55 25
36 56 36
36 57 36
36 58 77
36 59 39
36 60 19
36 61 18
36 62 40
36 63 51
36 64 37
36 65 37
36 66 30
36 67 26
36 68 52
36 69 18
36 70 55
36 71 22
36 72 37
36 73 17
36 74 54
36 75 58
36 76 40
36 77 60
36 78 20
36 79 51
36 80 57
36 81 67
36 82 35
36 83 11
36 84 55
36 85 43
36 86 15
36 87 29
36 88 50
36 89 54
36 90 27
36 91 15
36 92 32
36 93 60
36 94 29
36 95 33
36 96 60
36 97 14
36 98 39
36 99 20
36 100 16
37 1 77
37 2 50
37 3 48
37 4 45
37 5 45
37 6 23
37 7 43
37 8 12
37 9 48
37 10 18
37 11 40
37 12 78
37 13 33
37 14 46
37 15 53
37 16 48
37 17 23
37 18 68
37 19 24
37 20 37
37 21 34
37 22 55
37 23 55
37 24 41
37 25 69
37 26 39
37 27 14
37 28 20
37 29 72
37 30 35
37 31 33
37 32 38
37 33 20
37 34 52
37 35 68
37 36 40
37 37 26
37 38 67
37 39 90
37 40 81
37 41 51
37 42 95
37 43 106
37 44 71
37 45 89
37 46 47
37 47 49
37 48 59
37 49 97
37 50 26
37 51 87
37 52 71
37 53 107
37 54 52
37 55 88
37 56 63
37 57 60
37 58 46
37 59 29
37 60 46
37 61 80
37 62 26
37 63 84
37 64 82
37 65 43
37 66 92
37 67 75
37 68 65
37 69 61
37 70 73
37 71 85
37 72 96
37 73 78
37 74 31
37 75 79
37 76 101
37 77 104
37 78 55
37 79 96
37 80 40
37 81 32
37 82 92
37 83 74
37 84 48
37 85 64
37 86 49
37 87 89
37 88 16
37 89 20
37 90 72
37 91 50
37 92 96
37 93 73
37 94 49
37 95 62
37 96 14
37 97 50
37 98 45
37 99 49
37 100 72
38 1 107
38 2 78
38 3 76
38 4 63
38 5 62
38 6 50
38 7 49
38 8 36
38 9 65
38 10 46
38 11 68
38 12 108
38 13 11
38 14 58
38 15 64
38 16 50
38 17 29
38 18 90
38 19 31
38 20 18
38 21 64
38 22 82
38 23 85
38 24 65
38 25 99
38 26 69
38 27 39
38 28 47
38 29 93
38 30 63
38 31 49
38 32 28
38 33 39
38 34 80
38 35 98
38 36 51
38 37 20
38 38 42
38 39 62
38 40 7
38 41 100
38 42 50
38 43 24
38 44 54
38 45 41
38 46 42
38 47 38
38 48 75
38 49 49
38 50 66
38 51 4
38 52 39
38 53 76
38 54 33
38 55 8
38 56 36
38 57 38
38 58 101
38 59 62
38 60 39
38 61 6
38 62 59
38 63 67
38 64 23
38 65 61
38 66 8
38 67 16
38 68 74
38 69 40
38 70 75
38 71 16
38 72 14
38 73 7
38 74 67
38 75 78
38 76 17
38 77 70
38 78 43
38 79 62
38 80 67
38 81 91
38 82 40
38 83 23
38 84 62
38 85 64
38 86 38
38 87 5
38 88 72
38 89 71
38 90 45
38 91 39
38 92 22
38 93 81
38 94 53
38 95 34
38 96 77
38 97 35
38 98 49
38 99 36
38 100 12
39 1 88
39 2 44
39 3 46
39 4 94
39 5 9
39 6 36
39 7 95
39 8 41
39 9 9
39 10 62
39 11 39
39 12 86
39 13 59
39 14 8
39 15 104
39 16 100
39 17 75
39 18 30
39 19 76
39 20 56
39 21 61
39 22 87
39 23 55
39 24 27
39 25 75
39 26 55
39 27 39
39 28 63
39 29 31
39 30 37
39 31 20
39 32 45
39 33 71
39 34 78
39 35 72
39 36 92
39 37 75
39 38 78
39 39 102
39 40 47
39 41 77
39 42 7
39 43 71
39 44 21
39 45 13
39 46 48
39 47 50
39 48 45
39 49 10
39 50 66
39 51 57
39 52 24
39 53 23
39 54 62
39 55 47
39 56 79
39 57 79
39 58 81
39 59 63
39 60 57
39 61 48
39 62 74
39 63 20
39 64 75
39 65 50
39 66 54
39 67 65
39 68 40
39 69 33
39 70 35
39 71 37
39 72 64
39 73 49
39 74 92
39 75 34
39 76 59
39 77 17
39 78 37
39 79 9
39 80 98
39 81 78
39 82 15
39 83 34
39 84 97
39 85 34
39 86 49
39 87 57
39 88 76
39 89 89
39 90 20
39 91 47
39 92 38
39 93 42
39 94 43
39 95 76
39 96 93
39 97 54
39 98 81
39 99 62
39 100 54
40 1 56
40 2 60
40 3 56
40 4 14
40 5 80
40 6 53
40 7 36
40 8 54
40 9 82
40 10 29
40 11 56
40 12 57
40 13 76
40 14 85
40 15 28
40 16 41
40 17 41
40 18 90
40 19 40
40 20 82
40 21 30
40 22 19
40 23 56
40 24 66
40 25 56
40 26 41
40 27 53
40 28 28
40 29 96
40 30 54
40 31 72
40 32 84
40 33 30
40 34 27
40 35 57
40 36 27
40 37 52
40 38 29
40 39 40
40 40 76
40 41 68
40 42 70
40 43 69
40 44 53
40 45 62
40 46 21
40 47 19
40 48 56
40 49 71
40 50 27
40 51 50
40 52 45
40 53 89
40 54 15
40 55 53
40 56 29
40 57 27
40 58 65
40 59 24
40 60 12
40 61 44
40 62 11
40 63 69
40 64 46
40 65 35
40 66 55
40 67 38
40 68 59
40 69 36
40 70 66
40 71 51
40 72 59
40 73 42
40 74 24
40 75 71
40 76 65
40 77 84
40 78 32
40 79 75
40 80 30
40 81 52
40 82 64
40 83 42
40 84 31
40 85 53
40 86 20
40 87 53
40 88 27
40 89 24
40 90 49
40 91 22
40 92 62
40 93 69
40 94 33
40 95 28
40 96 30
40 97 16
40 98 17
40 99 12
40 100 36
41 1 50
41 2 20
41 3 17
41 4 53
41 5 37
41 6 14
41 7 63
41 8 26
41 9 37
41 10 26
41 11 11
41 12 50
41 13 61
41 14 43
41 15 66
41 16 69
41 17 50
41 18 46
41 19 50
41 20 64
41 21 16
41 22 42
41 23 24
41 24 20
41 25 40
41 26 10
41 27 23
41 28 25
41 29 51
41 30 9
41 31 33
41 32 59
41 33 39
41 34 33
41 35 38
41 36 57
41 37 56
41 38 45
41 39 70
41 40 44
41 41 50
41 42 29
41 43 94
41 44 29
41 45 36
41 46 62
41 47 64
41 48 41
41 49 31
41 50 72
41 51 79
41 52 41
41 53 13
41 54 79
41 55 70
41 56 97
41 57 97
41 58 75
41 59 70
41 60 72
41 61 70
41 62 85
41 63 13
41 64 97
41 65 54
41 66 77
41 67 86
41 68 34
41 69 47
41 70 26
41 71 60
41 72 86
41 73 71
41 74 105
41 75 22
41 76 82
41 77 13
41 78 50
41 79 15
41 80 112
41 81 77
41 82 38
41 83 55
41 84 113
41 85 34
41 86 63
41 87 79
41 88 82
41 89 99
41 90 35
41 91 60
41 92 61
41 93 31
41 94 51
41 95 95
41 96 102
41 97 69
41 98 97
41 99 78
41 100 75
42 1 59
42 2 67
42 3 63
42 4 14
42 5 87
42 6 60
42 7 36
42 8 60
42 9 89
42 10 36
42 11 63
42 12 61
42 13 81
42 14 92
42 15 26
42 16 41
42 17 45
42 18 97
42 19 44
42 20 87
42 21 37
42 22 22
42 23 62
42 24 73
42 25 60
42 26 47
42 27 60
42 28 35
42 29 102
42 30 61
42 31 79
42 32 90
42 33 35
42 34 31
42 35 62
42 36 28
42 37 56
42 38 32
42 39 40
42 40 83
42 41 29
42 42 90
42 43 105
42 44 45
42 45 69
42 46 39
42 47 43
42 48 26
42 49 75
42 50 19
42 51 84
42 52 52
42 53 78
42 54 56
42 55 81
42 56 74
42 57 72
42 58 21
42 59 22
42 60 46
42 61 75
42 62 39
42 63 54
42 64 88
42 65 20
42 66 87
42 67 78
42 68 33
42 69 44
42 70 41
42 71 75
42 72 94
42 73 73
42 74 57
42 75 46
42 76 97
42 77 75
42 78 39
42 79 69
42 80 66
42 81 11
42 82 72
42 83 62
42 84 72
42 85 34
42 86 43
42 87 86
42 88 25
42 89 47
42 90 51
42 91 41
42 92 84
42 93 39
42 94 29
42 95 73
42 96 45
42 97 48
42 98 61
42 99 53
42 100 71
43 1 22
43 2 36
43 3 33
43 4 49
43 5 69
43 6 48
43 7 68
43 8 57
43 9 69
43 10 41
43 11 39
43 12 23
43 13 89
43 14 76
43 15 63
43 16 74
43 17 65
43 18 68
43 19 65
43 20 93
43 21 23
43 22 18
43 23 27
43 24 50
43 25 21
43 26 23
43 27 54
43 28 39
43 29 73
43 30 40
43 31 67
43 32 91
43 33 51
43 34 8
43 35 23
43 36 60
43 37 75
43 38 55
43 39 73
43 40 77
43 41 55
43 42 91
43 43 26
43 44 73
43 45 83
43 46 41
43 47 40
43 48 73
43 49 92
43 50 38
43 51 65
43 52 66
43 53 110
43 54 32
43 55 70
43 56 34
43 57 30
43 58 74
43 59 37
43 60 33
43 61 61
43 62 19
43 63 89
43 64 55
43 65 52
43 66 71
43 67 50
43 68 77
43 69 57
43 70 84
43 71 70
43 72 72
43 73 59
43 74 4
43 75 89
43 76 80
43 77 105
43 78 53
43 79 96
43 80 10
43 81 59
43 82 85
43 83 62
43 84 16
43 85 72
43 86 41
43 87 68
43 88 32
43 89 13
43 90 70
43 91 43
43 92 81
43 93 86
43 94 52
43 95 34
43 96 20
43 97 37
43 98 16
43 99 30
43 100 52
44 1 40
44 2 14
44 3 10
44 4 57
44 5 43
44 6 25
44 7 70
44 8 37
44 9 43
44 10 33
44 11 12
44 12 39
44 13 72
44 14 50
44 15 71
44 16 76
44 17 59
44 18 44
44 19 59
44 20 74
44 21 17
44 22 38
44 23 14
44 24 24
44 25 29
44 26 6
44 27 34
44 28 32
44 29 50
44 30 15
44 31 42
44 32 69
44 33 47
44 34 27
44 35 27
44 36 63
44 37 66
44 38 52
44 39 76
44 40 54
44 41 56
44 42 70
44 43 21
44 44 40
44 45 72
44 46 33
44 47 30
44 48 68
44 49 81
44 50 37
44 51 53
44 52 56
44 53 101
44 54 20
44 55 57
44 56 23
44 57 20
44 58 75
44 59 35
44 60 22
44 61 49
44 62 18
44 63 81
44 64 44
44 65 47
44 66 59
44 67 38
44 68 72
44 69 48
44 70 78
44 71 58
44 72 60
44 73 47
44 74 16
44 75 83
44 76 67
44 77 96
44 78 45
44 79 87
44 80 18
44 81 61
44 82 74
44 83 50
44 84 19
44 85 65
44 86 31
44 87 55
44 88 34
44 89 21
44 90 61
44 91 34
44 92 69
44 93 81
44 94 45
44 95 23
44 96 29
44 97 26
44 98 6
44 99 19
44 100 39
45 1 105
45 2 71
45 3 70
45 4 70
45 5 49
45 6 42
45 7 60
45 8 30
45 9 52
45 10 47
45 11 60
45 12 105
45 13 7
45 14 44
45 15 74
45 16 63
45 17 39
45 18 78
45 19 40
45 20 8
45 21 62
45 22 84
45 23 79
45 24 56
45 25 95
45 26 65
45 27 32
45 28 49
45 29 81
45 30 55
45 31 36
45 32 13
45 33 45
45 34 80
45 35 94
45 36 61
45 37 32
45 38 49
45 39 65
45 40 22
45 41 55
45 42 12
45 43 87
45 44 105
45 45 63
45 46 29
45 47 33
45 48 29
45 49 70
45 50 8
45 51 74
45 52 45
45 53 77
45 54 45
45 55 72
45 56 63
45 57 61
45 58 32
45 59 11
45 60 35
45 61 65
45 62 28
45 63 54
45 64 77
45 65 14
45 66 77
45 67 67
45 68 35
45 69 36
45 70 43
45 71 66
45 72 84
45 73 64
45 74 47
45 75 48
45 76 87
45 77 74
45 78 31
45 79 66
45 80 57
45 81 20
45 82 66
45 83 53
45 84 62
45 85 33
45 86 32
45 87 76
45 88 17
45 89 38
45 90 45
45 91 31
45 92 76
45 93 43
45 94 22
45 95 62
45 96 38
45 97 37
45 98 50
45 99 42
45 100 60
46 1 49
46 2 8
46 3 12
46 4 78
46 5 33
46 6 32
46 7 89
46 8 45
46 9 31
46 10 51
46 11 15
46 12 48
46 13 79
46 14 42
46 15 91
46 16 95
46 17 75
46 18 23
46 19 75
46 20 79
46 21 38
46 22 59
46 23 18
46 24 17
46 25 36
46 26 27
46 27 42
46 28 51
46 29 29
46 30 19
46 31 39
46 32 71
46 33 64
46 34 48
46 35 33
46 36 82
46 37 80
46 38 71
46 39 95
46 40 54
46 41 75
46 42 72
46 43 24
46 44 49
46 45 78
46 46 63
46 47 43
46 48 42
46 49 85
46 50 14
46 51 84
46 52 59
46 53 92
46 54 52
46 55 83
46 56 67
46 57 64
46 58 31
46 59 18
46 60 43
46 61 76
46 62 28
46 63 68
46 64 84
46 65 29
46 66 88
46 67 74
46 68 48
46 69 50
46 70 56
46 71 78
46 72 93
46 73 74
46 74 42
46 75 62
46 76 98
46 77 89
46 78 45
46 79 81
46 80 52
46 81 16
46 82 81
46 83 66
46 84 59
46 85 48
46 86 43
46 87 86
46 88 11
46 89 32
46 90 60
46 91 43
46 92 89
46 93 56
46 94 36
46 95 66
46 96 29
46 97 46
46 98 51
46 99 48
46 100 69
47 1 90
47 2 49
47 3 50
47 4 80
47 5 18
47 6 28
47 7 79
47 8 25
47 9 21
47 10 50
47 11 40
47 12 90
47 13 39
47 14 12
47 15 89
47 16 83
47 17 58
47 18 48
47 19 59
47 20 36
47 21 55
47 22 81
47 23 59
47 24 31
47 25 78
47 26 52
47 27 25
47 28 50
47 29 50
47 30 36
47 31 9
47 32 25
47 33 56
47 34 74
47 35 76
47 36 76
47 37 56
47 38 63
47 39 84
47 40 10
47 41 69
47 42 27
47 43 68
47 44 90
47 45 75
47 46 18
47 47 59
47 48 15
47 49 65
47 50 23
47 51 80
47 52 44
47 53 67
47 54 55
47 55 75
47 56 74
47 57 73
47 58 26
47 59 24
47 60 45
47 61 70
47 62 43
47 63 44
47 64 86
47 65 15
47 66 82
47 67 75
47 68 22
47 69 37
47 70 30
47 71 68
47 72 89
47 73 69
47 74 62
47 75 36
47 76 91
47 77 65
47 78 33
47 79 58
47 80 71
47 81 21
47 82 63
47 83 56
47 84 76
47 85 24
47 86 40
47 87 81
47 88 31
47 89 53
47 90 42
47 91 38
47 92 77
47 93 29
47 94 23
47 95 73
47 96 52
47 97 46
47 98 64
47 99 52
47 100 67
48 1 74
48 2 43
48 3 41
48 4 51
48 5 36
48 6 15
48 7 52
48 8 4
48 9 39
48 10 21
48 11 33
48 12 74
48 13 36
48 14 38
48 15 60
48 16 56
48 17 32
48 18 59
48 19 33
48 20 39
48 21 32
48 22 56
48 23 49
48 24 32
48 25 65
48 26 34
48 27 5
48 28 22
48 29 63
48 30 27
48 31 25
48 32 36
48 33 28
48 34 51
48 35 63
48 36 48
48 37 34
48 38 34
48 39 58
48 40 26
48 41 40
48 42 36
48 43 57
48 44 75
48 45 47
48 46 29
48 47 40
48 48 27
48 49 92
48 50 29
48 51 73
48 52 66
48 53 107
48 54 39
48 55 76
48 56 46
48 57 43
48 58 60
48 59 29
48 60 35
48 61 68
48 62 14
48 63 85
48 64 66
48 65 45
48 66 79
48 67 60
48 68 70
48 69 56
48 70 77
48 71 75
48 72 82
48 73 66
48 74 13
48 75 83
48 76 88
48 77 103
48 78 51
48 79 94
48 80 23
48 81 46
48 82 86
48 83 65
48 84 31
48 85 65
48 86 41
48 87 76
48 88 20
48 89 2
48 90 69
48 91 43
48 92 86
48 93 78
48 94 47
48 95 46
48 96 6
48 97 39
48 98 28
48 99 36
48 100 59
49 1 68
49 2 27
49 3 31
49 4 93
49 5 23
49 6 38
49 7 100
49 8 49
49 9 20
49 10 63
49 11 28
49 12 67
49 13 78
49 14 31
49 15 105
49 16 106
49 17 83
49 18 7
49 19 84
49 20 76
49 21 54
49 22 78
49 23 38
49 24 21
49 25 55
49 26 45
49 27 47
49 28 63
49 29 12
49 30 31
49 31 35
49 32 66
49 33 75
49 34 67
49 35 52
49 36 95
49 37 86
49 38 82
49 39 107
49 40 50
49 41 87
49 42 68
49 43 43
49 44 69
49 45 91
49 46 59
49 47 91
49 48 79
49 49 71
49 50 54
49 51 43
49 52 60
49 53 105
49 54 22
49 55 50
49 56 8
49 57 5
49 58 92
49 59 51
49 60 31
49 61 43
49 62 35
49 63 89
49 64 29
49 65 60
49 66 50
49 67 27
49 68 83
49 69 54
49 70 89
49 71 54
49 72 49
49 73 41
49 74 30
49 75 93
49 76 57
49 77 100
49 78 53
49 79 91
49 80 26
49 81 78
49 82 74
49 83 50
49 84 20
49 85 75
49 86 39
49 87 46
49 88 52
49 89 39
49 90 66
49 91 42
49 92 64
49 93 93
49 94 56
49 95 9
49 96 46
49 97 32
49 98 12
49 99 24
49 100 33
50 1 68
50 2 47
50 3 43
50 4 35
50 5 51
50 6 25
50 7 38
50 8 20
50 9 53
50 10 6
50 11 38
50 12 68
50 13 44
50 14 54
50 15 45
50 16 43
50 17 23
50 18 70
50 19 23
50 20 49
50 21 24
50 22 43
50 23 49
50 24 42
50 25 61
50 26 31
50 27 20
50 28 7
50 29 74
50 30 33
50 31 41
50 32 50
50 33 13
50 34 40
50 35 60
50 36 33
50 37 30
50 38 20
50 39 44
50 40 42
50 41 25
50 42 50
50 43 56
50 44 68
50 45 31
50 46 44
50 47 36
50 48 21
50 49 36
50 50 27
50 51 74
50 52 57
50 53 95
50 54 40
50 55 75
50 56 53
50 57 50
50 58 45
50 59 16
50 60 33
50 61 67
50 62 14
50 63 73
50 64 71
50 65 32
50 66 79
50 67 63
50 68 56
50 69 48
50 70 63
50 71 72
50 72 83
50 73 65
50 74 28
50 75 69
50 76 89
50 77 92
50 78 42
50 79 83
50 80 38
50 81 31
50 82 79
50 83 60
50 84 44
50 85 52
50 86 36
50 87 77
50 88 5
50 89 18
50 90 59
50 91 37
50 92 83
50 93 64
50 94 36
50 95 53
50 96 16
50 97 37
50 98 37
50 99 36
50 100 60
51 1 96
51 2 57
51 3 57
51 4 80
51 5 26
51 6 33
51 7 76
51 8 27
51 9 30
51 10 51
51 11 47
51 12 96
51 13 31
51 14 20
51 15 88
51 16 80
51 17 55
51 18 56
51 19 56
51 20 28
51 21 59
51 22 85
51 23 66
51 24 39
51 25 85
51 26 57
51 27 28
51 28 52
51 29 58
51 30 43
51 31 16
51 32 17
51 33 55
51 34 78
51 35 83
51 36 75
51 37 51
51 38 61
51 39 82
51 40 4
51 41 67
51 42 19
51 43 75
51 44 97
51 45 75
51 46 10
51 47 54
51 48 49
51 49 77
51 50 20
51 51 55
51 52 51
51 53 93
51 54 23
51 55 30
51 56 15
51 57 17
51 58 99
51 59 58
51 60 33
51 61 24
51 62 48
51 63 80
51 64 10
51 65 62
51 66 28
51 67 6
51 68 81
51 69 48
51 70 84
51 71 36
51 72 26
51 73 22
51 74 50
51 75 88
51 76 35
51 77 87
51 78 48
51 79 79
51 80 48
51 81 87
51 82 58
51 83 36
51 84 42
51 85 72
51 86 37
51 87 24
51 88 63
51 89 56
51 90 57
51 91 40
51 92 44
51 93 90
51 94 55
51 95 13
51 96 63
51 97 31
51 98 31
51 99 26
51 100 16
52 1 83
52 2 40
52 3 41
52 4 84
52 5 4
52 6 27
52 7 86
52 8 31
52 9 8
52 10 53
52 11 33
52 12 82
52 13 52
52 14 6
52 15 95
52 16 91
52 17 66
52 18 34
52 19 67
52 20 50
52 21 53
52 22 80
52 23 51
52 24 22
52 25 70
52 26 48
52 27 30
52 28 53
52 29 36
52 30 31
52 31 11
52 32 39
52 33 62
52 34 71
52 35 67
52 36 83
52 37 66
52 38 69
52 39 92
52 40 23
52 41 75
52 42 41
52 43 59
52 44 83
52 45 81
52 46 32
52 47 70
52 48 61
52 49 72
52 50 33
52 51 35
52 52 79
52 53 78
52 54 59
52 55 83
52 56 77
52 57 75
52 58 18
52 59 25
52 60 49
52 61 77
52 62 42
52 63 54
52 64 91
52 65 22
52 66 89
52 67 80
52 68 32
52 69 46
52 70 40
52 71 77
52 72 96
52 73 76
52 74 59
52 75 45
52 76 99
52 77 76
52 78 41
52 79 69
52 80 69
52 81 11
52 82 74
52 83 64
52 84 75
52 85 34
52 86 45
52 87 88
52 88 27
52 89 49
52 90 52
52 91 44
52 92 86
52 93 38
52 94 31
52 95 76
52 96 47
52 97 50
52 98 64
52 99 55
52 100 73
53 1 125
53 2 90
53 3 89
53 4 86
53 5 64
53 6 62
53 7 73
53 8 50
53 9 68
53 10 66
53 11 80
53 12 125
53 13 16
53 14 58
53 15 88
53 16 74
53 17 53
53 18 94
53 19 55
53 20 12
53 21 83
53 22 104
53 23 99
53 24 74
53 25 115
53 26 85
53 27 53
53 28 68
53 29 96
53 30 75
53 31 53
53 32 21
53 33 62
53 34 100
53 35 114
53 36 75
53 37 44
53 38 65
53 39 76
53 40 37
53 41 70
53 42 20
53 43 107
53 44 125
53 45 79
53 46 29
53 47 41
53 48 49
53 49 97
53 50 38
53 51 92
53 52 58
53 53 94
53 54 56
53 55 60
53 56 76
53 57 76
53 58 53
53 59 42
53 60 48
53 61 57
53 62 58
53 63 15
53 64 80
53 65 27
53 66 67
53 67 69
53 68 13
53 69 25
53 70 12
53 71 50
53 72 76
53 73 57
53 74 78
53 75 15
53 76 75
53 77 35
53 78 26
53 79 28
53 80 86
53 81 51
53 82 38
53 83 40
53 84 88
53 85 6
53 86 39
53 87 68
53 88 54
53 89 72
53 90 19
53 91 36
53 92 56
53 93 18
53 94 24
53 95 74
53 96 74
53 97 46
53 98 72
53 99 55
53 100 58
54 1 19
54 2 26
54 3 23
54 4 61
54 5 62
54 6 45
54 7 79
54 8 57
54 9 61
54 10 47
54 11 32
54 12 19
54 13 92
54 14 70
54 15 76
54 16 85
54 17 73
54 18 56
54 19 73
54 20 94
54 21 27
54 22 32
54 23 15
54 24 43
54 25 9
54 26 22
54 27 54
54 28 46
54 29 61
54 30 35
54 31 63
54 32 90
54 33 59
54 34 21
54 35 10
54 36 71
54 37 81
54 38 64
54 39 85
54 40 75
54 41 65
54 42 91
54 43 12
54 44 19
54 45 65
54 46 82
54 47 87
54 48 72
54 49 30
54 50 69
54 51 38
54 52 84
54 53 67
54 54 52
54 55 39
54 56 4
54 57 6
54 58 94
54 59 52
54 60 28
54 61 32
54 62 39
54 63 83
54 64 19
54 65 59
54 66 39
54 67 16
54 68 80
54 69 49
54 70 85
54 71 44
54 72 38
54 73 30
54 74 39
54 75 89
54 76 46
54 77 92
54 78 48
54 79 83
54 80 37
54 81 81
54 82 65
54 83 41
54 84 31
54 85 72
54 86 35
54 87 35
54 88 56
54 89 46
54 90 60
54 91 38
54 92 53
54 93 89
54 94 54
54 95 2
54 96 54
54 97 29
54 98 20
54 99 21
54 100 23
55 1 115
55 2 81
55 3 80
55 4 78
55 5 57
55 6 53
55 7 66
55 8 40
55 9 60
55 10 57
55 11 70
55 12 115
55 13 7
55 14 51
55 15 80
55 16 67
55 17 45
55 18 86
55 19 47
55 20 3
55 21 73
55 22 94
55 23 89
55 24 65
55 25 105
55 26 75
55 27 43
55 28 58
55 29 89
55 30 65
55 31 45
55 32 15
55 33 53
55 34 90
55 35 104
55 36 68
55 37 36
55 38 57
55 39 69
55 40 30
55 41 62
55 42 13
55 43 97
55 44 115
55 45 70
55 46 21
55 47 35
55 48 41
55 49 87
55 50 28
55 51 83
55 52 52
55 53 86
55 54 67
55 55 43
55 56 48
55 57 48
55 58 70
55 59 37
55 60 25
55 61 27
55 62 44
55 63 38
55 64 50
55 65 30
55 66 39
55 67 38
55 68 40
55 69 7
55 70 42
55 71 24
55 72 47
55 73 27
55 74 61
55 75 46
55 76 48
55 77 49
55 78 11
55 79 40
55 80 66
55 81 61
55 82 28
55 83 12
55 84 65
55 85 31
55 86 17
55 87 39
55 88 49
55 89 59
55 90 15
55 91 15
55 92 34
55 93 48
55 94 21
55 95 46
55 96 63
55 97 21
55 98 49
55 99 30
55 100 28
56 1 108
56 2 73
56 3 72
56 4 77
56 5 47
56 6 45
56 7 68
56 8 33
56 9 51
56 10 53
56 11 62
56 12 108
56 13 12
56 14 41
56 15 81
56 16 70
56 17 46
56 18 77
56 19 48
56 20 7
56 21 67
56 22 90
56 23 81
56 24 56
56 25 98
56 26 68
56 27 36
56 28 54
56 29 79
56 30 57
56 31 35
56 32 6
56 33 52
56 34 85
56 35 96
56 36 69
56 37 39
56 38 57
56 39 72
56 40 20
56 41 62
56 42 4
56 43 90
56 44 109
56 45 70
56 46 11
56 47 40
56 48 41
56 49 83
56 50 22
56 51 74
56 52 55
56 53 86
56 54 65
56 55 33
56 56 71
56 57 67
56 58 46
56 59 31
56 60 39
56 61 54
56 62 47
56 63 26
56 64 75
56 65 15
56 66 65
56 67 64
56 68 14
56 69 20
56 70 19
56 71 50
56 72 74
56 73 54
56 74 67
56 75 24
56 76 74
56 77 46
56 78 19
56 79 38
56 80 75
56 81 42
56 82 43
56 83 38
56 84 78
56 85 6
56 86 31
56 87 66
56 88 43
56 89 61
56 90 21
56 91 28
56 92 58
56 93 23
56 94 14
56 95 66
56 96 63
56 97 38
56 98 63
56 99 46
56 100 54
57 1 63
57 2 63
57 3 59
57 4 8
57 5 79
57 6 51
57 7 27
57 8 50
57 9 80
57 10 25
57 11 57
57 12 65
57 13 69
57 14 82
57 15 22
57 16 32
57 17 33
57 18 92
57 19 32
57 20 75
57 21 32
57 22 28
57 23 60
57 24 66
57 25 62
57 26 43
57 27 49
57 28 25
57 29 97
57 30 55
57 31 69
57 32 78
57 33 22
57 34 34
57 35 64
57 36 18
57 37 44
57 38 20
57 39 32
57 40 71
57 41 17
57 42 77
57 43 64
57 44 64
57 45 12
57 46 73
57 47 49
57 48 36
57 49 25
57 50 56
57 51 76
57 52 37
57 53 16
57 54 9
57 55 76
57 56 99
57 57 74
57 58 18
57 59 34
57 60 59
57 61 91
57 62 45
57 63 73
57 64 101
57 65 39
57 66 103
57 67 91
57 68 51
57 69 62
57 70 59
57 71 92
57 72 109
57 73 89
57 74 58
57 75 64
57 76 113
57 77 95
57 78 57
57 79 88
57 80 68
57 81 8
57 82 92
57 83 80
57 84 76
57 85 53
57 86 58
57 87 102
57 88 29
57 89 47
57 90 70
57 91 57
57 92 102
57 93 56
57 94 48
57 95 83
57 96 43
57 97 62
57 98 68
57 99 65
57 100 85
58 1 78
58 2 58
58 3 55
58 4 35
58 5 57
58 6 33
58 7 31
58 8 24
58 9 60
58 10 16
58 11 48
58 12 79
58 13 37
58 14 58
58 15 41
58 16 35
58 17 12
58 18 79
58 19 13
58 20 43
58 21 35
58 22 51
58 23 61
58 24 51
58 25 72
58 26 43
58 27 26
58 28 17
58 29 83
58 30 44
58 31 45
58 32 47
58 33 9
58 34 50
58 35 72
58 36 28
58 37 19
58 38 15
58 39 37
58 40 43
58 41 21
58 42 46
58 43 68
58 44 79
58 45 28
58 46 42
58 47 25
58 48 9
58 49 45
58 50 27
58 51 67
58 52 26
58 53 43
58 54 23
58 55 51
58 56 82
58 57 74
58 58 35
58 59 28
58 60 15
58 61 31
58 62 33
58 63 45
58 64 48
58 65 25
58 66 43
58 67 37
58 68 42
58 69 11
58 70 45
58 71 32
58 72 50
58 73 30
58 74 50
58 75 50
58 76 53
58 77 58
58 78 9
58 79 50
58 80 55
58 81 54
58 82 39
58 83 20
58 84 55
58 85 33
58 86 6
58 87 42
58 88 39
58 89 48
58 90 24
58 91 4
58 92 43
58 93 50
58 94 16
58 95 39
58 96 52
58 97 12
58 98 39
58 99 20
58 100 28
59 1 107
59 2 72
59 3 71
59 4 75
59 5 47
59 6 44
59 7 65
59 8 32
59 9 51
59 10 51
59 11 61
59 12 107
59 13 10
59 14 42
59 15 79
59 16 68
59 17 44
59 18 77
59 19 45
59 20 7
59 21 65
59 22 88
59 23 80
59 24 56
59 25 97
59 26 67
59 27 34
59 28 52
59 29 79
59 30 56
59 31 35
59 32 9
59 33 49
59 34 83
59 35 95
59 36 66
59 37 37
59 38 54
59 39 70
59 40 20
59 41 60
59 42 7
59 43 88
59 44 107
59 45 68
59 46 11
59 47 37
59 48 39
59 49 81
59 50 20
59 51 73
59 52 52
59 53 83
59 54 63
59 55 33
59 56 72
59 57 88
59 58 42
59 59 12
59 60 35
59 61 49
59 62 36
59 63 94
59 64 34
59 65 64
59 66 56
59 67 33
59 68 88
59 69 60
59 70 93
59 71 61
59 72 54
59 73 47
59 74 28
59 75 98
59 76 63
59 77 106
59 78 57
59 79 97
59 80 22
59 81 79
59 82 80
59 83 56
59 84 14
59 85 80
59 86 44
59 87 52
59 88 53
59 89 37
59 90 72
59 91 47
59 92 70
59 93 97
59 94 61
59 95 15
59 96 44
59 97 37
59 98 13
59 99 29
59 100 39
60 1 64
60 2 66
60 3 62
60 4 6
60 5 83
60 6 55
60 7 28
60 8 54
60 9 84
60 10 30
60 11 61
60 12 65
60 13 73
60 14 87
60 15 21
60 16 33
60 17 37
60 18 95
60 19 35
60 20 79
60 21 35
60 22 27
60 23 62
60 24 69
60 25 63
60 26 46
60 27 54
60 28 29
60 29 100
60 30 58
60 31 74
60 32 83
60 33 27
60 34 34
60 35 65
60 36 20
60 37 47
60 38 24
60 39 32
60 40 76
60 41 20
60 42 82
60 43 65
60 44 64
60 45 13
60 46 77
60 47 52
60 48 40
60 49 26
60 50 61
60 51 79
60 52 40
60 53 13
60 54 14
60 55 81
60 56 103
60 57 77
60 58 58
60 59 65
60 60 69
60 61 87
60 62 37
60 63 78
60 64 94
60 65 39
60 66 99
60 67 85
60 68 56
60 69 61
60 70 64
60 71 90
60 72 104
60 73 85
60 74 48
60 75 70
60 76 109
60 77 98
60 78 56
60 79 91
60 80 57
60 81 16
60 82 92
60 83 77
60 84 65
60 85 57
60 86 54
60 87 97
60 88 21
60 89 37
60 90 71
60 91 54
60 92 100
60 93 63
60 94 47
60 95 75
60 96 31
60 97 57
60 98 59
60 99 58
60 100 80
61 1 55
61 2 37
61 3 34
61 4 35
61 5 51
61 6 23
61 7 45
61 8 26
61 9 52
61 10 8
61 11 30
61 12 55
61 13 56
61 14 55
61 15 48
61 16 51
61 17 34
61 18 64
61 19 34
61 20 60
61 21 12
61 22 33
61 23 38
61 24 37
61 25 48
61 26 20
61 27 25
61 28 7
61 29 69
61 30 27
61 31 43
61 32 59
61 33 22
61 34 28
61 35 48
61 36 38
61 37 43
61 38 28
61 39 51
61 40 48
61 41 31
61 42 59
61 43 44
61 44 56
61 45 34
61 46 52
61 47 49
61 48 33
61 49 25
61 50 36
61 51 49
61 52 47
61 53 44
61 54 21
61 55 50
61 56 71
61 57 52
61 58 27
61 59 44
61 60 49
61 61 59
61 62 24
61 63 87
61 64 41
61 65 54
61 66 59
61 67 37
61 68 79
61 69 53
61 70 85
61 71 61
61 72 59
61 73 48
61 74 17
61 75 90
61 76 67
61 77 101
61 78 50
61 79 92
61 80 15
61 81 68
61 82 77
61 83 54
61 84 13
61 85 72
61 86 37
61 87 55
61 88 41
61 89 25
61 90 66
61 91 40
61 92 71
61 93 88
61 94 52
61 95 20
61 96 33
61 97 31
61 98 4
61 99 23
61 100 41
62 1 60
62 2 18
62 3 22
62 4 86
62 5 26
62 6 34
62 7 95
62 8 46
62 9 23
62 10 57
62 11 21
62 12 59
62 13 77
62 14 35
62 15 98
62 16 100
62 17 79
62 18 14
62 19 79
62 20 77
62 21 46
62 22 69
62 23 29
62 24 16
62 25 47
62 26 36
62 27 43
62 28 57
62 29 19
62 30 24
62 31 35
62 32 67
62 33 70
62 34 58
62 35 43
62 36 89
62 37 82
62 38 76
62 39 101
62 40 51
62 41 81
62 42 69
62 43 35
62 44 60
62 45 85
62 46 59
62 47 88
62 48 75
62 49 63
62 50 54
62 51 6
62 52 92
62 53 94
62 54 72
62 55 39
62 56 25
62 57 25
62 58 32
62 59 66
62 60 69
62 61 45
62 62 15
62 63 62
62 64 48
62 65 28
62 66 54
62 67 39
62 68 52
62 69 29
62 70 58
62 71 48
62 72 58
62 73 40
62 74 31
62 75 63
62 76 63
62 77 77
62 78 25
62 79 68
62 80 37
62 81 48
62 82 58
62 83 37
62 84 39
62 85 45
62 86 13
62 87 51
62 88 25
62 89 28
62 90 42
62 91 15
62 92 59
62 93 61
62 94 25
62 95 32
62 96 34
62 97 12
62 98 24
62 99 12
62 100 35
63 1 48
63 2 17
63 3 14
63 4 55
63 5 37
63 6 16
63 7 65
63 8 28
63 9 37
63 10 28
63 11 10
63 12 48
63 13 63
63 14 44
63 15 68
63 16 71
63 17 52
63 18 44
63 19 52
63 20 65
63 21 17
63 22 42
63 23 22
63 24 19
63 25 38
63 26 10
63 27 25
63 28 27
63 29 49
63 30 8
63 31 34
63 32 60
63 33 41
63 34 32
63 35 36
63 36 59
63 37 58
63 38 47
63 39 72
63 40 45
63 41 51
63 42 61
63 43 30
63 44 49
63 45 54
63 46 52
63 47 64
63 48 49
63 49 35
63 50 39
63 51 28
63 52 65
63 53 64
63 54 41
63 55 42
63 56 52
63 57 33
63 58 18
63 59 51
63 60 55
63 61 50
63 62 35
63 63 19
63 64 16
63 65 69
63 66 41
63 67 19
63 68 90
63 69 58
63 70 94
63 71 49
63 72 37
63 73 36
63 74 45
63 75 98
63 76 46
63 77 100
63 78 57
63 79 91
63 80 40
63 81 90
63 82 71
63 83 49
63 84 32
63 85 81
63 86 45
63 87 37
63 88 64
63 89 53
63 90 68
63 91 47
63 92 57
63 93 98
63 94 63
63 95 10
63 96 60
63 97 38
63 98 26
63 99 31
63 100 29
64 1 63
64 2 37
64 3 34
64 4 44
64 5 42
64 6 14
64 7 49
64 8 15
64 9 43
64 10 12
64 11 27
64 12 63
64 13 47
64 14 45
64 15 55
64 16 54
64 17 33
64 18 59
64 19 34
64 20 51
64 21 20
64 22 44
64 23 40
64 24 31
64 25 54
64 26 24
64 27 13
64 28 13
64 29 63
64 30 22
64 31 32
64 32 49
64 33 24
64 34 38
64 35 53
64 36 44
64 37 39
64 38 31
64 39 55
64 40 37
64 41 36
64 42 49
64 43 48
64 44 63
64 45 41
64 46 41
64 47 45
64 48 30
64 49 37
64 50 25
64 51 46
64 52 47
64 53 53
64 54 29
64 55 40
64 56 63
64 57 53
64 58 17
64 59 35
64 60 39
64 61 48
64 62 53
64 63 1
64 64 35
64 65 70
64 66 34
64 67 14
64 68 89
64 69 56
64 70 93
64 71 44
64 72 30
64 73 31
64 74 51
64 75 97
64 76 39
64 77 96
64 78 57
64 79 88
64 80 47
64 81 93
64 82 67
64 83 45
64 84 40
64 85 80
64 86 45
64 87 30
64 88 69
64 89 59
64 90 66
64 91 48
64 92 51
64 93 98
64 94 63
64 95 14
64 96 66
64 97 39
64 98 33
64 99 33
64 100 25
65 1 83
65 2 41
65 3 45
65 4 103
65 5 23
65 6 47
65 7 109
65 8 55
65 9 20
65 10 73
65 11 41
65 12 81
65 13 78
65 14 28
65 15 115
65 16 114
65 17 90
65 18 14
65 19 91
65 20 76
65 21 66
65 22 91
65 23 52
65 24 31
65 25 70
65 26 57
65 27 53
65 28 73
65 29 13
65 30 42
65 31 37
65 32 64
65 33 84
65 34 80
65 35 66
65 36 104
65 37 91
65 38 91
65 39 115
65 40 50
65 41 96
65 42 66
65 43 57
65 44 83
65 45 101
65 46 58
65 47 96
65 48 86
65 49 84
65 50 59
65 51 29
65 52 104
65 53 112
65 54 89
65 55 36
65 56 3
65 57 46
65 58 44
65 59 69
65 60 71
65 61 37
65 62 35
65 63 59
65 64 65
65 65 28
65 66 86
65 67 67
65 68 74
65 69 62
65 70 82
65 71 82
65 72 88
65 73 73
65 74 17
65 75 87
65 76 95
65 77 108
65 78 57
65 79 100
65 80 25
65 81 46
65 82 92
65 83 72
65 84 34
65 85 70
65 86 48
65 87 83
65 88 23
65 89 8
65 90 75
65 91 49
65 92 93
65 93 82
65 94 53
65 95 52
65 96 2
65 97 46
65 98 34
65 99 43
65 100 66
66 1 86
66 2 75
66 3 72
66 4 23
66 5 79
66 6 54
66 7 9
66 8 46
66 9 82
66 10 30
66 11 67
66 12 87
66 13 51
66 14 80
66 15 22
66 16 14
66 17 13
66 18 99
66 19 12
66 20 58
66 21 48
66 22 52
66 23 76
66 24 72
66 25 83
66 26 58
66 27 48
66 28 31
66 29 104
66 30 63
66 31 67
66 32 65
66 33 17
66 34 56
66 35 83
66 36 10
66 37 22
66 38 10
66 39 15
66 40 63
66 41 9
66 42 64
66 43 81
66 44 87
66 45 15
66 46 62
66 47 26
66 48 19
66 49 49
66 50 48
66 51 86
66 52 12
66 53 29
66 54 22
66 55 72
66 56 103
66 57 90
66 58 56
66 59 46
66 60 50
66 61 79
66 62 92
66 63 42
66 64 64
66 65 94
66 66 102
66 67 43
66 68 47
66 69 28
66 70 54
66 71 49
66 72 62
66 73 43
66 74 33
66 75 59
66 76 67
66 77 75
66 78 23
66 79 66
66 80 40
66 81 43
66 82 58
66 83 38
66 84 43
66 85 41
66 86 13
66 87 55
66 88 22
66 89 29
66 90 40
66 91 15
66 92 60
66 93 57
66 94 21
66 95 38
66 96 33
66 97 15
66 98 29
66 99 17
66 100 38
67 1 7
67 2 46
67 3 43
67 4 64
67 5 82
67 6 63
67 7 85
67 8 74
67 9 81
67 10 59
67 11 51
67 12 9
67 13 107
67 14 90
67 15 78
67 16 90
67 17 83
67 18 74
67 19 83
67 20 111
67 21 41
67 22 31
67 23 34
67 24 63
67 25 17
67 26 39
67 27 71
67 28 58
67 29 79
67 30 54
67 31 82
67 32 108
67 33 70
67 34 25
67 35 21
67 36 76
67 37 93
67 38 73
67 39 90
67 40 93
67 41 73
67 42 108
67 43 29
67 44 8
67 45 70
67 46 100
67 47 99
67 48 83
67 49 33
67 50 85
67 51 57
67 52 93
67 53 68
67 54 59
67 55 89
67 56 88
67 57 42
67 58 66
67 59 95
67 60 100
67 61 97
67 62 53
67 63 61
67 64 27
67 65 60
67 66 76
67 67 24
67 68 88
67 69 65
67 70 95
67 71 73
67 72 71
67 73 61
67 74 14
67 75 100
67 76 79
67 77 113
67 78 62
67 79 104
67 80 5
67 81 72
67 82 90
67 83 66
67 84 4
67 85 82
67 86 48
67 87 67
67 88 45
67 89 25
67 90 78
67 91 51
67 92 83
67 93 97
67 94 62
67 95 31
67 96 31
67 97 43
67 98 16
67 99 35
67 100 53
68 1 87
68 2 51
68 3 50
68 4 67
68 5 30
68 6 23
68 7 64
68 8 14
68 9 33
68 10 38
68 11 40
68 12 87
68 13 28
68 14 27
68 15 74
68 16 68
68 17 42
68 18 58
68 19 43
68 20 28
68 21 48
68 22 73
68 23 59
68 24 35
68 25 77
68 26 47
68 27 15
68 28 39
68 29 61
68 30 35
68 31 16
68 32 21
68 33 42
68 34 66
68 35 75
68 36 62
68 37 40
68 38 48
68 39 69
68 40 9
68 41 54
68 42 22
68 43 68
68 44 88
68 45 61
68 46 13
68 47 44
68 48 37
68 49 65
68 50 7
68 51 53
68 52 55
68 53 76
68 54 53
68 55 19
68 56 55
68 57 67
68 58 22
68 59 17
68 60 19
68 61 24
68 62 63
68 63 27
68 64 60
68 65 60
68 66 60
68 67 67
68 68 48
68 69 57
68 70 89
68 71 61
68 72 57
68 73 48
68 74 23
68 75 94
68 76 65
68 77 104
68 78 54
68 79 95
68 80 18
68 81 74
68 82 79
68 83 55
68 84 12
68 85 76
68 86 40
68 87 53
68 88 48
68 89 32
68 90 69
68 91 43
68 92 70
68 93 93
68 94 57
68 95 17
68 96 39
68 97 34
68 98 8
68 99 26
68 100 40
69 1 40
69 2 59
69 3 55
69 4 35
69 5 88
69 6 62
69 7 57
69 8 67
69 9 88
69 10 45
69 11 59
69 12 42
69 13 94
69 14 94
69 15 47
69 16 62
69 17 62
69 18 91
69 19 61
69 20 100
69 21 35
69 22 9
69 23 51
69 24 70
69 25 44
69 26 42
69 27 66
69 28 43
69 29 96
69 30 59
69 31 82
69 32 100
69 33 49
69 34 20
69 35 47
69 36 48
69 37 73
69 38 49
69 39 61
69 40 89
69 41 47
69 42 100
69 43 51
69 44 40
69 45 42
69 46 93
69 47 78
69 48 64
69 49 16
69 50 77
69 51 73
69 52 68
69 53 36
69 54 36
69 55 90
69 56 102
69 57 64
69 58 65
69 59 84
69 60 89
69 61 98
69 62 73
69 63 53
69 64 36
69 65 79
69 66 93
69 67 43
69 68 62
69 69 70
69 70 52
69 71 98
69 72 119
69 73 98
69 74 77
69 75 56
69 76 121
69 77 89
69 78 63
69 79 84
69 80 87
69 81 18
69 82 93
69 83 86
69 84 94
69 85 51
69 86 68
69 87 111
69 88 45
69 89 66
69 90 71
69 91 66
69 92 107
69 93 47
69 94 53
69 95 97
69 96 62
69 97 73
69 98 85
69 99 77
69 100 95
70 1 77
70 2 34
70 3 36
70 4 90
70 5 10
70 6 33
70 7 95
70 8 41
70 9 6
70 10 59
70 11 30
70 12 76
70 13 66
70 14 17
70 15 102
70 16 100
70 17 76
70 18 20
70 19 77
70 20 64
70 21 55
70 22 80
70 23 45
70 24 19
70 25 64
70 26 47
70 27 39
70 28 59
70 29 22
70 30 30
70 31 23
70 32 53
70 33 70
70 34 70
70 35 61
70 36 90
70 37 77
70 38 77
70 39 101
70 40 37
70 41 82
70 42 55
70 43 52
70 44 77
70 45 88
70 46 46
70 47 82
70 48 71
70 49 73
70 50 46
70 51 25
70 52 90
70 53 99
70 54 75
70 55 24
70 56 17
70 57 44
70 58 30
70 59 56
70 60 58
70 61 27
70 62 34
70 63 46
70 64 56
70 65 28
70 66 21
70 67 55
70 68 30
70 69 43
70 70 49
70 71 26
70 72 52
70 73 33
70 74 70
70 75 39
70 76 51
70 77 39
70 78 16
70 79 30
70 80 75
70 81 64
70 82 21
70 83 16
70 84 75
70 85 26
70 86 26
70 87 44
70 88 56
70 89 67
70 90 6
70 91 24
70 92 33
70 93 42
70 94 24
70 95 55
70 96 71
70 97 31
70 98 59
70 99 39
70 100 36
71 1 81
71 2 77
71 3 73
71 4 12
71 5 86
71 6 60
71 7 10
71 8 54
71 9 88
71 10 34
71 11 70
71 12 82
71 13 64
71 14 88
71 15 10
71 16 15
71 17 26
71 18 103
71 19 25
71 20 71
71 21 47
71 22 45
71 23 75
71 24 76
71 25 79
71 26 58
71 27 55
71 28 34
71 29 108
71 30 66
71 31 75
71 32 77
71 33 23
71 34 51
71 35 80
71 36 4
71 37 35
71 38 16
71 39 15
71 40 74
71 41 11
71 42 76
71 43 80
71 44 81
71 45 6
71 46 73
71 47 39
71 48 31
71 49 42
71 50 58
71 51 88
71 52 24
71 53 16
71 54 19
71 55 81
71 56 109
71 57 89
71 58 62
71 59 58
71 60 62
71 61 88
71 62 94
71 63 47
71 64 61
71 65 97
71 66 106
71 67 73
71 68 77
71 69 54
71 70 49
71 71 54
71 72 89
71 73 72
71 74 21
71 75 81
71 76 95
71 77 104
71 78 53
71 79 95
71 80 31
71 81 39
71 82 89
71 83 69
71 84 39
71 85 65
71 86 45
71 87 83
71 88 17
71 89 10
71 90 71
71 91 46
71 92 91
71 93 76
71 94 48
71 95 54
71 96 5
71 97 45
71 98 36
71 99 42
71 100 66
72 1 85
72 2 52
72 3 51
72 4 59
72 5 37
72 6 24
72 7 54
72 8 10
72 9 41
72 10 31
72 11 42
72 12 86
72 13 25
72 14 36
72 15 65
72 16 58
72 17 33
72 18 64
72 19 34
72 20 27
72 21 44
72 22 67
72 23 60
72 24 39
72 25 76
72 26 46
72 27 13
72 28 32
72 29 68
72 30 37
72 31 24
72 32 25
72 33 33
72 34 62
72 35 74
72 36 53
72 37 32
72 38 39
72 39 60
72 40 18
72 41 45
72 42 25
72 43 68
72 44 86
72 45 53
72 46 19
72 47 35
72 48 28
72 49 60
72 50 2
72 51 57
72 52 46
72 53 68
72 54 45
72 55 28
72 56 63
72 57 69
72 58 23
72 59 12
72 60 17
72 61 33
72 62 66
72 63 23
72 64 57
72 65 65
72 66 66
72 67 66
72 68 50
72 69 6
72 70 7
72 71 61
72 72 18
72 73 30
72 74 33
72 75 75
72 76 51
72 77 82
72 78 34
72 79 74
72 80 35
72 81 66
72 82 58
72 83 34
72 84 32
72 85 58
72 86 21
72 87 39
72 88 42
72 89 37
72 90 48
72 91 24
72 92 52
72 93 75
72 94 39
72 95 15
72 96 43
72 97 14
72 98 16
72 99 6
72 100 22
73 1 67
73 2 25
73 3 29
73 4 90
73 5 21
73 6 35
73 7 97
73 8 46
73 9 18
73 10 60
73 11 26
73 12 66
73 13 75
73 14 30
73 15 102
73 16 103
73 17 80
73 18 10
73 19 81
73 20 74
73 21 52
73 22 75
73 23 36
73 24 17
73 25 54
73 26 42
73 27 44
73 28 60
73 29 15
73 30 28
73 31 32
73 32 64
73 33 72
73 34 64
73 35 51
73 36 92
73 37 83
73 38 79
73 39 104
73 40 48
73 41 84
73 42 66
73 43 42
73 44 67
73 45 88
73 46 56
73 47 88
73 48 76
73 49 69
73 50 53
73 51 13
73 52 94
73 53 98
73 54 75
73 55 35
73 56 18
73 57 32
73 58 33
73 59 64
73 60 67
73 61 40
73 62 22
73 63 47
73 64 49
73 65 15
73 66 13
73 67 46
73 68 22
73 69 49
73 70 55
73 71 61
73 72 41
73 73 77
73 74 39
73 75 58
73 76 58
73 77 69
73 78 18
73 79 60
73 80 44
73 81 51
73 82 50
73 83 29
73 84 45
73 85 40
73 86 5
73 87 46
73 88 31
73 89 37
73 90 34
73 91 7
73 92 51
73 93 57
73 94 20
73 95 33
73 96 42
73 97 6
73 98 29
73 99 13
73 100 30
74 1 47
74 2 61
74 3 57
74 4 26
74 5 86
74 6 60
74 7 48
74 8 63
74 9 87
74 10 40
74 11 59
74 12 49
74 13 88
74 14 92
74 15 39
74 16 54
74 17 55
74 18 92
74 19 54
74 20 94
74 21 34
74 22 11
74 23 54
74 24 70
74 25 49
74 26 43
74 27 62
74 28 38
74 29 98
74 30 59
74 31 80
74 32 95
74 33 43
74 34 22
74 35 52
74 36 40
74 37 66
74 38 42
74 39 52
74 40 86
74 41 39
74 42 95
74 43 55
74 44 47
74 45 34
74 46 89
74 47 71
74 48 57
74 49 16
74 50 72
74 51 75
74 52 60
74 53 28
74 54 29
74 55 88
74 56 102
74 57 68
74 58 63
74 59 79
74 60 83
74 61 96
74 62 76
74 63 50
74 64 38
74 65 81
74 66 95
74 67 48
74 68 63
74 69 65
74 70 63
74 71 26
74 72 81
74 73 8
74 74 75
74 75 63
74 76 28
74 77 57
74 78 31
74 79 49
74 80 68
74 81 80
74 82 28
74 83 9
74 84 64
74 85 50
74 86 29
74 87 19
74 88 63
74 89 67
74 90 30
74 91 29
74 92 19
74 93 67
74 94 40
74 95 38
74 96 73
74 97 28
74 98 49
74 99 32
74 100 14
75 1 35
75 2 49
75 3 45
75 4 35
75 5 77
75 6 52
75 7 56
75 8 58
75 9 77
75 10 37
75 11 48
75 12 37
75 13 87
75 14 83
75 15 49
75 16 61
75 17 57
75 18 80
75 19 57
75 20 92
75 21 25
75 22 2
75 23 41
75 24 59
75 25 36
75 26 31
75 27 56
75 28 35
75 29 85
75 30 48
75 31 72
75 32 91
75 33 44
75 34 9
75 35 39
75 36 47
75 37 68
75 38 45
75 39 61
75 40 80
75 41 44
75 42 91
75 43 41
75 44 36
75 45 41
75 46 84
75 47 74
75 48 58
75 49 7
75 50 68
75 51 63
75 52 65
75 53 39
75 54 32
75 55 80
75 56 91
75 57 55
75 58 55
75 59 76
75 60 81
75 61 88
75 62 63
75 63 44
75 64 25
75 65 69
75 66 83
75 67 34
75 68 51
75 69 61
75 70 59
75 71 13
75 72 75
75 73 6
75 74 68
75 75 67
75 76 104
75 77 93
75 78 51
75 79 85
75 80 57
75 81 12
75 82 86
75 83 72
75 84 65
75 85 51
75 86 49
75 87 93
75 88 18
75 89 37
75 90 65
75 91 49
75 92 95
75 93 57
75 94 42
75 95 73
75 96 32
75 97 53
75 98 58
75 99 55
75 100 76
76 1 39
76 2 51
76 3 47
76 4 31
76 5 78
76 6 52
76 7 52
76 8 57
76 9 79
76 10 35
76 11 50
76 12 41
76 13 85
76 14 84
76 15 44
76 16 57
76 17 54
76 18 83
76 19 53
76 20 90
76 21 25
76 22 3
76 23 44
76 24 61
76 25 41
76 26 33
76 27 56
76 28 34
76 29 88
76 30 50
76 31 73
76 32 90
76 33 41
76 34 13
76 35 43
76 36 43
76 37 65
76 38 42
76 39 56
76 40 79
76 41 41
76 42 90
76 43 45
76 44 40
76 45 36
76 46 83
76 47 70
76 48 56
76 49 7
76 50 67
76 51 65
76 52 61
76 53 34
76 54 28
76 55 80
76 56 93
76 57 58
76 58 56
76 59 74
76 60 79
76 61 89
76 62 66
76 63 43
76 64 28
76 65 72
76 66 85
76 67 38
76 68 54
76 69 60
76 70 58
76 71 16
76 72 75
76 73 2
76 74 68
76 75 67
76 76 13
76 77 115
76 78 63
76 79 106
76 80 10
76 81 62
76 82 96
76 83 73
76 84 19
76 85 80
76 86 51
76 87 78
76 88 37
76 89 15
76 90 81
76 91 54
76 92 92
76 93 94
76 94 61
76 95 44
76 96 18
76 97 48
76 98 26
76 99 41
76 100 63
77 1 40
77 2 33
77 3 29
77 4 38
77 5 58
77 6 32
77 7 54
77 8 39
77 9 58
77 10 23
77 11 30
77 12 41
77 13 71
77 14 64
77 15 52
77 16 60
77 17 48
77 18 64
77 19 47
77 20 75
77 21 5
77 22 21
77 23 29
77 24 41
77 25 35
77 26 14
77 27 37
77 28 21
77 29 69
77 30 29
77 31 53
77 32 73
77 33 34
77 34 14
77 35 35
77 36 46
77 37 57
77 38 38
77 39 60
77 40 61
77 41 40
77 42 74
77 43 34
77 44 41
77 45 40
77 46 66
77 47 63
77 48 47
77 49 14
77 50 50
77 51 47
77 52 58
77 53 45
77 54 27
77 55 61
77 56 73
77 57 44
77 58 36
77 59 59
77 60 64
77 61 69
77 62 50
77 63 26
77 64 15
77 65 54
77 66 66
77 67 27
77 68 35
77 69 43
77 70 42
77 71 13
77 72 56
77 73 22
77 74 49
77 75 47
77 76 32
77 77 21
77 78 7
77 79 50
77 80 55
77 81 47
77 82 43
77 83 26
77 84 57
77 85 28
77 86 9
77 87 49
77 88 34
77 89 45
77 90 24
77 91 6
77 92 49
77 93 46
77 94 10
77 95 44
77 96 49
77 97 15
77 98 41
77 99 24
77 100 35
78 1 83
78 2 72
78 3 68
78 4 22
78 5 77
78 6 51
78 7 11
78 8 44
78 9 79
78 10 27
78 11 64
78 12 84
78 13 51
78 14 78
78 15 22
78 16 17
78 17 13
78 18 96
78 19 11
78 20 58
78 21 44
78 22 50
78 23 72
78 24 69
78 25 79
78 26 54
78 27 45
78 28 28
78 29 101
78 30 59
78 31 65
78 32 64
78 33 14
78 34 53
78 35 80
78 36 10
78 37 23
78 38 7
78 39 18
78 40 62
78 41 6
78 42 63
78 43 78
78 44 84
78 45 13
78 46 60
78 47 27
78 48 18
78 49 45
78 50 46
78 51 83
78 52 15
78 53 28
78 54 19
78 55 70
78 56 100
78 57 86
78 58 54
78 59 45
78 60 49
78 61 77
78 62 89
78 63 39
78 64 60
78 65 91
78 66 99
78 67 72
78 68 72
78 69 43
78 70 37
78 71 55
78 72 61
78 73 46
78 74 59
78 75 65
78 76 45
78 77 62
78 78 39
78 79 75
78 80 37
78 81 71
78 82 58
78 83 34
78 84 33
78 85 61
78 86 25
78 87 35
78 88 47
78 89 41
78 90 50
78 91 28
78 92 50
78 93 79
78 94 43
78 95 11
78 96 48
78 97 18
78 98 18
78 99 11
78 100 19
79 1 94
79 2 89
79 3 85
79 4 25
79 5 95
79 6 69
79 7 7
79 8 62
79 9 97
79 10 44
79 11 81
79 12 96
79 13 64
79 14 96
79 15 14
79 16 4
79 17 28
79 18 114
79 19 27
79 20 71
79 21 60
79 22 58
79 23 88
79 24 86
79 25 93
79 26 70
79 27 63
79 28 45
79 29 119
79 30 77
79 31 83
79 32 79
79 33 32
79 34 64
79 35 94
79 36 13
79 37 34
79 38 25
79 39 2
79 40 79
79 41 20
79 42 78
79 43 93
79 44 95
79 45 19
79 46 76
79 47 36
79 48 34
79 49 56
79 50 63
79 51 100
79 52 19
79 53 25
79 54 32
79 55 88
79 56 118
79 57 102
79 58 72
79 59 61
79 60 64
79 61 94
79 62 106
79 63 56
79 64 74
79 65 108
79 66 117
79 67 86
79 68 89
79 69 61
79 70 55
79 71 67
79 72 78
79 73 54
79 74 77
79 75 83
79 76 49
79 77 78
79 78 55
79 79 14
79 80 56
79 81 13
79 82 85
79 83 70
79 84 63
79 85 50
79 86 48
79 87 91
79 88 16
79 89 35
79 90 64
79 91 47
79 92 93
79 93 57
79 94 40
79 95 71
79 96 31
79 97 51
79 98 56
79 99 53
79 100 74
80 1 78
80 2 36
80 3 39
80 4 97
80 5 19
80 6 41
80 7 103
80 8 50
80 9 15
80 10 67
80 11 35
80 12 77
80 13 75
80 14 25
80 15 109
80 16 108
80 17 85
80 18 13
80 19 86
80 20 72
80 21 60
80 22 85
80 23 47
80 24 25
80 25 65
80 26 52
80 27 48
80 28 67
80 29 14
80 30 36
80 31 32
80 32 61
80 33 78
80 34 74
80 35 61
80 36 98
80 37 86
80 38 85
80 39 109
80 40 46
80 41 90
80 42 63
80 43 53
80 44 78
80 45 95
80 46 55
80 47 91
80 48 80
80 49 78
80 50 55
80 51 24
80 52 98
80 53 106
80 54 83
80 55 33
80 56 9
80 57 42
80 58 38
80 59 65
80 60 67
80 61 35
80 62 31
80 63 54
80 64 59
80 65 24
80 66 14
80 67 57
80 68 33
80 69 52
80 70 58
80 71 71
80 72 41
80 73 87
80 74 37
80 75 27
80 76 97
80 77 47
80 78 64
80 79 110
80 80 92
80 81 53
80 82 32
80 83 23
80 84 71
80 85 19
80 86 21
80 87 51
80 88 46
80 89 59
80 90 11
80 91 18
80 92 44
80 93 36
80 94 13
80 95 55
80 96 63
80 97 27
80 98 55
80 99 36
80 100 40
81 1 50
81 2 39
81 3 34
81 4 32
81 5 57
81 6 29
81 7 45
81 8 33
81 9 58
81 10 13
81 11 33
81 12 51
81 13 63
81 14 61
81 15 46
81 16 51
81 17 38
81 18 67
81 19 38
81 20 67
81 21 9
81 22 26
81 23 37
81 24 42
81 25 44
81 26 19
81 27 32
81 28 11
81 29 72
81 30 30
81 31 49
81 32 66
81 33 24
81 34 22
81 35 44
81 36 38
81 37 47
81 38 29
81 39 51
81 40 55
81 41 31
81 42 66
81 43 42
81 44 51
81 45 32
81 46 59
81 47 53
81 48 37
81 49 18
81 50 43
81 51 51
81 52 49
81 53 40
81 54 19
81 55 57
81 56 75
81 57 51
81 58 33
81 59 51
81 60 56
81 61 65
81 62 56
81 63 19
81 64 25
81 65 59
81 66 70
81 67 36
81 68 39
81 69 36
81 70 35
81 71 22
81 72 51
81 73 26
81 74 45
81 75 45
81 76 33
81 77 27
81 78 44
81 79 47
81 80 33
81 81 52
81 82 71
81 83 68
81 84 93
81 85 29
81 86 55
81 87 95
81 88 46
81 89 69
81 90 51
81 91 53
81 92 88
81 93 23
81 94 38
81 95 89
81 96 67
81 97 62
81 98 80
81 99 68
81 100 82
82 1 79
82 2 38
82 3 41
82 4 102
82 5 24
82 6 46
82 7 108
82 8 55
82 9 21
82 10 71
82 11 38
82 12 77
82 13 80
82 14 30
82 15 114
82 16 113
82 17 90
82 18 10
82 19 91
82 20 78
82 21 64
82 22 88
82 23 48
82 24 29
82 25 66
82 26 55
82 27 53
82 28 71
82 29 9
82 30 40
82 31 37
82 32 66
82 33 83
82 34 77
82 35 62
82 36 103
82 37 92
82 38 90
82 39 114
82 40 51
82 41 95
82 42 68
82 43 54
82 44 79
82 45 100
82 46 60
82 47 96
82 48 85
82 49 82
82 50 60
82 51 25
82 52 104
82 53 110
82 54 87
82 55 38
82 56 6
82 57 42
82 58 43
82 59 70
82 60 72
82 61 39
82 62 31
82 63 58
82 64 62
82 65 23
82 66 10
82 67 58
82 68 35
82 69 57
82 70 63
82 71 74
82 72 46
82 73 90
82 74 42
82 75 33
82 76 100
82 77 49
82 78 69
82 79 115
82 80 97
82 81 116
82 82 55
82 83 36
82 84 86
82 85 9
82 86 37
82 87 64
82 88 55
82 89 72
82 90 15
82 91 34
82 92 52
82 93 22
82 94 23
82 95 71
82 96 74
82 97 44
82 98 70
82 99 52
82 100 55
83 1 47
83 2 7
83 3 11
83 4 77
83 5 36
83 6 33
83 7 89
83 8 46
83 9 34
83 10 51
83 11 15
83 12 46
83 13 80
83 14 45
83 15 91
83 16 95
83 17 76
83 18 25
83 19 76
83 20 81
83 21 37
83 22 58
83 23 16
83 24 19
83 25 34
83 26 27
83 27 44
83 28 51
83 29 30
83 30 20
83 31 42
83 32 73
83 33 65
83 34 46
83 35 30
83 36 82
83 37 81
83 38 71
83 39 95
83 40 57
83 41 75
83 42 74
83 43 22
83 44 47
83 45 78
83 46 65
83 47 86
83 48 72
83 49 52
83 50 57
83 51 8
83 52 89
83 53 85
83 54 64
83 55 47
83 56 38
83 57 14
83 58 33
83 59 68
83 60 72
83 61 54
83 62 11
83 63 42
83 64 30
83 65 14
83 66 28
83 67 26
83 68 7
83 69 50
83 70 55
83 71 43
83 72 50
83 73 60
83 74 42
83 75 33
83 76 71
83 77 19
83 78 64
83 79 92
83 80 77
83 81 97
83 82 50
83 83 80
83 84 49
83 85 35
83 86 9
83 87 53
83 88 26
83 89 36
83 90 34
83 91 9
83 92 56
83 93 51
83 94 15
83 95 40
83 96 40
83 97 13
83 98 34
83 99 19
83 100 37
84 1 107
84 2 70
84 3 69
84 4 79
84 5 43
84 6 43
84 7 70
84 8 32
84 9 47
84 10 53
84 11 60
84 12 107
84 13 16
84 14 37
84 15 84
84 16 73
84 17 49
84 18 73
84 19 50
84 20 11
84 21 66
84 22 90
84 23 79
84 24 53
84 25 96
84 26 67
84 27 34
84 28 55
84 29 75
84 30 55
84 31 32
84 32 3
84 33 53
84 34 85
84 35 95
84 36 71
84 37 42
84 38 58
84 39 75
84 40 16
84 41 64
84 42 2
84 43 87
84 44 107
84 45 72
84 46 7
84 47 43
84 48 43
84 49 82
84 50 21
84 51 71
84 52 58
84 53 87
84 54 66
84 55 29
84 56 67
84 57 86
84 58 41
84 59 16
84 60 12
84 61 29
84 62 81
84 63 45
84 64 79
84 65 77
84 66 75
84 67 86
84 68 67
84 69 29
84 70 30
84 71 84
84 72 23
84 73 89
84 74 30
84 75 40
84 76 94
84 77 70
84 78 23
84 79 84
84 80 64
84 81 78
84 82 26
84 83 9
84 84 42
84 85 59
84 86 32
84 87 11
84 88 66
84 89 66
84 90 40
84 91 33
84 92 23
84 93 76
84 94 47
84 95 32
84 96 72
84 97 29
84 98 45
84 99 31
84 100 8
85 1 80
85 2 79
85 3 75
85 4 10
85 5 91
85 6 64
85 7 15
85 8 59
85 9 93
85 10 38
85 11 73
85 12 82
85 13 70
85 14 93
85 15 5
85 16 19
85 17 32
85 18 107
85 19 31
85 20 77
85 21 49
85 22 43
85 23 77
85 24 80
85 25 79
85 26 60
85 27 60
85 28 37
85 29 112
85 30 70
85 31 80
85 32 83
85 33 28
85 34 51
85 35 81
85 36 10
85 37 41
85 38 22
85 39 17
85 40 79
85 41 16
85 42 82
85 43 81
85 44 81
85 45 9
85 46 79
85 47 45
85 48 37
85 49 42
85 50 63
85 51 91
85 52 29
85 53 10
85 54 22
85 55 87
85 56 113
85 57 91
85 58 67
85 59 64
85 60 68
85 61 94
85 62 96
85 63 51
85 64 62
85 65 100
85 66 109
85 67 74
85 68 80
85 69 59
85 70 54
85 71 54
85 72 78
85 73 40
85 74 74
85 75 79
85 76 34
85 77 68
85 78 57
85 79 6
85 80 15
85 81 16
85 82 63
85 83 79
85 84 40
85 85 74
85 86 26
85 87 65
85 88 35
85 89 53
85 90 26
85 91 24
85 92 60
85 93 29
85 94 8
85 95 61
85 96 54
85 97 33
85 98 56
85 99 41
85 100 52
86 1 49
86 2 53
86 3 49
86 4 21
86 5 75
86 6 48
86 7 42
86 8 51
86 9 76
86 10 27
86 11 50
86 12 50
86 13 76
86 14 80
86 15 36
86 16 47
86 17 44
86 18 84
86 19 43
86 20 82
86 21 24
86 22 13
86 23 48
86 24 60
86 25 48
86 26 34
86 27 50
86 28 26
86 29 89
86 30 48
86 31 68
86 32 83
86 33 31
86 34 19
86 35 50
86 36 33
86 37 55
86 38 32
86 39 47
86 40 73
86 41 30
86 42 83
86 43 51
86 44 49
86 45 27
86 46 76
86 47 60
86 48 46
86 49 11
86 50 60
86 51 67
86 52 51
86 53 27
86 54 18
86 55 76
86 56 93
86 57 62
86 58 52
86 59 66
86 60 71
86 61 84
86 62 69
86 63 38
86 64 33
86 65 74
86 66 86
86 67 44
86 68 55
86 69 53
86 70 51
86 71 22
86 72 69
86 73 10
86 74 63
86 75 64
86 76 14
86 77 41
86 78 59
86 79 37
86 80 32
86 81 46
86 82 57
86 83 83
86 84 51
86 85 83
86 86 63
86 87 76
86 88 6
86 89 17
86 90 60
86 91 37
86 92 83
86 93 65
86 94 37
86 95 52
86 96 16
86 97 37
86 98 36
86 99 36
86 100 59
87 1 85
87 2 84
87 3 80
87 4 15
87 5 94
87 6 67
87 7 13
87 8 62
87 9 96
87 10 41
87 11 77
87 12 86
87 13 70
87 14 96
87 15 3
87 16 15
87 17 32
87 18 111
87 19 31
87 20 77
87 21 54
87 22 48
87 23 82
87 24 84
87 25 84
87 26 64
87 27 63
87 28 41
87 29 116
87 30 74
87 31 83
87 32 84
87 33 31
87 34 56
87 35 86
87 36 11
87 37 41
87 38 24
87 39 13
87 40 81
87 41 18
87 42 83
87 43 86
87 44 86
87 45 13
87 46 80
87 47 44
87 48 38
87 49 47
87 50 65
87 51 96
87 52 28
87 53 14
87 54 26
87 55 89
87 56 117
87 57 96
87 58 70
87 59 65
87 60 69
87 61 96
87 62 101
87 63 54
87 64 67
87 65 104
87 66 114
87 67 79
87 68 84
87 69 62
87 70 57
87 71 59
87 72 80
87 73 44
87 74 77
87 75 83
87 76 38
87 77 72
87 78 59
87 79 4
87 80 17
87 81 11
87 82 66
87 83 79
87 84 40
87 85 74
87 86 52
87 87 31
87 88 63
87 89 68
87 90 25
87 91 28
87 92 19
87 93 62
87 94 37
87 95 43
87 96 74
87 97 29
87 98 52
87 99 34
87 100 20
88 1 38
88 2 11
88 3 14
88 4 77
88 5 46
88 6 40
88 7 91
88 8 54
88 9 44
88 10 54
88 11 22
88 12 36
88 13 88
88 14 55
88 15 92
88 16 97
88 17 80
88 18 32
88 19 80
88 20 90
88 21 38
88 22 54
88 23 10
88 24 29
88 25 25
88 26 27
88 27 51
88 28 54
88 29 37
88 30 27
88 31 51
88 32 82
88 33 68
88 34 42
88 35 21
88 36 84
88 37 86
88 38 74
88 39 97
88 40 66
88 41 77
88 42 84
88 43 13
88 44 38
88 45 79
88 46 74
88 47 92
88 48 77
88 49 49
88 50 64
88 51 16
88 52 93
88 53 85
88 54 65
88 55 57
88 56 47
88 57 5
88 58 41
88 59 76
88 60 80
88 61 64
88 62 12
88 63 47
88 64 26
88 65 19
88 66 35
88 67 19
88 68 14
88 69 58
88 70 62
88 71 39
88 72 59
88 73 57
88 74 51
88 75 42
88 76 68
88 77 19
88 78 71
88 79 93
88 80 79
88 81 99
88 82 58
88 83 89
88 84 82
88 85 98
88 86 87
88 87 77
88 88 36
88 89 66
88 90 22
88 91 33
88 92 60
88 93 18
88 94 19
88 95 71
88 96 67
88 97 43
88 98 68
88 99 51
88 100 58
89 1 40
89 2 13
89 3 9
89 4 57
89 5 42
89 6 24
89 7 70
89 8 36
89 9 42
89 10 33
89 11 12
89 12 40
89 13 72
89 14 50
89 15 71
89 16 76
89 17 59
89 18 44
89 19 59
89 20 74
89 21 17
89 22 39
89 23 14
89 24 23
89 25 29
89 26 7
89 27 34
89 28 32
89 29 49
89 30 14
89 31 41
89 32 69
89 33 47
89 34 28
89 35 27
89 36 63
89 37 66
89 38 53
89 39 76
89 40 54
89 41 56
89 42 70
89 43 21
89 44 41
89 45 58
89 46 61
89 47 72
89 48 56
89 49 33
89 50 48
89 51 27
89 52 71
89 53 65
89 54 45
89 55 49
89 56 54
89 57 27
89 58 26
89 59 59
89 60 63
89 61 57
89 62 30
89 63 27
89 64 14
89 65 34
89 66 46
89 67 19
89 68 15
89 69 40
89 70 43
89 71 25
89 72 47
89 73 41
89 74 39
89 75 34
89 76 52
89 77 3
89 78 53
89 79 72
89 80 58
89 81 77
89 82 42
89 83 74
89 84 61
89 85 81
89 86 68
89 87 55
89 88 45
89 89 36
89 90 73
89 91 46
89 92 79
89 93 93
89 94 57
89 95 28
89 96 29
89 97 38
89 98 12
89 99 30
89 100 49
90 1 68
90 2 72
90 3 67
90 4 5
90 5 88
90 6 61
90 7 26
90 8 59
90 9 90
90 10 35
90 11 66
90 12 70
90 13 76
90 14 92
90 15 16
90 16 31
90 17 38
90 18 101
90 19 37
90 20 82
90 21 41
90 22 31
90 23 68
90 24 75
90 25 68
90 26 52
90 27 59
90 28 34
90 29 106
90 30 64
90 31 79
90 32 86
90 33 30
90 34 39
90 35 70
90 36 19
90 37 49
90 38 26
90 39 30
90 40 80
90 41 21
90 42 85
90 43 71
90 44 69
90 45 13
90 46 81
90 47 53
90 48 42
90 49 31
90 50 65
90 51 85
90 52 40
90 53 7
90 54 18
90 55 86
90 56 108
90 57 82
90 58 64
90 59 68
90 60 72
90 61 93
90 62 88
90 63 48
90 64 52
90 65 92
90 66 103
90 67 64
90 68 73
90 69 60
90 70 56
90 71 43
90 72 78
90 73 27
90 74 73
90 75 77
90 76 21
90 77 60
90 78 61
90 79 17
90 80 22
90 81 29
90 82 64
90 83 84
90 84 46
90 85 81
90 86 59
90 87 35
90 88 101
90 89 53
90 90 50
90 91 37
90 92 83
90 93 68
90 94 39
90 95 49
90 96 12
90 97 36
90 98 33
90 99 35
90 100 58
91 1 64
91 2 43
91 3 40
91 4 36
91 5 50
91 6 23
91 7 40
91 8 20
91 9 52
91 10 4
91 11 35
91 12 65
91 13 47
91 14 53
91 15 46
91 16 46
91 17 26
91 18 67
91 19 27
91 20 52
91 21 21
91 22 41
91 23 46
91 24 40
91 25 57
91 26 28
91 27 20
91 28 5
91 29 72
91 30 30
91 31 40
91 32 52
91 33 15
91 34 37
91 35 57
91 36 35
91 37 34
91 38 22
91 39 47
91 40 42
91 41 27
91 42 52
91 43 53
91 44 65
91 45 32
91 46 45
91 47 40
91 48 24
91 49 34
91 50 29
91 51 53
91 52 39
91 53 45
91 54 21
91 55 47
91 56 72
91 57 59
91 58 26
91 59 36
91 60 41
91 61 54
91 62 60
91 63 10
91 64 37
91 65 62
91 66 70
91 67 48
91 68 43
91 69 22
91 70 19
91 71 37
91 72 39
91 73 40
91 74 34
91 75 38
91 76 45
91 77 35
91 78 28
91 79 47
91 80 29
91 81 49
91 82 26
91 83 53
91 84 29
91 85 55
91 86 38
91 87 23
91 88 67
91 89 54
91 90 36
91 91 54
91 92 9
91 93 66
91 94 46
91 95 51
91 96 84
91 97 39
91 98 61
91 99 44
91 100 26
92 1 35
92 2 44
92 3 40
92 4 36
92 5 72
92 6 47
92 7 55
92 8 53
92 9 72
92 10 33
92 11 43
92 12 36
92 13 83
92 14 78
92 15 50
92 16 61
92 17 55
92 18 75
92 19 54
92 20 88
92 21 20
92 22 7
92 23 37
92 24 54
92 25 34
92 26 26
92 27 51
92 28 32
92 29 81
92 30 43
92 31 67
92 32 87
92 33 41
92 34 5
92 35 36
92 36 47
92 37 65
92 38 43
92 39 60
92 40 75
92 41 43
92 42 87
92 43 38
92 44 35
92 45 40
92 46 80
92 47 71
92 48 56
92 49 4
92 50 64
92 51 58
92 52 63
92 53 40
92 54 30
92 55 75
92 56 86
92 57 51
92 58 50
92 59 72
92 60 77
92 61 83
92 62 59
92 63 39
92 64 21
92 65 64
92 66 78
92 67 31
92 68 46
92 69 56
92 70 55
92 71 9
92 72 70
92 73 10
92 74 63
92 75 62
92 76 20
92 77 32
92 78 64
92 79 51
92 80 45
92 81 60
92 82 59
92 83 89
92 84 61
92 85 91
92 86 72
92 87 51
92 88 77
92 89 20
92 90 67
92 91 18
92 92 31
92 93 56
92 94 21
92 95 39
92 96 33
92 97 16
92 98 30
92 99 18
92 100 39
93 1 32
93 2 29
93 3 25
93 4 45
93 5 59
93 6 36
93 7 62
93 8 45
93 9 59
93 10 31
93 11 29
93 12 32
93 13 78
93 14 65
93 15 60
93 16 68
93 17 56
93 18 61
93 19 56
93 20 82
93 21 12
93 22 22
93 23 23
93 24 40
93 25 26
93 26 12
93 27 43
93 28 29
93 29 66
93 30 30
93 31 56
93 32 79
93 33 43
93 34 11
93 35 26
93 36 54
93 37 65
93 38 47
93 39 68
93 40 66
93 41 49
93 42 79
93 43 26
93 44 33
93 45 48
93 46 71
93 47 71
93 48 55
93 49 16
93 50 56
93 51 43
93 52 67
93 53 52
93 54 36
93 55 64
93 56 72
93 57 37
93 58 39
93 59 66
93 60 71
93 61 72
93 62 44
93 63 32
93 64 7
93 65 50
93 66 63
93 67 19
93 68 32
93 69 49
93 70 49
93 71 8
93 72 60
93 73 24
93 74 52
93 75 49
93 76 35
93 77 17
93 78 59
93 79 61
93 80 50
93 81 68
93 82 51
93 83 82
93 84 61
93 85 87
93 86 70
93 87 52
93 88 62
93 89 22
93 90 67
93 91 25
93 92 42
93 93 64
93 94 54
93 95 32
93 96 77
93 97 35
93 98 47
93 99 35
93 100 12
94 1 69
94 2 56
94 3 52
94 4 23
94 5 64
94 6 37
94 7 27
94 8 32
94 9 66
94 10 11
94 11 48
94 12 70
94 13 50
94 14 66
94 15 32
94 16 32
94 17 18
94 18 81
94 19 18
94 20 56
94 21 29
94 22 39
94 23 56
94 24 54
94 25 65
94 26 38
94 27 33
94 28 12
94 29 86
94 30 44
94 31 53
94 32 59
94 33 5
94 34 40
94 35 65
94 36 21
94 37 28
94 38 9
94 39 33
94 40 53
94 41 13
94 42 59
94 43 62
94 44 70
94 45 18
94 46 54
94 47 34
94 48 19
94 49 33
94 50 38
94 51 67
94 52 29
94 53 32
94 54 10
94 55 59
94 56 86
94 57 70
94 58 39
94 59 41
94 60 46
94 61 67
94 62 73
94 63 24
94 64 45
94 65 75
94 66 84
94 67 57
94 68 56
94 69 33
94 70 28
94 71 41
94 72 51
94 73 37
94 74 47
94 75 52
94 76 39
94 77 46
94 78 34
94 79 33
94 80 15
94 81 35
94 82 36
94 83 58
94 84 24
94 85 57
94 86 36
94 87 14
94 88 81
94 89 57
94 90 30
94 91 55
94 92 27
94 93 33
94 94 36
94 95 26
94 96 26
94 97 30
94 98 7
94 99 22
94 100 43
95 1 31
95 2 14
95 3 14
95 4 73
95 5 51
95 6 41
95 7 88
95 8 54
95 9 49
95 10 52
95 11 23
95 12 30
95 13 89
95 14 59
95 15 87
95 16 94
95 17 78
95 18 39
95 19 78
95 20 91
95 21 34
95 22 48
95 23 6
95 24 32
95 25 18
95 26 24
95 27 51
95 28 51
95 29 44
95 30 28
95 31 54
95 32 84
95 33 65
95 34 36
95 35 15
95 36 80
95 37 85
95 38 71
95 39 94
95 40 68
95 41 74
95 42 86
95 43 6
95 44 31
95 45 75
95 46 76
95 47 91
95 48 75
95 49 44
95 50 65
95 51 23
95 52 90
95 53 80
95 54 61
95 55 61
95 56 53
95 57 9
95 58 42
95 59 77
95 60 81
95 61 68
95 62 19
95 63 46
95 64 21
95 65 26
95 66 41
95 67 12
95 68 17
95 69 58
95 70 61
95 71 32
95 72 62
95 73 51
95 74 54
95 75 45
95 76 62
95 77 16
95 78 72
95 79 88
95 80 76
95 81 95
95 82 59
95 83 91
95 84 80
95 85 99
95 86 86
95 87 74
95 88 42
95 89 35
95 90 87
95 91 41
95 92 70
95 93 91
95 94 42
95 95 61
95 96 46
95 97 20
95 98 15
95 99 12
95 100 22
96 1 90
96 2 50
96 3 50
96 4 78
96 5 21
96 6 27
96 7 76
96 8 23
96 9 25
96 10 47
96 11 41
96 12 90
96 13 35
96 14 16
96 15 86
96 16 80
96 17 54
96 18 51
96 19 55
96 20 33
96 21 54
96 22 80
96 23 60
96 24 32
96 25 79
96 26 52
96 27 23
96 28 48
96 29 53
96 30 37
96 31 10
96 32 23
96 33 53
96 34 73
96 35 77
96 36 73
96 37 52
96 38 60
96 39 81
96 40 6
96 41 66
96 42 24
96 43 69
96 44 91
96 45 73
96 46 15
96 47 55
96 48 49
96 49 73
96 50 19
96 51 49
96 52 67
96 53 87
96 54 63
96 55 7
96 56 46
96 57 66
96 58 24
96 59 27
96 60 28
96 61 12
96 62 59
96 63 35
96 64 64
96 65 55
96 66 52
96 67 69
96 68 47
96 69 22
96 70 27
96 71 71
96 72 4
96 73 80
96 74 11
96 75 19
96 76 87
96 77 53
96 78 28
96 79 87
96 80 67
96 81 84
96 82 18
96 83 31
96 84 50
96 85 44
96 86 45
96 87 54
96 88 47
96 89 85
96 90 54
96 91 88
96 92 81
96 93 85
96 94 27
96 95 7
96 96 40
96 97 21
96 98 48
96 99 30
96 100 33
97 1 106
97 2 75
97 3 73
97 4 67
97 5 56
97 6 46
97 7 55
97 8 33
97 9 59
97 10 47
97 11 64
97 12 107
97 13 4
97 14 51
97 15 69
97 16 57
97 17 34
97 18 84
97 19 36
97 20 11
97 21 63
97 22 84
97 23 82
97 24 61
97 25 98
97 26 67
97 27 36
97 28 48
97 29 87
97 30 59
97 31 42
97 32 20
97 33 42
97 34 81
97 35 96
97 36 57
97 37 26
97 38 46
97 39 59
97 40 29
97 41 51
97 42 18
97 43 90
97 44 107
97 45 59
97 46 22
97 47 26
97 48 30
97 49 77
97 50 22
97 51 79
97 52 42
97 53 75
97 54 56
97 55 43
97 56 81
97 57 92
97 58 46
97 59 10
97 60 8
97 61 45
97 62 88
97 63 43
97 64 79
97 65 86
97 66 86
97 67 88
97 68 72
97 69 29
97 70 26
97 71 81
97 72 34
97 73 82
97 74 38
97 75 49
97 76 85
97 77 72
97 78 16
97 79 70
97 80 51
97 81 62
97 82 28
97 83 13
97 84 27
97 85 12
97 86 16
97 87 37
97 88 82
97 89 97
97 90 27
97 91 97
97 92 72
97 93 66
97 94 45
97 95 42
97 96 75
97 97 90
97 98 29
97 99 25
97 100 47
98 1 82
98 2 78
98 3 74
98 4 12
98 5 88
98 6 61
98 7 10
98 8 56
98 9 90
98 10 35
98 11 71
98 12 83
98 13 65
98 14 90
98 15 8
98 16 15
98 17 27
98 18 105
98 19 26
98 20 72
98 21 48
98 22 46
98 23 77
98 24 78
98 25 80
98 26 59
98 27 57
98 28 35
98 29 110
98 30 68
98 31 77
98 32 78
98 33 25
98 34 52
98 35 81
98 36 5
98 37 36
98 38 18
98 39 14
98 40 75
98 41 12
98 42 77
98 43 81
98 44 82
98 45 7
98 46 74
98 47 40
98 48 32
98 49 43
98 50 59
98 51 90
98 52 25
98 53 15
98 54 21
98 55 83
98 56 111
98 57 91
98 58 64
98 59 60
98 60 63
98 61 90
98 62 95
98 63 48
98 64 63
98 65 98
98 66 108
98 67 74
98 68 79
98 69 56
98 70 51
98 71 55
98 72 74
98 73 42
98 74 71
98 75 77
98 76 37
98 77 67
98 78 53
98 79 9
98 80 11
98 81 13
98 82 60
98 83 74
98 84 35
98 85 69
98 86 47
98 87 25
98 88 105
98 89 67
98 90 37
98 91 63
98 92 19
98 93 9
98 94 60
98 95 83
98 96 106
98 97 88
98 98 54
98 99 56
98 100 61
99 1 84
99 2 41
99 3 44
99 4 100
99 5 17
99 6 42
99 7 104
99 8 50
99 9 14
99 10 69
99 11 39
99 12 82
99 13 72
99 14 21
99 15 111
99 16 109
99 17 85
99 18 19
99 19 86
99 20 69
99 21 64
99 22 89
99 23 52
99 24 28
99 25 71
99 26 56
99 27 48
99 28 69
99 29 19
99 30 39
99 31 31
99 32 58
99 33 79
99 34 79
99 35 67
99 36 100
99 37 86
99 38 86
99 39 110
99 40 43
99 41 92
99 42 60
99 43 58
99 44 84
99 45 97
99 46 52
99 47 90
99 48 80
99 49 82
99 50 53
99 51 30
99 52 99
99 53 109
99 54 85
99 55 30
99 56 9
99 57 49
99 58 39
99 59 63
99 60 64
99 61 30
99 62 38
99 63 55
99 64 64
99 65 31
99 66 19
99 67 62
99 68 38
99 69 52
99 70 58
99 71 75
99 72 39
99 73 91
99 74 36
99 75 27
99 76 101
99 77 51
99 78 63
99 79 112
99 80 93
99 81 113
99 82 49
99 83 68
99 84 82
99 85 81
99 86 81
99 87 84
99 88 14
99 89 85
99 90 88
99 91 90
99 92 100
99 93 112
99 94 43
99 95 30
99 96 3
99 97 49
99 98 78
99 99 82
99 100 87
100 1 39
100 2 12
100 3 8
100 4 59
100 5 43
100 6 26
100 7 71
100 8 38
100 9 42
100 10 35
100 11 12
100 12 39
100 13 73
100 14 51
100 15 72
100 16 77
100 17 61
100 18 43
100 19 61
100 20 76
100 21 18
100 22 40
100 23 12
100 24 24
100 25 28
100 26 8
100 27 35
100 28 34
100 29 48
100 30 15
100 31 43
100 32 70
100 33 48
100 34 28
100 35 26
100 36 64
100 37 67
100 38 54
100 39 78
100 40 55
100 41 58
100 42 71
100 43 19
100 44 39
100 45 59
100 46 62
100 47 73
100 48 58
100 49 33
100 50 50
100 51 26
100 52 73
100 53 66
100 54 46
100 55 50
100 56 54
100 57 25
100 58 28
100 59 61
100 60 65
100 61 58
100 62 29
100 63 29
100 64 14
100 65 33
100 66 46
100 67 18
100 68 14
100 69 42
100 70 45
100 71 25
100 72 49
100 73 42
100 74 41
100 75 35
100 76 52
100 77 1
100 78 55
100 79 73
100 80 59
100 81 79
100 82 44
100 83 75
100 84 63
100 85 83
100 86 69
100 87 57
100 88 45
100 89 36
100 90 70
100 91 40
100 92 57
100 93 76
100 94 26
100 95 50
100 96 52
100 97 22
100 98 71
100 99 51
100 100 40