100 2
69
21
44
5
97
29
94
38
26
17
70
21
99
49
56
76
96
39
86
7
19
19
29
38
56
88
59
95
46
89
50
29
23
10
89
88
91
93
23
11
59
16
22
45
31
62
85
61
25
71
80
46
9
75
46
64
98
34
97
17
34
16
19
27
88
25
86
78
3
17
6
11
60
92
34
10
66
28
42
65
52
90
76
3
89
48
75
21
3
98
94
89
94
7
41
18
47
64
97
44
0 1 65
0 2 58
0 3 17
0 4 48
0 5 44
0 6 53
0 7 93
0 8 54
0 9 67
0 10 91
0 11 18
0 12 12
0 13 71
0 14 93
0 15 81
0 16 45
0 17 89
0 18 59
0 19 43
0 20 98
0 21 26
0 22 95
0 23 48
0 24 23
0 25 11
0 26 93
0 27 56
0 28 97
0 29 41
0 30 58
0 31 84
0 32 83
0 33 39
0 34 67
0 35 78
0 36 35
0 37 20
0 38 20
0 39 37
0 40 41
0 41 54
0 42 44
0 43 46
0 44 50
0 45 17
0 46 23
0 47 63
0 48 34
0 49 70
0 50 35
0 51 69
0 52 30
0 53 77
0 54 57
0 55 33
0 56 66
0 57 40
0 58 64
0 59 57
0 60 53
0 61 84
0 62 23
0 63 104
0 64 31
0 65 62
0 66 48
0 67 97
0 68 78
0 69 64
0 70 85
0 71 63
0 72 69
0 73 102
0 74 36
0 75 71
0 76 30
0 77 77
0 78 66
0 79 70
0 80 58
0 81 58
0 82 78
0 83 39
0 84 57
0 85 50
0 86 88
0 87 60
0 88 46
0 89 70
0 90 59
0 91 38
0 92 75
0 93 44
0 94 60
0 95 48
0 96 15
0 97 50
0 98 23
0 99 82
0 100 56
1 0 33
1 2 46
1 3 62
1 4 50
1 5 33
1 6 34
1 7 41
1 8 57
1 9 47
1 10 89
1 11 70
1 12 69
1 13 52
1 14 42
1 15 34
1 16 39
1 17 72
1 18 23
1 19 74
1 20 57
1 21 93
1 22 43
1 23 50
1 24 70
1 25 68
1 26 57
1 27 69
1 28 87
1 29 81
1 30 19
1 31 7
1 32 6
1 33 59
1 34 10
1 35 72
1 36 61
1 37 57
1 38 59
1 39 49
1 40 48
1 41 31
1 42 49
1 43 89
1 44 32
1 45 82
1 46 55
1 47 39
1 48 73
1 49 76
1 50 81
1 51 39
1 52 53
1 53 79
1 54 24
1 55 48
1 56 13
1 57 71
1 58 52
1 59 52
1 60 30
1 61 13
1 62 68
1 63 39
1 64 47
1 65 22
1 66 41
1 67 32
1 68 75
1 69 17
1 70 56
1 71 42
1 72 88
1 73 85
1 74 91
1 75 43
1 76 59
1 77 68
1 78 11
1 79 47
1 80 61
1 81 50
1 82 79
1 83 38
1 84 27
1 85 91
1 86 89
1 87 30
1 88 90
1 89 53
1 90 52
1 91 50
1 92 29
1 93 68
1 94 30
1 95 28
1 96 67
1 97 27
1 98 63
1 99 60
1 100 21
2 0 37
2 1 70
2 3 40
2 4 30
2 5 12
2 6 16
2 7 48
2 8 48
2 9 36
2 10 78
2 11 45
2 12 46
2 13 42
2 14 48
2 15 36
2 16 17
2 17 65
2 18 18
2 19 52
2 20 59
2 21 68
2 22 50
2 23 38
2 24 45
2 25 45
2 26 57
2 27 51
2 28 78
2 29 58
2 30 8
2 31 31
2 32 31
2 33 43
2 34 15
2 35 60
2 36 38
2 37 33
2 38 36
2 39 26
2 40 33
2 41 22
2 42 35
2 43 67
2 44 19
2 45 58
2 46 32
2 47 27
2 48 50
2 49 61
2 50 57
2 51 31
2 52 33
2 53 65
2 54 9
2 55 28
2 56 18
2 57 49
2 58 39
2 59 45
2 60 11
2 61 31
2 62 43
2 63 54
2 64 23
2 65 21
2 66 30
2 67 46
2 68 63
2 69 12
2 70 52
2 71 30
2 72 70
2 73 79
2 74 67
2 75 35
2 76 35
2 77 57
2 78 15
2 79 38
2 80 44
2 81 34
2 82 65
2 83 15
2 84 11
2 85 69
2 86 77
2 87 17
2 88 67
2 89 43
2 90 37
2 91 33
2 92 29
2 93 47
2 94 27
2 95 7
2 96 43
2 97 8
2 98 42
2 99 53
2 100 7
3 0 46
3 1 78
3 2 49
3 4 29
3 5 45
3 6 41
3 7 78
3 8 69
3 9 48
3 10 66
3 11 8
3 12 31
3 13 51
3 14 77
3 15 66
3 16 33
3 17 66
3 18 61
3 19 18
3 20 79
3 21 22
3 22 78
3 23 61
3 24 3
3 25 29
3 26 73
3 27 32
3 28 73
3 29 17
3 30 55
3 31 78
3 32 78
3 33 55
3 34 63
3 35 54
3 36 14
3 37 23
3 38 32
3 39 23
3 40 53
3 41 59
3 42 56
3 43 24
3 44 55
3 45 14
3 46 31
3 47 47
3 48 10
3 49 46
3 50 13
3 51 52
3 52 42
3 53 53
3 54 49
3 55 41
3 56 65
3 57 15
3 58 43
3 59 71
3 60 43
3 61 76
3 62 5
3 63 91
3 64 27
3 65 64
3 66 57
3 67 84
3 68 54
3 69 56
3 70 64
3 71 46
3 72 44
3 73 79
3 74 20
3 75 53
3 76 13
3 77 54
3 78 63
3 79 51
3 80 35
3 81 39
3 82 54
3 83 38
3 84 47
3 85 28
3 86 64
3 87 47
3 88 24
3 89 50
3 90 39
3 91 50
3 92 61
3 93 20
3 94 66
3 95 47
3 96 13
3 97 49
3 98 40
3 99 60
3 100 53
4 0 30
4 1 67
4 2 33
4 3 49
4 5 41
4 6 16
4 7 36
4 8 77
4 9 7
4 10 46
4 11 45
4 12 60
4 13 11
4 14 35
4 15 25
4 16 20
4 17 34
4 18 50
4 19 34
4 20 38
4 21 63
4 22 37
4 23 68
4 24 41
4 25 58
4 26 32
4 27 24
4 28 46
4 29 42
4 30 39
4 31 49
4 32 50
4 33 69
4 34 42
4 35 28
4 36 28
4 37 44
4 38 53
4 39 24
4 40 61
4 41 54
4 42 63
4 43 49
4 44 51
4 45 56
4 46 49
4 47 8
4 48 38
4 49 31
4 50 45
4 51 10
4 52 56
4 53 34
4 54 25
4 55 52
4 56 47
4 57 33
4 58 7
4 59 76
4 60 21
4 61 43
4 62 40
4 63 51
4 64 35
4 65 53
4 66 60
4 67 44
4 68 31
4 69 30
4 70 25
4 71 5
4 72 42
4 73 48
4 74 56
4 75 11
4 76 31
4 77 25
4 78 42
4 79 9
4 80 16
4 81 4
4 82 34
4 83 38
4 84 22
4 85 50
4 86 45
4 87 17
4 88 50
4 89 11
4 90 7
4 91 60
4 92 22
4 93 28
4 94 59
4 95 37
4 96 46
4 97 39
4 98 62
4 99 23
4 100 39
5 0 81
5 1 89
5 2 85
5 3 101
5 4 67
5 6 27
5 7 67
5 8 44
5 9 45
5 10 79
5 11 24
5 12 23
5 13 50
5 14 67
5 15 54
5 16 19
5 17 72
5 18 33
5 19 40
5 20 74
5 21 46
5 22 68
5 23 34
5 24 26
5 25 22
5 26 70
5 27 46
5 28 83
5 29 43
5 30 29
5 31 55
5 32 54
5 33 32
5 34 38
5 35 63
5 36 25
5 37 9
5 38 15
5 39 17
5 40 26
5 41 30
5 42 29
5 43 52
5 44 26
5 45 36
5 46 11
5 47 38
5 48 34
5 49 59
5 50 41
5 51 44
5 52 18
5 53 65
5 54 29
5 55 15
5 56 38
5 57 36
5 58 44
5 59 44
5 60 25
5 61 55
5 62 24
5 63 76
5 64 3
5 65 36
5 66 29
5 67 68
5 68 65
5 69 35
5 70 63
5 71 40
5 72 64
5 73 86
5 74 49
5 75 47
5 76 20
5 77 61
5 78 37
5 79 48
5 80 43
5 81 38
5 82 66
5 83 10
5 84 29
5 85 55
5 86 78
5 87 32
5 88 52
5 89 50
5 90 40
5 91 24
5 92 48
5 93 37
5 94 37
5 95 20
5 96 20
5 97 22
5 98 23
5 99 62
5 100 27
6 0 45
6 1 15
6 2 46
6 3 81
6 4 64
6 5 80
6 7 41
6 8 68
6 9 16
6 10 55
6 11 39
6 12 51
6 13 21
6 14 40
6 15 29
6 16 10
6 17 44
6 18 42
6 19 33
6 20 46
6 21 59
6 22 42
6 23 58
6 24 36
6 25 49
6 26 41
6 27 28
6 28 56
6 29 41
6 30 31
6 31 46
6 32 46
6 33 59
6 34 35
6 35 37
6 36 24
6 37 35
6 38 43
6 39 16
6 40 51
6 41 45
6 42 53
6 43 49
6 44 41
6 45 50
6 46 40
6 47 10
6 48 35
6 49 38
6 50 42
6 51 16
6 52 46
6 53 42
6 54 18
6 55 42
6 56 40
6 57 31
6 58 16
6 59 66
6 60 12
6 61 41
6 62 34
6 63 54
6 64 26
6 65 44
6 66 50
6 67 47
6 68 40
6 69 24
6 70 34
6 71 11
6 72 47
6 73 58
6 74 54
6 75 18
6 76 24
6 77 34
6 78 36
6 79 19
6 80 21
6 81 11
6 82 42
6 83 28
6 84 14
6 85 51
6 86 54
6 87 12
6 88 49
6 89 21
6 90 14
6 91 50
6 92 24
6 93 28
6 94 50
6 95 28
6 96 38
6 97 30
6 98 52
6 99 33
6 100 30
7 0 20
7 1 73
7 2 23
7 3 29
7 4 9
7 5 37
7 6 17
7 8 131
7 9 49
7 10 15
7 11 87
7 12 108
7 13 44
7 14 57
7 15 60
7 16 74
7 17 21
7 18 103
7 19 63
7 20 42
7 21 95
7 22 57
7 23 122
7 24 81
7 25 106
7 26 39
7 27 48
7 28 8
7 29 68
7 30 91
7 31 93
7 32 95
7 33 122
7 34 92
7 35 27
7 36 70
7 37 93
7 38 103
7 39 74
7 40 114
7 41 108
7 42 117
7 43 69
7 44 105
7 45 93
7 46 100
7 47 58
7 48 71
7 49 35
7 50 74
7 51 55
7 52 108
7 53 27
7 54 78
7 55 105
7 56 99
7 57 65
7 58 48
7 59 130
7 60 74
7 61 85
7 62 81
7 63 74
7 64 87
7 65 105
7 66 114
7 67 73
7 68 26
7 69 81
7 70 37
7 71 56
7 72 42
7 73 9
7 74 82
7 75 51
7 76 76
7 77 30
7 78 93
7 79 48
7 80 48
7 81 53
7 82 27
7 83 92
7 84 75
7 85 67
7 86 18
7 87 69
7 88 69
7 89 43
7 90 51
7 91 113
7 92 64
7 93 60
7 94 112
7 95 91
7 96 90
7 97 93
7 98 113
7 99 33
7 100 92
8 0 7
8 1 51
8 2 5
8 3 42
8 4 35
8 5 40
8 6 13
8 7 13
8 9 28
8 10 58
8 11 76
8 12 86
8 13 28
8 14 4
8 15 9
8 16 45
8 17 39
8 18 57
8 19 66
8 20 18
8 21 96
8 22 5
8 23 82
8 24 73
8 25 85
8 26 20
8 27 54
8 28 53
8 29 74
8 30 46
8 31 37
8 32 40
8 33 88
8 34 43
8 35 45
8 36 60
8 37 71
8 38 78
8 39 53
8 40 77
8 41 64
8 42 79
8 43 81
8 44 63
8 45 88
8 46 74
8 47 27
8 48 70
8 49 54
8 50 77
8 51 22
8 52 77
8 53 52
8 54 36
8 55 72
8 56 49
8 57 65
8 58 34
8 59 87
8 60 38
8 61 28
8 62 71
8 63 20
8 64 61
8 65 58
8 66 73
8 67 16
8 68 48
8 69 34
8 70 23
8 71 28
8 72 68
8 73 49
8 74 88
8 75 22
8 76 62
8 77 41
8 78 44
8 79 25
8 80 46
8 81 36
8 82 52
8 83 58
8 84 35
8 85 81
8 86 60
8 87 31
8 88 81
8 89 30
8 90 38
8 91 78
8 92 16
8 93 60
8 94 66
8 95 51
8 96 76
8 97 52
8 98 85
8 99 29
8 100 48
9 0 40
9 1 90
9 2 38
9 3 23
9 4 52
9 5 9
9 6 34
9 7 32
9 8 120
9 10 80
9 11 63
9 12 64
9 13 43
9 14 37
9 15 26
9 16 31
9 17 63
9 18 24
9 19 65
9 20 51
9 21 85
9 22 38
9 23 51
9 24 62
9 25 63
9 26 50
9 27 60
9 28 78
9 29 72
9 30 16
9 31 14
9 32 14
9 33 58
9 34 10
9 35 63
9 36 53
9 37 52
9 38 54
9 39 41
9 40 47
9 41 32
9 42 48
9 43 80
9 44 31
9 45 75
9 46 50
9 47 29
9 48 65
9 49 67
9 50 72
9 51 30
9 52 50
9 53 69
9 54 16
9 55 45
9 56 16
9 57 62
9 58 43
9 59 55
9 60 22
9 61 13
9 62 60
9 63 37
9 64 41
9 65 25
9 66 42
9 67 30
9 68 66
9 69 8
9 70 48
9 71 32
9 72 78
9 73 77
9 74 83
9 75 34
9 76 51
9 77 59
9 78 11
9 79 38
9 80 52
9 81 40
9 82 69
9 83 33
9 84 18
9 85 82
9 86 80
9 87 20
9 88 81
9 89 44
9 90 43
9 91 49
9 92 21
9 93 59
9 94 33
9 95 24
9 96 60
9 97 23
9 98 60
9 99 51
9 100 18
10 0 43
10 1 91
10 2 41
10 3 28
10 4 56
10 5 14
10 6 37
10 7 33
10 8 124
10 9 25
10 11 42
10 12 41
10 13 44
10 14 53
10 15 40
10 16 16
10 17 67
10 18 18
10 19 50
10 20 63
10 21 64
10 22 54
10 23 35
10 24 42
10 25 40
10 26 60
10 27 51
10 28 80
10 29 56
10 30 10
10 31 35
10 32 35
10 33 39
10 34 19
10 35 62
10 36 36
10 37 29
10 38 31
10 39 24
10 40 29
10 41 20
10 42 31
10 43 65
10 44 17
10 45 54
10 46 27
10 47 30
10 48 47
10 49 62
10 50 55
10 51 34
10 52 28
10 53 66
10 54 13
10 55 23
10 56 20
10 57 47
10 58 40
10 59 42
10 60 13
10 61 36
10 62 40
10 63 59
10 64 18
10 65 21
10 66 26
10 67 51
10 68 64
10 69 17
10 70 55
10 71 32
10 72 70
10 73 82
10 74 64
10 75 38
10 76 32
10 77 59
10 78 19
10 79 40
10 80 45
10 81 35
10 82 66
10 83 10
10 84 14
10 85 67
10 86 78
10 87 20
10 88 65
10 89 45
10 90 38
10 91 29
10 92 33
10 93 46
10 94 26
10 95 3
10 96 38
10 97 5
10 98 37
10 99 56
10 100 9
11 0 44
11 1 80
11 2 47
11 3 56
11 4 22
11 5 66
11 6 44
11 7 59
11 8 48
11 9 62
11 10 23
11 12 9
11 13 64
11 14 85
11 15 72
11 16 36
11 17 83
11 18 51
11 19 40
11 20 91
11 21 30
11 22 87
11 23 43
11 24 20
11 25 7
11 26 85
11 27 51
11 28 92
11 29 39
11 30 49
11 31 75
11 32 74
11 33 35
11 34 58
11 35 72
11 36 29
11 37 11
11 38 13
11 39 29
11 40 35
11 41 46
11 42 38
11 43 46
11 44 43
11 45 20
11 46 15
11 47 55
11 48 31
11 49 65
11 50 34
11 51 61
11 52 24
11 53 72
11 54 49
11 55 26
11 56 58
11 57 36
11 58 57
11 59 52
11 60 44
11 61 75
11 62 19
11 63 96
11 64 22
11 65 54
11 66 42
11 67 88
11 68 73
11 69 55
11 70 78
11 71 55
11 72 66
11 73 96
11 74 37
11 75 63
11 76 24
11 77 71
11 78 58
11 79 63
11 80 52
11 81 51
11 82 73
11 83 30
11 84 48
11 85 49
11 86 84
11 87 51
11 88 45
11 89 63
11 90 52
11 91 32
11 92 66
11 93 40
11 94 53
11 95 40
11 96 10
11 97 41
11 98 19
11 99 75
11 100 47
12 0 38
12 1 20
12 2 38
12 3 74
12 4 58
12 5 73
12 6 45
12 7 42
12 8 81
12 9 79
12 10 73
12 11 37
12 13 69
12 14 95
12 15 83
12 16 49
12 17 85
12 18 70
12 19 35
12 20 98
12 21 11
12 22 96
12 23 62
12 24 19
12 25 25
12 26 92
12 27 50
12 28 91
12 29 31
12 30 67
12 31 91
12 32 91
12 33 53
12 34 75
12 35 72
12 36 32
12 37 28
12 38 33
12 39 39
12 40 55
12 41 65
12 42 57
12 43 34
12 44 62
12 45 5
12 46 34
12 47 65
12 48 27
12 49 63
12 50 25
12 51 70
12 52 43
12 53 71
12 54 63
12 55 45
12 56 76
12 57 33
12 58 62
12 59 72
12 60 58
12 61 90
12 62 21
12 63 108
12 64 38
12 65 73
12 66 61
12 67 101
12 68 72
12 69 70
12 70 83
12 71 64
12 72 59
12 73 97
12 74 22
12 75 71
12 76 30
12 77 72
12 78 75
12 79 70
12 80 54
12 81 57
12 82 71
12 83 48
12 84 62
12 85 38
12 86 81
12 87 63
12 88 34
12 89 68
12 90 57
12 91 51
12 92 78
12 93 38
12 94 72
12 95 57
12 96 18
12 97 59
12 98 37
12 99 79
12 100 65
13 0 57
13 1 8
13 2 57
13 3 93
13 4 76
13 5 91
13 6 64
13 7 61
13 8 85
13 9 98
13 10 90
13 11 55
13 12 54
13 14 49
13 15 36
13 16 2
13 17 55
13 18 33
13 19 36
13 20 56
13 21 55
13 22 51
13 23 46
13 24 32
13 25 39
13 26 52
13 27 36
13 28 68
13 29 43
13 30 23
13 31 44
13 32 44
13 33 48
13 34 30
13 35 49
13 36 23
13 37 26
13 38 33
13 39 11
13 40 39
13 41 35
13 42 42
13 43 51
13 44 31
13 45 46
13 46 29
13 47 20
13 48 35
13 49 47
13 50 42
13 51 26
13 52 34
13 53 52
13 54 15
13 55 30
13 56 34
13 57 33
13 58 28
13 59 55
13 60 9
13 61 42
13 62 30
13 63 60
13 64 15
13 65 36
13 66 39
13 67 52
13 68 50
13 69 22
13 70 45
13 71 22
13 72 55
13 73 70
13 74 53
13 75 29
13 76 21
13 77 46
13 78 30
13 79 30
13 80 30
13 81 22
13 82 53
13 83 17
13 84 13
13 85 54
13 86 64
13 87 15
13 88 52
13 89 33
13 90 25
13 91 38
13 92 30
13 93 31
13 94 41
13 95 18
13 96 32
13 97 20
13 98 41
13 99 45
13 100 22
14 0 32
14 1 84
14 2 35
14 3 31
14 4 6
14 5 42
14 6 28
14 7 44
14 8 73
14 9 37
14 10 11
14 11 49
14 12 38
14 13 35
14 15 15
14 16 48
14 17 30
14 18 64
14 19 64
14 20 9
14 21 95
14 22 9
14 23 89
14 24 73
14 25 88
14 26 10
14 27 50
14 28 44
14 29 72
14 30 54
14 31 47
14 32 49
14 33 94
14 34 51
14 35 38
14 36 60
14 37 74
14 38 82
14 39 55
14 40 84
14 41 72
14 42 85
14 43 78
14 44 69
14 45 88
14 46 78
14 47 29
14 48 69
14 49 48
14 50 75
14 51 23
14 52 82
14 53 46
14 54 42
14 55 77
14 56 57
14 57 63
14 58 31
14 59 95
14 60 43
14 61 38
14 62 72
14 63 27
14 64 64
14 65 66
14 66 80
14 67 25
14 68 41
14 69 41
14 70 15
14 71 29
14 72 62
14 73 40
14 74 87
14 75 22
14 76 63
14 77 34
14 78 52
14 79 23
14 80 42
14 81 35
14 82 45
14 83 63
14 84 40
14 85 78
14 86 51
14 87 35
14 88 78
14 89 26
14 90 36
14 91 84
14 92 22
14 93 58
14 94 74
14 95 57
14 96 77
14 97 58
14 98 90
14 99 22
14 100 55
15 0 48
15 1 40
15 2 50
15 3 81
15 4 54
15 5 84
15 6 55
15 7 60
15 8 53
15 9 87
15 10 65
15 11 57
15 12 50
15 13 38
15 14 45
15 16 43
15 17 76
15 18 68
15 19 27
15 20 90
15 21 12
15 22 89
15 23 63
15 24 12
15 25 27
15 26 84
15 27 42
15 28 83
15 29 23
15 30 63
15 31 87
15 32 87
15 33 56
15 34 71
15 35 64
15 36 25
15 37 27
15 38 33
15 39 33
15 40 55
15 41 64
15 42 58
15 43 27
15 44 60
15 45 3
15 46 34
15 47 57
15 48 18
15 49 55
15 50 17
15 51 62
15 52 44
15 53 62
15 54 58
15 55 45
15 56 72
15 57 24
15 58 54
15 59 73
15 60 52
15 61 85
15 62 14
15 63 102
15 64 34
15 65 71
15 66 61
15 67 94
15 68 64
15 69 65
15 70 75
15 71 57
15 72 51
15 73 88
15 74 17
15 75 63
15 76 23
15 77 64
15 78 71
15 79 62
15 80 46
15 81 50
15 82 63
15 83 45
15 84 56
15 85 31
15 86 72
15 87 57
15 88 26
15 89 60
15 90 49
15 91 52
15 92 71
15 93 30
15 94 71
15 95 54
15 96 15
15 97 56
15 98 40
15 99 71
15 100 61
16 0 67
16 1 120
16 2 69
16 3 46
16 4 42
16 5 59
16 6 62
16 7 76
16 8 89
16 9 49
16 10 28
16 11 82
16 12 73
16 13 59
16 14 49
16 15 49
16 17 83
16 18 66
16 19 34
16 20 95
16 21 14
16 22 93
16 23 59
16 24 16
16 25 22
16 26 89
16 27 49
16 28 90
16 29 30
16 30 63
16 31 88
16 32 87
16 33 50
16 34 71
16 35 71
16 36 30
16 37 25
16 38 29
16 39 36
16 40 51
16 41 62
16 42 54
16 43 35
16 44 58
16 45 5
16 46 31
16 47 61
16 48 25
16 49 62
16 50 24
16 51 67
16 52 40
16 53 69
16 54 60
16 55 42
16 56 72
16 57 31
16 58 59
16 59 68
16 60 54
16 61 87
16 62 18
16 63 105
16 64 34
16 65 69
16 66 58
16 67 97
16 68 71
16 69 66
16 70 81
16 71 61
16 72 59
16 73 95
16 74 24
16 75 68
16 76 27
16 77 70
16 78 71
16 79 67
16 80 52
16 81 55
16 82 70
16 83 44
16 84 58
16 85 38
16 86 80
16 87 60
16 88 34
16 89 66
16 90 55
16 91 48
16 92 74
16 93 36
16 94 68
16 95 53
16 96 14
16 97 55
16 98 34
16 99 77
16 100 61
17 0 16
17 1 44
17 2 14
17 3 49
17 4 44
17 5 46
17 6 22
17 7 15
17 8 91
17 9 54
17 10 58
17 11 10
17 12 10
17 13 57
17 14 42
17 15 73
17 16 24
17 18 38
17 19 64
17 20 37
17 21 90
17 22 23
17 23 65
17 24 66
17 25 73
17 26 36
17 27 56
17 28 67
17 29 72
17 30 29
17 31 20
17 32 22
17 33 71
17 34 24
17 35 54
17 36 55
17 37 60
17 38 64
17 39 45
17 40 61
17 41 46
17 42 62
17 43 80
17 44 45
17 45 80
17 46 60
17 47 24
17 48 66
17 49 60
17 50 74
17 51 22
17 52 62
17 53 61
17 54 22
17 55 56
17 56 31
17 57 62
17 58 37
17 59 69
17 60 26
17 61 12
17 62 64
17 63 25
17 64 49
17 65 39
17 66 56
17 67 18
17 68 57
17 69 17
17 70 36
17 71 27
17 72 73
17 73 65
17 74 85
17 75 25
17 76 55
17 77 50
17 78 25
17 79 30
17 80 48
17 81 36
17 82 61
17 83 43
17 84 23
17 85 82
17 86 71
17 87 21
17 88 81
17 89 36
17 90 38
17 91 62
17 92 10
17 93 59
17 94 48
17 95 35
17 96 67
17 97 35
17 98 71
17 99 41
17 100 31
18 0 26
18 1 64
18 2 30
18 3 48
18 4 17
18 5 54
18 6 28
18 7 42
18 8 59
18 9 54
18 10 29
18 11 43
18 12 32
18 13 21
18 14 8
18 15 36
18 16 20
18 17 31
18 19 62
18 20 18
18 21 92
18 22 8
18 23 80
18 24 69
18 25 82
18 26 19
18 27 50
18 28 51
18 29 71
18 30 45
18 31 38
18 32 40
18 33 85
18 34 42
18 35 42
18 36 57
18 37 68
18 38 75
18 39 50
18 40 75
18 41 63
18 42 77
18 43 77
18 44 61
18 45 84
18 46 71
18 47 24
18 48 66
18 49 50
18 50 74
18 51 19
18 52 74
18 53 50
18 54 34
18 55 69
18 56 48
18 57 61
18 58 30
18 59 86
18 60 35
18 61 29
18 62 68
18 63 23
18 64 58
18 65 57
18 66 71
18 67 18
18 68 45
18 69 32
18 70 20
18 71 25
18 72 64
18 73 48
18 74 85
18 75 18
18 76 58
18 77 38
18 78 43
18 79 21
18 80 42
18 81 33
18 82 49
18 83 55
18 84 33
18 85 78
18 86 57
18 87 28
18 88 78
18 89 27
18 90 34
18 91 76
18 92 13
18 93 56
18 94 65
18 95 49
18 96 72
18 97 50
18 98 83
18 99 26
18 100 46
19 0 57
19 1 78
19 2 61
19 3 75
19 4 42
19 5 84
19 6 60
19 7 73
19 8 28
19 9 82
19 10 43
19 11 74
19 12 63
19 13 11
19 14 33
19 15 21
19 16 43
19 17 15
19 18 51
19 20 52
19 21 49
19 22 56
19 23 77
19 24 32
19 25 56
19 26 45
19 27 3
19 28 43
19 29 23
19 30 55
19 31 70
19 32 71
19 33 76
19 34 61
19 35 23
19 36 20
19 37 45
19 38 55
19 39 27
19 40 69
19 41 67
19 42 72
19 43 29
19 44 64
19 45 44
19 46 52
19 47 29
19 48 23
19 49 16
19 50 28
19 51 32
19 52 61
19 53 23
19 54 43
19 55 58
19 56 65
19 57 17
19 58 18
19 59 86
19 60 37
19 61 65
19 62 31
19 63 72
19 64 40
19 65 69
19 66 71
19 67 66
19 68 23
19 69 50
19 70 36
19 71 27
19 72 22
19 73 48
19 74 38
19 75 30
19 76 26
19 77 23
19 78 61
19 79 27
19 80 7
19 81 18
19 82 23
19 83 48
19 84 40
19 85 29
19 86 35
19 87 36
19 88 30
19 89 23
19 90 15
19 91 68
19 92 44
19 93 11
19 94 74
19 95 51
19 96 40
19 97 53
19 98 64
19 99 31
19 100 55
20 0 35
20 1 26
20 2 36
20 3 71
20 4 53
20 5 71
20 6 42
20 7 42
20 8 74
20 9 77
20 10 66
20 11 38
20 12 34
20 13 50
20 14 45
20 15 69
20 16 18
20 17 63
20 18 83
20 19 20
20 21 85
20 22 55
20 23 36
20 24 63
20 25 57
20 26 66
20 27 69
20 28 93
20 29 77
20 30 11
20 31 20
20 32 19
20 33 45
20 34 8
20 35 76
20 36 57
20 37 48
20 38 48
20 39 45
20 40 35
20 41 18
20 42 35
20 43 86
20 44 19
20 45 75
20 46 44
20 47 42
20 48 69
20 49 79
20 50 76
20 51 45
20 52 41
20 53 82
20 54 24
20 55 36
20 56 1
20 57 68
20 58 55
20 59 39
20 60 29
20 61 26
20 62 61
20 63 52
20 64 39
20 65 9
20 66 28
20 67 45
20 68 79
20 69 19
20 70 64
20 71 45
20 72 89
20 73 92
20 74 86
20 75 48
20 76 54
20 77 73
20 78 7
20 79 52
20 80 62
20 81 51
20 82 82
20 83 29
20 84 27
20 85 88
20 86 93
20 87 32
20 88 86
20 89 58
20 90 54
20 91 37
20 92 37
20 93 66
20 94 17
20 95 20
20 96 59
20 97 18
20 98 51
20 99 67
20 100 13
21 0 69
21 1 117
21 2 71
21 3 56
21 4 41
21 5 70
21 6 65
21 7 81
21 8 74
21 9 60
21 10 26
21 11 86
21 12 75
21 13 49
21 14 45
21 15 35
21 16 73
21 17 40
21 18 8
21 19 95
21 20 12
21 22 74
21 23 14
21 24 48
21 25 33
21 26 81
21 27 67
21 28 100
21 29 66
21 30 23
21 31 47
21 32 45
21 33 19
21 34 30
21 35 81
21 36 48
21 37 29
21 38 24
21 39 37
21 40 9
21 41 10
21 42 10
21 43 74
21 44 8
21 45 56
21 46 22
21 47 50
21 48 57
21 49 79
21 50 63
21 51 55
21 52 14
21 53 84
21 54 33
21 55 11
21 56 27
21 57 58
21 58 60
21 59 23
21 60 34
21 61 51
21 62 46
21 63 76
21 64 25
21 65 20
21 66 7
21 67 69
21 68 83
21 69 35
21 70 75
21 71 52
21 72 85
21 73 102
21 74 71
21 75 59
21 76 42
21 77 78
21 78 29
21 79 61
21 80 62
21 81 54
21 82 85
21 83 16
21 84 35
21 85 78
21 86 97
21 87 41
21 88 74
21 89 65
21 90 57
21 91 10
21 92 53
21 93 59
21 94 16
21 95 18
21 96 40
21 97 17
21 98 24
21 99 76
21 100 21
22 0 70
22 1 118
22 2 72
22 3 57
22 4 42
22 5 71
22 6 66
22 7 82
22 8 74
22 9 62
22 10 27
22 11 87
22 12 76
22 13 49
22 14 46
22 15 35
22 16 74
22 17 40
22 18 9
22 19 96
22 20 11
22 21 58
22 23 65
22 24 7
22 25 32
22 26 75
22 27 32
22 28 73
22 29 15
22 30 59
22 31 82
22 32 82
22 33 59
22 34 67
22 35 54
22 36 17
22 37 27
22 38 36
22 39 27
22 40 57
22 41 63
22 42 60
22 43 21
22 44 59
22 45 13
22 46 35
22 47 50
22 48 9
22 49 46
22 50 9
22 51 54
22 52 46
22 53 53
22 54 53
22 55 46
22 56 69
22 57 15
22 58 45
22 59 75
22 60 46
22 61 79
22 62 9
22 63 94
22 64 32
22 65 69
22 66 61
22 67 87
22 68 54
22 69 60
22 70 66
22 71 49
22 72 42
22 73 79
22 74 16
22 75 55
22 76 17
22 77 54
22 78 67
22 79 53
22 80 36
22 81 41
22 82 53
22 83 43
22 84 50
22 85 24
22 86 63
22 87 51
22 88 21
22 89 51
22 90 41
22 91 54
22 92 64
22 93 20
22 94 70
22 95 51
22 96 16
22 97 53
22 98 44
22 99 62
22 100 57
23 0 47
23 1 76
23 2 51
23 3 64
23 4 30
23 5 73
23 6 49
23 7 63
23 8 40
23 9 70
23 10 33
23 11 64
23 12 53
23 13 1
23 14 21
23 15 19
23 16 36
23 17 12
23 18 43
23 19 62
23 20 57
23 21 26
23 22 45
23 24 21
23 25 45
23 26 79
23 27 33
23 28 71
23 29 10
23 30 72
23 31 94
23 32 94
23 33 73
23 34 80
23 35 54
23 36 27
23 37 41
23 38 50
23 39 39
23 40 71
23 41 77
23 42 74
23 43 10
23 44 73
23 45 20
23 46 50
23 47 58
23 48 16
23 49 44
23 50 8
23 51 62
23 52 60
23 53 51
23 54 64
23 55 60
23 56 83
23 57 19
23 58 51
23 59 89
23 60 58
23 61 90
23 62 23
23 63 103
23 64 46
23 65 83
23 66 76
23 67 96
23 68 53
23 69 72
23 70 70
23 71 57
23 72 36
23 73 78
23 74 5
23 75 62
23 76 30
23 77 55
23 78 80
23 79 60
23 80 40
23 81 48
23 82 51
23 83 57
23 84 62
23 85 13
23 86 59
23 87 61
23 88 9
23 89 56
23 90 47
23 91 68
23 92 73
23 93 24
23 94 84
23 95 64
23 96 30
23 97 66
23 98 57
23 99 65
23 100 71
24 0 45
24 1 101
24 2 46
24 3 18
24 4 29
24 5 32
24 6 38
24 7 51
24 8 95
24 9 22
24 10 25
24 11 57
24 12 50
24 13 58
24 14 39
24 15 56
24 16 60
24 17 57
24 18 32
24 19 73
24 20 48
24 21 78
24 22 101
24 23 79
24 25 47
24 26 48
24 27 42
24 28 68
24 29 52
24 30 17
24 31 34
24 32 34
24 33 51
24 34 22
24 35 50
24 36 33
24 37 34
24 38 40
24 39 21
24 40 41
24 41 32
24 42 43
24 43 60
24 44 29
24 45 56
24 46 36
24 47 17
24 48 44
24 49 51
24 50 52
24 51 22
24 52 39
24 53 55
24 54 5
24 55 34
24 56 26
24 57 42
24 58 29
24 59 55
24 60 2
24 61 32
24 62 40
24 63 51
24 64 23
24 65 31
24 66 39
24 67 43
24 68 53
24 69 12
24 70 42
24 71 20
24 72 61
24 73 69
24 74 63
24 75 25
24 76 31
24 77 47
24 78 22
24 79 28
24 80 35
24 81 24
24 82 55
24 83 20
24 84 3
24 85 62
24 86 67
24 87 8
24 88 61
24 89 33
24 90 27
24 91 41
24 92 22
24 93 40
24 94 37
24 95 16
24 96 41
24 97 17
24 98 47
24 99 43
24 100 17
25 0 40
25 1 96
25 2 39
25 3 9
25 4 42
25 5 7
25 6 33
25 7 38
25 8 112
25 9 5
25 10 47
25 11 45
25 12 42
25 13 73
25 14 51
25 15 77
25 16 62
25 17 77
25 18 58
25 19 65
25 20 74
25 21 97
25 22 117
25 23 78
25 24 17
25 26 80
25 27 73
25 28 103
25 29 75
25 30 20
25 31 39
25 32 37
25 33 27
25 34 24
25 35 85
25 36 56
25 37 40
25 38 36
25 39 44
25 40 18
25 41 3
25 42 17
25 43 84
25 44 6
25 45 67
25 46 33
25 47 52
25 48 66
25 49 84
25 50 73
25 51 55
25 52 26
25 53 89
25 54 33
25 55 23
25 56 19
25 57 67
25 58 63
25 59 21
25 60 36
25 61 44
25 62 56
25 63 70
25 64 34
25 65 10
25 66 10
25 67 63
25 68 87
25 69 32
25 70 76
25 71 54
25 72 92
25 73 104
25 74 81
25 75 59
25 76 51
25 77 81
25 78 23
25 79 62
25 80 68
25 81 58
25 82 89
25 83 23
25 84 36
25 85 87
25 86 101
25 87 41
25 88 84
25 89 67
25 90 61
25 91 20
25 92 51
25 93 67
25 94 5
25 95 20
25 96 51
25 97 18
25 98 36
25 99 78
25 100 19
26 0 60
26 1 84
26 2 63
26 3 74
26 4 41
26 5 84
26 6 61
26 7 75
26 8 29
26 9 81
26 10 41
26 11 76
26 12 65
26 13 12
26 14 33
26 15 15
26 16 47
26 17 10
26 18 46
26 19 73
26 20 57
26 21 14
26 22 36
26 23 57
26 24 75
26 25 29
26 27 35
26 28 68
26 29 40
26 30 26
26 31 48
26 32 48
26 33 47
26 34 33
26 35 49
26 36 20
26 37 23
26 38 30
26 39 7
26 40 39
26 41 36
26 42 42
26 43 48
26 44 32
26 45 42
26 46 27
26 47 23
26 48 31
26 49 47
26 50 39
26 51 28
26 52 33
26 53 52
26 54 18
26 55 29
26 56 36
26 57 30
26 58 28
26 59 55
26 60 12
26 61 45
26 62 26
26 63 63
26 64 13
26 65 38
26 66 39
26 67 56
26 68 50
26 69 26
26 70 47
26 71 24
26 72 54
26 73 71
26 74 49
26 75 31
26 76 17
26 77 46
26 78 33
26 79 32
26 80 30
26 81 23
26 82 52
26 83 16
26 84 16
26 85 51
26 86 64
26 87 18
26 88 49
26 89 34
26 90 25
26 91 38
26 92 33
26 93 29
26 94 42
26 95 20
26 96 28
26 97 22
26 98 39
26 99 46
26 100 25
27 0 59
27 1 105
27 2 61
27 3 51
27 4 30
27 5 64
27 6 55
27 7 71
27 8 67
27 9 56
27 10 16
27 11 76
27 12 65
27 13 38
27 14 34
27 15 26
27 16 61
27 17 30
27 18 6
27 19 84
27 20 23
27 21 50
27 22 75
27 23 78
27 24 60
27 25 38
27 26 67
27 28 85
27 29 25
27 30 82
27 31 105
27 32 105
27 33 75
27 34 90
27 35 69
27 36 39
27 37 47
27 38 53
27 39 50
27 40 75
27 41 84
27 42 78
27 43 22
27 44 80
27 45 20
27 46 54
27 47 71
27 48 28
27 49 58
27 50 21
27 51 76
27 52 64
27 53 65
27 54 76
27 55 65
27 56 92
27 57 33
27 58 65
27 59 92
27 60 69
27 61 102
27 62 31
27 63 116
27 64 54
27 65 91
27 66 81
27 67 109
27 68 68
27 69 83
27 70 85
27 71 70
27 72 49
27 73 92
27 74 10
27 75 76
27 76 40
27 77 70
27 78 90
27 79 74
27 80 54
27 81 62
27 82 65
27 83 64
27 84 73
27 85 24
27 86 73
27 87 73
27 88 21
27 89 71
27 90 61
27 91 72
27 92 86
27 93 38
27 94 91
27 95 73
27 96 35
27 97 75
27 98 59
27 99 79
27 100 80
28 0 72
28 1 103
28 2 75
28 3 78
28 4 47
28 5 90
28 6 72
28 7 87
28 8 38
28 9 84
28 10 40
28 11 90
28 12 78
28 13 29
28 14 43
28 15 11
28 16 64
28 17 16
28 18 38
28 19 90
28 20 41
28 21 22
28 22 47
28 23 76
28 24 82
28 25 42
28 26 50
28 27 44
28 29 26
28 30 40
28 31 63
28 32 63
28 33 50
28 34 48
28 35 48
28 36 7
28 37 18
28 38 28
28 39 8
28 40 44
28 41 47
28 42 47
28 43 35
28 44 43
28 45 28
28 46 26
28 47 33
28 48 17
28 49 43
28 50 25
28 51 38
28 52 35
28 53 49
28 54 33
28 55 33
28 56 51
28 57 18
28 58 33
28 59 62
28 60 27
28 61 60
28 62 12
28 63 77
28 64 16
28 65 51
28 66 47
28 67 69
28 68 49
28 69 41
28 70 54
28 71 33
28 72 46
28 73 72
28 74 34
28 75 40
28 76 2
28 77 47
28 78 48
28 79 39
28 80 28
28 81 27
28 82 50
28 83 26
28 84 31
28 85 38
28 86 61
28 87 32
28 88 35
28 89 39
28 90 28
28 91 42
28 92 46
28 93 19
28 94 53
28 95 33
28 96 16
28 97 35
28 98 38
28 99 51
28 100 39
29 0 58
29 1 107
29 2 61
29 3 48
29 4 30
29 5 61
29 6 55
29 7 70
29 8 72
29 9 53
29 10 15
29 11 75
29 12 65
29 13 42
29 14 35
29 15 31
29 16 63
29 17 35
29 18 3
29 19 84
29 20 22
29 21 55
29 22 80
29 23 80
29 24 57
29 25 40
29 26 70
29 27 7
29 28 41
29 30 72
29 31 93
29 32 94
29 33 74
29 34 80
29 35 53
29 36 27
29 37 42
29 38 51
29 39 39
29 40 72
29 41 77
29 42 75
29 43 8
29 44 74
29 45 22
29 46 50
29 47 57
29 48 15
29 49 42
29 50 7
29 51 61
29 52 61
29 53 49
29 54 64
29 55 61
29 56 82
29 57 18
29 58 50
29 59 90
29 60 58
29 61 90
29 62 24
29 63 102
29 64 46
29 65 83
29 66 76
29 67 95
29 68 52
29 69 71
29 70 69
29 71 56
29 72 34
29 73 76
29 74 6
29 75 61
29 76 30
29 77 54
29 78 80
29 79 58
29 80 39
29 81 47
29 82 49
29 83 57
29 84 61
29 85 11
29 86 57
29 87 61
29 88 7
29 89 55
29 90 45
29 91 69
29 92 72
29 93 23
29 94 84
29 95 64
29 96 31
29 97 67
29 98 58
29 99 63
29 100 71
30 0 11
30 1 57
30 2 15
30 3 41
30 4 22
30 5 45
30 6 16
30 7 27
30 8 73
30 9 47
30 10 37
30 11 28
30 12 17
30 13 36
30 14 19
30 15 51
30 16 15
30 17 47
30 18 55
30 19 32
30 20 75
30 21 62
30 22 76
30 23 33
30 24 33
30 25 20
30 26 48
30 27 53
30 28 31
30 29 39
30 31 49
30 32 50
30 33 76
30 34 44
30 35 25
30 36 35
30 37 52
30 38 60
30 39 32
30 40 67
30 41 59
30 42 70
30 43 54
30 44 56
30 45 63
30 46 57
30 47 10
30 48 44
30 49 30
30 50 51
30 51 8
30 52 63
30 53 32
30 54 29
30 55 58
30 56 50
30 57 39
30 58 7
30 59 81
30 60 26
30 61 42
30 62 47
30 63 46
30 64 43
30 65 57
30 66 66
30 67 40
30 68 28
30 69 32
30 70 17
30 71 7
30 72 43
30 73 42
30 74 62
30 75 5
30 76 38
30 77 21
30 78 45
30 79 2
30 80 19
30 81 10
30 82 32
30 83 45
30 84 26
30 85 55
30 86 42
30 87 20
30 88 55
30 89 6
30 90 11
30 91 67
30 92 20
30 93 34
30 94 64
30 95 42
30 96 53
30 97 44
30 98 69
30 99 16
30 100 43
31 0 27
31 1 79
31 2 29
31 3 29
31 4 5
31 5 38
31 6 23
31 7 39
31 8 75
31 9 35
31 10 17
31 11 44
31 12 33
31 13 36
31 14 15
31 15 41
31 16 36
31 17 40
31 18 34
31 19 54
31 20 54
31 21 60
31 22 80
31 23 55
31 24 30
31 25 22
31 26 59
31 27 31
31 28 31
31 29 30
31 30 58
31 32 33
31 33 91
31 34 42
31 35 60
31 36 72
31 37 79
31 38 84
31 39 63
31 40 80
31 41 65
31 42 81
31 43 95
31 44 64
31 45 99
31 46 80
31 47 39
31 48 82
31 49 69
31 50 90
31 51 35
31 52 82
31 53 68
31 54 42
31 55 76
31 56 48
31 57 78
31 58 48
31 59 87
31 60 46
31 61 23
31 62 82
31 63 6
31 64 68
31 65 57
31 66 74
31 67 3
31 68 63
31 69 37
31 70 38
31 71 41
31 72 83
31 73 63
31 74 101
31 75 36
31 76 73
31 77 56
31 78 43
31 79 39
31 80 60
31 81 50
31 82 67
31 83 63
31 84 42
31 85 96
31 86 75
31 87 39
31 88 95
31 89 45
31 90 51
31 91 81
31 92 25
31 93 73
31 94 65
31 95 55
31 96 86
31 97 55
31 98 91
31 99 44
31 100 50
32 0 18
32 1 71
32 2 16
32 3 23
32 4 34
32 5 19
32 6 12
32 7 14
32 8 99
32 9 27
32 10 46
32 11 21
32 12 18
32 13 61
32 14 39
32 15 71
32 16 41
32 17 68
32 18 62
32 19 41
32 20 81
32 21 86
32 22 103
32 23 55
32 24 7
32 25 44
32 26 76
32 27 57
32 28 55
32 29 59
32 30 62
32 31 64
32 33 104
32 34 84
32 35 16
32 36 48
32 37 72
32 38 82
32 39 55
32 40 97
32 41 94
32 42 100
32 43 41
32 44 90
32 45 67
32 46 80
32 47 49
32 48 46
32 49 12
32 50 48
32 51 48
32 52 89
32 53 9
32 54 67
32 55 86
32 56 89
32 57 41
32 58 35
32 59 114
32 60 62
32 61 82
32 62 57
32 63 80
32 64 68
32 65 94
32 66 98
32 67 77
32 68 13
32 69 72
32 70 39
32 71 46
32 72 15
32 73 30
32 74 55
32 75 45
32 76 54
32 77 20
32 78 84
32 79 41
32 80 29
32 81 39
32 82 9
32 83 75
32 84 63
32 85 39
32 86 9
32 87 59
32 88 42
32 89 34
32 90 36
32 91 95
32 92 60
32 93 37
32 94 100
32 95 77
32 96 67
32 97 79
32 98 92
32 99 32
32 100 80
33 0 56
33 1 20
33 2 57
33 3 92
33 4 70
33 5 92
33 6 63
33 7 63
33 8 73
33 9 97
33 10 83
33 11 57
33 12 55
33 13 60
33 14 62
33 15 79
33 16 36
33 17 73
33 18 99
33 19 37
33 20 116
33 21 73
33 22 69
33 23 18
33 24 80
33 25 56
33 26 40
33 27 99
33 28 58
33 29 71
33 30 15
33 31 31
33 32 78
33 34 83
33 35 70
33 36 35
33 37 38
33 38 44
33 39 44
33 40 66
33 41 76
33 42 69
33 43 26
33 44 72
33 45 11
33 46 45
33 47 68
33 48 26
33 49 59
33 50 20
33 51 73
33 52 55
33 53 67
33 54 70
33 55 56
33 56 84
33 57 31
33 58 63
33 59 83
33 60 64
33 61 97
33 62 25
33 63 112
33 64 46
33 65 83
33 66 72
33 67 105
33 68 69
33 69 77
33 70 83
33 71 67
33 72 53
33 73 94
33 74 13
33 75 73
33 76 34
33 77 70
33 78 83
33 79 71
33 80 53
33 81 59
33 82 67
33 83 57
33 84 68
33 85 29
33 86 76
33 87 68
33 88 25
33 89 69
33 90 58
33 91 63
33 92 82
33 93 37
33 94 83
33 95 66
33 96 27
33 97 68
33 98 49
33 99 79
33 100 73
34 0 71
34 1 72
34 2 74
34 3 96
34 4 63
34 5 103
34 6 76
34 7 86
34 8 20
34 9 103
34 10 67
34 11 85
34 12 75
34 13 33
34 14 53
34 15 45
34 16 51
34 17 39
34 18 76
34 19 74
34 20 86
34 21 26
34 22 18
34 23 51
34 24 92
34 25 46
34 26 14
34 27 80
34 28 37
34 29 45
34 30 44
34 31 28
34 32 39
34 33 91
34 35 70
34 36 39
34 37 25
34 38 24
34 39 27
34 40 19
34 41 15
34 42 21
34 43 67
34 44 11
34 45 52
34 46 20
34 47 39
34 48 49
34 49 69
34 50 56
34 51 44
34 52 19
34 53 74
34 54 23
34 55 14
34 56 23
34 57 50
34 58 49
34 59 34
34 60 23
34 61 44
34 62 40
34 63 68
34 64 17
34 65 20
34 66 18
34 67 60
34 68 72
34 69 26
34 70 64
34 71 41
34 72 75
34 73 90
34 74 65
34 75 47
34 76 34
34 77 67
34 78 24
34 79 50
34 80 52
34 81 43
34 82 74
34 83 6
34 84 24
34 85 70
34 86 86
34 87 30
34 88 67
34 89 54
34 90 46
34 91 19
34 92 43
34 93 50
34 94 21
34 95 8
34 96 36
34 97 8
34 98 29
34 99 65
34 100 14
35 0 45
35 1 14
35 2 45
35 3 81
35 4 64
35 5 79
35 6 52
35 7 49
35 8 81
35 9 86
35 10 78
35 11 43
35 12 42
35 13 61
35 14 57
35 15 80
35 16 30
35 17 74
35 18 95
35 19 22
35 20 114
35 21 78
35 22 79
35 23 13
35 24 67
35 25 53
35 26 48
35 27 95
35 28 58
35 29 71
35 30 18
35 31 35
35 32 80
35 33 111
35 34 71
35 36 22
35 37 43
35 38 53
35 39 34
35 40 72
35 41 75
35 42 75
35 43 8
35 44 71
35 45 30
35 46 51
35 47 48
35 48 12
35 49 30
35 50 10
35 51 51
35 52 62
35 53 37
35 54 57
35 55 61
35 56 77
35 57 11
35 58 39
35 59 90
35 60 51
35 61 82
35 62 25
35 63 92
35 64 44
35 65 79
35 66 75
35 67 85
35 68 40
35 69 65
35 70 57
35 71 46
35 72 24
35 73 64
35 74 18
35 75 51
35 76 27
35 77 42
35 78 74
35 79 48
35 80 27
35 81 37
35 82 38
35 83 54
35 84 54
35 85 10
35 86 46
35 87 53
35 88 9
35 89 44
35 90 35
35 91 69
35 92 63
35 93 14
35 94 82
35 95 60
35 96 34
35 97 63
35 98 61
35 99 52
35 100 66
36 0 34
36 1 86
36 2 32
36 3 18
36 4 45
36 5 6
36 6 28
36 7 27
36 8 113
36 9 17
36 10 53
36 11 34
36 12 34
36 13 74
36 14 52
36 15 81
36 16 57
36 17 80
36 18 66
36 19 55
36 20 84
36 21 99
36 22 117
36 23 71
36 24 11
36 25 58
36 26 91
36 27 60
36 28 69
36 29 70
36 30 78
36 31 80
36 32 87
36 33 73
36 34 41
36 35 101
36 37 71
36 38 78
36 39 52
36 40 79
36 41 66
36 42 81
36 43 77
36 44 64
36 45 86
36 46 74
36 47 26
36 48 67
36 49 49
36 50 74
36 51 20
36 52 78
36 53 48
36 54 37
36 55 72
36 56 52
36 57 62
36 58 30
36 59 90
36 60 39
36 61 33
36 62 69
36 63 24
36 64 60
36 65 61
36 66 75
36 67 21
36 68 43
36 69 36
36 70 18
36 71 26
36 72 63
36 73 44
36 74 85
36 75 19
36 76 60
36 77 36
36 78 47
36 79 22
36 80 42
36 81 34
36 82 47
36 83 58
36 84 36
36 85 78
36 86 54
36 87 31
36 88 78
36 89 26
36 90 35
36 91 79
36 92 17
36 93 57
36 94 69
36 95 53
36 96 74
36 97 53
36 98 86
36 99 24
36 100 50
37 0 25
37 1 34
37 2 24
37 3 60
37 4 52
37 5 56
37 6 32
37 7 24
37 8 92
37 9 64
37 10 67
37 11 18
37 12 21
37 13 61
37 14 49
37 15 79
37 16 26
37 17 73
37 18 85
37 19 3
37 20 104
37 21 84
37 22 92
37 23 27
37 24 45
37 25 48
37 26 60
37 27 82
37 28 57
37 29 67
37 30 35
37 31 47
37 32 81
37 33 99
37 34 57
37 35 87
37 36 65
37 38 32
37 39 9
37 40 48
37 41 49
37 42 51
37 43 32
37 44 45
37 45 29
37 46 29
37 47 32
37 48 15
37 49 39
37 50 23
37 51 37
37 52 39
37 53 46
37 54 34
37 55 37
37 56 52
37 57 15
37 58 30
37 59 66
37 60 28
37 61 61
37 62 12
37 63 76
37 64 19
37 65 53
37 66 50
37 67 69
37 68 46
37 69 41
37 70 51
37 71 31
37 72 43
37 73 69
37 74 33
37 75 38
37 76 4
37 77 44
37 78 50
37 79 37
37 80 25
37 81 25
37 82 46
37 83 29
37 84 32
37 85 35
37 86 58
37 87 32
37 88 33
37 89 37
37 90 25
37 91 46
37 92 46
37 93 16
37 94 56
37 95 35
37 96 19
37 97 37
37 98 41
37 99 48
37 100 41
38 0 54
38 1 109
38 2 56
38 3 31
38 4 32
38 5 44
38 6 48
38 7 62
38 8 91
38 9 34
38 10 23
38 11 68
38 12 60
38 13 57
38 14 42
38 15 51
38 16 67
38 17 54
38 18 22
38 19 83
38 20 36
38 21 75
38 22 99
38 23 85
38 24 44
38 25 49
38 26 84
38 27 15
38 28 54
38 29 45
38 30 88
38 31 80
38 32 59
38 33 25
38 34 25
38 35 76
38 36 24
38 37 64
38 39 63
38 40 104
38 41 99
38 42 107
38 43 55
38 44 96
38 45 79
38 46 89
38 47 51
38 48 58
38 49 22
38 50 61
38 51 49
38 52 98
38 53 15
38 54 70
38 55 94
38 56 92
38 57 52
38 58 39
38 59 120
38 60 66
38 61 81
38 62 68
38 63 75
38 64 76
38 65 98
38 66 104
38 67 72
38 68 15
38 69 74
38 70 34
38 71 48
38 72 28
38 73 17
38 74 68
38 75 45
38 76 64
38 77 20
38 78 87
38 79 41
38 80 36
38 81 43
38 82 14
38 83 82
38 84 67
38 85 53
38 86 5
38 87 61
38 88 56
38 89 35
38 90 41
38 91 103
38 92 59
38 93 48
38 94 104
38 95 82
38 96 78
38 97 84
38 98 101
38 99 29
38 100 84
39 0 63
39 1 102
39 2 66
39 3 64
39 4 36
39 5 76
39 6 62
39 7 77
39 8 52
39 9 69
39 10 26
39 11 81
39 12 69
39 13 29
39 14 35
39 15 12
39 16 60
39 17 17
39 18 22
39 19 85
39 20 30
39 21 35
39 22 60
39 23 75
39 24 70
39 25 36
39 26 56
39 27 28
39 28 30
39 29 17
39 30 73
39 31 59
39 32 18
39 33 35
39 34 38
39 35 35
39 36 27
39 37 57
39 38 11
39 40 84
39 41 77
39 42 86
39 43 52
39 44 74
39 45 69
39 46 71
39 47 28
39 48 48
39 49 19
39 50 53
39 51 26
39 52 78
39 53 16
39 54 47
39 55 74
39 56 69
39 57 42
39 58 17
39 59 99
39 60 44
39 61 58
39 62 55
39 63 56
39 64 57
39 65 75
39 66 83
39 67 52
39 68 12
39 69 51
39 70 14
39 71 25
39 72 33
39 73 25
39 74 63
39 75 22
39 76 48
39 77 5
39 78 63
39 79 18
39 80 20
39 81 22
39 82 16
39 83 61
39 84 44
39 85 52
39 86 25
39 87 38
39 88 53
39 89 12
39 90 21
39 91 83
39 92 36
39 93 36
39 94 82
39 95 60
39 96 63
39 97 62
39 98 83
39 99 8
39 100 61
40 0 60
40 1 72
40 2 63
40 3 82
40 4 49
40 5 90
40 6 64
40 7 75
40 8 25
40 9 89
40 10 52
40 11 75
40 12 64
40 13 18
40 14 39
40 15 31
40 16 42
40 17 25
40 18 61
40 19 67
40 20 73
40 21 19
40 22 28
40 23 47
40 24 79
40 25 32
40 26 15
40 27 65
40 28 22
40 29 30
40 30 42
40 31 24
40 32 26
40 33 76
40 34 56
40 35 22
40 36 52
40 37 41
40 38 46
40 39 11
40 41 71
40 42 77
40 43 35
40 44 68
40 45 52
40 46 58
40 47 28
40 48 31
40 49 11
40 50 35
40 51 29
40 52 67
40 53 16
40 54 44
40 55 64
40 56 67
40 57 25
40 58 15
40 59 91
40 60 39
40 61 63
40 62 39
40 63 67
40 64 46
40 65 72
40 66 75
40 67 62
40 68 16
40 69 50
40 70 30
40 71 25
40 72 22
40 73 40
40 74 45
40 75 27
40 76 33
40 77 15
40 78 62
40 79 23
40 80 6
40 81 17
40 82 17
40 83 52
40 84 41
40 85 35
40 86 28
40 87 37
40 88 36
40 89 18
40 90 14
40 91 73
40 92 42
40 93 19
40 94 77
40 95 54
40 96 48
40 97 56
40 98 71
40 99 24
40 100 57
41 0 76
41 1 127
41 2 78
41 3 57
41 4 49
41 5 71
41 6 71
41 7 86
41 8 87
41 9 60
41 10 35
41 11 92
41 12 82
41 13 61
41 14 55
41 15 47
41 16 83
41 17 53
41 18 18
41 19 103
41 20 12
41 21 70
41 22 96
41 23 101
41 24 70
41 25 61
41 26 90
41 27 18
41 28 61
41 29 48
41 30 101
41 31 90
41 32 54
41 33 2
41 34 44
41 35 70
41 36 36
41 37 80
41 38 39
41 39 83
41 40 100
41 42 106
41 43 56
41 44 94
41 45 80
41 46 88
41 47 49
41 48 59
41 49 22
41 50 61
41 51 47
41 52 97
41 53 15
41 54 68
41 55 93
41 56 90
41 57 53
41 58 37
41 59 119
41 60 64
41 61 79
41 62 68
41 63 72
41 64 75
41 65 96
41 66 103
41 67 70
41 68 14
41 69 72
41 70 31
41 71 46
41 72 30
41 73 14
41 74 69
41 75 43
41 76 63
41 77 19
41 78 85
41 79 39
41 80 36
41 81 42
41 82 14
41 83 81
41 84 65
41 85 54
41 86 8
41 87 60
41 88 57
41 89 33
41 90 40
41 91 102
41 92 57
41 93 48
41 94 103
41 95 81
41 96 77
41 97 82
41 98 101
41 99 26
41 100 82
42 0 16
42 1 41
42 2 16
42 3 52
42 4 41
42 5 51
42 6 24
42 7 22
42 8 83
42 9 57
42 10 56
42 11 18
42 12 14
42 13 51
42 14 38
42 15 68
42 16 17
42 17 63
42 18 74
42 19 13
42 20 94
42 21 75
42 22 85
42 23 24
42 24 39
42 25 37
42 26 53
42 27 72
42 28 47
42 29 57
42 30 32
42 31 40
42 32 71
42 33 88
42 34 47
42 35 78
42 36 54
42 37 18
42 38 83
42 39 70
42 40 22
42 41 80
42 43 65
42 44 29
42 45 60
42 46 39
42 47 18
42 48 49
42 49 54
42 50 57
42 51 22
42 52 42
42 53 58
42 54 1
42 55 37
42 56 23
42 57 47
42 58 31
42 59 55
42 60 6
42 61 27
42 62 45
42 63 46
42 64 28
42 65 29
42 66 39
42 67 39
42 68 55
42 69 7
42 70 42
42 71 21
42 72 65
42 73 70
42 74 68
42 75 25
42 76 36
42 77 49
42 78 19
42 79 29
42 80 38
42 81 27
42 82 58
42 83 23
42 84 3
42 85 67
42 86 69
42 87 8
42 88 65
42 89 34
42 90 30
42 91 43
42 92 19
42 93 44
42 94 36
42 95 16
42 96 46
42 97 18
42 98 50
42 99 44
42 100 15
43 0 44
43 1 15
43 2 45
43 3 80
43 4 64
43 5 79
43 6 52
43 7 49
43 8 81
43 9 86
43 10 77
43 11 43
43 12 42
43 13 60
43 14 57
43 15 79
43 16 29
43 17 73
43 18 94
43 19 22
43 20 113
43 21 78
43 22 79
43 23 13
43 24 67
43 25 52
43 26 47
43 27 94
43 28 57
43 29 70
43 30 18
43 31 35
43 32 79
43 33 110
43 34 70
43 35 81
43 36 76
43 37 32
43 38 96
43 39 67
43 40 12
43 41 77
43 42 94
43 44 44
43 45 65
43 46 51
43 47 6
43 48 49
43 49 43
43 50 56
43 51 6
43 52 55
43 53 45
43 54 16
43 55 50
43 56 37
43 57 44
43 58 19
43 59 70
43 60 16
43 61 29
43 62 48
43 63 40
43 64 37
43 65 44
43 66 55
43 67 33
43 68 42
43 69 19
43 70 27
43 71 9
43 72 55
43 73 55
43 74 67
43 75 10
43 76 39
43 77 35
43 78 32
43 79 14
43 80 29
43 81 18
43 82 45
43 83 36
43 84 14
43 85 63
43 86 56
43 87 8
43 88 62
43 89 20
43 90 20
43 91 57
43 92 10
43 93 40
43 94 51
43 95 31
43 96 52
43 97 33
43 98 63
43 99 29
43 100 30
44 0 77
44 1 87
44 2 81
44 3 97
44 4 63
44 5 106
44 6 81
44 7 93
44 8 7
44 9 103
44 10 64
44 11 93
44 12 82
44 13 32
44 14 54
44 15 36
44 16 60
44 17 32
44 18 68
44 19 85
44 20 76
44 21 13
44 22 13
44 23 64
44 24 95
44 25 49
44 26 28
44 27 73
44 28 37
44 29 41
44 30 57
44 31 40
44 32 28
44 33 82
44 34 70
44 35 13
44 36 63
44 37 59
44 38 46
44 39 8
44 40 66
44 41 6
44 42 66
44 43 11
44 45 42
44 46 57
44 47 39
44 48 21
44 49 16
44 50 24
44 51 42
44 52 67
44 53 23
44 54 53
44 55 64
44 56 74
44 57 16
44 58 28
44 59 93
44 60 47
44 61 75
44 62 33
44 63 81
44 64 46
44 65 78
44 66 78
44 67 75
44 68 26
44 69 59
44 70 44
44 71 37
44 72 15
44 73 50
44 74 32
44 75 40
44 76 30
44 77 28
44 78 70
44 79 37
44 80 16
44 81 28
44 82 24
44 83 55
44 84 49
44 85 21
44 86 33
44 87 46
44 88 22
44 89 32
44 90 25
44 91 73
44 92 54
44 93 12
44 94 82
44 95 59
44 96 42
44 97 61
44 98 68
44 99 38
44 100 64
45 0 80
45 1 99
45 2 84
45 3 93
45 4 60
45 5 104
45 6 82
45 7 96
45 8 18
45 9 100
45 10 57
45 11 97
45 12 86
45 13 33
45 14 54
45 15 26
45 16 66
45 17 26
45 18 58
45 19 93
45 20 62
45 21 8
45 22 27
45 23 74
45 24 95
45 25 49
45 26 41
45 27 64
45 28 38
45 29 35
45 30 69
45 31 51
45 32 19
45 33 70
45 34 66
45 35 5
45 36 58
45 37 64
45 38 32
45 39 22
45 40 76
45 41 20
45 42 56
45 43 27
45 44 83
45 46 40
45 47 60
45 48 75
45 49 94
45 50 82
45 51 64
45 52 32
45 53 98
45 54 41
45 55 30
45 56 24
45 57 76
45 58 72
45 59 17
45 60 45
45 61 49
45 62 65
45 63 75
45 64 43
45 65 15
45 66 14
45 67 68
45 68 96
45 69 40
45 70 84
45 71 63
45 72 101
45 73 112
45 74 89
45 75 68
45 76 60
45 77 90
45 78 29
45 79 71
45 80 77
45 81 67
45 82 98
45 83 33
45 84 44
45 85 96
45 86 110
45 87 50
45 88 93
45 89 76
45 90 70
45 91 25
45 92 59
45 93 76
45 94 6
45 95 29
45 96 59
45 97 27
45 98 41
45 99 86
45 100 27
46 0 49
46 1 93
46 2 51
46 3 48
46 4 20
46 5 60
46 6 46
46 7 62
46 8 60
46 9 54
46 10 11
46 11 66
46 12 55
46 13 26
46 14 22
46 15 20
46 16 49
46 17 22
46 18 18
46 19 72
46 20 35
46 21 43
46 22 67
46 23 66
46 24 54
46 25 25
46 26 55
46 27 21
46 28 25
46 29 14
46 30 66
46 31 54
46 32 28
46 33 34
46 34 22
46 35 44
46 36 12
46 37 46
46 38 27
46 39 52
46 40 66
46 41 60
46 42 17
46 43 62
46 44 81
46 45 9
46 47 15
46 48 28
46 49 34
46 50 36
46 51 20
46 52 46
46 53 39
46 54 23
46 55 42
46 56 45
46 57 25
46 58 16
46 59 68
46 60 18
46 61 47
46 62 29
46 63 60
46 64 25
46 65 49
46 66 52
46 67 53
46 68 37
46 69 30
46 70 36
46 71 15
46 72 42
46 73 58
46 74 47
46 75 22
46 76 20
46 77 33
46 78 41
46 79 21
46 80 17
46 81 10
46 82 39
46 83 30
46 84 20
46 85 44
46 86 51
46 87 18
46 88 43
46 89 22
46 90 12
46 91 51
46 92 30
46 93 21
46 94 54
46 95 31
46 96 34
46 97 33
46 98 51
46 99 34
46 100 35
47 0 84
47 1 90
47 2 87
47 3 104
47 4 70
47 5 113
47 6 87
47 7 99
47 8 4
47 9 110
47 10 71
47 11 98
47 12 88
47 13 39
47 14 61
47 15 43
47 16 65
47 17 39
47 18 75
47 19 90
47 20 82
47 21 19
47 22 6
47 23 67
47 24 102
47 25 55
47 26 31
47 27 80
47 28 44
47 29 48
47 30 60
47 31 44
47 32 35
47 33 89
47 34 77
47 35 19
47 36 71
47 37 64
47 38 52
47 39 12
47 40 70
47 41 2
47 42 73
47 43 9
47 44 72
47 45 70
47 46 65
47 48 70
47 49 61
47 50 78
47 51 24
47 52 68
47 53 61
47 54 28
47 55 63
47 56 36
47 57 66
47 58 38
47 59 75
47 60 32
47 61 14
47 62 69
47 63 19
47 64 54
47 65 45
47 66 62
47 67 12
47 68 57
47 69 23
47 70 34
47 71 29
47 72 75
47 73 62
47 74 89
47 75 26
47 76 60
47 77 50
47 78 31
47 79 30
47 80 50
47 81 39
47 82 61
47 83 49
47 84 28
47 85 85
47 86 70
47 87 26
47 88 84
47 89 36
47 90 41
47 91 68
47 92 12
47 93 62
47 94 54
47 95 41
47 96 72
47 97 42
47 98 77
47 99 39
47 100 37
48 0 49
48 1 71
48 2 53
48 3 69
48 4 36
48 5 77
48 6 52
48 7 65
48 8 36
48 9 76
48 10 40
48 11 65
48 12 54
48 13 6
48 14 26
48 15 24
48 16 34
48 17 18
48 18 50
48 19 61
48 20 64
48 21 24
48 22 40
48 23 44
48 24 67
48 25 20
48 26 23
48 27 53
48 28 9
48 29 19
48 30 41
48 31 25
48 32 22
48 33 66
48 34 44
48 35 27
48 36 39
48 37 32
48 38 40
48 39 24
48 40 46
48 41 33
48 42 49
48 43 33
48 44 56
48 45 42
48 46 51
48 47 61
48 49 47
48 50 64
48 51 9
48 52 62
48 53 48
48 54 21
48 55 56
48 56 39
48 57 52
48 58 23
48 59 74
48 60 23
48 61 25
48 62 56
48 63 32
48 64 45
48 65 46
48 66 59
48 67 25
48 68 44
48 69 21
48 70 24
48 71 15
48 72 60
48 73 53
48 74 75
48 75 12
48 76 47
48 77 37
48 78 33
48 79 16
48 80 35
48 81 24
48 82 48
48 83 42
48 84 20
48 85 70
48 86 58
48 87 15
48 88 69
48 89 22
48 90 26
48 91 63
48 92 3
48 93 47
48 94 54
48 95 37
48 96 60
48 97 38
48 98 70
48 99 28
48 100 34
49 0 59
49 1 105
49 2 62
49 3 52
49 4 31
49 5 66
49 6 56
49 7 72
49 8 65
49 9 58
49 10 17
49 11 77
49 12 66
49 13 37
49 14 34
49 15 25
49 16 61
49 17 29
49 18 8
49 19 84
49 20 23
49 21 48
49 22 73
49 23 78
49 24 61
49 25 38
49 26 66
49 27 14
49 28 37
49 29 24
49 30 78
49 31 66
49 32 32
49 33 23
49 34 30
49 35 49
49 36 19
49 37 58
49 38 23
49 39 60
49 40 78
49 41 66
49 42 6
49 43 70
49 44 93
49 45 8
49 46 90
49 47 30
49 48 4
49 50 21
49 51 41
49 52 36
49 53 50
49 54 37
49 55 35
49 56 54
49 57 16
49 58 35
49 59 64
49 60 31
49 61 64
49 62 8
49 63 80
49 64 18
49 65 54
49 66 49
49 67 73
49 68 50
49 69 44
49 70 56
49 71 36
49 72 45
49 73 74
49 74 31
49 75 43
49 76 2
49 77 48
49 78 52
49 79 42
49 80 29
49 81 30
49 82 50
49 83 28
49 84 35
49 85 35
49 86 62
49 87 36
49 88 32
49 89 41
49 90 30
49 91 44
49 92 50
49 93 18
49 94 56
49 95 36
49 96 14
49 97 38
49 98 38
49 99 53
49 100 42
50 0 40
50 1 95
50 2 39
50 3 8
50 4 41
50 5 8
50 6 32
50 7 37
50 8 111
50 9 4
50 10 46
50 11 44
50 12 42
50 13 72
50 14 50
50 15 76
50 16 61
50 17 76
50 18 57
50 19 64
50 20 74
50 21 96
50 22 116
50 23 78
50 24 16
50 25 57
50 26 93
50 27 51
50 28 67
50 29 66
50 30 83
50 31 83
50 32 83
50 33 62
50 34 35
50 35 98
50 36 45
50 37 60
50 38 82
50 39 100
50 40 76
50 41 110
50 42 58
50 43 110
50 44 93
50 45 53
50 46 95
50 47 34
50 48 61
50 49 30
50 51 62
50 52 25
50 53 73
50 54 50
50 55 27
50 56 59
50 57 36
50 58 58
50 59 53
50 60 46
50 61 77
50 62 19
50 63 97
50 64 23
50 65 56
50 66 43
50 67 89
50 68 73
50 69 57
50 70 79
50 71 57
50 72 66
50 73 97
50 74 37
50 75 64
50 76 25
50 77 72
50 78 59
50 79 64
50 80 53
50 81 52
50 82 73
50 83 32
50 84 49
50 85 49
50 86 84
50 87 52
50 88 45
50 89 64
50 90 53
50 91 33
50 92 68
50 93 40
50 94 54
50 95 42
50 96 10
50 97 43
50 98 20
50 99 76
50 100 49
51 0 71
51 1 90
51 2 74
51 3 86
51 4 53
51 5 96
51 6 73
51 7 86
51 8 19
51 9 93
51 10 51
51 11 87
51 12 76
51 13 24
51 14 45
51 15 22
51 16 57
51 17 19
51 18 55
51 19 83
51 20 62
51 21 2
51 22 27
51 23 64
51 24 87
51 25 41
51 26 33
51 27 60
51 28 29
51 29 29
51 30 59
51 31 42
51 32 15
51 33 68
51 34 59
51 35 4
51 36 51
51 37 55
51 38 32
51 39 16
51 40 66
51 41 19
51 42 53
51 43 24
51 44 74
51 45 49
51 46 67
51 47 72
51 48 50
51 49 89
51 50 49
51 52 67
51 53 77
51 54 32
51 55 62
51 56 29
51 57 77
51 58 52
51 59 68
51 60 38
51 61 5
51 62 77
51 63 24
51 64 59
51 65 38
51 66 57
51 67 18
51 68 73
51 69 25
51 70 50
51 71 42
51 72 89
51 73 78
51 74 99
51 75 41
51 76 68
51 77 66
51 78 26
51 79 45
51 80 63
51 81 52
51 82 77
51 83 51
51 84 34
51 85 97
51 86 86
51 87 34
51 88 95
51 89 52
51 90 54
51 91 65
51 92 26
51 93 73
51 94 46
51 95 41
51 96 78
51 97 41
51 98 77
51 99 55
51 100 35
52 0 47
52 1 10
52 2 46
52 3 83
52 4 68
52 5 80
52 6 54
52 7 49
52 8 88
52 9 87
52 10 83
52 11 42
52 12 43
52 13 67
52 14 62
52 15 86
52 16 35
52 17 80
52 18 100
52 19 21
52 20 119
52 21 85
52 22 86
52 23 20
52 24 68
52 25 58
52 26 55
52 27 99
52 28 64
52 29 77
52 30 25
52 31 42
52 32 86
52 33 115
52 34 75
52 35 88
52 36 81
52 37 38
52 38 102
52 39 75
52 40 18
52 41 84
52 42 99
52 43 78
52 44 16
52 45 90
52 46 24
52 47 95
52 48 100
52 49 56
52 50 78
52 51 91
52 53 15
52 54 50
52 55 77
52 56 71
52 57 44
52 58 19
52 59 101
52 60 46
52 61 60
52 62 57
52 63 57
52 64 60
52 65 78
52 66 86
52 67 53
52 68 10
52 69 53
52 70 15
52 71 28
52 72 33
52 73 23
52 74 64
52 75 24
52 76 50
52 77 5
52 78 66
52 79 20
52 80 22
52 81 25
52 82 15
52 83 64
52 84 47
52 85 53
52 86 23
52 87 41
52 88 54
52 89 15
52 90 23
52 91 85
52 92 38
52 93 38
52 94 84
52 95 63
52 96 65
52 97 65
52 98 86
52 99 9
52 100 64
53 0 15
53 1 70
53 2 17
53 3 28
53 4 15
53 5 33
53 6 11
53 7 27
53 8 80
53 9 34
53 10 29
53 11 31
53 12 21
53 13 41
53 14 19
53 15 51
53 16 29
53 17 48
53 18 46
53 19 43
53 20 66
53 21 66
53 22 84
53 23 47
53 24 23
53 25 24
53 26 59
53 27 43
53 28 36
53 29 39
53 30 52
53 31 49
53 32 56
53 33 59
53 34 17
53 35 68
53 36 27
53 37 27
53 38 62
53 39 68
53 40 46
53 41 78
53 42 46
53 43 77
53 44 63
53 45 37
53 46 64
53 47 36
53 48 48
53 49 26
53 50 26
53 51 80
53 52 60
53 54 55
53 55 61
53 56 76
53 57 11
53 58 35
53 59 90
53 60 49
53 61 79
53 62 26
53 63 88
53 64 44
53 65 78
53 66 76
53 67 82
53 68 35
53 69 62
53 70 53
53 71 43
53 72 21
53 73 60
53 74 23
53 75 47
53 76 27
53 77 37
53 78 72
53 79 44
53 80 23
53 81 33
53 82 34
53 83 54
53 84 52
53 85 13
53 86 42
53 87 50
53 88 13
53 89 40
53 90 32
53 91 70
53 92 60
53 93 11
53 94 81
53 95 59
53 96 36
53 97 62
53 98 63
53 99 47
53 100 65
54 0 76
54 1 90
54 2 79
54 3 93
54 4 60
54 5 103
54 6 79
54 7 91
54 8 11
54 9 100
54 10 59
54 11 92
54 12 81
54 13 29
54 14 51
54 15 30
54 16 60
54 17 27
54 18 63
54 19 86
54 20 70
54 21 7
54 22 19
54 23 65
54 24 93
54 25 46
54 26 31
54 27 68
54 28 35
54 29 36
54 30 60
54 31 42
54 32 23
54 33 76
54 34 67
54 35 7
54 36 59
54 37 58
54 38 40
54 39 11
54 40 67
54 41 11
54 42 61
54 43 17
54 44 73
54 45 57
54 46 66
54 47 80
54 48 58
54 49 94
54 50 57
54 51 9
54 52 78
54 53 104
54 55 16
54 56 33
54 57 66
54 58 69
54 59 14
54 60 43
54 61 58
54 62 53
54 63 84
54 64 33
54 65 24
54 66 5
54 67 76
54 68 92
54 69 43
54 70 85
54 71 62
54 72 94
54 73 111
54 74 76
54 75 68
54 76 50
54 77 87
54 78 36
54 79 70
54 80 72
54 81 64
54 82 94
54 83 25
54 84 44
54 85 85
54 86 106
54 87 50
54 88 81
54 89 74
54 90 66
54 91 9
54 92 62
54 93 67
54 94 18
54 95 27
54 96 46
54 97 26
54 98 24
54 99 86
54 100 30
55 0 50
55 1 8
55 2 49
55 3 85
55 4 72
55 5 82
55 6 57
55 7 51
55 8 92
55 9 90
55 10 87
55 11 44
55 12 46
55 13 72
55 14 66
55 15 91
55 16 39
55 17 85
55 18 104
55 19 23
55 20 123
55 21 90
55 22 90
55 23 24
55 24 71
55 25 63
55 26 59
55 27 103
55 28 68
55 29 81
55 30 30
55 31 47
55 32 91
55 33 119
55 34 79
55 35 92
55 36 85
55 37 42
55 38 107
55 39 79
55 40 23
55 41 88
55 42 103
55 43 82
55 44 19
55 45 94
55 46 27
55 47 99
55 48 104
55 49 58
55 50 82
55 51 95
55 52 121
55 53 81
55 54 56
55 56 5
55 57 70
55 58 56
55 59 43
55 60 31
55 61 22
55 62 65
55 63 48
55 64 43
55 65 13
55 66 33
55 67 42
55 68 79
55 69 19
55 70 63
55 71 45
55 72 90
55 73 91
55 74 89
55 75 48
55 76 57
55 77 73
55 78 7
55 79 52
55 80 64
55 81 52
55 82 82
55 83 33
55 84 28
55 85 91
55 86 94
55 87 32
55 88 89
55 89 58
55 90 55
55 91 42
55 92 36
55 93 68
55 94 21
55 95 23
55 96 63
55 97 22
55 98 56
55 99 66
55 100 16
56 0 77
56 1 127
56 2 80
56 3 59
56 4 50
56 5 73
56 6 73
56 7 88
56 8 86
56 9 62
56 10 35
56 11 93
56 12 83
56 13 61
56 14 56
56 15 47
56 16 83
56 17 52
56 18 18
56 19 104
56 20 10
56 21 69
56 22 94
56 23 101
56 24 72
56 25 61
56 26 89
56 27 19
56 28 60
56 29 48
56 30 102
56 31 90
56 32 53
56 33 4
56 34 45
56 35 69
56 36 37
56 37 80
56 38 37
56 39 82
56 40 101
56 41 87
56 42 19
56 43 92
56 44 116
56 45 28
56 46 114
56 47 33
56 48 20
56 49 84
56 50 40
56 51 83
56 52 4
56 53 75
56 54 86
56 55 62
56 57 61
56 58 34
56 59 71
56 60 26
56 61 15
56 62 64
56 63 25
56 64 49
56 65 41
56 66 57
56 67 17
56 68 55
56 69 18
56 70 33
56 71 25
56 72 71
56 73 62
56 74 84
56 75 23
56 76 54
56 77 48
56 78 27
56 79 27
56 80 46
56 81 34
56 82 59
56 83 44
56 84 22
56 85 80
56 86 68
56 87 20
56 88 79
56 89 33
56 90 36
56 91 63
56 92 8
56 93 57
56 94 50
56 95 36
56 96 66
56 97 37
56 98 72
56 99 38
56 100 32
57 0 52
57 1 69
57 2 55
57 3 74
57 4 41
57 5 82
57 6 55
57 7 67
57 8 32
57 9 81
57 10 45
57 11 67
57 12 57
57 13 12
57 14 31
57 15 28
57 16 35
57 17 22
57 18 56
57 19 61
57 20 69
57 21 23
57 22 36
57 23 43
57 24 71
57 25 24
57 26 17
57 27 59
57 28 15
57 29 25
57 30 38
57 31 22
57 32 25
57 33 71
57 34 49
57 35 26
57 36 45
57 37 34
57 38 44
57 39 19
57 40 44
57 41 30
57 42 54
57 43 28
57 44 53
57 45 47
57 46 48
57 47 67
57 48 52
57 49 70
57 50 42
57 51 33
57 52 73
57 53 82
57 54 14
57 55 58
57 56 39
57 58 7
57 59 77
57 60 22
57 61 42
57 62 43
57 63 48
57 64 38
57 65 54
57 66 62
57 67 42
57 68 30
57 69 30
57 70 22
57 71 4
57 72 43
57 73 46
57 74 59
57 75 7
57 76 34
57 77 24
57 78 43
57 79 6
57 80 18
57 81 7
57 82 33
57 83 40
57 84 22
57 85 53
57 86 44
57 87 17
57 88 52
57 89 9
57 90 9
57 91 62
57 92 20
57 93 31
57 94 60
57 95 39
57 96 49
57 97 40
57 98 65
57 99 21
57 100 40
58 0 20
58 1 67
58 2 17
58 3 31
58 4 42
58 5 24
58 6 17
58 7 8
58 8 104
58 9 33
58 10 54
58 11 15
58 12 17
58 13 66
58 14 46
58 15 78
58 16 42
58 17 75
58 18 70
58 19 36
58 20 90
58 21 92
58 22 107
58 23 54
58 24 14
58 25 49
58 26 78
58 27 66
58 28 61
58 29 66
58 30 61
58 31 66
58 32 83
58 33 81
58 34 41
58 35 94
58 36 53
58 37 41
58 38 89
58 39 91
58 40 52
58 41 101
58 42 71
58 43 99
58 44 67
58 45 63
58 46 71
58 47 54
58 48 73
58 49 1
58 50 52
58 51 105
58 52 82
58 53 22
58 54 73
58 55 23
58 56 36
58 57 93
58 59 62
58 60 21
58 61 53
58 62 19
58 63 69
58 64 16
58 65 47
58 66 46
58 67 62
58 68 46
58 69 34
58 70 47
58 71 25
58 72 46
58 73 68
58 74 41
58 75 33
58 76 9
58 77 42
58 78 42
58 79 32
58 80 24
58 81 21
58 82 47
58 83 24
58 84 24
58 85 42
58 86 59
58 87 25
58 88 39
58 89 33
58 90 22
58 91 43
58 92 39
58 93 20
58 94 51
58 95 28
58 96 23
58 97 31
58 98 41
58 99 45
58 100 34
59 0 10
59 1 47
59 2 11
59 3 47
59 4 35
59 5 46
59 6 18
59 7 20
59 8 81
59 9 52
59 10 49
59 11 19
59 12 10
59 13 47
59 14 32
59 15 63
59 16 15
59 17 58
59 18 67
59 19 20
59 20 87
59 21 71
59 22 83
59 23 28
59 24 34
59 25 31
59 26 52
59 27 65
59 28 42
59 29 51
59 30 34
59 31 40
59 32 66
59 33 81
59 34 40
59 35 74
59 36 48
59 37 16
59 38 77
59 39 67
59 40 26
59 41 78
59 42 67
59 43 74
59 44 43
59 45 58
59 46 45
59 47 59
59 48 68
59 49 26
59 50 46
59 51 82
59 52 83
59 53 46
59 54 47
59 55 29
59 56 26
59 57 69
59 58 67
59 60 49
59 61 37
59 62 81
59 63 20
59 64 71
59 65 69
59 66 84
59 67 20
59 68 50
59 69 45
59 70 24
59 71 37
59 72 71
59 73 45
59 74 96
59 75 30
59 76 71
59 77 43
59 78 55
59 79 32
59 80 52
59 81 44
59 82 54
59 83 69
59 84 46
59 85 88
59 86 59
59 87 42
59 88 88
59 89 36
59 90 45
59 91 89
59 92 27
59 93 67
59 94 77
59 95 62
59 96 86
59 97 63
59 98 96
59 99 31
59 100 59
60 0 34
60 1 42
60 2 36
60 3 66
60 4 41
60 5 70
60 6 40
60 7 46
60 8 59
60 9 73
60 10 53
60 11 44
60 12 36
60 13 33
60 14 32
60 15 52
60 16 11
60 17 46
60 18 69
60 19 33
60 20 87
60 21 52
60 22 59
60 23 15
60 24 57
60 25 26
60 26 27
60 27 70
60 28 30
60 29 43
60 30 14
60 31 14
60 32 52
60 33 85
60 34 49
60 35 55
60 36 52
60 37 12
60 38 68
60 39 45
60 40 16
60 41 55
60 42 68
60 43 51
60 44 29
60 45 59
60 46 27
60 47 70
60 48 68
60 49 51
60 50 49
60 51 61
60 52 87
60 53 69
60 54 23
60 55 48
60 56 34
60 57 47
60 58 60
60 59 21
60 61 80
60 62 27
60 63 88
60 64 45
60 65 79
60 66 77
60 67 82
60 68 35
60 69 63
60 70 53
60 71 43
60 72 20
60 73 59
60 74 23
60 75 47
60 76 28
60 77 37
60 78 73
60 79 44
60 80 24
60 81 34
60 82 33
60 83 55
60 84 53
60 85 12
60 86 41
60 87 51
60 88 13
60 89 40
60 90 32
60 91 71
60 92 60
60 93 12
60 94 82
60 95 60
60 96 37
60 97 63
60 98 64
60 99 47
60 100 66
61 0 25
61 1 40
61 2 27
61 3 60
61 4 38
61 5 62
61 6 32
61 7 37
61 8 67
61 9 66
61 10 52
61 11 34
61 12 27
61 13 38
61 14 31
61 15 56
61 16 4
61 17 51
61 18 69
61 19 25
61 20 88
61 21 60
61 22 68
61 23 15
61 24 49
61 25 27
61 26 37
61 27 69
61 28 34
61 29 46
61 30 19
61 31 23
61 32 57
61 33 85
61 34 46
61 35 62
61 36 50
61 37 7
61 38 72
61 39 53
61 40 14
61 41 64
61 42 68
61 43 60
61 44 31
61 45 59
61 46 31
61 47 67
61 48 69
61 49 42
61 50 48
61 51 69
61 52 86
61 53 61
61 54 32
61 55 42
61 56 31
61 57 56
61 58 63
61 59 27
61 60 77
61 62 32
61 63 97
61 64 25
61 65 47
61 66 31
61 67 89
61 68 83
61 69 55
61 70 85
61 71 61
61 72 78
61 73 106
61 74 52
61 75 69
61 76 34
61 77 81
61 78 54
61 79 69
61 80 62
61 81 59
61 82 84
61 83 28
61 84 50
61 85 63
61 86 95
61 87 54
61 88 59
61 89 71
61 90 60
61 91 20
61 92 69
61 93 52
61 94 44
61 95 37
61 96 23
61 97 38
61 98 5
61 99 83
61 100 44
62 0 71
62 1 111
62 2 74
62 3 68
62 4 43
62 5 81
62 6 69
62 7 85
62 8 56
62 9 73
62 10 31
62 11 89
62 12 77
62 13 37
62 14 43
62 15 19
62 16 68
62 17 25
62 18 22
62 19 93
62 20 24
62 21 40
62 22 65
62 23 83
62 24 75
62 25 45
62 26 64
62 27 29
62 28 39
62 29 26
62 30 82
62 31 67
62 32 24
62 33 31
62 34 44
62 35 39
62 36 33
62 37 66
62 38 8
62 39 54
62 40 84
62 41 58
62 42 20
62 43 63
62 44 97
62 45 23
62 46 93
62 47 45
62 48 16
62 49 84
62 50 33
62 51 53
62 52 33
62 53 83
62 54 61
62 55 62
62 56 50
62 57 52
62 58 9
62 59 49
62 60 18
62 61 81
62 63 61
62 64 48
62 65 71
62 66 76
62 67 56
62 68 13
62 69 48
62 70 23
62 71 22
62 72 27
62 73 35
62 74 53
62 75 22
62 76 38
62 77 9
62 78 60
62 79 18
62 80 10
62 81 15
62 82 16
62 83 54
62 84 39
62 85 42
62 86 27
62 87 35
62 88 43
62 89 12
62 90 13
62 91 75
62 92 37
62 93 25
62 94 77
62 95 54
62 96 53
62 97 56
62 98 74
62 99 17
62 100 56
63 0 52
63 1 43
63 2 55
63 3 84
63 4 56
63 5 88
63 6 59
63 7 64
63 8 49
63 9 91
63 10 66
63 11 61
63 12 54
63 13 38
63 14 46
63 15 57
63 16 29
63 17 50
63 18 80
63 19 47
63 20 96
63 21 48
63 22 47
63 23 22
63 24 76
63 25 39
63 26 16
63 27 82
63 28 37
63 29 51
63 30 14
63 31 8
63 32 54
63 33 97
63 34 65
63 35 51
63 36 65
63 37 31
63 38 73
63 39 36
63 40 25
63 41 45
63 42 79
63 43 39
63 44 26
63 45 71
63 46 20
63 47 86
63 48 78
63 49 70
63 50 62
63 51 52
63 52 98
63 53 88
63 54 15
63 55 66
63 56 51
63 57 39
63 58 66
63 59 27
63 60 86
63 61 39
63 62 76
63 64 52
63 65 89
63 66 80
63 67 107
63 68 65
63 69 81
63 70 82
63 71 68
63 72 47
63 73 89
63 74 7
63 75 74
63 76 38
63 77 67
63 78 88
63 79 71
63 80 52
63 81 59
63 82 63
63 83 63
63 84 71
63 85 22
63 86 70
63 87 71
63 88 19
63 89 68
63 90 58
63 91 72
63 92 84
63 93 36
63 94 90
63 95 72
63 96 34
63 97 74
63 98 59
63 99 77
63 100 79
64 0 68
64 1 66
64 2 71
64 3 95
64 4 62
64 5 101
64 6 73
64 7 82
64 8 26
64 9 101
64 10 68
64 11 80
64 12 71
64 13 34
64 14 52
64 15 48
64 16 47
64 17 42
64 18 78
64 19 69
64 20 89
64 21 31
64 22 24
64 23 45
64 24 90
64 25 45
64 26 10
64 27 81
64 28 37
64 29 47
64 30 38
64 31 23
64 32 42
64 33 93
64 34 71
64 35 33
64 36 67
64 37 47
64 38 62
64 39 16
64 40 48
64 41 22
64 42 76
64 43 15
64 44 49
64 45 70
64 46 41
64 47 89
64 48 74
64 49 87
64 50 64
64 51 30
64 52 95
64 53 102
64 54 15
64 55 78
64 56 60
64 57 18
64 58 57
64 59 30
64 60 81
64 61 60
64 62 82
64 63 60
64 65 79
64 66 70
64 67 97
64 68 60
64 69 70
64 70 74
64 71 58
64 72 44
64 73 84
64 74 7
64 75 65
64 76 28
64 77 61
64 78 77
64 79 62
64 80 44
64 81 50
64 82 58
64 83 53
64 84 61
64 85 22
64 86 67
64 87 61
64 88 18
64 89 60
64 90 49
64 91 62
64 92 74
64 93 28
64 94 79
64 95 61
64 96 24
64 97 63
64 98 50
64 99 69
64 100 68
65 0 42
65 1 90
65 2 45
65 3 40
65 4 14
65 5 52
65 6 40
65 7 55
65 8 66
65 9 46
65 10 3
65 11 60
65 12 49
65 13 31
65 14 19
65 15 28
65 16 46
65 17 29
65 18 19
65 19 68
65 20 39
65 21 50
65 22 73
65 23 64
65 24 46
65 25 24
65 26 58
65 27 19
65 28 28
65 29 20
65 30 65
65 31 55
65 32 35
65 33 35
65 34 14
65 35 51
65 36 3
65 37 43
65 38 35
65 39 58
65 40 64
65 41 66
65 42 19
65 43 68
65 44 79
65 45 9
65 46 78
65 47 25
65 48 20
65 49 54
65 50 3
65 51 65
65 52 36
65 53 54
65 54 53
65 55 32
65 56 22
65 57 58
65 58 26
65 59 37
65 60 28
65 61 56
65 62 22
65 63 34
65 64 68
65 66 64
65 67 86
65 68 52
65 69 60
65 70 64
65 71 48
65 72 39
65 73 76
65 74 15
65 75 54
65 76 18
65 77 52
65 78 68
65 79 52
65 80 34
65 81 40
65 82 50
65 83 44
65 84 50
65 85 21
65 86 60
65 87 50
65 88 18
65 89 50
65 90 39
65 91 56
65 92 63
65 93 18
65 94 72
65 95 52
65 96 19
65 97 54
65 98 47
65 99 60
65 100 58
66 0 55
66 1 109
66 2 57
66 3 36
66 4 30
66 5 50
66 6 50
66 7 65
66 8 85
66 9 40
66 10 18
66 11 71
66 12 61
66 13 51
66 14 39
66 15 44
66 16 65
66 17 47
66 18 14
66 19 83
66 20 30
66 21 68
66 22 92
66 23 83
66 24 49
66 25 45
66 26 79
66 27 8
66 28 49
66 29 39
66 30 85
66 31 76
66 32 52
66 33 20
66 34 24
66 35 69
66 36 19
66 37 62
66 38 43
66 39 78
66 40 83
66 41 85
66 42 16
66 43 88
66 44 99
66 45 17
66 46 98
66 47 10
66 48 20
66 49 61
66 50 22
66 51 82
66 52 20
66 53 52
66 54 75
66 55 39
66 56 38
66 57 78
66 58 38
66 59 58
66 60 22
66 61 72
66 62 20
66 63 50
66 64 88
66 65 51
66 67 89
66 68 49
66 69 65
66 70 64
66 71 50
66 72 34
66 73 74
66 74 11
66 75 56
66 76 23
66 77 50
66 78 73
66 79 53
66 80 34
66 81 41
66 82 47
66 83 51
66 84 55
66 85 14
66 86 56
66 87 54
66 88 10
66 89 50
66 90 40
66 91 64
66 92 66
66 93 18
66 94 78
66 95 58
66 96 26
66 97 60
66 98 54
66 99 59
66 100 64
67 0 64
67 1 105
67 2 67
67 3 62
67 4 36
67 5 75
67 6 63
67 7 78
67 8 56
67 9 68
67 10 25
67 11 82
67 12 71
67 13 33
67 14 37
67 15 16
67 16 62
67 17 22
67 18 18
67 19 87
67 20 26
67 21 39
67 22 64
67 23 78
67 24 69
67 25 39
67 26 60
67 27 25
67 28 34
67 29 21
67 30 77
67 31 63
67 32 23
67 33 31
67 34 38
67 35 39
67 36 26
67 37 60
67 38 12
67 39 52
67 40 79
67 41 57
67 42 16
67 43 61
67 44 92
67 45 18
67 46 88
67 47 41
67 48 13
67 49 77
67 50 26
67 51 53
67 52 32
67 53 77
67 54 57
67 55 56
67 56 44
67 57 51
67 58 7
67 59 44
67 60 18
67 61 75
67 62 44
67 63 55
67 64 62
67 65 35
67 66 37
67 68 26
67 69 62
67 70 46
67 71 39
67 72 12
67 73 50
67 74 33
67 75 42
67 76 33
67 77 28
67 78 73
67 79 39
67 80 19
67 81 30
67 82 23
67 83 58
67 84 52
67 85 20
67 86 32
67 87 49
67 88 21
67 89 34
67 90 28
67 91 76
67 92 56
67 93 15
67 94 85
67 95 62
67 96 44
67 97 64
67 98 71
67 99 39
67 100 67
68 0 27
68 1 33
68 2 29
68 3 63
68 4 45
68 5 64
68 6 35
68 7 36
68 8 73
68 9 69
68 10 59
68 11 32
68 12 27
68 13 45
68 14 38
68 15 64
68 16 11
68 17 58
68 18 76
68 19 18
68 20 95
68 21 66
68 22 73
68 23 11
68 24 51
68 25 35
68 26 41
68 27 75
68 28 41
68 29 54
68 30 18
68 31 27
68 32 65
68 33 92
68 34 52
68 35 69
68 36 57
68 37 14
68 38 80
68 39 59
68 40 9
68 41 69
68 42 76
68 43 65
68 44 26
68 45 66
68 46 28
68 47 73
68 48 76
68 49 42
68 50 55
68 51 75
68 52 93
68 53 63
68 54 37
68 55 45
68 56 37
68 57 62
68 58 71
68 59 34
68 60 84
68 61 10
68 62 61
68 63 27
68 64 63
68 65 42
68 66 42
68 67 50
68 69 27
68 70 62
68 71 50
68 72 97
68 73 90
68 74 101
68 75 50
68 76 69
68 77 75
68 78 21
68 79 54
68 80 70
68 81 58
68 82 86
68 83 48
68 84 37
68 85 101
68 86 96
68 87 39
68 88 100
68 89 61
68 90 61
68 91 58
68 92 36
68 93 78
68 94 36
68 95 38
68 96 77
68 97 37
68 98 72
68 99 66
68 100 31
69 0 18
69 1 62
69 2 21
69 3 41
69 4 16
69 5 46
69 6 20
69 7 33
69 8 68
69 9 47
69 10 30
69 11 35
69 12 24
69 13 30
69 14 12
69 15 43
69 16 19
69 17 39
69 18 48
69 19 39
69 20 67
69 21 56
69 22 72
69 23 37
69 24 35
69 25 13
69 26 46
69 27 47
69 28 25
69 29 31
69 30 41
69 31 37
69 32 47
69 33 63
69 34 23
69 35 58
69 36 29
69 37 16
69 38 57
69 39 55
69 40 37
69 41 66
69 42 48
69 43 64
69 44 53
69 45 38
69 46 53
69 47 44
69 48 48
69 49 35
69 50 26
69 51 68
69 52 64
69 53 47
69 54 40
69 55 23
69 56 8
69 57 57
69 58 48
69 59 26
69 60 57
69 61 27
69 62 33
69 63 7
69 64 64
69 65 27
69 66 29
69 67 36
69 68 30
69 70 42
69 71 27
69 72 73
69 73 71
69 74 80
69 75 28
69 76 48
69 77 53
69 78 15
69 79 32
69 80 47
69 81 35
69 82 64
69 83 33
69 84 15
69 85 78
69 86 74
69 87 16
69 88 77
69 89 38
69 90 38
69 91 51
69 92 15
69 93 55
69 94 38
69 95 25
69 96 59
69 97 25
69 98 61
69 99 46
69 100 20
70 0 49
70 1 43
70 2 51
70 3 81
70 4 53
70 5 84
70 6 55
70 7 61
70 8 50
70 9 87
70 10 64
70 11 58
70 12 50
70 13 36
70 14 43
70 15 55
70 16 26
70 17 49
70 18 78
70 19 44
70 20 94
70 21 48
70 22 49
70 23 20
70 24 72
70 25 36
70 26 17
70 27 79
70 28 35
70 29 49
70 30 13
70 31 6
70 32 53
70 33 94
70 34 62
70 35 51
70 36 62
70 37 27
70 38 71
70 39 37
70 40 22
70 41 46
70 42 77
70 43 40
70 44 26
70 45 68
70 46 20
70 47 82
70 48 76
70 49 66
70 50 59
70 51 53
70 52 96
70 53 84
70 54 15
70 55 63
70 56 48
70 57 40
70 58 64
70 59 25
70 60 84
70 61 36
70 62 73
70 63 43
70 64 39
70 65 34
70 66 32
70 67 72
70 68 67
70 69 37
70 71 45
70 72 41
70 73 76
70 74 19
70 75 51
70 76 14
70 77 51
70 78 64
70 79 50
70 80 33
70 81 37
70 82 51
70 83 40
70 84 47
70 85 25
70 86 61
70 87 47
70 88 21
70 89 48
70 90 37
70 91 53
70 92 60
70 93 17
70 94 68
70 95 48
70 96 16
70 97 50
70 98 44
70 99 58
70 100 55
71 0 39
71 1 36
71 2 41
71 3 73
71 4 48
71 5 75
71 6 46
71 7 50
71 8 60
71 9 79
71 10 61
71 11 47
71 12 40
71 13 39
71 14 40
71 15 58
71 16 16
71 17 52
71 18 76
71 19 33
71 20 94
71 21 56
71 22 59
71 23 10
71 24 63
71 25 34
71 26 27
71 27 77
71 28 36
71 29 49
71 30 7
71 31 14
71 32 57
71 33 92
71 34 56
71 35 59
71 36 59
71 37 18
71 38 74
71 39 46
71 40 12
71 41 56
71 42 75
71 43 51
71 44 22
71 45 67
71 46 20
71 47 78
71 48 75
71 49 56
71 50 56
71 51 63
71 52 94
71 53 75
71 54 23
71 55 55
71 56 42
71 57 49
71 58 66
71 59 27
71 60 83
71 61 25
71 62 67
71 63 35
71 64 49
71 65 36
71 66 35
71 67 63
71 68 58
71 69 47
71 70 61
71 72 85
71 73 71
71 74 98
71 75 36
71 76 68
71 77 60
71 78 32
71 79 40
71 80 60
71 81 49
71 82 71
71 83 54
71 84 35
71 85 94
71 86 80
71 87 34
71 88 93
71 89 47
71 90 51
71 91 71
71 92 22
71 93 71
71 94 53
71 95 45
71 96 79
71 97 45
71 98 82
71 99 49
71 100 40
72 0 38
72 1 84
72 2 36
72 3 29
72 4 54
72 5 16
72 6 33
72 7 27
72 8 120
72 9 27
72 10 63
72 11 32
72 12 36
72 13 82
72 14 60
72 15 91
72 16 61
72 17 88
72 18 77
72 19 54
72 20 95
72 21 107
72 22 124
72 23 73
72 24 19
72 25 65
72 26 97
72 27 71
72 28 77
72 29 79
72 30 80
72 31 85
72 32 96
72 33 84
72 34 51
72 35 109
72 36 62
72 37 60
72 38 99
72 39 108
72 40 71
72 41 118
72 42 78
72 43 117
72 44 86
72 45 71
72 46 90
72 47 56
72 48 81
72 49 20
72 50 62
72 51 121
72 52 85
72 53 13
72 54 91
72 55 33
72 56 51
72 57 110
72 58 91
72 59 78
72 60 86
72 61 53
72 62 46
72 63 46
72 64 116
72 65 79
72 66 82
72 67 16
72 68 23
72 69 115
72 70 16
72 71 31
72 73 93
72 74 54
72 75 53
72 76 27
72 77 68
72 78 37
72 79 54
72 80 51
72 81 45
72 82 73
72 83 11
72 84 33
72 85 62
72 86 85
72 87 37
72 88 58
72 89 57
72 90 47
72 91 17
72 92 52
72 93 45
72 94 32
72 95 20
72 96 24
72 97 21
72 98 17
72 99 69
72 100 27
73 0 75
73 1 109
73 2 78
73 3 77
73 4 49
73 5 90
73 6 74
73 7 90
73 8 45
73 9 83
73 10 40
73 11 93
73 12 81
73 13 35
73 14 46
73 15 15
73 16 69
73 17 21
73 18 34
73 19 95
73 20 35
73 21 29
73 22 54
73 23 82
73 24 83
73 25 46
73 26 58
73 27 40
73 28 38
73 29 27
73 30 79
73 31 63
73 32 17
73 33 44
73 34 52
73 35 29
73 36 41
73 37 66
73 38 5
73 39 44
73 40 83
73 41 47
73 42 32
73 43 53
73 44 95
73 45 33
73 46 90
73 47 57
73 48 28
73 49 90
73 50 40
73 51 41
73 52 45
73 53 92
73 54 56
73 55 69
73 56 55
73 57 43
73 58 12
73 59 46
73 60 30
73 61 82
73 62 59
73 63 65
73 64 54
73 65 38
73 66 38
73 67 86
73 68 79
73 69 56
73 70 89
73 71 74
73 72 53
73 74 70
73 75 21
73 76 53
73 77 12
73 78 63
73 79 18
73 80 27
73 81 26
73 82 22
73 83 64
73 84 44
73 85 59
73 86 29
73 87 39
73 88 61
73 89 14
73 90 25
73 91 85
73 92 33
73 93 43
73 94 82
73 95 61
73 96 69
73 97 63
73 98 87
73 99 3
73 100 61
74 0 56
74 1 82
74 2 60
74 3 71
74 4 37
74 5 81
74 6 58
74 7 72
74 8 33
74 9 78
74 10 37
74 11 73
74 12 62
74 13 9
74 14 30
74 15 14
74 16 44
74 17 8
74 18 44
74 19 71
74 20 55
74 21 17
74 22 39
74 23 55
74 24 71
74 25 26
74 26 31
74 27 48
74 28 14
74 29 14
74 30 52
74 31 36
74 32 11
74 33 59
74 34 44
74 35 20
74 36 37
74 37 42
74 38 29
74 39 24
74 40 57
74 41 32
74 42 42
74 43 34
74 44 67
74 45 37
74 46 62
74 47 59
74 48 40
74 49 74
74 50 35
74 51 32
74 52 61
74 53 82
74 54 29
74 55 57
74 56 39
74 57 24
74 58 24
74 59 20
74 60 47
74 61 59
74 62 55
74 63 46
74 64 35
74 65 13
74 66 12
74 67 73
74 68 66
74 69 35
74 70 75
74 71 67
74 72 59
74 73 52
74 75 11
74 76 45
74 77 15
74 78 53
74 79 8
74 80 21
74 81 17
74 82 26
74 83 53
74 84 34
74 85 56
74 86 35
74 87 29
74 88 57
74 89 5
74 90 16
74 91 75
74 92 25
74 93 37
74 94 72
74 95 51
74 96 60
74 97 53
74 98 77
74 99 8
74 100 51
75 0 42
75 1 15
75 2 42
75 3 78
75 4 63
75 5 76
75 6 50
75 7 45
75 8 85
75 9 83
75 10 78
75 11 39
75 12 39
75 13 62
75 14 57
75 15 81
75 16 30
75 17 75
75 18 95
75 19 18
75 20 114
75 21 81
75 22 83
75 23 15
75 24 64
75 25 53
75 26 51
75 27 94
75 28 59
75 29 72
75 30 22
75 31 38
75 32 82
75 33 110
75 34 70
75 35 84
75 36 76
75 37 33
75 38 97
75 39 71
75 40 14
75 41 80
75 42 94
75 43 75
75 44 16
75 45 85
75 46 23
75 47 90
75 48 95
75 49 53
75 50 73
75 51 87
75 52 112
75 53 75
75 54 48
75 55 61
75 56 55
75 57 74
75 58 89
75 59 51
75 60 103
75 61 22
75 62 78
75 63 44
75 64 73
75 65 59
75 66 59
75 67 62
75 68 61
75 69 71
75 70 59
75 71 76
75 72 98
75 73 18
75 74 67
75 76 77
75 77 74
75 78 33
75 79 54
75 80 72
75 81 61
75 82 85
75 83 59
75 84 43
75 85 106
75 86 94
75 87 44
75 88 105
75 89 60
75 90 63
75 91 72
75 92 35
75 93 82
75 94 51
75 95 49
75 96 87
75 97 48
75 98 85
75 99 63
75 100 42
76 0 45
76 1 56
76 2 48
76 3 72
76 4 41
76 5 78
76 6 50
76 7 59
76 8 42
76 9 79
76 10 50
76 11 58
76 12 48
76 13 20
76 14 31
76 15 40
76 16 24
76 17 33
76 18 63
76 19 49
76 20 78
76 21 36
76 22 43
76 23 30
76 24 66
76 25 24
76 26 14
76 27 65
76 28 20
76 29 33
76 30 25
76 31 9
76 32 38
76 33 79
76 34 50
76 35 39
76 36 48
76 37 24
76 38 56
76 39 28
76 40 31
76 41 39
76 42 62
76 43 35
76 44 40
76 45 54
76 46 35
76 47 70
76 48 60
76 49 63
76 50 46
76 51 44
76 52 81
76 53 78
76 54 9
76 55 55
76 56 37
76 57 31
76 58 49
76 59 10
76 60 68
76 61 39
76 62 61
76 63 36
76 64 34
76 65 19
76 66 17
76 67 67
76 68 61
76 69 33
76 70 66
76 71 69
76 72 74
76 73 27
76 74 32
76 75 73
76 77 11
76 78 60
76 79 15
76 80 25
76 81 23
76 82 22
76 83 61
76 84 42
76 85 58
76 86 30
76 87 36
76 88 59
76 89 11
76 90 22
76 91 83
76 92 31
76 93 41
76 94 79
76 95 59
76 96 66
76 97 60
76 98 84
76 99 1
76 100 59
77 0 70
77 1 114
77 2 73
77 3 64
77 4 42
77 5 77
77 6 68
77 7 83
77 8 64
77 9 69
77 10 28
77 11 88
77 12 77
77 13 42
77 14 44
77 15 25
77 16 70
77 17 31
77 18 15
77 19 94
77 20 17
77 21 47
77 22 72
77 23 86
77 24 72
77 25 47
77 26 70
77 27 22
77 28 43
77 29 29
77 30 86
77 31 72
77 32 31
77 33 23
77 34 41
77 35 47
77 36 30
77 37 67
77 38 15
77 39 61
77 40 87
77 41 65
77 42 14
77 43 70
77 44 101
77 45 20
77 46 97
77 47 40
77 48 10
77 49 82
77 50 31
77 51 60
77 52 25
77 53 79
77 54 67
77 55 60
77 56 50
77 57 59
77 58 15
77 59 53
77 60 10
77 61 82
77 62 45
77 63 61
77 64 71
77 65 44
77 66 46
77 67 76
77 68 69
77 69 72
77 70 80
77 71 60
77 72 34
77 73 84
77 74 33
77 75 63
77 76 40
77 78 7
77 79 41
77 80 50
77 81 39
77 82 70
77 83 21
77 84 15
77 85 77
77 86 81
77 87 20
77 88 75
77 89 46
77 90 42
77 91 37
77 92 28
77 93 54
77 94 24
77 95 12
77 96 50
77 97 11
77 98 47
77 99 55
77 100 5
78 0 50
78 1 77
78 2 53
78 3 66
78 4 32
78 5 75
78 6 52
78 7 65
78 8 38
78 9 72
78 10 34
78 11 67
78 12 55
78 13 2
78 14 24
78 15 17
78 16 38
78 17 11
78 18 43
78 19 64
78 20 57
78 21 23
78 22 43
78 23 50
78 24 65
78 25 19
78 26 30
78 27 47
78 28 7
78 29 12
78 30 47
78 31 32
78 32 17
78 33 59
78 34 39
78 35 26
78 36 34
78 37 36
78 38 34
78 39 27
78 40 51
78 41 36
78 42 42
78 43 37
78 44 62
78 45 35
78 46 58
78 47 56
78 48 40
78 49 67
78 50 31
78 51 37
78 52 61
78 53 76
78 54 26
78 55 52
78 56 33
78 57 28
78 58 26
78 59 14
78 60 48
78 61 52
78 62 50
78 63 39
78 64 37
78 65 6
78 66 6
78 67 67
78 68 60
78 69 38
78 70 68
78 71 62
78 72 57
78 73 47
78 74 16
78 75 66
78 76 16
78 77 22
78 79 28
78 80 19
78 81 16
78 82 42
78 83 28
78 84 24
78 85 40
78 86 54
78 87 23
78 88 38
78 89 28
78 90 17
78 91 48
78 92 36
78 93 17
78 94 54
78 95 32
78 96 28
78 97 34
78 98 46
78 99 40
78 100 36
79 0 69
79 1 70
79 2 72
79 3 94
79 4 61
79 5 101
79 6 73
79 7 83
79 8 22
79 9 101
79 10 66
79 11 82
79 12 72
79 13 32
79 14 51
79 15 44
79 16 48
79 17 38
79 18 74
79 19 71
79 20 86
79 21 26
79 22 20
79 23 48
79 24 90
79 25 44
79 26 12
79 27 78
79 28 35
79 29 44
79 30 41
79 31 25
79 32 38
79 33 90
79 34 69
79 35 28
79 36 65
79 37 48
79 38 58
79 39 11
79 40 51
79 41 18
79 42 73
79 43 12
79 44 53
79 45 67
79 46 46
79 47 87
79 48 71
79 49 87
79 50 62
79 51 26
79 52 91
79 53 101
79 54 16
79 55 77
79 56 59
79 57 14
79 58 54
79 59 29
79 60 77
79 61 62
79 62 81
79 63 60
79 64 10
79 65 33
79 66 29
79 67 91
79 68 85
79 69 9
79 70 90
79 71 90
79 72 89
79 73 45
79 74 48
79 75 94
79 76 45
79 77 53
79 78 58
79 80 45
79 81 33
79 82 59
79 83 42
79 84 20
79 85 79
79 86 68
79 87 18
79 88 78
79 89 33
79 90 36
79 91 60
79 92 8
79 93 56
79 94 48
79 95 34
79 96 64
79 97 34
79 98 69
79 99 39
79 100 30
80 0 79
80 1 121
80 2 82
80 3 72
80 4 51
80 5 86
80 6 77
80 7 92
80 8 64
80 9 77
80 10 37
80 11 97
80 12 85
80 13 48
80 14 52
80 15 29
80 16 78
80 17 36
80 18 23
80 19 103
80 20 16
80 21 48
80 22 73
80 23 94
80 24 81
80 25 54
80 26 74
80 27 30
80 28 49
80 29 36
80 30 92
80 31 78
80 32 34
80 33 27
80 34 50
80 35 48
80 36 39
80 37 75
80 38 15
80 39 63
80 40 94
80 41 66
80 42 22
80 43 72
80 44 108
80 45 29
80 46 104
80 47 47
80 48 19
80 49 91
80 50 40
80 51 60
80 52 28
80 53 88
80 54 72
80 55 69
80 56 58
80 57 62
80 58 20
80 59 59
80 60 16
80 61 90
80 62 54
80 63 70
80 64 73
80 65 50
80 66 52
80 67 85
80 68 78
80 69 74
80 70 89
80 71 69
80 72 41
80 73 91
80 74 41
80 75 72
80 76 48
80 77 28
80 78 14
80 79 67
80 81 44
80 82 57
80 83 42
80 84 52
80 85 28
80 86 67
80 87 53
80 88 24
80 89 55
80 90 44
80 91 52
80 92 66
80 93 24
80 94 69
80 95 51
80 96 14
80 97 53
80 98 41
80 99 65
80 100 58
81 0 28
81 1 29
81 2 28
81 3 64
81 4 52
81 5 61
81 6 35
81 7 31
81 8 86
81 9 69
81 10 67
81 11 25
81 12 25
81 13 58
81 14 48
81 15 76
81 16 22
81 17 70
81 18 84
81 19 6
81 20 104
81 21 79
81 22 86
81 23 19
81 24 50
81 25 45
81 26 54
81 27 83
81 28 53
81 29 65
81 30 27
81 31 40
81 32 77
81 33 99
81 34 58
81 35 82
81 36 65
81 37 25
81 38 91
81 39 72
81 40 16
81 41 82
81 42 84
81 43 77
81 44 29
81 45 75
81 46 34
81 47 78
81 48 85
81 49 38
81 50 63
81 51 88
81 52 101
81 53 60
81 54 50
81 55 47
81 56 44
81 57 75
81 58 82
81 59 47
81 60 93
81 61 9
81 62 65
81 63 32
81 64 76
81 65 54
81 66 55
81 67 48
81 68 46
81 69 74
81 70 44
81 71 62
81 72 86
81 73 21
81 74 58
81 75 65
81 76 52
81 77 71
81 78 89
81 79 61
81 80 72
81 82 32
81 83 38
81 84 31
81 85 35
81 86 44
81 87 28
81 88 34
81 89 23
81 90 12
81 91 58
81 92 38
81 93 12
81 94 63
81 95 41
81 96 34
81 97 43
81 98 55
81 99 34
81 100 45
82 0 28
82 1 84
82 2 29
82 3 17
82 4 17
82 5 28
82 6 22
82 7 36
82 8 86
82 9 24
82 10 23
82 11 42
82 12 33
82 13 47
82 14 26
82 15 52
82 16 44
82 17 51
82 18 38
82 19 56
82 20 57
82 21 71
82 22 92
82 23 62
82 24 22
82 25 33
82 26 70
82 27 33
82 28 43
82 29 41
82 30 66
82 31 62
82 32 58
82 33 48
82 34 11
82 35 73
82 36 22
82 37 41
82 38 59
82 39 76
82 40 61
82 41 85
82 42 38
82 43 85
82 44 78
82 45 31
82 46 78
82 47 22
82 48 41
82 49 32
82 50 22
82 51 85
82 52 49
82 53 29
82 54 64
82 55 10
82 56 19
82 57 76
82 58 51
82 59 48
82 60 47
82 61 47
82 62 10
82 63 25
82 64 85
82 65 45
82 66 49
82 67 25
82 68 19
82 69 85
82 70 29
82 71 13
82 72 31
82 73 61
82 74 33
82 75 17
82 76 33
82 77 39
82 78 56
82 79 11
82 80 48
82 81 17
82 83 28
82 84 8
82 85 59
82 86 59
82 87 3
82 88 58
82 89 24
82 90 20
82 91 49
82 92 17
82 93 36
82 94 45
82 95 24
82 96 44
82 97 26
82 98 54
82 99 35
82 100 25
83 0 19
83 1 76
83 2 20
83 3 18
83 4 22
83 5 23
83 6 12
83 7 25
83 8 90
83 9 24
83 10 32
83 11 31
83 12 23
83 13 51
83 14 29
83 15 58
83 16 39
83 17 56
83 18 48
83 19 47
83 20 68
83 21 76
83 22 94
83 23 56
83 24 13
83 25 34
83 26 69
83 27 44
83 28 46
83 29 47
83 30 61
83 31 60
83 32 64
83 33 59
83 34 19
83 35 78
83 36 31
83 37 37
83 38 68
83 39 78
83 40 54
83 41 88
83 42 49
83 43 87
83 44 71
83 45 41
83 46 73
83 47 33
83 48 51
83 49 21
83 50 31
83 51 89
83 52 60
83 53 24
83 54 64
83 55 1
83 56 19
83 57 79
83 58 59
83 59 49
83 60 58
83 61 39
83 62 20
83 63 20
83 64 87
83 65 48
83 66 51
83 67 16
83 68 9
83 69 86
83 70 19
83 71 15
83 72 42
83 73 55
83 74 39
83 75 19
83 76 37
83 77 47
83 78 65
83 79 14
83 80 54
83 81 15
83 82 29
83 84 45
83 85 42
83 86 21
83 87 41
83 88 43
83 89 16
83 90 19
83 91 81
83 92 42
83 93 28
83 94 83
83 95 60
83 96 57
83 97 62
83 98 79
83 99 18
83 100 62
84 0 65
84 1 105
84 2 68
84 3 64
84 4 38
84 5 77
84 6 63
84 7 79
84 8 53
84 9 70
84 10 27
84 11 83
84 12 71
84 13 32
84 14 37
84 15 14
84 16 62
84 17 20
84 18 21
84 19 87
84 20 28
84 21 37
84 22 62
84 23 77
84 24 71
84 25 39
84 26 59
84 27 27
84 28 33
84 29 20
84 30 76
84 31 62
84 32 21
84 33 33
84 34 39
84 35 37
84 36 28
84 37 59
84 38 10
84 39 50
84 40 78
84 41 55
84 42 19
84 43 59
84 44 91
84 45 20
84 46 87
84 47 43
84 48 15
84 49 78
84 50 28
84 51 50
84 52 35
84 53 79
84 54 56
84 55 57
84 56 44
84 57 49
84 58 4
84 59 43
84 60 20
84 61 75
84 62 45
84 63 55
84 64 60
84 65 34
84 66 36
84 67 74
84 68 67
84 69 61
84 70 77
84 71 61
84 72 40
84 73 75
84 74 25
84 75 64
84 76 32
84 77 13
84 78 6
84 79 58
84 80 15
84 81 49
84 82 87
84 83 11
84 85 27
84 86 59
84 87 43
84 88 24
84 89 44
84 90 33
84 91 51
84 92 56
84 93 15
84 94 65
84 95 44
84 96 16
84 97 47
84 98 43
84 99 55
84 100 51
85 0 32
85 1 89
85 2 32
85 3 9
85 4 24
85 5 21
85 6 25
85 7 36
85 8 94
85 9 16
85 10 29
85 11 43
85 12 36
85 13 55
85 14 34
85 15 59
85 16 50
85 17 58
85 18 42
85 19 60
85 20 60
85 21 79
85 22 100
85 23 68
85 24 18
85 25 41
85 26 77
85 27 36
85 28 51
85 29 49
85 30 72
85 31 69
85 32 66
85 33 50
85 34 18
85 35 81
85 36 28
85 37 48
85 38 65
85 39 83
85 40 66
85 41 93
85 42 43
85 43 93
85 44 83
85 45 36
85 46 84
85 47 22
85 48 46
85 49 31
85 50 29
85 51 93
85 52 51
85 53 23
85 54 72
85 55 12
85 56 26
85 57 84
85 58 57
85 59 56
85 60 51
85 61 51
85 62 11
85 63 31
85 64 93
85 65 53
85 66 56
85 67 22
85 68 17
85 69 92
85 70 27
85 71 6
85 72 32
85 73 67
85 74 41
85 75 10
85 76 41
85 77 46
85 78 62
85 79 3
85 80 55
85 81 23
85 82 37
85 83 58
85 84 75
85 86 24
85 87 47
85 88 30
85 89 28
85 90 25
85 91 80
85 92 52
85 93 20
85 94 86
85 95 63
85 96 50
85 97 65
85 98 76
85 99 32
85 100 67
86 0 53
86 1 58
86 2 56
86 3 80
86 4 49
86 5 86
86 6 58
86 7 67
86 8 36
86 9 87
86 10 56
86 11 66
86 12 57
86 13 24
86 14 39
86 15 42
86 16 32
86 17 35
86 18 68
86 19 56
86 20 82
86 21 33
86 22 36
86 23 34
86 24 75
86 25 31
86 26 6
86 27 71
86 28 25
86 29 37
86 30 28
86 31 11
86 32 38
86 33 84
86 34 57
86 35 35
86 36 55
86 37 32
86 38 57
86 39 22
86 40 36
86 41 32
86 42 67
86 43 27
86 44 42
86 45 59
86 46 36
86 47 77
86 48 65
86 49 72
86 50 52
86 51 38
86 52 86
86 53 87
86 54 1
86 55 63
86 56 45
86 57 25
86 58 51
86 59 16
86 60 73
86 61 46
86 62 69
86 63 45
86 64 26
86 65 23
86 66 21
86 67 76
86 68 70
86 69 25
86 70 75
86 71 77
86 72 80
86 73 31
86 74 38
86 75 81
86 76 34
86 77 47
86 78 57
86 79 74
86 80 40
86 81 49
86 82 80
86 83 44
86 84 28
86 85 38
86 87 14
86 88 75
86 89 36
86 90 35
86 91 51
86 92 13
86 93 53
86 94 39
86 95 25
86 96 57
86 97 25
86 98 60
86 99 43
86 100 20
87 0 71
87 1 118
87 2 73
87 3 59
87 4 42
87 5 73
87 6 67
87 7 83
87 8 72
87 9 64
87 10 28
87 11 88
87 12 77
87 13 48
87 14 46
87 15 33
87 16 74
87 17 39
87 18 11
87 19 96
87 20 10
87 21 56
87 22 81
87 23 91
87 24 70
87 25 50
87 26 77
87 27 17
87 28 48
87 29 35
87 30 91
87 31 78
87 32 40
87 33 14
87 34 40
87 35 56
87 36 30
87 37 71
87 38 24
87 39 69
87 40 91
87 41 74
87 42 10
87 43 78
87 44 106
87 45 19
87 46 102
87 47 34
87 48 9
87 49 80
87 50 31
87 51 69
87 52 16
87 53 75
87 54 73
87 55 58
87 56 51
87 57 68
87 58 24
87 59 59
87 60 1
87 61 84
87 62 41
87 63 63
87 64 79
87 65 50
87 66 52
87 67 74
87 68 67
87 69 80
87 70 78
87 71 57
87 72 27
87 73 88
87 74 37
87 75 59
87 76 44
87 77 26
87 78 21
87 79 55
87 80 33
87 81 54
87 82 88
87 83 30
87 84 55
87 85 82
87 86 28
87 88 47
87 89 22
87 90 13
87 91 49
87 92 27
87 93 25
87 94 51
87 95 28
87 96 36
87 97 30
87 98 51
87 99 34
87 100 31
88 0 60
88 1 108
88 2 63
88 3 50
88 4 32
88 5 64
88 6 57
88 7 72
88 8 70
88 9 55
88 10 17
88 11 77
88 12 66
88 13 41
88 14 36
88 15 30
88 16 64
88 17 34
88 18 3
88 19 86
88 20 21
88 21 53
88 22 78
88 23 81
88 24 60
88 25 41
88 26 70
88 27 9
88 28 41
88 29 28
88 30 82
88 31 70
88 32 37
88 33 19
88 34 29
88 35 54
88 36 19
88 37 61
88 38 27
88 39 65
88 40 81
88 41 71
88 42 1
88 43 75
88 44 96
88 45 9
88 46 94
88 47 26
88 48 3
88 49 70
88 50 21
88 51 68
88 52 20
88 53 66
88 54 66
88 55 48
88 56 40
88 57 64
88 58 22
88 59 51
88 60 10
88 61 74
88 62 32
88 63 52
88 64 75
88 65 42
88 66 45
88 67 63
88 68 57
88 69 76
88 70 67
88 71 47
88 72 22
88 73 79
88 74 28
88 75 50
88 76 35
88 77 19
88 78 23
88 79 45
88 80 28
88 81 44
88 82 77
88 83 27
88 84 52
88 85 72
88 86 17
88 87 93
88 89 25
88 90 29
88 91 91
88 92 50
88 93 37
88 94 93
88 95 71
88 96 66
88 97 73
88 98 90
88 99 21
88 100 73
89 0 61
89 1 58
89 2 64
89 3 89
89 4 58
89 5 95
89 6 66
89 7 74
89 8 34
89 9 96
89 10 65
89 11 73
89 12 64
89 13 32
89 14 48
89 15 48
89 16 39
89 17 42
89 18 76
89 19 60
89 20 90
89 21 35
89 22 32
89 23 37
89 24 83
89 25 40
89 26 4
89 27 79
89 28 34
89 29 45
89 30 30
89 31 15
89 32 44
89 33 92
89 34 66
89 35 38
89 36 64
89 37 39
89 38 64
89 39 22
89 40 39
89 41 30
89 42 75
89 43 23
89 44 41
89 45 68
89 46 34
89 47 86
89 48 73
89 49 79
89 50 61
89 51 37
89 52 94
89 53 95
89 54 9
89 55 72
89 56 54
89 57 24
89 58 58
89 59 25
89 60 81
89 61 52
89 62 78
89 63 53
89 64 22
89 65 32
89 66 29
89 67 84
89 68 78
89 69 20
89 70 83
89 71 86
89 72 89
89 73 34
89 74 47
89 75 90
89 76 43
89 77 55
89 78 64
89 79 83
89 80 47
89 81 58
89 82 88
89 83 51
89 84 32
89 85 44
89 86 67
89 87 62
89 88 92
89 90 23
89 91 40
89 92 35
89 93 25
89 94 46
89 95 24
89 96 26
89 97 26
89 98 40
89 99 45
89 100 29
90 0 25
90 1 45
90 2 27
90 3 58
90 4 34
90 5 61
90 6 31
90 7 38
90 8 64
90 9 64
90 10 48
90 11 36
90 12 27
90 13 33
90 14 27
90 15 51
90 16 3
90 17 46
90 18 64
90 19 29
90 20 83
90 21 56
90 22 65
90 23 19
90 24 48
90 25 22
90 26 35
90 27 64
90 28 29
90 29 41
90 30 22
90 31 22
90 32 53
90 33 80
90 34 42
90 35 58
90 36 46
90 37 3
90 38 67
90 39 50
90 40 19
90 41 61
90 42 64
90 43 57
90 44 35
90 45 54
90 46 34
90 47 63
90 48 64
90 49 43
90 50 43
90 51 65
90 52 81
90 53 60
90 54 29
90 55 39
90 56 27
90 57 53
90 58 58
90 59 23
90 60 72
90 61 17
90 62 52
90 63 19
90 64 56
90 65 29
90 66 30
90 67 48
90 68 44
90 69 54
90 70 47
90 71 55
90 72 69
90 73 17
90 74 36
90 75 58
90 76 29
90 77 48
90 78 65
90 79 52
90 80 48
90 81 27
90 82 51
90 83 53
90 84 50
90 85 11
90 86 49
90 87 34
90 88 76
90 89 63
90 91 45
90 92 31
90 93 24
90 94 48
90 95 25
90 96 31
90 97 28
90 98 45
90 99 40
90 100 30
91 0 27
91 1 31
91 2 26
91 3 62
91 4 52
91 5 59
91 6 34
91 7 28
91 8 88
91 9 67
91 10 67
91 11 23
91 12 23
91 13 59
91 14 48
91 15 77
91 16 23
91 17 71
91 18 85
91 19 3
91 20 104
91 21 81
91 22 88
91 23 22
91 24 48
91 25 46
91 26 56
91 27 83
91 28 55
91 29 66
91 30 30
91 31 42
91 32 79
91 33 99
91 34 57
91 35 84
91 36 65
91 37 26
91 38 92
91 39 74
91 40 19
91 41 84
91 42 84
91 43 80
91 44 31
91 45 75
91 46 37
91 47 77
91 48 85
91 49 36
91 50 63
91 51 90
91 52 100
91 53 58
91 54 52
91 55 46
91 56 44
91 57 77
91 58 83
91 59 49
91 60 93
91 61 10
91 62 64
91 63 32
91 64 78
91 65 55
91 66 56
91 67 46
91 68 45
91 69 76
91 70 42
91 71 61
91 72 85
91 73 24
91 74 59
91 75 64
91 76 52
91 77 72
91 78 90
91 79 59
91 80 73
91 81 41
91 82 41
91 83 78
91 84 76
91 85 15
91 86 68
91 87 9
91 88 94
91 89 63
91 90 43
91 92 82
91 93 33
91 94 90
91 95 71
91 96 35
91 97 74
91 98 61
91 99 73
91 100 78
92 0 86
92 1 86
92 2 89
92 3 109
92 4 75
92 5 117
92 6 90
92 7 101
92 8 12
92 9 115
92 10 77
92 11 100
92 12 90
92 13 44
92 14 66
92 15 50
92 16 66
92 17 46
92 18 83
92 19 89
92 20 90
92 21 27
92 22 3
92 23 66
92 24 106
92 25 59
92 26 30
92 27 88
92 28 49
92 29 54
92 30 59
92 31 44
92 32 43
92 33 97
92 34 83
92 35 27
92 36 77
92 37 66
92 38 60
92 39 16
92 40 69
92 41 9
92 42 81
92 43 7
92 44 69
92 45 77
92 46 62
92 47 99
92 48 78
92 49 105
92 50 74
92 51 16
92 52 98
92 53 118
92 54 35
92 55 93
92 56 75
92 57 16
92 58 59
92 59 45
92 60 83
92 61 80
92 62 94
92 63 77
92 64 8
92 65 47
92 66 43
92 67 107
92 68 101
92 69 10
92 70 107
92 71 105
92 72 99
92 73 63
92 74 60
92 75 109
92 76 59
92 77 62
92 78 62
92 79 102
92 80 51
92 81 79
92 82 114
92 83 53
92 84 28
92 85 72
92 86 79
92 87 91
92 88 99
92 89 118
92 90 46
92 91 78
92 93 24
92 94 55
92 95 36
92 96 7
92 97 38
92 98 32
92 99 60
92 100 43
93 0 13
93 1 54
93 2 16
93 3 44
93 4 24
93 5 47
93 6 18
93 7 28
93 8 71
93 9 50
93 10 39
93 11 29
93 12 18
93 13 36
93 14 20
93 15 51
93 16 13
93 17 46
93 18 56
93 19 31
93 20 76
93 21 60
93 22 74
93 23 31
93 24 35
93 25 20
93 26 46
93 27 55
93 28 30
93 29 39
93 30 35
93 31 35
93 32 54
93 33 71
93 34 31
93 35 63
93 36 37
93 37 10
93 38 65
93 39 58
93 40 29
93 41 69
93 42 56
93 43 66
93 44 47
93 45 47
93 46 47
93 47 51
93 48 57
93 49 32
93 50 35
93 51 72
93 52 73
93 53 47
93 54 40
93 55 26
93 56 16
93 57 60
93 58 55
93 59 29
93 60 65
93 61 19
93 62 39
93 63 6
93 64 65
93 65 32
93 66 34
93 67 35
93 68 30
93 69 64
93 70 35
93 71 41
93 72 59
93 73 30
93 74 32
93 75 45
93 76 25
93 77 44
93 78 62
93 79 39
93 80 47
93 81 15
93 82 40
93 83 52
93 84 55
93 85 18
93 86 40
93 87 37
93 88 67
93 89 49
93 90 42
93 91 49
93 92 48
93 94 81
93 95 59
93 96 57
93 97 61
93 98 79
93 99 15
93 100 61
94 0 65
94 1 76
94 2 68
94 3 86
94 4 52
94 5 94
94 6 68
94 7 80
94 8 20
94 9 93
94 10 55
94 11 80
94 12 69
94 13 22
94 14 43
94 15 31
94 16 47
94 17 26
94 18 62
94 19 72
94 20 73
94 21 15
94 22 23
94 23 52
94 24 83
94 25 37
94 26 18
94 27 67
94 28 26
94 29 32
94 30 46
94 31 29
94 32 25
94 33 77
94 34 60
94 35 18
94 36 54
94 37 46
94 38 45
94 39 7
94 40 54
94 41 17
94 42 61
94 43 17
94 44 60
94 45 55
94 46 53
94 47 76
94 48 58
94 49 83
94 50 52
94 51 21
94 52 79
94 53 95
94 54 19
94 55 70
94 56 52
94 57 8
94 58 41
94 59 23
94 60 65
94 61 61
94 62 71
94 63 55
94 64 17
94 65 24
94 66 20
94 67 85
94 68 79
94 69 17
94 70 85
94 71 82
94 72 78
94 73 49
94 74 37
94 75 86
94 76 36
94 77 41
94 78 46
94 79 79
94 80 31
94 81 56
94 82 92
94 83 34
94 84 11
94 85 54
94 86 57
94 87 75
94 88 79
94 89 95
94 90 36
94 91 68
94 92 68
94 93 51
94 95 44
94 96 54
94 97 46
94 98 70
94 99 15
94 100 45
95 0 43
95 1 14
95 2 43
95 3 79
95 4 66
95 5 76
95 6 51
95 7 45
95 8 90
95 9 84
95 10 81
95 11 38
95 12 40
95 13 67
95 14 61
95 15 86
95 16 33
95 17 80
95 18 98
95 19 17
95 20 117
95 21 86
95 22 88
95 23 21
95 24 65
95 25 57
95 26 57
95 27 97
95 28 63
95 29 76
95 30 27
95 31 44
95 32 86
95 33 113
95 34 72
95 35 89
95 36 79
95 37 36
95 38 102
95 39 76
95 40 19
95 41 86
95 42 98
95 43 80
95 44 20
95 45 88
95 46 27
95 47 93
95 48 98
95 49 52
95 50 76
95 51 93
95 52 115
95 53 75
95 54 53
95 55 63
95 56 58
95 57 79
95 58 93
95 59 55
95 60 106
95 61 24
95 62 80
95 63 47
95 64 78
95 65 63
95 66 64
95 67 62
95 68 61
95 69 76
95 70 58
95 71 77
95 72 100
95 73 24
95 74 70
95 75 80
95 76 63
95 77 83
95 78 100
95 79 76
95 80 82
95 81 56
95 82 56
95 83 88
95 84 81
95 85 25
95 86 82
95 87 11
95 88 109
95 89 79
95 90 40
95 91 14
95 92 90
95 93 89
95 94 48
95 96 75
95 97 85
95 98 100
95 99 33
95 100 85
96 0 52
96 1 43
96 2 54
96 3 84
96 4 57
96 5 88
96 6 58
96 7 64
96 8 50
96 9 91
96 10 67
96 11 61
96 12 54
96 13 38
96 14 47
96 15 57
96 16 29
96 17 51
96 18 81
96 19 46
96 20 97
96 21 49
96 22 48
96 23 22
96 24 76
96 25 40
96 26 17
96 27 83
96 28 38
96 29 51
96 30 14
96 31 9
96 32 55
96 33 97
96 34 65
96 35 52
96 36 66
96 37 30
96 38 73
96 39 37
96 40 24
96 41 46
96 42 80
96 43 39
96 44 26
96 45 71
96 46 19
96 47 86
96 48 79
96 49 69
96 50 63
96 51 53
96 52 99
96 53 88
96 54 16
96 55 66
96 56 51
96 57 40
96 58 67
96 59 28
96 60 87
96 61 39
96 62 76
96 63 46
96 64 38
96 65 37
96 66 35
96 67 76
96 68 71
96 69 35
96 70 74
96 71 81
96 72 91
96 73 19
96 74 50
96 75 85
96 76 44
96 77 61
96 78 73
96 79 79
96 80 55
96 81 53
96 82 77
96 83 60
96 84 45
96 85 31
96 86 69
96 87 47
96 88 95
96 89 90
96 90 1
96 91 34
96 92 80
96 93 69
96 94 61
96 95 55
96 97 77
96 98 98
96 99 18
96 100 76
97 0 58
97 1 100
97 2 61
97 3 56
97 4 30
97 5 69
97 6 56
97 7 72
97 8 57
97 9 62
97 10 19
97 11 75
97 12 64
97 13 29
97 14 30
97 15 16
97 16 56
97 17 20
97 18 16
97 19 81
97 20 29
97 21 40
97 22 65
97 23 73
97 24 63
97 25 33
97 26 58
97 27 22
97 28 29
97 29 16
97 30 72
97 31 59
97 32 24
97 33 31
97 34 31
97 35 41
97 36 20
97 37 54
97 38 18
97 39 51
97 40 73
97 41 57
97 42 15
97 43 61
97 44 87
97 45 13
97 46 84
97 47 36
97 48 12
97 49 71
97 50 20
97 51 54
97 52 33
97 53 71
97 54 54
97 55 49
97 56 37
97 57 51
97 58 10
97 59 40
97 60 19
97 61 68
97 62 38
97 63 48
97 64 62
97 65 31
97 66 33
97 67 66
97 68 59
97 69 63
97 70 69
97 71 53
97 72 34
97 73 70
97 74 19
97 75 56
97 76 26
97 77 7
97 78 14
97 79 50
97 80 15
97 81 41
97 82 79
97 83 14
97 84 38
97 85 65
97 86 20
97 87 87
97 88 33
97 89 68
97 90 69
97 91 93
97 92 28
97 93 7
97 94 63
97 95 58
97 96 54
97 98 30
97 99 56
97 100 34
98 0 28
98 1 72
98 2 25
98 3 33
98 4 50
98 5 23
98 6 25
98 7 15
98 8 112
98 9 34
98 10 61
98 11 20
98 12 25
98 13 75
98 14 54
98 15 86
98 16 50
98 17 83
98 18 77
98 19 41
98 20 96
98 21 100
98 22 116
98 23 61
98 24 18
98 25 58
98 26 87
98 27 72
98 28 69
98 29 74
98 30 69
98 31 74
98 32 91
98 33 86
98 34 48
98 35 103
98 36 59
98 37 50
98 38 96
98 39 100
98 40 59
98 41 110
98 42 77
98 43 108
98 44 74
98 45 69
98 46 78
98 47 58
98 48 80
98 49 10
98 50 59
98 51 113
98 52 87
98 53 21
98 54 81
98 55 30
98 56 45
98 57 101
98 58 87
98 59 70
98 60 86
98 61 41
98 62 47
98 63 38
98 64 107
98 65 71
98 66 74
98 67 14
98 68 20
98 69 106
98 70 10
98 71 34
98 72 68
98 73 62
98 74 65
98 75 34
98 76 62
98 77 75
98 78 93
98 79 35
98 80 82
98 81 39
98 82 2
98 83 86
98 84 95
98 85 48
98 86 60
98 87 47
98 88 78
98 89 26
98 90 79
98 91 71
98 92 61
98 93 74
98 94 20
98 95 116
98 96 67
98 97 50
98 99 80
98 100 81
99 0 32
99 1 86
99 2 33
99 3 23
99 4 12
99 5 34
99 6 26
99 7 41
99 8 81
99 9 29
99 10 16
99 11 47
99 12 37
99 13 43
99 14 22
99 15 45
99 16 44
99 17 45
99 18 31
99 19 59
99 20 51
99 21 65
99 22 87
99 23 62
99 24 28
99 25 30
99 26 67
99 27 27
99 28 38
99 29 35
99 30 66
99 31 60
99 32 52
99 33 43
99 34 4
99 35 67
99 36 15
99 37 41
99 38 52
99 39 71
99 40 61
99 41 80
99 42 32
99 43 80
99 44 78
99 45 24
99 46 78
99 47 20
99 48 35
99 49 38
99 50 15
99 51 80
99 52 44
99 53 36
99 54 61
99 55 16
99 56 17
99 57 71
99 58 44
99 59 45
99 60 41
99 61 49
99 62 8
99 63 27
99 64 80
99 65 40
99 66 44
99 67 32
99 68 25
99 69 80
99 70 36
99 71 19
99 72 27
99 73 61
99 74 27
99 75 23
99 76 28
99 77 32
99 78 49
99 79 16
99 80 42
99 81 17
99 82 46
99 83 44
99 84 61
99 85 50
99 86 15
99 87 67
99 88 37
99 89 34
99 90 69
99 91 81
99 92 18
99 93 29
99 94 33
99 95 84
99 96 52
99 97 16
99 98 64
99 100 29
100 0 69
100 1 103
100 2 73
100 3 74
100 4 44
100 5 86
100 6 69
100 7 84
100 8 41
100 9 80
100 10 36
100 11 87
100 12 75
100 13 28
100 14 41
100 15 9
100 16 62
100 17 15
100 18 33
100 19 88
100 20 38
100 21 25
100 22 50
100 23 75
100 24 79
100 25 40
100 26 51
100 27 40
100 28 31
100 29 20
100 30 72
100 31 57
100 32 10
100 33 45
100 34 48
100 35 25
100 36 37
100 37 60
100 38 9
100 39 39
100 40 76
100 41 43
100 42 31
100 43 48
100 44 88
100 45 31
100 46 83
100 47 55
100 48 28
100 49 84
100 50 36
100 51 38
100 52 47
100 53 87
100 54 49
100 55 65
100 56 49
100 57 38
100 58 9
100 59 39
100 60 32
100 61 76
100 62 56
100 63 59
100 64 49
100 65 31
100 66 31
100 67 82
100 68 74
100 69 51
100 70 84
100 71 70
100 72 52
100 73 72
100 74 28
100 75 74
100 76 34
100 77 19
100 78 10
100 79 68
100 80 13
100 81 54
100 82 93
100 83 8
100 84 25
100 85 71
100 86 38
100 87 94
100 88 49
100 89 85
100 90 66
100 91 95
100 92 46
100 93 25
100 94 76
100 95 42
100 96 54
100 97 43
100 98 65
100 99 56