100 5
19
48
75
87
21
83
16
48
56
80
45
83
14
52
95
48
64
90
27
75
74
82
7
57
80
19
58
13
89
38
35
39
85
72
42
38
60
37
49
22
61
27
97
32
50
93
53
67
1
80
23
17
1
88
99
47
94
65
66
30
37
44
19
62
97
90
26
20
96
99
77
73
19
81
80
56
11
92
15
27
89
22
1
31
72
16
1
44
60
55
77
36
86
23
98
50
47
89
36
7
0 1 43
0 2 72
0 3 89
0 4 51
0 5 65
0 6 74
0 7 64
0 8 74
0 9 23
0 10 74
0 11 19
0 12 46
0 13 54
0 14 33
0 15 29
0 16 48
0 17 46
0 18 45
0 19 43
0 20 63
0 21 22
0 22 40
0 23 14
0 24 79
0 25 89
0 26 67
0 27 51
0 28 26
0 29 27
0 30 51
0 31 74
0 32 71
0 33 78
0 34 51
0 35 21
0 36 60
0 37 87
0 38 67
0 39 50
0 40 84
0 41 87
0 42 35
0 43 75
0 44 58
0 45 83
0 46 21
0 47 68
0 48 62
0 49 69
0 50 65
0 51 30
0 52 26
0 53 82
0 54 16
0 55 61
0 56 27
0 57 73
0 58 21
0 59 67
0 60 21
0 61 60
0 62 59
0 63 50
0 64 69
0 65 21
0 66 46
0 67 47
0 68 13
0 69 30
0 70 56
0 71 19
0 72 13
0 73 34
0 74 47
0 75 25
0 76 44
0 77 2
0 78 104
0 79 26
0 80 81
0 81 63
0 82 80
0 83 67
0 84 74
0 85 61
0 86 40
0 87 14
0 88 63
0 89 72
0 90 8
0 91 71
0 92 74
0 93 28
0 94 47
0 95 48
0 96 29
0 97 42
0 98 73
0 99 84
0 100 14
1 0 14
1 2 14
1 3 14
1 4 38
1 5 16
1 6 27
1 7 26
1 8 48
1 9 12
1 10 100
1 11 102
1 12 53
1 13 81
1 14 91
1 15 53
1 16 27
1 17 82
1 18 64
1 19 43
1 20 88
1 21 41
1 22 71
1 23 24
1 24 71
1 25 36
1 26 68
1 27 40
1 28 30
1 29 99
1 30 33
1 31 91
1 32 80
1 33 88
1 34 33
1 35 41
1 36 63
1 37 47
1 38 76
1 39 24
1 40 52
1 41 49
1 42 69
1 43 16
1 44 54
1 45 75
1 46 39
1 47 76
1 48 10
1 49 88
1 50 72
1 51 23
1 52 28
1 53 64
1 54 67
1 55 91
1 56 45
1 57 71
1 58 34
1 59 49
1 60 15
1 61 68
1 62 85
1 63 72
1 64 16
1 65 92
1 66 48
1 67 58
1 68 62
1 69 42
1 70 33
1 71 66
1 72 68
1 73 30
1 74 92
1 75 86
1 76 63
1 77 30
1 78 64
1 79 53
1 80 77
1 81 46
1 82 72
1 83 8
1 84 68
1 85 32
1 86 27
1 87 99
1 88 18
1 89 56
1 90 65
1 91 82
1 92 86
1 93 84
1 94 6
1 95 12
1 96 48
1 97 86
1 98 47
1 99 48
1 100 54
2 0 27
2 1 37
2 3 73
2 4 73
2 5 73
2 6 73
2 7 82
2 8 84
2 9 11
2 10 56
2 11 41
2 12 29
2 13 97
2 14 94
2 15 75
2 16 69
2 17 108
2 18 58
2 19 61
2 20 90
2 21 95
2 22 51
2 23 91
2 24 53
2 25 74
2 26 35
2 27 84
2 28 63
2 29 86
2 30 23
2 31 9
2 32 93
2 33 67
2 34 103
2 35 91
2 36 88
2 37 70
2 38 78
2 39 46
2 40 51
2 41 104
2 42 60
2 43 28
2 44 40
2 45 69
2 46 22
2 47 30
2 48 82
2 49 76
2 50 71
2 51 28
2 52 114
2 53 61
2 54 36
2 55 66
2 56 56
2 57 98
2 58 104
2 59 24
2 60 97
2 61 71
2 62 74
2 63 28
2 64 82
2 65 77
2 66 100
2 67 44
2 68 89
2 69 52
2 70 47
2 71 78
2 72 76
2 73 50
2 74 91
2 75 99
2 76 66
2 77 116
2 78 110
2 79 72
2 80 54
2 81 77
2 82 88
2 83 98
2 84 8
2 85 101
2 86 29
2 87 60
2 88 18
2 89 64
2 90 91
2 91 53
2 92 90
2 93 84
2 94 76
2 95 76
2 96 104
2 97 37
2 98 50
2 99 71
2 100 88
3 0 82
3 1 72
3 2 88
3 4 65
3 5 15
3 6 89
3 7 89
3 8 89
3 9 89
3 10 80
3 11 74
3 12 37
3 13 61
3 14 28
3 15 62
3 16 29
3 17 31
3 18 46
3 19 18
3 20 55
3 21 21
3 22 68
3 23 28
3 24 75
3 25 30
3 26 24
3 27 33
3 28 12
3 29 48
3 30 34
3 31 55
3 32 42
3 33 46
3 34 63
3 35 27
3 36 71
3 37 45
3 38 33
3 39 20
3 40 91
3 41 94
3 42 29
3 43 24
3 44 74
3 45 73
3 46 45
3 47 28
3 48 5
3 49 68
3 50 44
3 51 22
3 52 96
3 53 4
3 54 72
3 55 77
3 56 14
3 57 49
3 58 85
3 59 14
3 60 77
3 61 46
3 62 45
3 63 67
3 64 83
3 65 52
3 66 59
3 67 35
3 68 15
3 69 71
3 70 59
3 71 21
3 72 24
3 73 23
3 74 37
3 75 73
3 76 42
3 77 59
3 78 78
3 79 75
3 80 73
3 81 67
3 82 23
3 83 52
3 84 31
3 85 81
3 86 54
3 87 71
3 88 76
3 89 71
3 90 10
3 91 52
3 92 82
3 93 28
3 94 69
3 95 79
3 96 44
3 97 11
3 98 18
3 99 58
3 100 66
4 0 78
4 1 48
4 2 20
4 3 79
4 5 51
4 6 79
4 7 88
4 8 53
4 9 42
4 10 42
4 11 42
4 12 42
4 13 71
4 14 73
4 15 78
4 16 33
4 17 68
4 18 55
4 19 94
4 20 102
4 21 30
4 22 92
4 23 59
4 24 56
4 25 23
4 26 66
4 27 16
4 28 50
4 29 78
4 30 46
4 31 66
4 32 51
4 33 52
4 34 23
4 35 43
4 36 74
4 37 75
4 38 96
4 39 17
4 40 65
4 41 60
4 42 80
4 43 35
4 44 31
4 45 85
4 46 57
4 47 29
4 48 27
4 49 85
4 50 70
4 51 70
4 52 64
4 53 86
4 54 63
4 55 35
4 56 79
4 57 60
4 58 42
4 59 83
4 60 49
4 61 32
4 62 77
4 63 18
4 64 65
4 65 79
4 66 27
4 67 23
4 68 23
4 69 55
4 70 48
4 71 89
4 72 26
4 73 39
4 74 88
4 75 56
4 76 76
4 77 42
4 78 8
4 79 40
4 80 27
4 81 19
4 82 21
4 83 49
4 84 45
4 85 54
4 86 31
4 87 48
4 88 6
4 89 42
4 90 91
4 91 24
4 92 58
4 93 78
4 94 70
4 95 31
4 96 101
4 97 33
4 98 6
4 99 39
4 100 85
5 0 93
5 1 47
5 2 47
5 3 42
5 4 27
5 6 77
5 7 7
5 8 24
5 9 5
5 10 36
5 11 75
5 12 47
5 13 47
5 14 47
5 15 47
5 16 10
5 17 15
5 18 50
5 19 37
5 20 59
5 21 22
5 22 94
5 23 98
5 24 39
5 25 80
5 26 78
5 27 47
5 28 10
5 29 72
5 30 48
5 31 38
5 32 80
5 33 34
5 34 64
5 35 25
5 36 60
5 37 21
5 38 55
5 39 47
5 40 43
5 41 94
5 42 17
5 43 79
5 44 69
5 45 81
5 46 25
5 47 31
5 48 66
5 49 43
5 50 59
5 51 9
5 52 59
5 53 51
5 54 64
5 55 30
5 56 61
5 57 66
5 58 30
5 59 72
5 60 26
5 61 72
5 62 71
5 63 23
5 64 19
5 65 63
5 66 51
5 67 79
5 68 52
5 69 55
5 70 21
5 71 34
5 72 24
5 73 56
5 74 82
5 75 55
5 76 10
5 77 86
5 78 44
5 79 59
5 80 50
5 81 26
5 82 25
5 83 50
5 84 52
5 85 15
5 86 77
5 87 71
5 88 54
5 89 18
5 90 53
5 91 37
5 92 63
5 93 59
5 94 55
5 95 24
5 96 66
5 97 41
5 98 16
5 99 95
5 100 2
6 0 40
6 1 52
6 2 78
6 3 84
6 4 69
6 5 14
6 7 13
6 8 34
6 9 78
6 10 31
6 11 33
6 12 38
6 13 21
6 14 46
6 15 60
6 16 60
6 17 60
6 18 60
6 19 73
6 20 69
6 21 44
6 22 65
6 23 66
6 24 12
6 25 53
6 26 66
6 27 37
6 28 70
6 29 2
6 30 50
6 31 69
6 32 26
6 33 46
6 34 55
6 35 38
6 36 54
6 37 41
6 38 74
6 39 23
6 40 55
6 41 21
6 42 86
6 43 99
6 44 58
6 45 67
6 46 12
6 47 21
6 48 43
6 49 90
6 50 88
6 51 80
6 52 57
6 53 36
6 54 75
6 55 92
6 56 72
6 57 49
6 58 95
6 59 92
6 60 32
6 61 92
6 62 55
6 63 96
6 64 31
6 65 67
6 66 73
6 67 85
6 68 65
6 69 46
6 70 12
6 71 88
6 72 33
6 73 78
6 74 42
6 75 84
6 76 25
6 77 62
6 78 37
6 79 73
6 80 51
6 81 56
6 82 71
6 83 29
6 84 63
6 85 58
6 86 31
6 87 46
6 88 73
6 89 23
6 90 20
6 91 36
6 92 60
6 93 30
6 94 62
6 95 15
6 96 112
6 97 42
6 98 94
6 99 63
6 100 89
7 0 83
7 1 66
7 2 76
7 3 58
7 4 25
7 5 58
7 6 67
7 8 12
7 9 84
7 10 89
7 11 42
7 12 40
7 13 65
7 14 43
7 15 59
7 16 90
7 17 92
7 18 18
7 19 18
7 20 18
7 21 18
7 22 57
7 23 64
7 24 88
7 25 14
7 26 20
7 27 82
7 28 26
7 29 50
7 30 42
7 31 30
7 32 64
7 33 13
7 34 54
7 35 42
7 36 70
7 37 16
7 38 42
7 39 20
7 40 26
7 41 28
7 42 40
7 43 44
7 44 45
7 45 26
7 46 43
7 47 47
7 48 58
7 49 57
7 50 44
7 51 40
7 52 76
7 53 80
7 54 20
7 55 9
7 56 73
7 57 58
7 58 29
7 59 9
7 60 20
7 61 47
7 62 29
7 63 34
7 64 81
7 65 24
7 66 51
7 67 80
7 68 20
7 69 29
7 70 69
7 71 12
7 72 73
7 73 58
7 74 27
7 75 66
7 76 69
7 77 45
7 78 38
7 79 39
7 80 33
7 81 70
7 82 41
7 83 42
7 84 10
7 85 10
7 86 38
7 87 62
7 88 28
7 89 58
7 90 74
7 91 61
7 92 78
7 93 72
7 94 27
7 95 38
7 96 34
7 97 72
7 98 59
7 99 52
7 100 73
8 0 51
8 1 16
8 2 32
8 3 67
8 4 47
8 5 53
8 6 71
8 7 45
8 9 30
8 10 34
8 11 64
8 12 47
8 13 60
8 14 42
8 15 39
8 16 69
8 17 44
8 18 71
8 19 72
8 20 33
8 21 47
8 22 47
8 23 47
8 24 47
8 25 50
8 26 50
8 27 50
8 28 32
8 29 38
8 30 41
8 31 63
8 32 23
8 33 29
8 34 62
8 35 11
8 36 40
8 37 62
8 38 18
8 39 45
8 40 45
8 41 31
8 42 44
8 43 32
8 44 64
8 45 13
8 46 48
8 47 13
8 48 76
8 49 89
8 50 52
8 51 61
8 52 11
8 53 12
8 54 36
8 55 85
8 56 84
8 57 70
8 58 47
8 59 37
8 60 69
8 61 82
8 62 62
8 63 40
8 64 86
8 65 82
8 66 23
8 67 87
8 68 46
8 69 87
8 70 35
8 71 58
8 72 64
8 73 79
8 74 55
8 75 46
8 76 11
8 77 78
8 78 32
8 79 72
8 80 36
8 81 75
8 82 15
8 83 53
8 84 37
8 85 65
8 86 44
8 87 46
8 88 61
8 89 19
8 90 58
8 91 49
8 92 28
8 93 46
8 94 67
8 95 30
8 96 25
8 97 26
8 98 52
8 99 20
8 100 59
9 0 14
9 1 102
9 2 42
9 3 85
9 4 53
9 5 79
9 6 77
9 7 59
9 8 69
9 10 55
9 11 17
9 12 50
9 13 59
9 14 15
9 15 76
9 16 81
9 17 35
9 18 32
9 19 61
9 20 36
9 21 57
9 22 84
9 23 82
9 24 9
9 25 9
9 26 9
9 27 9
9 28 62
9 29 61
9 30 50
9 31 46
9 32 47
9 33 26
9 34 78
9 35 28
9 36 72
9 37 61
9 38 56
9 39 26
9 40 22
9 41 48
9 42 40
9 43 18
9 44 56
9 45 13
9 46 41
9 47 22
9 48 37
9 49 10
9 50 33
9 51 42
9 52 48
9 53 71
9 54 25
9 55 56
9 56 45
9 57 57
9 58 46
9 59 49
9 60 52
9 61 24
9 62 47
9 63 27
9 64 52
9 65 37
9 66 42
9 67 41
9 68 54
9 69 42
9 70 50
9 71 50
9 72 41
9 73 58
9 74 52
9 75 20
9 76 39
9 77 45
9 78 43
9 79 56
9 80 47
9 81 41
9 82 37
9 83 17
9 84 31
9 85 33
9 86 60
9 87 44
9 88 19
9 89 63
9 90 24
9 91 43
9 92 27
9 93 29
9 94 7
9 95 34
9 96 44
9 97 29
9 98 60
9 99 54
9 100 31
10 0 6
10 1 29
10 2 39
10 3 43
10 4 64
10 5 46
10 6 39
10 7 47
10 8 40
10 9 37
10 11 74
10 12 25
10 13 39
10 14 30
10 15 57
10 16 63
10 17 50
10 18 29
10 19 36
10 20 15
10 21 55
10 22 36
10 23 15
10 24 38
10 25 43
10 26 45
10 27 38
10 28 38
10 29 38
10 30 38
10 31 38
10 32 44
10 33 69
10 34 7
10 35 31
10 36 72
10 37 32
10 38 42
10 39 26
10 40 72
10 41 71
10 42 34
10 43 19
10 44 61
10 45 50
10 46 24
10 47 68
10 48 21
10 49 51
10 50 13
10 51 50
10 52 18
10 53 48
10 54 35
10 55 36
10 56 80
10 57 25
10 58 70
10 59 59
10 60 68
10 61 39
10 62 44
10 63 52
10 64 29
10 65 59
10 66 22
10 67 47
10 68 37
10 69 50
10 70 27
10 71 49
10 72 54
10 73 44
10 74 58
10 75 27
10 76 71
10 77 56
10 78 11
10 79 33
10 80 49
10 81 53
10 82 70
10 83 40
10 84 53
10 85 33
10 86 30
10 87 17
10 88 47
10 89 68
10 90 55
10 91 5
10 92 73
10 93 30
10 94 45
10 95 41
10 96 32
10 97 13
10 98 47
10 99 54
10 100 26
11 0 74
11 1 67
11 2 43
11 3 10
11 4 43
11 5 44
11 6 57
11 7 53
11 8 57
11 9 25
11 10 52
11 12 31
11 13 30
11 14 82
11 15 16
11 16 45
11 17 45
11 18 64
11 19 70
11 20 64
11 21 15
11 22 25
11 23 29
11 24 66
11 25 39
11 26 28
11 27 44
11 28 35
11 29 36
11 30 52
11 31 52
11 32 52
11 33 52
11 34 7
11 35 11
11 36 54
11 37 52
11 38 76
11 39 90
11 40 58
11 41 44
11 42 46
11 43 30
11 44 66
11 45 17
11 46 64
11 47 33
11 48 74
11 49 25
11 50 30
11 51 29
11 52 16
11 53 42
11 54 36
11 55 52
11 56 44
11 57 39
11 58 57
11 59 33
11 60 68
11 61 49
11 62 37
11 63 27
11 64 87
11 65 91
11 66 24
11 67 19
11 68 74
11 69 69
11 70 39
11 71 22
11 72 8
11 73 62
11 74 38
11 75 26
11 76 92
11 77 10
11 78 66
11 79 79
11 80 11
11 81 43
11 82 81
11 83 8
11 84 76
11 85 50
11 86 38
11 87 67
11 88 79
11 89 50
11 90 53
11 91 36
11 92 19
11 93 72
11 94 54
11 95 28
11 96 19
11 97 16
11 98 38
11 99 71
11 100 38
12 0 59
12 1 77
12 2 71
12 3 75
12 4 69
12 5 24
12 6 48
12 7 32
12 8 79
12 9 56
12 10 65
12 11 76
12 13 65
12 14 6
12 15 46
12 16 78
12 17 33
12 18 65
12 19 77
12 20 45
12 21 16
12 22 21
12 23 61
12 24 60
12 25 73
12 26 47
12 27 26
12 28 77
12 29 49
12 30 78
12 31 84
12 32 47
12 33 44
12 34 44
12 35 44
12 36 44
12 37 31
12 38 41
12 39 78
12 40 30
12 41 53
12 42 95
12 43 23
12 44 57
12 45 11
12 46 65
12 47 65
12 48 84
12 49 60
12 50 37
12 51 73
12 52 21
12 53 36
12 54 25
12 55 20
12 56 36
12 57 38
12 58 49
12 59 45
12 60 33
12 61 50
12 62 40
12 63 64
12 64 53
12 65 41
12 66 33
12 67 82
12 68 86
12 69 20
12 70 15
12 71 74
12 72 64
12 73 33
12 74 15
12 75 14
12 76 55
12 77 33
12 78 30
12 79 87
12 80 16
12 81 59
12 82 80
12 83 13
12 84 37
12 85 76
12 86 7
12 87 75
12 88 54
12 89 32
12 90 67
12 91 75
12 92 49
12 93 46
12 94 38
12 95 25
12 96 71
12 97 48
12 98 34
12 99 15
12 100 11
13 0 38
13 1 67
13 2 34
13 3 59
13 4 76
13 5 67
13 6 77
13 7 71
13 8 25
13 9 44
13 10 33
13 11 76
13 12 58
13 14 59
13 15 75
13 16 59
13 17 8
13 18 39
13 19 74
13 20 39
13 21 60
13 22 75
13 23 45
13 24 22
13 25 26
13 26 63
13 27 54
13 28 68
13 29 45
13 30 32
13 31 74
13 32 47
13 33 75
13 34 78
13 35 40
13 36 46
13 37 46
13 38 46
13 39 46
13 40 4
13 41 9
13 42 49
13 43 44
13 44 67
13 45 80
13 46 54
13 47 35
13 48 42
13 49 36
13 50 56
13 51 55
13 52 69
13 53 53
13 54 90
13 55 36
13 56 48
13 57 40
13 58 36
13 59 44
13 60 56
13 61 64
13 62 63
13 63 30
13 64 48
13 65 44
13 66 78
13 67 70
13 68 57
13 69 44
13 70 93
13 71 99
13 72 5
13 73 30
13 74 92
13 75 76
13 76 24
13 77 18
13 78 29
13 79 58
13 80 22
13 81 46
13 82 99
13 83 26
13 84 63
13 85 98
13 86 12
13 87 46
13 88 87
13 89 12
13 90 93
13 91 70
13 92 27
13 93 85
13 94 88
13 95 65
13 96 52
13 97 56
13 98 28
13 99 89
13 100 58
14 0 42
14 1 31
14 2 10
14 3 56
14 4 82
14 5 47
14 6 77
14 7 94
14 8 80
14 9 95
14 10 89
14 11 43
14 12 57
14 13 51
14 15 92
14 16 76
14 17 51
14 18 93
14 19 63
14 20 15
14 21 39
14 22 85
14 23 40
14 24 71
14 25 91
14 26 63
14 27 28
14 28 25
14 29 81
14 30 62
14 31 76
14 32 62
14 33 45
14 34 89
14 35 64
14 36 91
14 37 89
14 38 37
14 39 64
14 40 64
14 41 64
14 42 64
14 43 34
14 44 27
14 45 47
14 46 78
14 47 100
14 48 96
14 49 87
14 50 54
14 51 75
14 52 1
14 53 80
14 54 52
14 55 88
14 56 78
14 57 52
14 58 12
14 59 34
14 60 13
14 61 18
14 62 33
14 63 21
14 64 31
14 65 25
14 66 42
14 67 56
14 68 48
14 69 48
14 70 40
14 71 28
14 72 35
14 73 69
14 74 71
14 75 40
14 76 13
14 77 53
14 78 50
14 79 48
14 80 29
14 81 19
14 82 55
14 83 49
14 84 21
14 85 73
14 86 28
14 87 57
14 88 59
14 89 33
14 90 33
14 91 63
14 92 28
14 93 54
14 94 41
14 95 45
14 96 46
14 97 59
14 98 28
14 99 44
14 100 20
15 0 38
15 1 50
15 2 39
15 3 40
15 4 12
15 5 30
15 6 18
15 7 49
15 8 21
15 9 38
15 10 55
15 11 52
15 12 58
15 13 51
15 14 10
15 16 29
15 17 14
15 18 57
15 19 38
15 20 68
15 21 54
15 22 56
15 23 28
15 24 45
15 25 60
15 26 51
15 27 48
15 28 55
15 29 25
15 30 35
15 31 42
15 32 44
15 33 48
15 34 58
15 35 25
15 36 32
15 37 55
15 38 27
15 39 55
15 40 66
15 41 48
15 42 27
15 43 27
15 44 27
15 45 27
15 46 84
15 47 77
15 48 37
15 49 90
15 50 95
15 51 33
15 52 119
15 53 48
15 54 111
15 55 84
15 56 51
15 57 32
15 58 39
15 59 94
15 60 84
15 61 28
15 62 70
15 63 25
15 64 54
15 65 20
15 66 50
15 67 14
15 68 46
15 69 42
15 70 42
15 71 84
15 72 18
15 73 69
15 74 59
15 75 71
15 76 34
15 77 38
15 78 59
15 79 34
15 80 54
15 81 16
15 82 54
15 83 43
15 84 54
15 85 32
15 86 56
15 87 56
15 88 39
15 89 62
15 90 30
15 91 66
15 92 62
15 93 18
15 94 27
15 95 54
15 96 47
15 97 70
15 98 47
15 99 49
15 100 27
16 0 27
16 1 23
16 2 47
16 3 72
16 4 50
16 5 7
16 6 77
16 7 34
16 8 51
16 9 41
16 10 25
16 11 16
16 12 43
16 13 49
16 14 19
16 15 70
16 17 64
16 18 44
16 19 8
16 20 43
16 21 37
16 22 55
16 23 59
16 24 51
16 25 28
16 26 57
16 27 38
16 28 25
16 29 86
16 30 11
16 31 39
16 32 43
16 33 69
16 34 74
16 35 61
16 36 17
16 37 22
16 38 26
16 39 68
16 40 32
16 41 25
16 42 37
16 43 30
16 44 43
16 45 51
16 46 51
16 47 51
16 48 51
16 49 37
16 50 36
16 51 40
16 52 35
16 53 48
16 54 48
16 55 62
16 56 11
16 57 54
16 58 59
16 59 22
16 60 44
16 61 36
16 62 38
16 63 62
16 64 23
16 65 42
16 66 6
16 67 26
16 68 26
16 69 27
16 70 24
16 71 28
16 72 39
16 73 50
16 74 55
16 75 40
16 76 46
16 77 34
16 78 43
16 79 61
16 80 64
16 81 41
16 82 12
16 83 52
16 84 43
16 85 46
16 86 28
16 87 26
16 88 48
16 89 47
16 90 28
16 91 66
16 92 35
16 93 50
16 94 60
16 95 38
16 96 26
16 97 55
16 98 31
16 99 51
16 100 47
17 0 42
17 1 45
17 2 52
17 3 24
17 4 37
17 5 24
17 6 45
17 7 49
17 8 31
17 9 48
17 10 11
17 11 32
17 12 20
17 13 43
17 14 13
17 15 37
17 16 52
17 18 44
17 19 60
17 20 53
17 21 17
17 22 21
17 23 19
17 24 51
17 25 40
17 26 64
17 27 52
17 28 49
17 29 33
17 30 41
17 31 52
17 32 58
17 33 40
17 34 50
17 35 26
17 36 41
17 37 48
17 38 46
17 39 40
17 40 50
17 41 21
17 42 40
17 43 49
17 44 22
17 45 50
17 46 58
17 47 44
17 48 31
17 49 31
17 50 31
17 51 31
17 52 77
17 53 72
17 54 38
17 55 77
17 56 81
17 57 20
17 58 107
17 59 39
17 60 99
17 61 83
17 62 37
17 63 34
17 64 25
17 65 81
17 66 84
17 67 68
17 68 43
17 69 39
17 70 49
17 71 52
17 72 31
17 73 25
17 74 22
17 75 72
17 76 78
17 77 77
17 78 33
17 79 43
17 80 40
17 81 61
17 82 55
17 83 53
17 84 77
17 85 48
17 86 17
17 87 42
17 88 81
17 89 63
17 90 55
17 91 70
17 92 82
17 93 44
17 94 56
17 95 64
17 96 69
17 97 28
17 98 71
17 99 51
17 100 50
18 0 65
18 1 17
18 2 43
18 3 76
18 4 11
18 5 42
18 6 13
18 7 60
18 8 28
18 9 73
18 10 13
18 11 46
18 12 69
18 13 46
18 14 67
18 15 23
18 16 27
18 17 37
18 19 6
18 20 18
18 21 38
18 22 32
18 23 26
18 24 37
18 25 33
18 26 29
18 27 26
18 28 21
18 29 94
18 30 17
18 31 67
18 32 65
18 33 71
18 34 49
18 35 83
18 36 45
18 37 23
18 38 18
18 39 69
18 40 78
18 41 26
18 42 56
18 43 56
18 44 16
18 45 58
18 46 29
18 47 15
18 48 24
18 49 55
18 50 75
18 51 25
18 52 25
18 53 25
18 54 25
18 55 31
18 56 31
18 57 43
18 58 31
18 59 47
18 60 55
18 61 56
18 62 16
18 63 47
18 64 56
18 65 28
18 66 48
18 67 43
18 68 33
18 69 59
18 70 16
18 71 26
18 72 48
18 73 61
18 74 42
18 75 49
18 76 15
18 77 41
18 78 65
18 79 65
18 80 91
18 81 10
18 82 65
18 83 58
18 84 77
18 85 31
18 86 30
18 87 77
18 88 49
18 89 35
18 90 19
18 91 76
18 92 62
18 93 64
18 94 54
18 95 77
18 96 59
18 97 33
18 98 73
18 99 51
18 100 48
19 0 76
19 1 40
19 2 27
19 3 70
19 4 26
19 5 65
19 6 70
19 7 32
19 8 19
19 9 19
19 10 46
19 11 45
19 12 83
19 13 32
19 14 30
19 15 84
19 16 48
19 17 68
19 18 39
19 20 4
19 21 32
19 22 29
19 23 27
19 24 14
19 25 54
19 26 49
19 27 49
19 28 22
19 29 44
19 30 14
19 31 44
19 32 82
19 33 31
19 34 49
19 35 71
19 36 61
19 37 25
19 38 96
19 39 24
19 40 16
19 41 37
19 42 79
19 43 87
19 44 50
19 45 38
19 46 35
19 47 22
19 48 73
19 49 11
19 50 20
19 51 14
19 52 31
19 53 66
19 54 46
19 55 46
19 56 46
19 57 46
19 58 90
19 59 93
19 60 95
19 61 49
19 62 27
19 63 60
19 64 73
19 65 69
19 66 75
19 67 119
19 68 45
19 69 97
19 70 51
19 71 53
19 72 121
19 73 63
19 74 41
19 75 83
19 76 63
19 77 42
19 78 13
19 79 36
19 80 19
19 81 51
19 82 65
19 83 43
19 84 53
19 85 31
19 86 18
19 87 28
19 88 75
19 89 76
19 90 46
19 91 22
19 92 50
19 93 57
19 94 56
19 95 36
19 96 19
19 97 64
19 98 56
19 99 12
19 100 79
20 0 27
20 1 66
20 2 54
20 3 36
20 4 42
20 5 69
20 6 32
20 7 53
20 8 32
20 9 53
20 10 43
20 11 64
20 12 30
20 13 54
20 14 12
20 15 37
20 16 47
20 17 47
20 18 35
20 19 21
20 21 37
20 22 13
20 23 53
20 24 30
20 25 35
20 26 54
20 27 57
20 28 51
20 29 45
20 30 1
20 31 36
20 32 7
20 33 59
20 34 32
20 35 78
20 36 52
20 37 65
20 38 31
20 39 55
20 40 66
20 41 48
20 42 55
20 43 56
20 44 20
20 45 33
20 46 42
20 47 37
20 48 57
20 49 66
20 50 27
20 51 25
20 52 58
20 53 29
20 54 57
20 55 72
20 56 58
20 57 20
20 58 20
20 59 20
20 60 20
20 61 48
20 62 47
20 63 40
20 64 41
20 65 49
20 66 36
20 67 71
20 68 14
20 69 63
20 70 68
20 71 13
20 72 43
20 73 24
20 74 45
20 75 70
20 76 33
20 77 14
20 78 65
20 79 32
20 80 42
20 81 16
20 82 38
20 83 23
20 84 49
20 85 63
20 86 41
20 87 54
20 88 33
20 89 20
20 90 27
20 91 76
20 92 78
20 93 42
20 94 20
20 95 53
20 96 58
20 97 53
20 98 34
20 99 15
20 100 64
21 0 54
21 1 12
21 2 80
21 3 24
21 4 66
21 5 58
21 6 32
21 7 41
21 8 70
21 9 28
21 10 56
21 11 34
21 12 51
21 13 47
21 14 66
21 15 32
21 16 53
21 17 15
21 18 34
21 19 51
21 20 48
21 22 33
21 23 19
21 24 33
21 25 17
21 26 55
21 27 30
21 28 39
21 29 57
21 30 59
21 31 55
21 32 49
21 33 3
21 34 37
21 35 11
21 36 61
21 37 35
21 38 76
21 39 55
21 40 65
21 41 27
21 42 53
21 43 68
21 44 45
21 45 56
21 46 59
21 47 24
21 48 30
21 49 38
21 50 40
21 51 57
21 52 66
21 53 29
21 54 24
21 55 61
21 56 31
21 57 60
21 58 74
21 59 56
21 60 23
21 61 23
21 62 23
21 63 23
21 64 89
21 65 92
21 66 93
21 67 49
21 68 28
21 69 57
21 70 74
21 71 67
21 72 76
21 73 118
21 74 43
21 75 95
21 76 49
21 77 53
21 78 120
21 79 62
21 80 40
21 81 83
21 82 62
21 83 17
21 84 59
21 85 62
21 86 67
21 87 21
21 88 38
21 89 55
21 90 74
21 91 76
21 92 64
21 93 53
21 94 88
21 95 94
21 96 6
21 97 30
21 98 94
21 99 71
21 100 13
22 0 14
22 1 36
22 2 49
22 3 11
22 4 53
22 5 94
22 6 35
22 7 54
22 8 101
22 9 22
22 10 40
22 11 82
22 12 20
22 13 93
22 14 77
22 15 16
22 16 87
22 17 83
22 18 66
22 19 44
22 20 60
22 21 38
22 23 91
22 24 53
22 25 52
22 26 31
22 27 12
22 28 60
22 29 80
22 30 45
22 31 79
22 32 94
22 33 76
22 34 99
22 35 93
22 36 48
22 37 54
22 38 55
22 39 90
22 40 80
22 41 41
22 42 94
22 43 55
22 44 23
22 45 29
22 46 80
22 47 51
22 48 65
22 49 90
22 50 67
22 51 38
22 52 36
22 53 85
22 54 55
22 55 70
22 56 62
22 57 54
22 58 87
22 59 64
22 60 90
22 61 83
22 62 27
22 63 68
22 64 68
22 65 68
22 66 68
22 67 11
22 68 4
22 69 45
22 70 55
22 71 77
22 72 84
22 73 64
22 74 39
22 75 53
22 76 24
22 77 62
22 78 52
22 79 74
22 80 54
22 81 27
22 82 36
22 83 61
22 84 47
22 85 35
22 86 89
22 87 58
22 88 67
22 89 55
22 90 27
22 91 45
22 92 44
22 93 70
22 94 64
22 95 51
22 96 41
22 97 86
22 98 91
22 99 9
22 100 21
23 0 84
23 1 69
23 2 24
23 3 12
23 4 23
23 5 53
23 6 24
23 7 40
23 8 92
23 9 23
23 10 58
23 11 90
23 12 12
23 13 39
23 14 80
23 15 7
23 16 84
23 17 64
23 18 25
23 19 77
23 20 80
23 21 57
23 22 46
23 24 49
23 25 28
23 26 81
23 27 51
23 28 40
23 29 22
23 30 3
23 31 49
23 32 74
23 33 39
23 34 69
23 35 85
23 36 72
23 37 88
23 38 82
23 39 36
23 40 49
23 41 44
23 42 84
23 43 69
23 44 51
23 45 85
23 46 58
23 47 11
23 48 35
23 49 78
23 50 41
23 51 63
23 52 83
23 53 56
23 54 26
23 55 27
23 56 73
23 57 56
23 58 70
23 59 54
23 60 41
23 61 81
23 62 56
23 63 83
23 64 82
23 65 35
23 66 56
23 67 56
23 68 56
23 69 56
23 70 24
23 71 21
23 72 36
23 73 40
23 74 59
23 75 60
23 76 62
23 77 15
23 78 51
23 79 45
23 80 37
23 81 41
23 82 49
23 83 42
23 84 47
23 85 22
23 86 36
23 87 50
23 88 21
23 89 64
23 90 49
23 91 44
23 92 35
23 93 34
23 94 52
23 95 41
23 96 80
23 97 69
23 98 57
23 99 42
23 100 97
24 0 102
24 1 9
24 2 32
24 3 93
24 4 79
24 5 27
24 6 21
24 7 28
24 8 62
24 9 26
24 10 45
24 11 102
24 12 24
24 13 67
24 14 98
24 15 10
24 16 49
24 17 90
24 18 13
24 19 94
24 20 69
24 21 30
24 22 86
24 23 91
24 25 67
24 26 55
24 27 56
24 28 25
24 29 90
24 30 62
24 31 40
24 32 33
24 33 13
24 34 57
24 35 85
24 36 50
24 37 78
24 38 95
24 39 83
24 40 95
24 41 89
24 42 44
24 43 60
24 44 52
24 45 94
24 46 76
24 47 55
24 48 94
24 49 67
24 50 14
24 51 43
24 52 88
24 53 37
24 54 74
24 55 94
24 56 64
24 57 25
24 58 22
24 59 81
24 60 65
24 61 80
24 62 64
24 63 43
24 64 91
24 65 65
24 66 93
24 67 92
24 68 41
24 69 64
24 70 64
24 71 64
24 72 64
24 73 73
24 74 77
24 75 87
24 76 29
24 77 8
24 78 64
24 79 53
24 80 59
24 81 55
24 82 104
24 83 40
24 84 90
24 85 53
24 86 33
24 87 106
24 88 45
24 89 35
24 90 62
24 91 46
24 92 29
24 93 39
24 94 22
24 95 27
24 96 78
24 97 95
24 98 49
24 99 69
24 100 4
25 0 13
25 1 34
25 2 92
25 3 91
25 4 73
25 5 52
25 6 42
25 7 76
25 8 86
25 9 66
25 10 42
25 11 93
25 12 86
25 13 24
25 14 94
25 15 47
25 16 93
25 17 39
25 18 60
25 19 70
25 20 87
25 21 58
25 22 52
25 23 4
25 24 83
25 26 38
25 27 80
25 28 43
25 29 82
25 30 21
25 31 53
25 32 42
25 33 72
25 34 42
25 35 51
25 36 65
25 37 26
25 38 65
25 39 56
25 40 34
25 41 52
25 42 74
25 43 31
25 44 28
25 45 30
25 46 59
25 47 26
25 48 65
25 49 20
25 50 108
25 51 48
25 52 92
25 53 56
25 54 85
25 55 85
25 56 57
25 57 76
25 58 62
25 59 24
25 60 50
25 61 59
25 62 18
25 63 82
25 64 88
25 65 42
25 66 31
25 67 68
25 68 43
25 69 63
25 70 91
25 71 88
25 72 16
25 73 16
25 74 16
25 75 16
25 76 41
25 77 49
25 78 76
25 79 9
25 80 31
25 81 79
25 82 24
25 83 49
25 84 19
25 85 76
25 86 49
25 87 81
25 88 66
25 89 4
25 90 79
25 91 19
25 92 44
25 93 25
25 94 20
25 95 60
25 96 8
25 97 38
25 98 18
25 99 75
25 100 27
26 0 71
26 1 38
26 2 68
26 3 56
26 4 60
26 5 52
26 6 57
26 7 39
26 8 19
26 9 67
26 10 35
26 11 34
26 12 24
26 13 41
26 14 27
26 15 36
26 16 49
26 17 58
26 18 48
26 19 29
26 20 77
26 21 44
26 22 5
26 23 46
26 24 37
26 25 62
26 27 68
26 28 28
26 29 60
26 30 47
26 31 36
26 32 16
26 33 45
26 34 57
26 35 63
26 36 17
26 37 64
26 38 20
26 39 32
26 40 41
26 41 45
26 42 13
26 43 53
26 44 63
26 45 39
26 46 78
26 47 72
26 48 38
26 49 19
26 50 40
26 51 56
26 52 60
26 53 45
26 54 65
26 55 28
26 56 40
26 57 21
26 58 44
26 59 71
26 60 29
26 61 56
26 62 46
26 63 54
26 64 58
26 65 66
26 66 22
26 67 36
26 68 34
26 69 58
26 70 51
26 71 34
26 72 55
26 73 48
26 74 26
26 75 52
26 76 52
26 77 52
26 78 52
26 79 73
26 80 72
26 81 62
26 82 49
26 83 44
26 84 26
26 85 81
26 86 40
26 87 77
26 88 94
26 89 14
26 90 62
26 91 15
26 92 54
26 93 96
26 94 51
26 95 16
26 96 81
26 97 51
26 98 18
26 99 63
26 100 21
27 0 40
27 1 48
27 2 85
27 3 11
27 4 34
27 5 54
27 6 52
27 7 75
27 8 52
27 9 48
27 10 90
27 11 61
27 12 12
27 13 43
27 14 93
27 15 76
27 16 69
27 17 77
27 18 94
27 19 58
27 20 52
27 21 78
27 22 75
27 23 25
27 24 85
27 25 60
27 26 49
27 28 79
27 29 3
27 30 54
27 31 87
27 32 12
27 33 40
27 34 25
27 35 68
27 36 42
27 37 87
27 38 9
27 39 52
27 40 83
27 41 59
27 42 80
27 43 37
27 44 25
27 45 48
27 46 16
27 47 4
27 48 38
27 49 33
27 50 29
27 51 51
27 52 41
27 53 43
27 54 19
27 55 30
27 56 103
27 57 6
27 58 73
27 59 79
27 60 81
27 61 48
27 62 97
27 63 48
27 64 14
27 65 32
27 66 83
27 67 92
27 68 34
27 69 62
27 70 59
27 71 28
27 72 71
27 73 24
27 74 27
27 75 16
27 76 53
27 77 86
27 78 38
27 79 38
27 80 38
27 81 38
27 82 34
27 83 32
27 84 35
27 85 39
27 86 54
27 87 50
27 88 64
27 89 8
27 90 55
27 91 54
27 92 27
27 93 40
27 94 39
27 95 41
27 96 57
27 97 24
27 98 26
27 99 55
27 100 23
28 0 54
28 1 49
28 2 35
28 3 32
28 4 33
28 5 62
28 6 39
28 7 15
28 8 72
28 9 60
28 10 61
28 11 58
28 12 64
28 13 33
28 14 21
28 15 74
28 16 42
28 17 26
28 18 18
28 19 41
28 20 25
28 21 28
28 22 52
28 23 64
28 24 47
28 25 29
28 26 84
28 27 41
28 29 10
28 30 52
28 31 34
28 32 70
28 33 73
28 34 20
28 35 68
28 36 54
28 37 44
28 38 16
28 39 51
28 40 55
28 41 71
28 42 24
28 43 64
28 44 22
28 45 27
28 46 47
28 47 53
28 48 20
28 49 61
28 50 72
28 51 47
28 52 85
28 53 79
28 54 42
28 55 27
28 56 45
28 57 64
28 58 67
28 59 38
28 60 73
28 61 29
28 62 38
28 63 14
28 64 50
28 65 69
28 66 36
28 67 65
28 68 53
28 69 52
28 70 55
28 71 73
28 72 26
28 73 40
28 74 41
28 75 60
28 76 59
28 77 42
28 78 64
28 79 54
28 80 18
28 81 58
28 82 58
28 83 58
28 84 58
28 85 62
28 86 55
28 87 16
28 88 74
28 89 84
28 90 40
28 91 101
28 92 29
28 93 92
28 94 62
28 95 43
28 96 13
28 97 38
28 98 78
28 99 63
28 100 61
29 0 47
29 1 91
29 2 60
29 3 69
29 4 86
29 5 60
29 6 66
29 7 4
29 8 99
29 9 57
29 10 31
29 11 76
29 12 85
29 13 86
29 14 59
29 15 67
29 16 48
29 17 46
29 18 94
29 19 49
29 20 31
29 21 39
29 22 66
29 23 11
29 24 33
29 25 77
29 26 65
29 27 69
29 28 17
29 30 105
29 31 61
29 32 27
29 33 55
29 34 55
29 35 88
29 36 98
29 37 26
29 38 88
29 39 61
29 40 65
29 41 18
29 42 75
29 43 76
29 44 90
29 45 34
29 46 88
29 47 47
29 48 46
29 49 71
29 50 65
29 51 42
29 52 82
29 53 89
29 54 55
29 55 108
29 56 101
29 57 67
29 58 45
29 59 70
29 60 77
29 61 90
29 62 19
29 63 92
29 64 19
29 65 59
29 66 14
29 67 53
29 68 91
29 69 42
29 70 79
29 71 76
29 72 75
29 73 76
29 74 96
29 75 27
29 76 39
29 77 63
29 78 84
29 79 71
29 80 63
29 81 78
29 82 54
29 83 15
29 84 82
29 85 82
29 86 82
29 87 82
29 88 83
29 89 85
29 90 84
29 91 46
29 92 28
29 93 49
29 94 73
29 95 59
29 96 73
29 97 110
29 98 34
29 99 86
29 100 40
30 0 50
30 1 112
30 2 56
30 3 31
30 4 80
30 5 57
30 6 10
30 7 57
30 8 22
30 9 39
30 10 72
30 11 80
30 12 19
30 13 71
30 14 34
30 15 77
30 16 13
30 17 114
30 18 117
30 19 49
30 20 50
30 21 84
30 22 96
30 23 67
30 24 53
30 25 28
30 26 93
30 27 66
30 28 30
30 29 119
30 31 22
30 32 97
30 33 84
30 34 32
30 35 74
30 36 108
30 37 37
30 38 91
30 39 44
30 40 69
30 41 79
30 42 105
30 43 70
30 44 84
30 45 47
30 46 17
30 47 83
30 48 83
30 49 5
30 50 49
30 51 46
30 52 52
30 53 93
30 54 66
30 55 72
30 56 91
30 57 97
30 58 78
30 59 73
30 60 40
30 61 75
30 62 46
30 63 99
30 64 62
30 65 95
30 66 88
30 67 97
30 68 33
30 69 77
30 70 106
30 71 11
30 72 93
30 73 96
30 74 56
30 75 17
30 76 21
30 77 64
30 78 91
30 79 103
30 80 67
30 81 17
30 82 99
30 83 69
30 84 97
30 85 111
30 86 78
30 87 51
30 88 51
30 89 51
30 90 51
30 91 53
30 92 45
30 93 8
30 94 69
30 95 82
30 96 46
30 97 95
30 98 23
30 99 85
30 100 53
31 0 43
31 1 10
31 2 43
31 3 72
31 4 54
31 5 54
31 6 47
31 7 83
31 8 54
31 9 71
31 10 80
31 11 59
31 12 62
31 13 9
31 14 91
31 15 58
31 16 22
31 17 72
31 18 73
31 19 14
31 20 48
31 21 53
31 22 44
31 23 22
31 24 62
31 25 30
31 26 40
31 27 28
31 28 43
31 29 28
31 30 42
31 32 49
31 33 53
31 34 50
31 35 29
31 36 72
31 37 48
31 38 6
31 39 41
31 40 41
31 41 57
31 42 67
31 43 34
31 44 56
31 45 42
31 46 32
31 47 17
31 48 44
31 49 60
31 50 58
31 51 13
31 52 66
31 53 22
31 54 36
31 55 39
31 56 39
31 57 9
31 58 49
31 59 58
31 60 34
31 61 74
31 62 68
31 63 37
31 64 14
31 65 39
31 66 50
31 67 57
31 68 49
31 69 60
31 70 28
31 71 44
31 72 26
31 73 39
31 74 74
31 75 25
31 76 51
31 77 43
31 78 57
31 79 61
31 80 63
31 81 20
31 82 32
31 83 30
31 84 59
31 85 46
31 86 30
31 87 50
31 88 43
31 89 31
31 90 50
31 91 50
31 92 50
31 93 50
31 94 64
31 95 67
31 96 75
31 97 26
31 98 16
31 99 54
31 100 55
32 0 47
32 1 54
32 2 94
32 3 28
32 4 78
32 5 42
32 6 31
32 7 96
32 8 37
32 9 22
32 10 60
32 11 38
32 12 25
32 13 38
32 14 9
32 15 19
32 16 66
32 17 61
32 18 17
32 19 57
32 20 16
32 21 57
32 22 54
32 23 9
32 24 90
32 25 40
32 26 52
32 27 111
32 28 71
32 29 21
32 30 39
32 31 67
32 33 35
32 34 23
32 35 82
32 36 88
32 37 68
32 38 41
32 39 121
32 40 56
32 41 44
32 42 78
32 43 52
32 44 106
32 45 106
32 46 22
32 47 104
32 48 83
32 49 81
32 50 38
32 51 85
32 52 72
32 53 107
32 54 54
32 55 86
32 56 54
32 57 43
32 58 82
32 59 86
32 60 57
32 61 97
32 62 107
32 63 77
32 64 121
32 65 115
32 66 74
32 67 63
32 68 80
32 69 98
32 70 102
32 71 8
32 72 109
32 73 42
32 74 57
32 75 23
32 76 76
32 77 85
32 78 64
32 79 99
32 80 88
32 81 72
32 82 70
32 83 108
32 84 49
32 85 62
32 86 78
32 87 86
32 88 92
32 89 79
32 90 98
32 91 77
32 92 18
32 93 93
32 94 93
32 95 93
32 96 93
32 97 69
32 98 68
32 99 53
32 100 53
33 0 51
33 1 19
33 2 84
33 3 34
33 4 79
33 5 88
33 6 12
33 7 53
33 8 6
33 9 58
33 10 90
33 11 51
33 12 17
33 13 82
33 14 51
33 15 28
33 16 67
33 17 27
33 18 43
33 19 39
33 20 87
33 21 19
33 22 46
33 23 48
33 24 76
33 25 33
33 26 43
33 27 19
33 28 96
33 29 71
33 30 57
33 31 22
33 32 89
33 34 80
33 35 89
33 36 57
33 37 91
33 38 86
33 39 7
33 40 97
33 41 51
33 42 70
33 43 98
33 44 53
33 45 13
33 46 91
33 47 45
33 48 92
33 49 82
33 50 56
33 51 10
33 52 47
33 53 53
33 54 72
33 55 107
33 56 54
33 57 40
33 58 110
33 59 70
33 60 88
33 61 66
33 62 23
33 63 52
33 64 55
33 65 46
33 66 18
33 67 78
33 68 74
33 69 75
33 70 42
33 71 71
33 72 27
33 73 71
33 74 87
33 75 51
33 76 49
33 77 94
33 78 70
33 79 15
33 80 121
33 81 28
33 82 31
33 83 65
33 84 104
33 85 110
33 86 76
33 87 42
33 88 29
33 89 49
33 90 100
33 91 21
33 92 47
33 93 29
33 94 15
33 95 76
33 96 73
33 97 73
33 98 73
33 99 73
33 100 21
34 0 26
34 1 53
34 2 26
34 3 48
34 4 69
34 5 44
34 6 29
34 7 34
34 8 53
34 9 42
34 10 59
34 11 57
34 12 26
34 13 56
34 14 7
34 15 38
34 16 33
34 17 6
34 18 63
34 19 32
34 20 40
34 21 25
34 22 54
34 23 41
34 24 48
34 25 29
34 26 35
34 27 24
34 28 41
34 29 39
34 30 57
34 31 56
34 32 34
34 33 95
34 35 82
34 36 30
34 37 24
34 38 28
34 39 64
34 40 28
34 41 46
34 42 105
34 43 23
34 44 70
34 45 100
34 46 10
34 47 52
34 48 93
34 49 14
34 50 96
34 51 69
34 52 33
34 53 88
34 54 93
34 55 69
34 56 58
34 57 57
34 58 23
34 59 92
34 60 64
34 61 38
34 62 35
34 63 16
34 64 58
34 65 87
34 66 52
34 67 80
34 68 97
34 69 85
34 70 96
34 71 90
34 72 45
34 73 62
34 74 53
34 75 96
34 76 77
34 77 57
34 78 96
34 79 70
34 80 15
34 81 46
34 82 91
34 83 35
34 84 76
34 85 96
34 86 65
34 87 24
34 88 20
34 89 81
34 90 68
34 91 83
34 92 66
34 93 43
34 94 94
34 95 67
34 96 95
34 97 95
34 98 44
34 99 65
34 100 65
35 0 65
35 1 65
35 2 36
35 3 41
35 4 64
35 5 11
35 6 33
35 7 68
35 8 37
35 9 37
35 10 30
35 11 68
35 12 38
35 13 69
35 14 55
35 15 13
35 16 71
35 17 8
35 18 33
35 19 33
35 20 9
35 21 53
35 22 21
35 23 30
35 24 11
35 25 62
35 26 37
35 27 40
35 28 41
35 29 21
35 30 28
35 31 48
35 32 25
35 33 48
35 34 54
35 36 25
35 37 76
35 38 23
35 39 54
35 40 52
35 41 71
35 42 18
35 43 57
35 44 76
35 45 36
35 46 78
35 47 12
35 48 88
35 49 74
35 50 25
35 51 26
35 52 67
35 53 67
35 54 92
35 55 48
35 56 71
35 57 33
35 58 50
35 59 18
35 60 69
35 61 87
35 62 72
35 63 17
35 64 94
35 65 50
35 66 60
35 67 63
35 68 41
35 69 35
35 70 66
35 71 68
35 72 29
35 73 92
35 74 87
35 75 65
35 76 30
35 77 65
35 78 53
35 79 78
35 80 48
35 81 71
35 82 10
35 83 70
35 84 34
35 85 25
35 86 101
35 87 17
35 88 55
35 89 66
35 90 84
35 91 88
35 92 84
35 93 8
35 94 10
35 95 49
35 96 87
35 97 46
35 98 48
35 99 53
35 100 25
36 0 39
36 1 74
36 2 74
36 3 74
36 4 74
36 5 57
36 6 59
36 7 64
36 8 26
36 9 25
36 10 47
36 11 58
36 12 36
36 13 54
36 14 85
36 15 19
36 16 67
36 17 34
36 18 31
36 19 88
36 20 32
36 21 13
36 22 59
36 23 32
36 24 27
36 25 40
36 26 4
36 27 17
36 28 56
36 29 62
36 30 13
36 31 47
36 32 20
36 33 54
36 34 44
36 35 15
36 37 22
36 38 34
36 39 38
36 40 27
36 41 44
36 42 28
36 43 30
36 44 56
36 45 12
36 46 30
36 47 67
36 48 62
36 49 60
36 50 18
36 51 96
36 52 53
36 53 18
36 54 51
36 55 46
36 56 80
36 57 88
36 58 21
36 59 79
36 60 56
36 61 55
36 62 11
36 63 65
36 64 68
36 65 81
36 66 26
36 67 78
36 68 37
36 69 38
36 70 61
36 71 58
36 72 32
36 73 72
36 74 81
36 75 49
36 76 98
36 77 91
36 78 57
36 79 36
36 80 60
36 81 70
36 82 80
36 83 26
36 84 83
36 85 19
36 86 50
36 87 7
36 88 49
36 89 82
36 90 37
36 91 72
36 92 66
36 93 66
36 94 68
36 95 86
36 96 22
36 97 37
36 98 53
36 99 74
36 100 65
37 0 53
37 1 70
37 2 51
37 3 12
37 4 72
37 5 72
37 6 72
37 7 72
37 8 30
37 9 39
37 10 78
37 11 32
37 12 55
37 13 95
37 14 25
37 15 57
37 16 13
37 17 63
37 18 66
37 19 84
37 20 83
37 21 28
37 22 66
37 23 27
37 24 62
37 25 7
37 26 27
37 27 82
37 28 25
37 29 59
37 30 39
37 31 81
37 32 16
37 33 69
37 34 54
37 35 44
37 36 4
37 38 68
37 39 50
37 40 77
37 41 82
37 42 35
37 43 59
37 44 11
37 45 34
37 46 26
37 47 47
37 48 21
37 49 36
37 50 55
37 51 56
37 52 53
37 53 23
37 54 81
37 55 48
37 56 3
37 57 44
37 58 41
37 59 66
37 60 74
37 61 27
37 62 64
37 63 46
37 64 41
37 65 10
37 66 51
37 67 62
37 68 67
37 69 16
37 70 70
37 71 26
37 72 35
37 73 47
37 74 46
37 75 17
37 76 58
37 77 67
37 78 39
37 79 83
37 80 77
37 81 44
37 82 22
37 83 46
37 84 58
37 85 65
37 86 40
37 87 69
37 88 22
37 89 45
37 90 18
37 91 42
37 92 76
37 93 28
37 94 59
37 95 52
37 96 59
37 97 63
37 98 72
37 99 18
37 100 32
38 0 38
38 1 64
38 2 53
38 3 39
38 4 57
38 5 45
38 6 23
38 7 58
38 8 58
38 9 58
38 10 58
38 11 81
38 12 77
38 13 49
38 14 72
38 15 72
38 16 6
38 17 103
38 18 42
38 19 97
38 20 92
38 21 30
38 22 47
38 23 14
38 24 77
38 25 94
38 26 67
38 27 36
38 28 99
38 29 67
38 30 44
38 31 86
38 32 47
38 33 62
38 34 33
38 35 105
38 36 39
38 37 53
38 39 68
38 40 92
38 41 35
38 42 63
38 43 37
38 44 14
38 45 85
38 46 36
38 47 97
38 48 11
38 49 35
38 50 63
38 51 31
38 52 20
38 53 78
38 54 85
38 55 64
38 56 37
38 57 116
38 58 53
38 59 39
38 60 74
38 61 49
38 62 102
38 63 101
38 64 17
38 65 100
38 66 79
38 67 76
38 68 34
38 69 80
38 70 69
38 71 102
38 72 50
38 73 82
38 74 49
38 75 40
38 76 78
38 77 81
38 78 52
38 79 92
38 80 103
38 81 73
38 82 117
38 83 110
38 84 70
38 85 58
38 86 75
38 87 93
38 88 98
38 89 10
38 90 104
38 91 39
38 92 53
38 93 19
38 94 72
38 95 82
38 96 60
38 97 95
38 98 84
38 99 68
38 100 67
39 0 104
39 1 45
39 2 59
39 3 73
39 4 82
39 5 88
39 6 74
39 7 93
39 8 74
39 9 14
39 10 88
39 11 88
39 12 88
39 13 88
39 14 43
39 15 34
39 16 28
39 17 81
39 18 100
39 19 81
39 20 96
39 21 45
39 22 85
39 23 21
39 24 71
39 25 32
39 26 76
39 27 82
39 28 21
39 29 62
39 30 72
39 31 80
39 32 61
39 33 100
39 34 87
39 35 83
39 36 77
39 37 44
39 38 89
39 40 85
39 41 33
39 42 88
39 43 69
39 44 43
39 45 89
39 46 91
39 47 74
39 48 94
39 49 56
39 50 67
39 51 67
39 52 93
39 53 29
39 54 39
39 55 25
39 56 41
39 57 74
39 58 33
39 59 43
39 60 82
39 61 28
39 62 22
39 63 63
39 64 20
39 65 72
39 66 64
39 67 21
39 68 67
39 69 63
39 70 45
39 71 30
39 72 44
39 73 41
39 74 70
39 75 34
39 76 51
39 77 12
39 78 15
39 79 41
39 80 59
39 81 23
39 82 59
39 83 73
39 84 55
39 85 81
39 86 75
39 87 33
39 88 33
39 89 38
39 90 69
39 91 62
39 92 45
39 93 73
39 94 42
39 95 24
39 96 24
39 97 60
39 98 56
39 99 46
39 100 69
40 0 48
40 1 39
40 2 42
40 3 68
40 4 39
40 5 53
40 6 41
40 7 47
40 8 65
40 9 43
40 10 68
40 11 65
40 12 25
40 13 51
40 14 51
40 15 51
40 16 51
40 17 61
40 18 62
40 19 58
40 20 37
40 21 36
40 22 35
40 23 69
40 24 33
40 25 64
40 26 85
40 27 8
40 28 60
40 29 23
40 30 42
40 31 88
40 32 39
40 33 5
40 34 68
40 35 38
40 36 23
40 37 51
40 38 11
40 39 27
40 41 48
40 42 72
40 43 8
40 44 45
40 45 31
40 46 63
40 47 37
40 48 26
40 49 15
40 50 22
40 51 49
40 52 22
40 53 70
40 54 42
40 55 43
40 56 67
40 57 86
40 58 99
40 59 55
40 60 65
40 61 76
40 62 84
40 63 13
40 64 85
40 65 67
40 66 61
40 67 80
40 68 13
40 69 46
40 70 93
40 71 7
40 72 52
40 73 30
40 74 77
40 75 39
40 76 85
40 77 4
40 78 62
40 79 79
40 80 62
40 81 83
40 82 36
40 83 37
40 84 54
40 85 15
40 86 12
40 87 50
40 88 21
40 89 18
40 90 50
40 91 49
40 92 42
40 93 31
40 94 22
40 95 111
40 96 7
40 97 82
40 98 80
40 99 88
40 100 60
41 0 94
41 1 59
41 2 26
41 3 29
41 4 81
41 5 90
41 6 24
41 7 71
41 8 70
41 9 33
41 10 67
41 11 36
41 12 32
41 13 29
41 14 66
41 15 92
41 16 33
41 17 33
41 18 33
41 19 33
41 20 60
41 21 54
41 22 20
41 23 69
41 24 78
41 25 34
41 26 96
41 27 24
41 28 88
41 29 64
41 30 36
41 31 19
41 32 32
41 33 72
41 34 66
41 35 56
41 36 40
41 37 87
41 38 56
41 39 62
41 40 81
41 42 54
41 43 60
41 44 4
41 45 95
41 46 50
41 47 29
41 48 69
41 49 78
41 50 12
41 51 67
41 52 53
41 53 30
41 54 84
41 55 28
41 56 81
41 57 20
41 58 79
41 59 89
41 60 53
41 61 76
41 62 30
41 63 67
41 64 51
41 65 71
41 66 32
41 67 60
41 68 49
41 69 60
41 70 55
41 71 30
41 72 31
41 73 70
41 74 19
41 75 53
41 76 16
41 77 60
41 78 14
41 79 60
41 80 24
41 81 48
41 82 56
41 83 38
41 84 58
41 85 11
41 86 38
41 87 35
41 88 12
41 89 31
41 90 47
41 91 31
41 92 25
41 93 25
41 94 35
41 95 17
41 96 40
41 97 13
41 98 92
41 99 28
41 100 69
42 0 54
42 1 68
42 2 58
42 3 70
42 4 50
42 5 37
42 6 4
42 7 56
42 8 65
42 9 20
42 10 59
42 11 63
42 12 16
42 13 44
42 14 42
42 15 17
42 16 38
42 17 64
42 18 72
42 19 12
42 20 12
42 21 12
42 22 12
42 23 15
42 24 22
42 25 58
42 26 31
42 27 55
42 28 80
42 29 41
42 30 38
42 31 30
42 32 49
42 33 52
42 34 64
42 35 68
42 36 30
42 37 52
42 38 15
42 39 49
42 40 26
42 41 15
42 43 74
42 44 33
42 45 50
42 46 33
42 47 62
42 48 35
42 49 59
42 50 35
42 51 42
42 52 16
42 53 50
42 54 47
42 55 67
42 56 66
42 57 42
42 58 42
42 59 20
42 60 76
42 61 42
42 62 29
42 63 39
42 64 40
42 65 14
42 66 90
42 67 13
42 68 70
42 69 68
42 70 22
42 71 46
42 72 79
42 73 20
42 74 68
42 75 38
42 76 48
42 77 58
42 78 76
42 79 44
42 80 57
42 81 26
42 82 22
42 83 62
42 84 54
42 85 24
42 86 21
42 87 27
42 88 28
42 89 66
42 90 37
42 91 50
42 92 69
42 93 68
42 94 64
42 95 58
42 96 14
42 97 46
42 98 22
42 99 73
42 100 45
43 0 74
43 1 67
43 2 69
43 3 18
43 4 53
43 5 77
43 6 34
43 7 64
43 8 71
43 9 35
43 10 18
43 11 27
43 12 49
43 13 62
43 14 74
43 15 40
43 16 18
43 17 72
43 18 42
43 19 71
43 20 82
43 21 55
43 22 33
43 23 33
43 24 33
43 25 33
43 26 71
43 27 73
43 28 74
43 29 37
43 30 25
43 31 45
43 32 66
43 33 48
43 34 65
43 35 99
43 36 24
43 37 76
43 38 35
43 39 41
43 40 101
43 41 46
43 42 20
43 44 71
43 45 46
43 46 14
43 47 49
43 48 10
43 49 29
43 50 64
43 51 72
43 52 10
43 53 60
43 54 27
43 55 67
43 56 53
43 57 20
43 58 13
43 59 35
43 60 44
43 61 37
43 62 76
43 63 55
43 64 37
43 65 69
43 66 85
43 67 49
43 68 63
43 69 67
43 70 77
43 71 86
43 72 11
43 73 86
43 74 69
43 75 63
43 76 81
43 77 15
43 78 45
43 79 94
43 80 8
43 81 54
43 82 32
43 83 78
43 84 39
43 85 86
43 86 6
43 87 63
43 88 79
43 89 63
43 90 84
43 91 37
43 92 39
43 93 55
43 94 16
43 95 14
43 96 52
43 97 19
43 98 16
43 99 51
43 100 51
44 0 42
44 1 33
44 2 22
44 3 113
44 4 9
44 5 84
44 6 80
44 7 89
44 8 62
44 9 94
44 10 61
44 11 29
44 12 30
44 13 81
44 14 91
44 15 23
44 16 73
44 17 72
44 18 34
44 19 67
44 20 38
44 21 34
44 22 31
44 23 68
44 24 94
44 25 33
44 26 33
44 27 33
44 28 33
44 29 21
44 30 15
44 31 47
44 32 66
44 33 89
44 34 91
44 35 74
44 36 47
44 37 63
44 38 13
44 39 72
44 40 52
44 41 82
44 42 66
44 43 16
44 45 47
44 46 71
44 47 56
44 48 47
44 49 99
44 50 69
44 51 78
44 52 65
44 53 59
44 54 66
44 55 83
44 56 34
44 57 76
44 58 46
44 59 52
44 60 79
44 61 91
44 62 80
44 63 78
44 64 57
44 65 42
44 66 80
44 67 78
44 68 60
44 69 10
44 70 76
44 71 75
44 72 84
44 73 43
44 74 97
44 75 48
44 76 56
44 77 73
44 78 93
44 79 55
44 80 61
44 81 5
44 82 83
44 83 47
44 84 87
44 85 49
44 86 84
44 87 25
44 88 47
44 89 51
44 90 76
44 91 35
44 92 51
44 93 63
44 94 31
44 95 72
44 96 59
44 97 43
44 98 61
44 99 80
44 100 40
45 0 37
45 1 31
45 2 64
45 3 29
45 4 74
45 5 29
45 6 108
45 7 57
45 8 96
45 9 52
45 10 86
45 11 91
45 12 50
45 13 82
45 14 70
45 15 31
45 16 44
45 17 53
45 18 28
45 19 86
45 20 94
45 21 48
45 22 25
45 23 76
45 24 50
45 25 72
45 26 97
45 27 88
45 28 23
45 29 23
45 30 23
45 31 23
45 32 23
45 33 14
45 34 33
45 35 62
45 36 83
45 37 77
45 38 76
45 39 34
45 40 64
45 41 21
45 42 60
45 43 39
45 44 69
45 46 62
45 47 23
45 48 43
45 49 60
45 50 60
45 51 42
45 52 88
45 53 67
45 54 68
45 55 59
45 56 44
45 57 69
45 58 72
45 59 21
45 60 70
45 61 49
45 62 38
45 63 72
45 64 79
45 65 67
45 66 75
45 67 44
45 68 47
45 69 66
45 70 74
45 71 63
45 72 7
45 73 74
45 74 76
45 75 78
45 76 84
45 77 93
45 78 49
45 79 51
45 80 68
45 81 90
45 82 51
45 83 60
45 84 8
45 85 78
45 86 47
45 87 84
45 88 47
45 89 80
45 90 22
45 91 43
45 92 51
45 93 73
45 94 32
45 95 47
45 96 58
45 97 28
45 98 70
45 99 55
45 100 42
46 0 60
46 1 78
46 2 42
46 3 38
46 4 26
46 5 60
46 6 25
46 7 72
46 8 29
46 9 103
46 10 56
46 11 91
46 12 48
46 13 81
46 14 88
46 15 47
46 16 78
46 17 69
46 18 29
46 19 40
46 20 49
46 21 29
46 22 82
46 23 90
46 24 45
46 25 21
46 26 74
46 27 47
46 28 70
46 29 94
46 30 83
46 31 20
46 32 20
46 33 20
46 34 20
46 35 91
46 36 92
46 37 84
46 38 58
46 39 43
46 40 40
46 41 87
46 42 62
46 43 86
46 44 115
46 45 35
46 47 84
46 48 35
46 49 63
46 50 117
46 51 66
46 52 35
46 53 92
46 54 66
46 55 8
46 56 71
46 57 31
46 58 50
46 59 70
46 60 94
46 61 23
46 62 74
46 63 48
46 64 89
46 65 63
46 66 41
46 67 15
46 68 36
46 69 65
46 70 50
46 71 97
46 72 55
46 73 58
46 74 90
46 75 101
46 76 70
46 77 84
46 78 44
46 79 21
46 80 67
46 81 75
46 82 35
46 83 15
46 84 55
46 85 27
46 86 64
46 87 61
46 88 27
46 89 59
46 90 54
46 91 36
46 92 25
46 93 39
46 94 47
46 95 63
46 96 26
46 97 54
46 98 11
46 99 23
46 100 36
47 0 50
47 1 14
47 2 52
47 3 65
47 4 47
47 5 75
47 6 69
47 7 30
47 8 24
47 9 34
47 10 60
47 11 56
47 12 48
47 13 65
47 14 38
47 15 30
47 16 25
47 17 52
47 18 61
47 19 38
47 20 60
47 21 42
47 22 44
47 23 48
47 24 62
47 25 32
47 26 45
47 27 33
47 28 49
47 29 56
47 30 34
47 31 59
47 32 57
47 33 28
47 34 47
47 35 47
47 36 47
47 37 47
47 38 58
47 39 57
47 40 51
47 41 40
47 42 42
47 43 32
47 44 71
47 45 26
47 46 66
47 48 79
47 49 2
47 50 53
47 51 19
47 52 44
47 53 82
47 54 38
47 55 4
47 56 69
47 57 37
47 58 30
47 59 54
47 60 17
47 61 30
47 62 40
47 63 73
47 64 15
47 65 39
47 66 36
47 67 62
47 68 30
47 69 32
47 70 21
47 71 18
47 72 53
47 73 15
47 74 69
47 75 36
47 76 47
47 77 68
47 78 66
47 79 56
47 80 69
47 81 39
47 82 30
47 83 33
47 84 31
47 85 65
47 86 66
47 87 78
47 88 62
47 89 40
47 90 16
47 91 83
47 92 27
47 93 70
47 94 35
47 95 78
47 96 19
47 97 61
47 98 31
47 99 66
47 100 52
48 0 51
48 1 67
48 2 22
48 3 55
48 4 52
48 5 23
48 6 40
48 7 65
48 8 22
48 9 17
48 10 32
48 11 53
48 12 25
48 13 55
48 14 8
48 15 107
48 16 36
48 17 87
48 18 60
48 19 83
48 20 76
48 21 67
48 22 69
48 23 51
48 24 18
48 25 57
48 26 66
48 27 7
48 28 77
48 29 81
48 30 34
48 31 40
48 32 58
48 33 36
48 34 53
48 35 82
48 36 87
48 37 12
48 38 12
48 39 12
48 40 12
48 41 46
48 42 43
48 43 32
48 44 46
48 45 56
48 46 38
48 47 75
48 49 8
48 50 66
48 51 62
48 52 19
48 53 35
48 54 27
48 55 50
48 56 64
48 57 35
48 58 22
48 59 67
48 60 34
48 61 49
48 62 59
48 63 34
48 64 38
48 65 25
48 66 74
48 67 34
48 68 21
48 69 47
48 70 58
48 71 12
48 72 46
48 73 40
48 74 26
48 75 61
48 76 6
48 77 63
48 78 32
48 79 57
48 80 68
48 81 48
48 82 63
48 83 73
48 84 53
48 85 49
48 86 23
48 87 48
48 88 58
48 89 31
48 90 12
48 91 70
48 92 45
48 93 80
48 94 61
48 95 51
48 96 12
48 97 34
48 98 33
48 99 58
48 100 87
49 0 51
49 1 18
49 2 91
49 3 50
49 4 66
49 5 51
49 6 19
49 7 31
49 8 48
49 9 46
49 10 7
49 11 74
49 12 68
49 13 58
49 14 21
49 15 55
49 16 30
49 17 62
49 18 68
49 19 50
49 20 32
49 21 73
49 22 49
49 23 9
49 24 101
49 25 7
49 26 33
49 27 52
49 28 84
49 29 90
49 30 68
49 31 22
49 32 15
49 33 35
49 34 82
49 35 24
49 36 33
49 37 31
49 38 15
49 39 55
49 40 61
49 41 61
49 42 61
49 43 61
49 44 37
49 45 27
49 46 21
49 47 71
49 48 90
49 50 72
49 51 88
49 52 34
49 53 77
49 54 25
49 55 60
49 56 27
49 57 66
49 58 72
49 59 26
49 60 52
49 61 62
49 62 73
49 63 51
49 64 90
49 65 78
49 66 72
49 67 66
49 68 36
49 69 82
49 70 74
49 71 22
49 72 78
49 73 62
49 74 34
49 75 79
49 76 81
49 77 64
49 78 85
49 79 45
49 80 61
49 81 59
49 82 83
49 83 76
49 84 16
49 85 84
49 86 88
49 87 85
49 88 88
49 89 38
49 90 85
49 91 92
49 92 71
49 93 59
49 94 66
49 95 20
49 96 36
49 97 79
49 98 8
49 99 51
49 100 19
50 0 66
50 1 25
50 2 71
50 3 13
50 4 53
50 5 66
50 6 48
50 7 69
50 8 22
50 9 35
50 10 42
50 11 3
50 12 21
50 13 46
50 14 24
50 15 18
50 16 36
50 17 39
50 18 28
50 19 34
50 20 13
50 21 99
50 22 18
50 23 74
50 24 65
50 25 76
50 26 57
50 27 80
50 28 52
50 29 30
50 30 15
50 31 67
50 32 76
50 33 18
50 34 63
50 35 64
50 36 21
50 37 54
50 38 37
50 39 21
50 40 32
50 41 63
50 42 80
50 43 20
50 44 20
50 45 20
50 46 20
50 47 31
50 48 26
50 49 25
50 51 49
50 52 66
50 53 55
50 54 72
50 55 11
50 56 62
50 57 43
50 58 37
50 59 31
50 60 46
50 61 52
50 62 45
50 63 32
50 64 38
50 65 60
50 66 32
50 67 66
50 68 59
50 69 48
50 70 43
50 71 29
50 72 68
50 73 50
50 74 2
50 75 55
50 76 50
50 77 18
50 78 55
50 79 57
50 80 44
50 81 64
50 82 22
50 83 52
50 84 46
50 85 61
50 86 62
50 87 30
50 88 65
50 89 71
50 90 62
50 91 64
50 92 16
50 93 61
50 94 69
50 95 47
50 96 65
50 97 65
50 98 41
50 99 16
50 100 87
51 0 27
51 1 73
51 2 37
51 3 81
51 4 22
51 5 63
51 6 31
51 7 69
51 8 54
51 9 54
51 10 70
51 11 25
51 12 57
51 13 55
51 14 25
51 15 41
51 16 67
51 17 20
51 18 16
51 19 35
51 20 56
51 21 28
51 22 56
51 23 10
51 24 110
51 25 36
51 26 90
51 27 63
51 28 86
51 29 78
51 30 68
51 31 72
51 32 52
51 33 21
51 34 59
51 35 69
51 36 6
51 37 80
51 38 84
51 39 37
51 40 42
51 41 60
51 42 38
51 43 54
51 44 84
51 45 90
51 46 15
51 47 15
51 48 15
51 49 15
51 50 32
51 52 35
51 53 52
51 54 22
51 55 40
51 56 60
51 57 48
51 58 25
51 59 39
51 60 61
51 61 31
51 62 57
51 63 47
51 64 24
51 65 64
51 66 9
51 67 27
51 68 41
51 69 8
51 70 52
51 71 32
51 72 29
51 73 17
51 74 50
51 75 47
51 76 37
51 77 30
51 78 28
51 79 33
51 80 37
51 81 30
51 82 45
51 83 46
51 84 37
51 85 23
51 86 40
51 87 58
51 88 34
51 89 41
51 90 48
51 91 38
51 92 46
51 93 36
51 94 44
51 95 12
51 96 39
51 97 43
51 98 35
51 99 47
51 100 27
52 0 55
52 1 15
52 2 69
52 3 42
52 4 76
52 5 38
52 6 71
52 7 13
52 8 41
52 9 47
52 10 63
52 11 32
52 12 38
52 13 51
52 14 19
52 15 62
52 16 46
52 17 36
52 18 55
52 19 69
52 20 42
52 21 37
52 22 17
52 23 51
52 24 15
52 25 65
52 26 25
52 27 94
52 28 52
52 29 82
52 30 42
52 31 72
52 32 79
52 33 47
52 34 69
52 35 62
52 36 21
52 37 37
52 38 46
52 39 27
52 40 73
52 41 81
52 42 36
52 43 20
52 44 66
52 45 38
52 46 63
52 47 85
52 48 75
52 49 14
52 50 14
52 51 14
52 53 14
52 54 69
52 55 62
52 56 25
52 57 75
52 58 83
52 59 31
52 60 104
52 61 32
52 62 95
52 63 71
52 64 40
52 65 22
52 66 32
52 67 79
52 68 72
52 69 64
52 70 45
52 71 95
52 72 63
52 73 64
52 74 88
52 75 58
52 76 66
52 77 10
52 78 102
52 79 53
52 80 38
52 81 75
52 82 86
52 83 21
52 84 72
52 85 55
52 86 31
52 87 90
52 88 34
52 89 89
52 90 15
52 91 85
52 92 96
52 93 60
52 94 92
52 95 102
52 96 80
52 97 70
52 98 50
52 99 71
52 100 84
53 0 51
53 1 68
53 2 83
53 3 89
53 4 73
53 5 56
53 6 47
53 7 18
53 8 28
53 9 30
53 10 51
53 11 80
53 12 48
53 13 14
53 14 84
53 15 42
53 16 60
53 17 45
53 18 19
53 19 24
53 20 43
53 21 44
53 22 10
53 23 69
53 24 64
53 25 51
53 26 14
53 27 48
53 28 30
53 29 56
53 30 66
53 31 48
53 32 32
53 33 66
53 34 45
53 35 17
53 36 94
53 37 7
53 38 33
53 39 46
53 40 77
53 41 83
53 42 62
53 43 21
53 44 19
53 45 28
53 46 75
53 47 25
53 48 27
53 49 31
53 50 23
53 51 51
53 52 54
53 54 54
53 55 54
53 56 54
53 57 77
53 58 76
53 59 64
53 60 54
53 61 47
53 62 23
53 63 85
53 64 44
53 65 82
53 66 98
53 67 18
53 68 64
53 69 15
53 70 59
53 71 100
53 72 56
53 73 21
53 74 86
53 75 56
53 76 18
53 77 68
53 78 25
53 79 44
53 80 50
53 81 89
53 82 15
53 83 57
53 84 47
53 85 80
53 86 44
53 87 41
53 88 10
53 89 16
53 90 65
53 91 33
53 92 88
53 93 36
53 94 58
53 95 85
53 96 84
53 97 69
53 98 83
53 99 47
53 100 28
54 0 53
54 1 33
54 2 47
54 3 15
54 4 25
54 5 64
54 6 74
54 7 13
54 8 52
54 9 37
54 10 32
54 11 14
54 12 34
54 13 34
54 14 65
54 15 39
54 16 20
54 17 67
54 18 29
54 19 49
54 20 28
54 21 23
54 22 13
54 23 31
54 24 39
54 25 25
54 26 57
54 27 51
54 28 34
54 29 7
54 30 31
54 31 33
54 32 41
54 33 68
54 34 41
54 35 41
54 36 52
54 37 45
54 38 34
54 39 78
54 40 23
54 41 33
54 42 29
54 43 61
54 44 68
54 45 48
54 46 30
54 47 35
54 48 13
54 49 58
54 50 30
54 51 12
54 52 32
54 53 40
54 55 50
54 56 38
54 57 38
54 58 38
54 59 38
54 60 56
54 61 65
54 62 95
54 63 24
54 64 34
54 65 95
54 66 12
54 67 68
54 68 18
54 69 91
54 70 65
54 71 100
54 72 82
54 73 19
54 74 94
54 75 37
54 76 59
54 77 28
54 78 38
54 79 69
54 80 11
54 81 51
54 82 33
54 83 93
54 84 22
54 85 61
54 86 71
54 87 29
54 88 33
54 89 80
54 90 36
54 91 68
54 92 81
54 93 12
54 94 65
54 95 41
54 96 98
54 97 18
54 98 23
54 99 81
54 100 7
55 0 9
55 1 32
55 2 55
55 3 53
55 4 47
55 5 38
55 6 61
55 7 59
55 8 16
55 9 17
55 10 63
55 11 24
55 12 58
55 13 64
55 14 38
55 15 40
55 16 31
55 17 33
55 18 62
55 19 39
55 20 40
55 21 5
55 22 18
55 23 30
55 24 57
55 25 23
55 26 50
55 27 66
55 28 57
55 29 70
55 30 64
55 31 19
55 32 33
55 33 26
55 34 66
55 35 50
55 36 59
55 37 66
55 38 52
55 39 19
55 40 37
55 41 64
55 42 47
55 43 50
55 44 65
55 45 37
55 46 30
55 47 36
55 48 56
55 49 46
55 50 59
55 51 35
55 52 35
55 53 63
55 54 36
55 56 65
55 57 69
55 58 39
55 59 39
55 60 39
55 61 39
55 62 39
55 63 18
55 64 23
55 65 54
55 66 29
55 67 51
55 68 73
55 69 44
55 70 32
55 71 33
55 72 50
55 73 45
55 74 59
55 75 61
55 76 28
55 77 53
55 78 10
55 79 42
55 80 32
55 81 10
55 82 67
55 83 33
55 84 44
55 85 29
55 86 56
55 87 40
55 88 52
55 89 30
55 90 39
55 91 22
55 92 43
55 93 42
55 94 61
55 95 59
55 96 41
55 97 35
55 98 26
55 99 69
55 100 41
56 0 33
56 1 38
56 2 40
56 3 43
56 4 47
56 5 59
56 6 14
56 7 53
56 8 55
56 9 50
56 10 62
56 11 28
56 12 28
56 13 54
56 14 27
56 15 39
56 16 65
56 17 28
56 18 70
56 19 12
56 20 56
56 21 30
56 22 59
56 23 49
56 24 43
56 25 60
56 26 14
56 27 50
56 28 44
56 29 20
56 30 39
56 31 59
56 32 28
56 33 22
56 34 24
56 35 45
56 36 17
56 37 51
56 38 9
56 39 99
56 40 35
56 41 79
56 42 54
56 43 75
56 44 70
56 45 64
56 46 62
56 47 47
56 48 10
56 49 52
56 50 62
56 51 13
56 52 69
56 53 74
56 54 27
56 55 37
56 57 53
56 58 29
56 59 49
56 60 76
56 61 79
56 62 4
56 63 4
56 64 4
56 65 4
56 66 93
56 67 94
56 68 87
56 69 59
56 70 43
56 71 43
56 72 87
56 73 64
56 74 87
56 75 117
56 76 38
56 77 87
56 78 38
56 79 64
56 80 120
56 81 68
56 82 37
56 83 93
56 84 68
56 85 9
56 86 71
56 87 32
56 88 51
56 89 73
56 90 94
56 91 25
56 92 77
56 93 48
56 94 90
56 95 66
56 96 41
56 97 17
56 98 39
56 99 65
56 100 53
57 0 98
57 1 58
57 2 58
57 3 91
57 4 103
57 5 70
57 6 84
57 7 44
57 8 21
57 9 69
57 10 29
57 11 40
57 12 28
57 13 17
57 14 69
57 15 80
57 16 23
57 17 86
57 18 41
57 19 14
57 20 14
57 21 60
57 22 18
57 23 64
57 24 20
57 25 47
57 26 60
57 27 40
57 28 60
57 29 14
57 30 35
57 31 35
57 32 8
57 33 27
57 34 44
57 35 31
57 36 24
57 37 28
57 38 34
57 39 20
57 40 36
57 41 14
57 42 92
57 43 25
57 44 68
57 45 57
57 46 68
57 47 55
57 48 73
57 49 49
57 50 33
57 51 8
57 52 60
57 53 69
57 54 21
57 55 58
57 56 61
57 58 15
57 59 48
57 60 38
57 61 15
57 62 34
57 63 61
57 64 73
57 65 16
57 66 16
57 67 16
57 68 16
57 69 25
57 70 19
57 71 28
57 72 50
57 73 69
57 74 62
57 75 70
57 76 18
57 77 59
57 78 37
57 79 43
57 80 34
57 81 53
57 82 52
57 83 39
57 84 32
57 85 44
57 86 57
57 87 31
57 88 72
57 89 58
57 90 53
57 91 46
57 92 34
57 93 65
57 94 56
57 95 6
57 96 57
57 97 46
57 98 24
57 99 58
57 100 63
58 0 51
58 1 65
58 2 28
58 3 48
58 4 53
58 5 62
58 6 59
58 7 23
58 8 64
58 9 69
58 10 65
58 11 69
58 12 17
58 13 65
58 14 72
58 15 53
58 16 70
58 17 53
58 18 54
58 19 58
58 20 53
58 21 39
58 22 74
58 23 34
58 24 78
58 25 33
58 26 23
58 27 69
58 28 75
58 29 11
58 30 42
58 31 46
58 32 38
58 33 81
58 34 57
58 35 58
58 36 77
58 37 86
58 38 63
58 39 58
58 40 28
58 41 65
58 42 32
58 43 85
58 44 47
58 45 94
58 46 74
58 47 90
58 48 33
58 49 74
58 50 95
58 51 25
58 52 83
58 53 83
58 54 42
58 55 21
58 56 29
58 57 49
58 59 83
58 60 94
58 61 54
58 62 4
58 63 86
58 64 57
58 65 84
58 66 101
58 67 76
58 68 36
58 69 36
58 70 36
58 71 36
58 72 27
58 73 26
58 74 39
58 75 35
58 76 53
58 77 57
58 78 59
58 79 15
58 80 49
58 81 51
58 82 32
58 83 44
58 84 46
58 85 37
58 86 53
58 87 18
58 88 31
58 89 48
58 90 17
58 91 59
58 92 44
58 93 38
58 94 30
58 95 40
58 96 56
58 97 43
58 98 16
58 99 41
58 100 39
59 0 26
59 1 42
59 2 51
59 3 44
59 4 50
59 5 19
59 6 43
59 7 52
59 8 47
59 9 50
59 10 37
59 11 50
59 12 57
59 13 49
59 14 54
59 15 3
59 16 50
59 17 56
59 18 40
59 19 55
59 20 39
59 21 43
59 22 44
59 23 43
59 24 27
59 25 59
59 26 21
59 27 32
59 28 16
59 29 38
59 30 48
59 31 42
59 32 39
59 33 15
59 34 33
59 35 15
59 36 50
59 37 24
59 38 36
59 39 54
59 40 53
59 41 55
59 42 48
59 43 6
59 44 31
59 45 11
59 46 57
59 47 35
59 48 72
59 49 52
59 50 59
59 51 29
59 52 49
59 53 62
59 54 50
59 55 50
59 56 55
59 57 22
59 58 34
59 60 42
59 61 40
59 62 51
59 63 61
59 64 24
59 65 30
59 66 56
59 67 26
59 68 55
59 69 68
59 70 52
59 71 24
59 72 24
59 73 24
59 74 24
59 75 64
59 76 59
59 77 30
59 78 64
59 79 70
59 80 25
59 81 94
59 82 25
59 83 86
59 84 72
59 85 27
59 86 29
59 87 21
59 88 68
59 89 74
59 90 55
59 91 33
59 92 87
59 93 54
59 94 52
59 95 77
59 96 46
59 97 55
59 98 15
59 99 93
59 100 41
60 0 34
60 1 63
60 2 78
60 3 16
60 4 60
60 5 43
60 6 20
60 7 79
60 8 23
60 9 82
60 10 13
60 11 74
60 12 88
60 13 60
60 14 81
60 15 92
60 16 68
60 17 58
60 18 42
60 19 59
60 20 71
60 21 38
60 22 56
60 23 72
60 24 79
60 25 41
60 26 81
60 27 30
60 28 59
60 29 32
60 30 12
60 31 15
60 32 31
60 33 91
60 34 58
60 35 45
60 36 31
60 37 11
60 38 58
60 39 83
60 40 47
60 41 79
60 42 95
60 43 80
60 44 97
60 45 91
60 46 45
60 47 57
60 48 53
60 49 93
60 50 78
60 51 49
60 52 94
60 53 62
60 54 18
60 55 37
60 56 84
60 57 43
60 58 70
60 59 92
60 61 65
60 62 31
60 63 28
60 64 83
60 65 61
60 66 75
60 67 63
60 68 48
60 69 89
60 70 65
60 71 92
60 72 88
60 73 35
60 74 66
60 75 66
60 76 66
60 77 66
60 78 94
60 79 87
60 80 46
60 81 98
60 82 102
60 83 36
60 84 128
60 85 58
60 86 120
60 87 93
60 88 59
60 89 41
60 90 45
60 91 102
60 92 94
60 93 89
60 94 65
60 95 120
60 96 88
60 97 76
60 98 112
60 99 77
60 100 89
61 0 35
61 1 127
61 2 70
61 3 63
61 4 96
61 5 111
61 6 46
61 7 93
61 8 69
61 9 45
61 10 113
61 11 58
61 12 115
61 13 25
61 14 107
61 15 121
61 16 83
61 17 115
61 18 126
61 19 100
61 20 86
61 21 75
61 22 89
61 23 102
61 24 68
61 25 83
61 26 107
61 27 113
61 28 69
61 29 115
61 30 63
61 31 85
61 32 66
61 33 40
61 34 19
61 35 42
61 36 38
61 37 37
61 38 96
61 39 60
61 40 80
61 41 51
61 42 8
61 43 43
61 44 39
61 45 30
61 46 14
61 47 61
61 48 57
61 49 62
61 50 33
61 51 57
61 52 11
61 53 54
61 54 88
61 55 35
61 56 52
61 57 83
61 58 68
61 59 21
61 60 108
61 62 27
61 63 15
61 64 49
61 65 92
61 66 99
61 67 59
61 68 43
61 69 34
61 70 35
61 71 86
61 72 5
61 73 32
61 74 13
61 75 25
61 76 74
61 77 58
61 78 58
61 79 58
61 80 58
61 81 79
61 82 77
61 83 58
61 84 61
61 85 57
61 86 13
61 87 93
61 88 42
61 89 88
61 90 96
61 91 21
61 92 58
61 93 7
61 94 66
61 95 98
61 96 60
61 97 26
61 98 92
61 99 60
61 100 28
62 0 75
62 1 34
62 2 51
62 3 43
62 4 96
62 5 24
62 6 55
62 7 55
62 8 85
62 9 39
62 10 50
62 11 21
62 12 9
62 13 73
62 14 33
62 15 92
62 16 26
62 17 67
62 18 91
62 19 82
62 20 77
62 21 90
62 22 56
62 23 38
62 24 54
62 25 43
62 26 57
62 27 23
62 28 35
62 29 71
62 30 80
62 31 23
62 32 85
62 33 27
62 34 36
62 35 33
62 36 39
62 37 34
62 38 54
62 39 68
62 40 58
62 41 52
62 42 44
62 43 62
62 44 15
62 45 48
62 46 44
62 47 17
62 48 35
62 49 57
62 50 25
62 51 19
62 52 27
62 53 45
62 54 19
62 55 48
62 56 6
62 57 99
62 58 32
62 59 79
62 60 57
62 61 76
62 63 68
62 64 67
62 65 61
62 66 44
62 67 9
62 68 55
62 69 65
62 70 11
62 71 69
62 72 73
62 73 26
62 74 40
62 75 51
62 76 27
62 77 46
62 78 74
62 79 79
62 80 7
62 81 7
62 82 7
62 83 7
62 84 50
62 85 49
62 86 41
62 87 41
62 88 48
62 89 35
62 90 71
62 91 16
62 92 64
62 93 70
62 94 10
62 95 44
62 96 23
62 97 45
62 98 72
62 99 34
62 100 13
63 0 66
63 1 34
63 2 40
63 3 55
63 4 25
63 5 32
63 6 32
63 7 72
63 8 25
63 9 29
63 10 40
63 11 59
63 12 21
63 13 38
63 14 31
63 15 21
63 16 56
63 17 5
63 18 65
63 19 33
63 20 51
63 21 66
63 22 56
63 23 58
63 24 69
63 25 45
63 26 40
63 27 26
63 28 39
63 29 50
63 30 22
63 31 40
63 32 50
63 33 57
63 34 26
63 35 60
63 36 9
63 37 43
63 38 9
63 39 24
63 40 38
63 41 38
63 42 45
63 43 38
63 44 32
63 45 30
63 46 14
63 47 51
63 48 82
63 49 48
63 50 73
63 51 90
63 52 81
63 53 89
63 54 83
63 55 37
63 56 58
63 57 46
63 58 91
63 59 70
63 60 61
63 61 89
63 62 69
63 64 7
63 65 46
63 66 87
63 67 31
63 68 73
63 69 90
63 70 58
63 71 18
63 72 16
63 73 74
63 74 66
63 75 80
63 76 60
63 77 35
63 78 89
63 79 61
63 80 90
63 81 92
63 82 45
63 83 57
63 84 57
63 85 57
63 86 57
63 87 66
63 88 60
63 89 30
63 90 67
63 91 73
63 92 25
63 93 97
63 94 27
63 95 89
63 96 73
63 97 30
63 98 28
63 99 23
63 100 71
64 0 75
64 1 58
64 2 36
64 3 90
64 4 57
64 5 54
64 6 80
64 7 49
64 8 58
64 9 14
64 10 96
64 11 44
64 12 36
64 13 66
64 14 81
64 15 17
64 16 63
64 17 45
64 18 21
64 19 82
64 20 26
64 21 85
64 22 11
64 23 77
64 24 90
64 25 61
64 26 84
64 27 95
64 28 71
64 29 60
64 30 45
64 31 62
64 32 74
64 33 41
64 34 59
64 35 75
64 36 82
64 37 44
64 38 84
64 39 33
64 40 61
64 41 35
64 42 13
64 43 12
64 44 25
64 45 44
64 46 12
64 47 73
64 48 15
64 49 29
64 50 20
64 51 56
64 52 29
64 53 42
64 54 60
64 55 59
64 56 59
64 57 52
64 58 7
64 59 37
64 60 15
64 61 63
64 62 39
64 63 72
64 65 58
64 66 62
64 67 24
64 68 50
64 69 67
64 70 44
64 71 55
64 72 61
64 73 27
64 74 28
64 75 36
64 76 44
64 77 55
64 78 65
64 79 31
64 80 25
64 81 62
64 82 33
64 83 62
64 84 73
64 85 52
64 86 27
64 87 27
64 88 27
64 89 27
64 90 73
64 91 78
64 92 88
64 93 30
64 94 8
64 95 64
64 96 54
64 97 60
64 98 55
64 99 105
64 100 41
65 0 91
65 1 53
65 2 34
65 3 107
65 4 46
65 5 35
65 6 63
65 7 46
65 8 29
65 9 39
65 10 22
65 11 27
65 12 79
65 13 62
65 14 28
65 15 70
65 16 18
65 17 62
65 18 68
65 19 13
65 20 32
65 21 54
65 22 31
65 23 50
65 24 71
65 25 74
65 26 25
65 27 60
65 28 91
65 29 36
65 30 51
65 31 11
65 32 15
65 33 55
65 34 9
65 35 5
65 36 30
65 37 19
65 38 38
65 39 49
65 40 29
65 41 57
65 42 38
65 43 21
65 44 40
65 45 71
65 46 81
65 47 85
65 48 86
65 49 82
65 50 45
65 51 44
65 52 90
65 53 42
65 54 49
65 55 64
65 56 23
65 57 23
65 58 62
65 59 11
65 60 12
65 61 55
65 62 60
65 63 47
65 64 42
65 66 23
65 67 121
65 68 18
65 69 94
65 70 85
65 71 97
65 72 72
65 73 95
65 74 70
65 75 38
65 76 35
65 77 84
65 78 94
65 79 21
65 80 83
65 81 82
65 82 42
65 83 68
65 84 48
65 85 42
65 86 40
65 87 77
65 88 102
65 89 36
65 90 36
65 91 36
65 92 36
65 93 46
65 94 55
65 95 90
65 96 27
65 97 45
65 98 98
65 99 8
65 100 65
66 0 4
66 1 80
66 2 68
66 3 95
66 4 85
66 5 22
66 6 82
66 7 33
66 8 63
66 9 13
66 10 34
66 11 78
66 12 14
66 13 57
66 14 37
66 15 90
66 16 9
66 17 67
66 18 66
66 19 37
66 20 20
66 21 77
66 22 44
66 23 75
66 24 84
66 25 23
66 26 64
66 27 27
66 28 99
66 29 28
66 30 9
66 31 71
66 32 18
66 33 8
66 34 42
66 35 64
66 36 48
66 37 56
66 38 49
66 39 66
66 40 68
66 41 17
66 42 8
66 43 69
66 44 11
66 45 62
66 46 72
66 47 57
66 48 83
66 49 102
66 50 90
66 51 77
66 52 102
66 53 17
66 54 13
66 55 110
66 56 73
66 57 84
66 58 52
66 59 90
66 60 103
66 61 77
66 62 113
66 63 107
66 64 64
66 65 59
66 67 70
66 68 96
66 69 94
66 70 22
66 71 104
66 72 47
66 73 43
66 74 22
66 75 78
66 76 71
66 77 65
66 78 96
66 79 80
66 80 58
66 81 56
66 82 100
66 83 51
66 84 66
66 85 72
66 86 73
66 87 91
66 88 73
66 89 95
66 90 81
66 91 17
66 92 83
66 93 83
66 94 83
66 95 83
66 96 37
66 97 47
66 98 85
66 99 32
66 100 53
67 0 99
67 1 18
67 2 62
67 3 7
67 4 71
67 5 70
67 6 91
67 7 86
67 8 28
67 9 73
67 10 31
67 11 65
67 12 3
67 13 32
67 14 83
67 15 22
67 16 61
67 17 40
67 18 87
67 19 9
67 20 71
67 21 61
67 22 43
67 23 11
67 24 74
67 25 50
67 26 79
67 27 85
67 28 32
67 29 63
67 30 17
67 31 98
67 32 36
67 33 3
67 34 63
67 35 27
67 36 19
67 37 50
67 38 70
67 39 45
67 40 62
67 41 57
67 42 70
67 43 74
67 44 23
67 45 12
67 46 73
67 47 5
67 48 63
67 49 78
67 50 58
67 51 80
67 52 101
67 53 86
67 54 71
67 55 100
67 56 18
67 57 23
67 58 108
67 59 53
67 60 57
67 61 48
67 62 27
67 63 46
67 64 66
67 65 30
67 66 25
67 68 24
67 69 51
67 70 19
67 71 58
67 72 14
67 73 101
67 74 42
67 75 84
67 76 52
67 77 78
67 78 76
67 79 59
67 80 68
67 81 54
67 82 16
67 83 49
67 84 58
67 85 15
67 86 74
67 87 80
67 88 33
67 89 32
67 90 60
67 91 35
67 92 56
67 93 82
67 94 81
67 95 8
67 96 8
67 97 8
67 98 8
67 99 33
67 100 27
68 0 23
68 1 52
68 2 68
68 3 54
68 4 75
68 5 11
68 6 65
68 7 43
68 8 38
68 9 28
68 10 46
68 11 54
68 12 45
68 13 35
68 14 39
68 15 63
68 16 34
68 17 67
68 18 61
68 19 49
68 20 46
68 21 26
68 22 71
68 23 52
68 24 2
68 25 57
68 26 53
68 27 16
68 28 57
68 29 58
68 30 44
68 31 67
68 32 23
68 33 55
68 34 44
68 35 64
68 36 65
68 37 30
68 38 67
68 39 74
68 40 64
68 41 65
68 42 19
68 43 63
68 44 71
68 45 49
68 46 66
68 47 56
68 48 59
68 49 53
68 50 58
68 51 35
68 52 70
68 53 30
68 54 21
68 55 44
68 56 23
68 57 18
68 58 42
68 59 51
68 60 72
68 61 50
68 62 39
68 63 48
68 64 21
68 65 20
68 66 32
68 67 32
68 69 46
68 70 39
68 71 28
68 72 18
68 73 23
68 74 32
68 75 30
68 76 78
68 77 32
68 78 53
68 79 52
68 80 55
68 81 42
68 82 75
68 83 34
68 84 30
68 85 18
68 86 59
68 87 67
68 88 36
68 89 42
68 90 46
68 91 1
68 92 52
68 93 31
68 94 2
68 95 31
68 96 49
68 97 59
68 98 27
68 99 27
68 100 27
69 0 27
69 1 13
69 2 22
69 3 65
69 4 46
69 5 70
69 6 95
69 7 47
69 8 51
69 9 35
69 10 42
69 11 68
69 12 71
69 13 83
69 14 44
69 15 44
69 16 32
69 17 65
69 18 27
69 19 32
69 20 90
69 21 44
69 22 67
69 23 50
69 24 72
69 25 37
69 26 75
69 27 44
69 28 58
69 29 19
69 30 61
69 31 63
69 32 84
69 33 82
69 34 54
69 35 57
69 36 13
69 37 88
69 38 56
69 39 32
69 40 35
69 41 51
69 42 47
69 43 66
69 44 81
69 45 35
69 46 75
69 47 74
69 48 73
69 49 84
69 50 41
69 51 35
69 52 77
69 53 28
69 54 62
69 55 88
69 56 56
69 57 67
69 58 89
69 59 67
69 60 48
69 61 87
69 62 33
69 63 50
69 64 96
69 65 24
69 66 93
69 67 66
69 68 58
69 70 75
69 71 64
69 72 77
69 73 71
69 74 25
69 75 41
69 76 33
69 77 74
69 78 58
69 79 57
69 80 74
69 81 56
69 82 11
69 83 37
69 84 71
69 85 42
69 86 57
69 87 73
69 88 45
69 89 25
69 90 29
69 91 63
69 92 52
69 93 65
69 94 43
69 95 34
69 96 72
69 97 45
69 98 73
69 99 76
69 100 38
70 0 46
70 1 46
70 2 46
70 3 46
70 4 53
70 5 58
70 6 74
70 7 11
70 8 16
70 9 64
70 10 41
70 11 45
70 12 39
70 13 85
70 14 35
70 15 78
70 16 52
70 17 15
70 18 88
70 19 26
70 20 29
70 21 45
70 22 26
70 23 40
70 24 23
70 25 20
70 26 8
70 27 68
70 28 46
70 29 30
70 30 53
70 31 4
70 32 43
70 33 55
70 34 7
70 35 38
70 36 51
70 37 20
70 38 38
70 39 52
70 40 69
70 41 14
70 42 43
70 43 72
70 44 24
70 45 38
70 46 12
70 47 28
70 48 37
70 49 20
70 50 19
70 51 30
70 52 31
70 53 21
70 54 31
70 55 32
70 56 38
70 57 30
70 58 35
70 59 28
70 60 60
70 61 74
70 62 72
70 63 69
70 64 75
70 65 26
70 66 32
70 67 82
70 68 71
70 69 81
70 71 54
70 72 21
70 73 62
70 74 33
70 75 80
70 76 74
70 77 45
70 78 17
70 79 46
70 80 52
70 81 63
70 82 45
70 83 64
70 84 21
70 85 49
70 86 23
70 87 36
70 88 80
70 89 22
70 90 53
70 91 50
70 92 63
70 93 67
70 94 70
70 95 13
70 96 27
70 97 35
70 98 66
70 99 47
70 100 35
71 0 52
71 1 40
71 2 28
71 3 57
71 4 57
71 5 57
71 6 57
71 7 64
71 8 57
71 9 20
71 10 74
71 11 83
71 12 36
71 13 101
71 14 29
71 15 92
71 16 66
71 17 40
71 18 17
71 19 35
71 20 77
71 21 67
71 22 61
71 23 45
71 24 92
71 25 61
71 26 66
71 27 86
71 28 59
71 29 65
71 30 5
71 31 100
71 32 55
71 33 33
71 34 75
71 35 82
71 36 17
71 37 72
71 38 57
71 39 34
71 40 89
71 41 33
71 42 85
71 43 20
71 44 84
71 45 93
71 46 55
71 47 91
71 48 100
71 49 80
71 50 71
71 51 47
71 52 72
71 53 84
71 54 52
71 55 70
71 56 81
71 57 86
71 58 55
71 59 87
71 60 43
71 61 73
71 62 43
71 63 12
71 64 15
71 65 15
71 66 37
71 67 12
71 68 77
71 69 97
71 70 20
71 72 67
71 73 17
71 74 17
71 75 57
71 76 33
71 77 17
71 78 73
71 79 69
71 80 73
71 81 40
71 82 68
71 83 22
71 84 66
71 85 89
71 86 46
71 87 52
71 88 92
71 89 72
71 90 17
71 91 118
71 92 29
71 93 26
71 94 61
71 95 102
71 96 109
71 97 71
71 98 44
71 99 32
71 100 46
72 0 97
72 1 17
72 2 44
72 3 24
72 4 19
72 5 77
72 6 70
72 7 70
72 8 70
72 9 70
72 10 43
72 11 52
72 12 86
72 13 24
72 14 44
72 15 95
72 16 11
72 17 61
72 18 4
72 19 77
72 20 65
72 21 92
72 22 82
72 23 19
72 24 80
72 25 29
72 26 59
72 27 13
72 28 30
72 29 75
72 30 12
72 31 53
72 32 34
72 33 87
72 34 11
72 35 64
72 36 62
72 37 35
72 38 18
72 39 73
72 40 41
72 41 72
72 42 81
72 43 21
72 44 60
72 45 26
72 46 95
72 47 27
72 48 9
72 49 68
72 50 17
72 51 11
72 52 40
72 53 62
72 54 45
72 55 54
72 56 47
72 57 63
72 58 66
72 59 14
72 60 5
72 61 66
72 62 9
72 63 58
72 64 69
72 65 54
72 66 79
72 67 99
72 68 86
72 69 74
72 70 98
72 71 13
72 73 13
72 74 106
72 75 60
72 76 104
72 77 75
72 78 35
72 79 60
72 80 28
72 81 86
72 82 80
72 83 47
72 84 24
72 85 50
72 86 59
72 87 69
72 88 38
72 89 71
72 90 19
72 91 47
72 92 16
72 93 41
72 94 79
72 95 28
72 96 60
72 97 55
72 98 62
72 99 65
72 100 75
73 0 16
73 1 31
73 2 41
73 3 67
73 4 54
73 5 41
73 6 59
73 7 45
73 8 21
73 9 61
73 10 61
73 11 61
73 12 61
73 13 50
73 14 52
73 15 57
73 16 25
73 17 31
73 18 47
73 19 57
73 20 29
73 21 51
73 22 77
73 23 17
73 24 61
73 25 34
73 26 30
73 27 80
73 28 26
73 29 11
73 30 55
73 31 26
73 32 34
73 33 39
73 34 11
73 35 15
73 36 50
73 37 59
73 38 19
73 39 39
73 40 22
73 41 50
73 42 37
73 43 20
73 44 27
73 45 33
73 46 39
73 47 20
73 48 57
73 49 50
73 50 33
73 51 54
73 52 63
73 53 42
73 54 54
73 55 28
73 56 28
73 57 27
73 58 24
73 59 33
73 60 17
73 61 29
73 62 35
73 63 44
73 64 20
73 65 49
73 66 11
73 67 33
73 68 10
73 69 42
73 70 55
73 71 55
73 72 56
73 74 56
73 75 36
73 76 49
73 77 63
73 78 66
73 79 61
73 80 35
73 81 17
73 82 20
73 83 57
73 84 12
73 85 24
73 86 23
73 87 46
73 88 16
73 89 54
73 90 12
73 91 98
73 92 38
73 93 80
73 94 52
73 95 74
73 96 71
73 97 60
73 98 63
73 99 50
73 100 11
74 0 50
74 1 59
74 2 15
74 3 70
74 4 75
74 5 29
74 6 34
74 7 56
74 8 30
74 9 52
74 10 78
74 11 78
74 12 3
74 13 3
74 14 3
74 15 3
74 16 14
74 17 8
74 18 38
74 19 48
74 20 69
74 21 72
74 22 64
74 23 27
74 24 52
74 25 32
74 26 51
74 27 44
74 28 62
74 29 49
74 30 35
74 31 29
74 32 50
74 33 48
74 34 28
74 35 78
74 36 54
74 37 57
74 38 46
74 39 45
74 40 58
74 41 62
74 42 17
74 43 57
74 44 38
74 45 35
74 46 59
74 47 70
74 48 60
74 49 62
74 50 36
74 51 38
74 52 63
74 53 60
74 54 51
74 55 19
74 56 60
74 57 63
74 58 65
74 59 73
74 60 18
74 61 68
74 62 73
74 63 59
74 64 74
74 65 49
74 66 48
74 67 63
74 68 45
74 69 46
74 70 78
74 71 40
74 72 40
74 73 63
74 75 40
74 76 22
74 77 61
74 78 42
74 79 63
74 80 69
74 81 22
74 82 67
74 83 41
74 84 33
74 85 34
74 86 36
74 87 53
74 88 37
74 89 46
74 90 10
74 91 45
74 92 41
74 93 58
74 94 55
74 95 55
74 96 25
74 97 57
74 98 34
74 99 26
74 100 86
75 0 11
75 1 42
75 2 46
75 3 69
75 4 74
75 5 65
75 6 14
75 7 21
75 8 29
75 9 69
75 10 35
75 11 29
75 12 41
75 13 30
75 14 40
75 15 54
75 16 54
75 17 54
75 18 54
75 19 15
75 20 22
75 21 58
75 22 31
75 23 55
75 24 80
75 25 41
75 26 38
75 27 30
75 28 49
75 29 52
75 30 64
75 31 68
75 32 30
75 33 52
75 34 15
75 35 49
75 36 26
75 37 15
75 38 73
75 39 33
75 40 50
75 41 33
75 42 62
75 43 35
75 44 59
75 45 35
75 46 42
75 47 16
75 48 50
75 49 47
75 50 67
75 51 66
75 52 42
75 53 42
75 54 20
75 55 75
75 56 42
75 57 29
75 58 39
75 59 40
75 60 41
75 61 51
75 62 65
75 63 20
75 64 58
75 65 59
75 66 57
75 67 67
75 68 29
75 69 26
75 70 61
75 71 23
75 72 46
75 73 71
75 74 40
75 76 55
75 77 77
75 78 59
75 79 44
75 80 76
75 81 20
75 82 41
75 83 84
75 84 33
75 85 82
75 86 53
75 87 23
75 88 40
75 89 19
75 90 43
75 91 58
75 92 16
75 93 61
75 94 42
75 95 49
75 96 17
75 97 120
75 98 26
75 99 96
75 100 80
76 0 97
76 1 77
76 2 87
76 3 74
76 4 45
76 5 31
76 6 78
76 7 87
76 8 13
76 9 85
76 10 86
76 11 43
76 12 60
76 13 54
76 14 43
76 15 47
76 16 83
76 17 101
76 18 30
76 19 30
76 20 30
76 21 30
76 22 19
76 23 26
76 24 58
76 25 26
76 26 50
76 27 76
76 28 39
76 29 36
76 30 29
76 31 53
76 32 48
76 33 64
76 34 64
76 35 25
76 36 56
76 37 10
76 38 44
76 39 27
76 40 10
76 41 68
76 42 29
76 43 45
76 44 28
76 45 61
76 46 35
76 47 54
76 48 35
76 49 37
76 50 17
76 51 48
76 52 42
76 53 62
76 54 63
76 55 38
76 56 39
76 57 23
76 58 73
76 59 38
76 60 29
76 61 42
76 62 36
76 63 39
76 64 46
76 65 59
76 66 18
76 67 53
76 68 54
76 69 52
76 70 62
76 71 25
76 72 24
76 73 56
76 74 22
76 75 42
76 77 66
76 78 36
76 79 54
76 80 75
76 81 59
76 82 46
76 83 74
76 84 17
76 85 38
76 86 83
76 87 37
76 88 80
76 89 51
76 90 18
76 91 37
76 92 22
76 93 38
76 94 58
76 95 12
76 96 17
76 97 36
76 98 18
76 99 30
76 100 93
77 0 16
77 1 63
77 2 70
77 3 70
77 4 41
77 5 90
77 6 39
77 7 14
77 8 26
77 9 75
77 10 84
77 11 35
77 12 52
77 13 50
77 14 18
77 15 65
77 16 20
77 17 16
77 18 16
77 19 47
77 20 75
77 21 34
77 22 34
77 23 34
77 24 34
77 25 64
77 26 63
77 27 55
77 28 43
77 29 42
77 30 29
77 31 75
77 32 31
77 33 70
77 34 85
77 35 5
77 36 56
77 37 16
77 38 48
77 39 87
77 40 43
77 41 8
77 42 74
77 43 43
77 44 25
77 45 57
77 46 17
77 47 33
77 48 43
77 49 78
77 50 11
77 51 44
77 52 38
77 53 67
77 54 34
77 55 33
77 56 16
77 57 16
77 58 56
77 59 20
77 60 75
77 61 35
77 62 49
77 63 73
77 64 71
77 65 59
77 66 72
77 67 40
77 68 28
77 69 39
77 70 30
77 71 43
77 72 9
77 73 26
77 74 53
77 75 62
77 76 12
77 78 67
77 79 10
77 80 30
77 81 17
77 82 36
77 83 42
77 84 51
77 85 60
77 86 44
77 87 54
77 88 67
77 89 49
77 90 77
77 91 48
77 92 28
77 93 34
77 94 22
77 95 74
77 96 26
77 97 55
77 98 40
77 99 68
77 100 18
78 0 91
78 1 79
78 2 43
78 3 94
78 4 57
78 5 22
78 6 31
78 7 81
78 8 49
78 9 67
78 10 91
78 11 66
78 12 36
78 13 34
78 14 84
78 15 56
78 16 71
78 17 63
78 18 52
78 19 88
78 20 64
78 21 90
78 22 85
78 23 29
78 24 68
78 25 68
78 26 68
78 27 68
78 28 37
78 29 44
78 30 73
78 31 11
78 32 35
78 33 78
78 34 26
78 35 46
78 36 19
78 37 71
78 38 48
78 39 78
78 40 66
78 41 8
78 42 74
78 43 15
78 44 43
78 45 24
78 46 16
78 47 61
78 48 12
78 49 39
78 50 19
78 51 72
78 52 27
78 53 49
78 54 49
78 55 23
78 56 21
78 57 58
78 58 29
78 59 57
78 60 65
78 61 20
78 62 44
78 63 30
78 64 79
78 65 20
78 66 22
78 67 60
78 68 18
78 69 24
78 70 31
78 71 49
78 72 31
78 73 42
78 74 39
78 75 48
78 76 53
78 77 7
78 79 12
78 80 51
78 81 17
78 82 42
78 83 56
78 84 37
78 85 64
78 86 83
78 87 72
78 88 63
78 89 83
78 90 4
78 91 22
78 92 91
78 93 55
78 94 88
78 95 59
78 96 19
78 97 44
78 98 31
78 99 29
78 100 72
79 0 21
79 1 24
79 2 50
79 3 64
79 4 30
79 5 78
79 6 50
79 7 65
79 8 32
79 9 55
79 10 65
79 11 50
79 12 54
79 13 55
79 14 18
79 15 35
79 16 43
79 17 35
79 18 56
79 19 65
79 20 25
79 21 27
79 22 57
79 23 27
79 24 55
79 25 71
79 26 58
79 27 18
79 28 18
79 29 18
79 30 18
79 31 32
79 32 23
79 33 27
79 34 69
79 35 89
79 36 76
79 37 85
79 38 35
79 39 73
79 40 21
79 41 62
79 42 32
79 43 68
79 44 70
79 45 22
79 46 50
79 47 63
79 48 68
79 49 49
79 50 91
79 51 75
79 52 72
79 53 65
79 54 40
79 55 78
79 56 75
79 57 22
79 58 76
79 59 58
79 60 37
79 61 78
79 62 82
79 63 67
79 64 83
79 65 46
79 66 56
79 67 63
79 68 81
79 69 72
79 70 11
79 71 82
79 72 84
79 73 84
79 74 88
79 75 36
79 76 85
79 77 91
79 78 72
79 80 89
79 81 70
79 82 70
79 83 77
79 84 66
79 85 58
79 86 93
79 87 54
79 88 40
79 89 60
79 90 31
79 91 8
79 92 57
79 93 63
79 94 85
79 95 64
79 96 26
79 97 62
79 98 44
79 99 52
79 100 45
80 0 54
80 1 71
80 2 26
80 3 45
80 4 54
80 5 81
80 6 95
80 7 42
80 8 86
80 9 90
80 10 90
80 11 24
80 12 70
80 13 102
80 14 9
80 15 88
80 16 96
80 17 57
80 18 9
80 19 11
80 20 67
80 21 85
80 22 98
80 23 65
80 24 20
80 25 97
80 26 68
80 27 96
80 28 107
80 29 69
80 30 53
80 31 53
80 32 53
80 33 53
80 34 57
80 35 55
80 36 40
80 37 49
80 38 54
80 39 27
80 40 79
80 41 20
80 42 72
80 43 74
80 44 11
80 45 42
80 46 16
80 47 53
80 48 76
80 49 42
80 50 16
80 51 74
80 52 42
80 53 39
80 54 62
80 55 29
80 56 39
80 57 28
80 58 80
80 59 26
80 60 33
80 61 47
80 62 67
80 63 20
80 64 44
80 65 30
80 66 14
80 67 63
80 68 11
80 69 72
80 70 26
80 71 58
80 72 75
80 73 60
80 74 66
80 75 77
80 76 51
80 77 42
80 78 33
80 79 43
80 81 55
80 82 23
80 83 41
80 84 57
80 85 65
80 86 26
80 87 68
80 88 14
80 89 44
80 90 16
80 91 21
80 92 31
80 93 37
80 94 47
80 95 32
80 96 57
80 97 73
80 98 38
80 99 68
80 100 37
81 0 14
81 1 35
81 2 13
81 3 72
81 4 35
81 5 40
81 6 38
81 7 66
81 8 32
81 9 43
81 10 23
81 11 35
81 12 49
81 13 31
81 14 54
81 15 38
81 16 28
81 17 83
81 18 15
81 19 38
81 20 39
81 21 66
81 22 72
81 23 58
81 24 20
81 25 26
81 26 23
81 27 65
81 28 32
81 29 22
81 30 37
81 31 33
81 32 44
81 33 47
81 34 47
81 35 47
81 36 47
81 37 70
81 38 65
81 39 34
81 40 70
81 41 75
81 42 21
81 43 100
81 44 32
81 45 92
81 46 78
81 47 31
81 48 32
81 49 21
81 50 74
81 51 79
81 52 61
81 53 37
81 54 93
81 55 61
81 56 54
81 57 83
81 58 50
81 59 61
81 60 18
81 61 100
81 62 44
81 63 40
81 64 69
81 65 85
81 66 22
81 67 65
81 68 45
81 69 20
81 70 85
81 71 30
81 72 89
81 73 6
81 74 79
81 75 94
81 76 66
81 77 87
81 78 98
81 79 72
81 80 61
81 82 49
81 83 63
81 84 75
81 85 42
81 86 59
81 87 78
81 88 85
81 89 44
81 90 88
81 91 35
81 92 61
81 93 38
81 94 17
81 95 9
81 96 29
81 97 49
81 98 11
81 99 77
81 100 94
82 0 17
82 1 77
82 2 15
82 3 16
82 4 55
82 5 31
82 6 88
82 7 57
82 8 34
82 9 56
82 10 83
82 11 50
82 12 57
82 13 15
82 14 18
82 15 56
82 16 14
82 17 66
82 18 34
82 19 23
82 20 97
82 21 12
82 22 50
82 23 60
82 24 79
82 25 84
82 26 78
82 27 5
82 28 10
82 29 43
82 30 82
82 31 42
82 32 42
82 33 48
82 34 25
82 35 39
82 36 67
82 37 67
82 38 67
82 39 67
82 40 30
82 41 21
82 42 37
82 43 72
82 44 93
82 45 86
82 46 84
82 47 44
82 48 72
82 49 10
82 50 70
82 51 43
82 52 78
82 53 72
82 54 12
82 55 53
82 56 71
82 57 66
82 58 52
82 59 99
82 60 76
82 61 79
82 62 70
82 63 51
82 64 76
82 65 83
82 66 31
82 67 81
82 68 56
82 69 47
82 70 83
82 71 90
82 72 77
82 73 85
82 74 55
82 75 53
82 76 74
82 77 84
82 78 70
82 79 5
82 80 83
82 81 84
82 83 89
82 84 95
82 85 41
82 86 91
82 87 96
82 88 80
82 89 97
82 90 72
82 91 70
82 92 85
82 93 65
82 94 67
82 95 101
82 96 61
82 97 50
82 98 71
82 99 42
82 100 19
83 0 68
83 1 64
83 2 85
83 3 75
83 4 18
83 5 73
83 6 54
83 7 56
83 8 54
83 9 50
83 10 76
83 11 37
83 12 48
83 13 52
83 14 89
83 15 103
83 16 53
83 17 57
83 18 66
83 19 98
83 20 57
83 21 39
83 22 25
83 23 85
83 24 12
83 25 37
83 26 41
83 27 68
83 28 74
83 29 60
83 30 19
83 31 23
83 32 24
83 33 67
83 34 31
83 35 24
83 36 36
83 37 31
83 38 44
83 39 49
83 40 49
83 41 49
83 42 49
83 43 56
83 44 61
83 45 79
83 46 11
83 47 13
83 48 69
83 49 38
83 50 50
83 51 37
83 52 89
83 53 40
83 54 83
83 55 56
83 56 15
83 57 91
83 58 29
83 59 34
83 60 44
83 61 29
83 62 42
83 63 21
83 64 24
83 65 12
83 66 74
83 67 44
83 68 34
83 69 58
83 70 2
83 71 43
83 72 61
83 73 9
83 74 41
83 75 56
83 76 16
83 77 43
83 78 52
83 79 74
83 80 9
83 81 41
83 82 76
83 84 20
83 85 35
83 86 9
83 87 29
83 88 41
83 89 21
83 90 17
83 91 34
83 92 33
83 93 19
83 94 30
83 95 36
83 96 38
83 97 35
83 98 36
83 99 33
83 100 65
84 0 80
84 1 77
84 2 74
84 3 81
84 4 26
84 5 28
84 6 87
84 7 74
84 8 86
84 9 59
84 10 25
84 11 43
84 12 53
84 13 14
84 14 79
84 15 33
84 16 46
84 17 33
84 18 45
84 19 69
84 20 81
84 21 17
84 22 39
84 23 26
84 24 77
84 25 103
84 26 15
84 27 91
84 28 93
84 29 53
84 30 17
84 31 23
84 32 60
84 33 89
84 34 101
84 35 64
84 36 13
84 37 96
84 38 66
84 39 94
84 40 109
84 41 77
84 42 47
84 43 47
84 44 47
84 45 47
84 46 71
84 47 64
84 48 21
84 49 84
84 50 93
84 51 42
84 52 111
84 53 39
84 54 102
84 55 68
84 56 50
84 57 16
84 58 43
84 59 87
84 60 69
84 61 71
84 62 56
84 63 101
84 64 70
84 65 75
84 66 96
84 67 69
84 68 75
84 69 13
84 70 109
84 71 65
84 72 40
84 73 85
84 74 91
84 75 27
84 76 82
84 77 67
84 78 42
84 79 99
84 80 43
84 81 93
84 82 25
84 83 94
84 85 102
84 86 58
84 87 101
84 88 109
84 89 90
84 90 81
84 91 56
84 92 82
84 93 94
84 94 62
84 95 80
84 96 91
84 97 95
84 98 65
84 99 96
84 100 53
85 0 82
85 1 53
85 2 21
85 3 18
85 4 18
85 5 40
85 6 14
85 7 87
85 8 106
85 9 18
85 10 72
85 11 16
85 12 27
85 13 66
85 14 43
85 15 92
85 16 74
85 17 22
85 18 65
85 19 89
85 20 71
85 21 79
85 22 17
85 23 5
85 24 70
85 25 77
85 26 91
85 27 40
85 28 37
85 29 75
85 30 26
85 31 35
85 32 27
85 33 58
85 34 65
85 35 46
85 36 32
85 37 38
85 38 11
85 39 54
85 40 33
85 41 11
85 42 34
85 43 43
85 44 50
85 45 35
85 46 35
85 47 35
85 48 35
85 49 73
85 50 73
85 51 66
85 52 46
85 53 38
85 54 32
85 55 77
85 56 43
85 57 74
85 58 96
85 59 16
85 60 67
85 61 21
85 62 51
85 63 98
85 64 50
85 65 16
85 66 79
85 67 50
85 68 13
85 69 59
85 70 17
85 71 36
85 72 54
85 73 81
85 74 6
85 75 56
85 76 38
85 77 73
85 78 45
85 79 32
85 80 4
85 81 22
85 82 56
85 83 31
85 84 81
85 86 43
85 87 49
85 88 77
85 89 82
85 90 60
85 91 74
85 92 37
85 93 19
85 94 49
85 95 24
85 96 37
85 97 7
85 98 17
85 99 56
85 100 66
86 0 4
86 1 72
86 2 20
86 3 19
86 4 26
86 5 47
86 6 50
86 7 62
86 8 71
86 9 53
86 10 59
86 11 68
86 12 57
86 13 87
86 14 56
86 15 39
86 16 41
86 17 33
86 18 81
86 19 27
86 20 66
86 21 48
86 22 75
86 23 9
86 24 17
86 25 49
86 26 59
86 27 34
86 28 14
86 29 30
86 30 71
86 31 8
86 32 92
86 33 66
86 34 35
86 35 30
86 36 81
86 37 90
86 38 19
86 39 78
86 40 78
86 41 38
86 42 65
86 43 45
86 44 37
86 45 37
86 46 74
86 47 97
86 48 32
86 49 32
86 50 32
86 51 32
86 52 41
86 53 32
86 54 24
86 55 77
86 56 96
86 57 76
86 58 94
86 59 40
86 60 82
86 61 24
86 62 66
86 63 28
86 64 71
86 65 78
86 66 24
86 67 58
86 68 68
86 69 78
86 70 57
86 71 95
86 72 84
86 73 78
86 74 73
86 75 39
86 76 87
86 77 80
86 78 28
86 79 84
86 80 67
86 81 39
86 82 85
86 83 86
86 84 69
86 85 91
86 87 51
86 88 65
86 89 62
86 90 89
86 91 81
86 92 18
86 93 90
86 94 93
86 95 92
86 96 94
86 97 44
86 98 91
86 99 99
86 100 77
87 0 95
87 1 79
87 2 79
87 3 81
87 4 75
87 5 64
87 6 98
87 7 59
87 8 40
87 9 58
87 10 28
87 11 11
87 12 55
87 13 72
87 14 93
87 15 62
87 16 33
87 17 59
87 18 46
87 19 60
87 20 50
87 21 63
87 22 77
87 23 23
87 24 53
87 25 63
87 26 86
87 27 99
87 28 42
87 29 44
87 30 69
87 31 95
87 32 101
87 33 11
87 34 85
87 35 69
87 36 22
87 37 43
87 38 36
87 39 58
87 40 64
87 41 56
87 42 24
87 43 32
87 44 21
87 45 58
87 46 38
87 47 21
87 48 42
87 49 41
87 50 40
87 51 43
87 52 43
87 53 43
87 54 43
87 55 89
87 56 92
87 57 96
87 58 47
87 59 25
87 60 62
87 61 71
87 62 70
87 63 73
87 64 119
87 65 46
87 66 98
87 67 54
87 68 51
87 69 121
87 70 62
87 71 42
87 72 81
87 73 62
87 74 22
87 75 57
87 76 31
87 77 43
87 78 85
87 79 79
87 80 31
87 81 81
87 82 35
87 83 80
87 84 75
87 85 30
87 86 30
87 88 55
87 89 48
87 90 59
87 91 89
87 92 75
87 93 42
87 94 77
87 95 105
87 96 54
87 97 68
87 98 28
87 99 15
87 100 69
88 0 19
88 1 22
88 2 34
88 3 16
88 4 56
88 5 66
88 6 31
88 7 74
88 8 46
88 9 14
88 10 50
88 11 78
88 12 83
88 13 93
88 14 98
88 15 85
88 16 63
88 17 61
88 18 89
88 19 106
88 20 88
88 21 70
88 22 55
88 23 60
88 24 90
88 25 34
88 26 96
88 27 64
88 28 82
88 29 25
88 30 21
88 31 80
88 32 91
88 33 45
88 34 20
88 35 11
88 36 98
88 37 26
88 38 40
88 39 87
88 40 62
88 41 56
88 42 62
88 43 65
88 44 76
88 45 16
88 46 31
88 47 43
88 48 68
88 49 55
88 50 43
88 51 60
88 52 45
88 53 20
88 54 62
88 55 62
88 56 62
88 57 62
88 58 35
88 59 44
88 60 79
88 61 24
88 62 46
88 63 91
88 64 19
88 65 55
88 66 8
88 67 69
88 68 61
88 69 85
88 70 78
88 71 20
88 72 72
88 73 24
88 74 56
88 75 10
88 76 24
88 77 75
88 78 16
88 79 52
88 80 32
88 81 81
88 82 15
88 83 62
88 84 55
88 85 36
88 86 11
88 87 67
88 89 42
88 90 71
88 91 77
88 92 26
88 93 56
88 94 20
88 95 90
88 96 30
88 97 9
88 98 60
88 99 22
88 100 19
89 0 43
89 1 63
89 2 38
89 3 55
89 4 50
89 5 61
89 6 66
89 7 15
89 8 5
89 9 64
89 10 3
89 11 55
89 12 70
89 13 50
89 14 73
89 15 93
89 16 80
89 17 66
89 18 93
89 19 10
89 20 21
89 21 101
89 22 52
89 23 99
89 24 70
89 25 31
89 26 55
89 27 21
89 28 42
89 29 79
89 30 29
89 31 16
89 32 64
89 33 78
89 34 78
89 35 90
89 36 34
89 37 72
89 38 60
89 39 67
89 40 64
89 41 46
89 42 45
89 43 58
89 44 40
89 45 78
89 46 85
89 47 54
89 48 32
89 49 28
89 50 23
89 51 73
89 52 15
89 53 21
89 54 20
89 55 27
89 56 60
89 57 48
89 58 48
89 59 48
89 60 48
89 61 6
89 62 15
89 63 57
89 64 42
89 65 66
89 66 85
89 67 48
89 68 41
89 69 36
89 70 40
89 71 60
89 72 63
89 73 74
89 74 40
89 75 42
89 76 25
89 77 57
89 78 31
89 79 25
89 80 83
89 81 42
89 82 60
89 83 44
89 84 63
89 85 40
89 86 68
89 87 35
89 88 53
89 90 21
89 91 52
89 92 57
89 93 76
89 94 73
89 95 52
89 96 48
89 97 19
89 98 79
89 99 53
89 100 34
90 0 31
90 1 49
90 2 49
90 3 61
90 4 75
90 5 25
90 6 68
90 7 69
90 8 65
90 9 77
90 10 39
90 11 35
90 12 69
90 13 29
90 14 54
90 15 81
90 16 47
90 17 57
90 18 80
90 19 59
90 20 40
90 21 78
90 22 30
90 23 50
90 24 87
90 25 22
90 26 84
90 27 57
90 28 33
90 29 46
90 30 17
90 31 53
90 32 56
90 33 24
90 34 16
90 35 71
90 36 87
90 37 61
90 38 72
90 39 42
90 40 81
90 41 77
90 42 41
90 43 71
90 44 51
90 45 19
90 46 58
90 47 37
90 48 21
90 49 30
90 50 44
90 51 69
90 52 80
90 53 42
90 54 10
90 55 74
90 56 44
90 57 72
90 58 87
90 59 64
90 60 28
90 61 28
90 62 28
90 63 28
90 64 19
90 65 23
90 66 52
90 67 29
90 68 51
90 69 71
90 70 46
90 71 29
90 72 35
90 73 50
90 74 43
90 75 57
90 76 59
90 77 29
90 78 53
90 79 9
90 80 40
90 81 34
90 82 9
90 83 66
90 84 34
90 85 43
90 86 28
90 87 54
90 88 42
90 89 51
90 91 28
90 92 38
90 93 24
90 94 41
90 95 42
90 96 59
90 97 57
90 98 42
90 99 33
90 100 29
91 0 66
91 1 41
91 2 35
91 3 38
91 4 41
91 5 45
91 6 47
91 7 58
91 8 12
91 9 52
91 10 54
91 11 48
91 12 60
91 13 29
91 14 30
91 15 52
91 16 29
91 17 37
91 18 64
91 19 31
91 20 47
91 21 68
91 22 52
91 23 40
91 24 67
91 25 22
91 26 44
91 27 76
91 28 36
91 29 73
91 30 45
91 31 16
91 32 31
91 33 28
91 34 37
91 35 51
91 36 7
91 37 23
91 38 54
91 39 69
91 40 51
91 41 63
91 42 26
91 43 64
91 44 61
91 45 41
91 46 54
91 47 34
91 48 20
91 49 41
91 50 27
91 51 64
91 52 21
91 53 63
91 54 59
91 55 73
91 56 48
91 57 29
91 58 78
91 59 50
91 60 78
91 61 83
91 62 45
91 63 46
91 64 46
91 65 46
91 66 46
91 67 28
91 68 29
91 69 46
91 70 29
91 71 47
91 72 59
91 73 53
91 74 20
91 75 44
91 76 55
91 77 32
91 78 51
91 79 47
91 80 31
91 81 57
91 82 13
91 83 29
91 84 44
91 85 12
91 86 56
91 87 38
91 88 34
91 89 24
91 90 45
91 92 51
91 93 41
91 94 23
91 95 35
91 96 35
91 97 32
91 98 37
91 99 49
91 100 46
92 0 44
92 1 21
92 2 40
92 3 55
92 4 41
92 5 45
92 6 41
92 7 44
92 8 51
92 9 43
92 10 50
92 11 5
92 12 45
92 13 50
92 14 38
92 15 52
92 16 33
92 17 37
92 18 42
92 19 38
92 20 26
92 21 56
92 22 20
92 23 37
92 24 58
92 25 45
92 26 38
92 27 57
92 28 29
92 29 49
92 30 65
92 31 43
92 32 63
92 33 34
92 34 11
92 35 20
92 36 39
92 37 30
92 38 45
92 39 6
92 40 34
92 41 45
92 42 60
92 43 42
92 44 54
92 45 20
92 46 55
92 47 55
92 48 38
92 49 45
92 50 25
92 51 23
92 52 30
92 53 30
92 54 52
92 55 29
92 56 26
92 57 65
92 58 73
92 59 28
92 60 25
92 61 59
92 62 30
92 63 56
92 64 77
92 65 69
92 66 9
92 67 9
92 68 9
92 69 9
92 70 71
92 71 63
92 72 20
92 73 85
92 74 95
92 75 45
92 76 112
92 77 40
92 78 103
92 79 66
92 80 53
92 81 14
92 82 47
92 83 89
92 84 67
92 85 72
92 86 58
92 87 101
92 88 71
92 89 78
92 90 97
92 91 71
92 93 77
92 94 15
92 95 109
92 96 67
92 97 41
92 98 87
92 99 91
92 100 28
93 0 84
93 1 69
93 2 45
93 3 101
93 4 45
93 5 94
93 6 28
93 7 96
93 8 103
93 9 57
93 10 102
93 11 111
93 12 92
93 13 84
93 14 57
93 15 85
93 16 96
93 17 65
93 18 82
93 19 92
93 20 96
93 21 67
93 22 97
93 23 55
93 24 85
93 25 55
93 26 23
93 27 21
93 28 17
93 29 39
93 30 17
93 31 88
93 32 108
93 33 21
93 34 71
93 35 19
93 36 30
93 37 68
93 38 45
93 39 92
93 40 76
93 41 21
93 42 66
93 43 89
93 44 73
93 45 82
93 46 19
93 47 7
93 48 72
93 49 80
93 50 94
93 51 38
93 52 72
93 53 66
93 54 56
93 55 57
93 56 89
93 57 33
93 58 50
93 59 27
93 60 89
93 61 102
93 62 70
93 63 23
93 64 101
93 65 72
93 66 100
93 67 111
93 68 73
93 69 56
93 70 56
93 71 56
93 72 56
93 73 59
93 74 55
93 75 36
93 76 54
93 77 59
93 78 25
93 79 84
93 80 20
93 81 77
93 82 73
93 83 16
93 84 37
93 85 16
93 86 58
93 87 75
93 88 46
93 89 22
93 90 78
93 91 45
93 92 43
93 94 67
93 95 35
93 96 44
93 97 23
93 98 84
93 99 31
93 100 32
94 0 52
94 1 70
94 2 17
94 3 49
94 4 34
94 5 14
94 6 68
94 7 14
94 8 75
94 9 21
94 10 63
94 11 79
94 12 60
94 13 71
94 14 82
94 15 56
94 16 47
94 17 36
94 18 48
94 19 60
94 20 28
94 21 46
94 22 62
94 23 70
94 24 31
94 25 72
94 26 19
94 27 49
94 28 21
94 29 17
94 30 25
94 31 32
94 32 45
94 33 26
94 34 61
94 35 78
94 36 33
94 37 68
94 38 32
94 39 10
94 40 39
94 41 15
94 42 74
94 43 41
94 44 36
94 45 41
94 46 69
94 47 37
94 48 47
94 49 19
94 50 29
94 51 40
94 52 44
94 53 57
94 54 45
94 55 36
94 56 31
94 57 47
94 58 21
94 59 59
94 60 17
94 61 13
94 62 40
94 63 74
94 64 26
94 65 32
94 66 83
94 67 12
94 68 30
94 69 20
94 70 20
94 71 65
94 72 57
94 73 57
94 74 57
94 75 57
94 76 31
94 77 26
94 78 25
94 79 50
94 80 66
94 81 55
94 82 72
94 83 11
94 84 62
94 85 43
94 86 37
94 87 31
94 88 46
94 89 52
94 90 45
94 91 33
94 92 38
94 93 60
94 95 32
94 96 66
94 97 59
94 98 48
94 99 44
94 100 28
95 0 68
95 1 51
95 2 2
95 3 55
95 4 50
95 5 18
95 6 55
95 7 57
95 8 44
95 9 64
95 10 22
95 11 53
95 12 46
95 13 62
95 14 62
95 15 30
95 16 65
95 17 71
95 18 62
95 19 64
95 20 17
95 21 61
95 22 69
95 23 48
95 24 65
95 25 54
95 26 56
95 27 52
95 28 56
95 29 34
95 30 68
95 31 29
95 32 23
95 33 45
95 34 26
95 35 19
95 36 44
95 37 48
95 38 69
95 39 52
95 40 38
95 41 50
95 42 24
95 43 31
95 44 20
95 45 51
95 46 47
95 47 25
95 48 26
95 49 48
95 50 56
95 51 70
95 52 27
95 53 37
95 54 39
95 55 66
95 56 71
95 57 19
95 58 55
95 59 39
95 60 18
95 61 38
95 62 51
95 63 45
95 64 33
95 65 59
95 66 44
95 67 62
95 68 60
95 69 75
95 70 74
95 71 61
95 72 79
95 73 61
95 74 4
95 75 77
95 76 77
95 77 77
95 78 77
95 79 89
95 80 82
95 81 42
95 82 94
95 83 98
95 84 34
95 85 123
95 86 53
95 87 115
95 88 89
95 89 55
95 90 37
95 91 42
95 92 98
95 93 89
95 94 84
95 96 61
95 97 116
95 98 83
95 99 73
95 100 107
96 0 73
96 1 84
96 2 30
96 3 123
96 4 66
96 5 58
96 6 92
96 7 106
96 8 41
96 9 88
96 10 66
96 11 41
96 12 108
96 13 53
96 14 110
96 15 21
96 16 103
96 17 117
96 18 79
96 19 111
96 20 121
96 21 96
96 22 82
96 23 70
96 24 85
96 25 99
96 26 64
96 27 80
96 28 102
96 29 108
96 30 66
96 31 110
96 32 59
96 33 82
96 34 61
96 35 35
96 36 15
96 37 38
96 38 61
96 39 15
96 40 100
96 41 118
96 42 7
96 43 92
96 44 9
96 45 38
96 46 78
96 47 54
96 48 108
96 49 81
96 50 42
96 51 78
96 52 104
96 53 72
96 54 76
96 55 31
96 56 22
96 57 80
96 58 76
96 59 93
96 60 60
96 61 70
96 62 71
96 63 75
96 64 59
96 65 99
96 66 26
96 67 53
96 68 4
96 69 93
96 70 92
96 71 41
96 72 31
96 73 57
96 74 28
96 75 57
96 76 67
96 77 48
96 78 28
96 79 28
96 80 28
96 81 28
96 82 49
96 83 56
96 84 79
96 85 5
96 86 22
96 87 75
96 88 29
96 89 51
96 90 27
96 91 83
96 92 45
96 93 83
96 94 62
96 95 5
96 97 86
96 98 24
96 99 40
96 100 34
97 0 24
97 1 52
97 2 12
97 3 31
97 4 14
97 5 75
97 6 34
97 7 42
97 8 56
97 9 11
97 10 34
97 11 62
97 12 18
97 13 49
97 14 62
97 15 10
97 16 46
97 17 43
97 18 78
97 19 8
97 20 32
97 21 71
97 22 13
97 23 26
97 24 18
97 25 39
97 26 38
97 27 31
97 28 26
97 29 42
97 30 43
97 31 9
97 32 20
97 33 44
97 34 28
97 35 40
97 36 46
97 37 37
97 38 67
97 39 83
97 40 78
97 41 71
97 42 84
97 43 17
97 44 20
97 45 91
97 46 67
97 47 89
97 48 61
97 49 23
97 50 45
97 51 44
97 52 21
97 53 78
97 54 29
97 55 37
97 56 42
97 57 55
97 58 71
97 59 84
97 60 18
97 61 49
97 62 36
97 63 71
97 64 42
97 65 29
97 66 53
97 67 41
97 68 9
97 69 74
97 70 46
97 71 98
97 72 79
97 73 23
97 74 57
97 75 56
97 76 80
97 77 57
97 78 83
97 79 77
97 80 24
97 81 63
97 82 63
97 83 63
97 84 63
97 85 40
97 86 46
97 87 69
97 88 6
97 89 29
97 90 70
97 91 34
97 92 41
97 93 28
97 94 73
97 95 40
97 96 73
97 98 57
97 99 8
97 100 76
98 0 13
98 1 34
98 2 33
98 3 14
98 4 52
98 5 17
98 6 30
98 7 9
98 8 66
98 9 36
98 10 40
98 11 46
98 12 16
98 13 29
98 14 53
98 15 21
98 16 48
98 17 56
98 18 20
98 19 37
98 20 38
98 21 71
98 22 18
98 23 31
98 24 61
98 25 21
98 26 31
98 27 25
98 28 41
98 29 28
98 30 34
98 31 33
98 32 39
98 33 44
98 34 12
98 35 20
98 36 42
98 37 26
98 38 34
98 39 48
98 40 29
98 41 58
98 42 76
98 43 68
98 44 61
98 45 76
98 46 13
98 47 27
98 48 83
98 49 58
98 50 82
98 51 53
98 52 13
98 53 37
98 54 39
98 55 20
98 56 68
98 57 19
98 58 32
98 59 41
98 60 55
98 61 62
98 62 75
98 63 12
98 64 49
98 65 41
98 66 61
98 67 41
98 68 24
98 69 43
98 70 36
98 71 8
98 72 67
98 73 39
98 74 90
98 75 69
98 76 28
98 77 50
98 78 59
98 79 54
98 80 45
98 81 70
98 82 91
98 83 77
98 84 21
98 85 21
98 86 21
98 87 21
98 88 39
98 89 48
98 90 83
98 91 23
98 92 44
98 93 93
98 94 15
98 95 58
98 96 5
98 97 74
98 99 63
98 100 88
99 0 80
99 1 19
99 2 76
99 3 26
99 4 57
99 5 11
99 6 27
99 7 74
99 8 13
99 9 52
99 10 32
99 11 84
99 12 13
99 13 63
99 14 59
99 15 35
99 16 15
99 17 70
99 18 41
99 19 71
99 20 79
99 21 23
99 22 58
99 23 23
99 24 92
99 25 28
99 26 8
99 27 64
99 28 19
99 29 15
99 30 41
99 31 62
99 32 41
99 33 54
99 34 48
99 35 62
99 36 65
99 37 14
99 38 3
99 39 65
99 40 6
99 41 56
99 42 69
99 43 51
99 44 76
99 45 96
99 46 83
99 47 70
99 48 96
99 49 11
99 50 17
99 51 104
99 52 56
99 53 101
99 54 72
99 55 33
99 56 57
99 57 25
99 58 42
99 59 82
99 60 32
99 61 20
99 62 64
99 63 77
99 64 80
99 65 92
99 66 35
99 67 71
99 68 59
99 69 71
99 70 64
99 71 47
99 72 49
99 73 59
99 74 16
99 75 89
99 76 61
99 77 111
99 78 68
99 79 46
99 80 71
99 81 79
99 82 52
99 83 22
99 84 51
99 85 73
99 86 69
99 87 6
99 88 6
99 89 6
99 90 6
99 91 78
99 92 82
99 93 91
99 94 35
99 95 12
99 96 65
99 97 58
99 98 63
99 100 60
100 0 109
100 1 43
100 2 94
100 3 55
100 4 38
100 5 112
100 6 51
100 7 38
100 8 68
100 9 51
100 10 28
100 11 43
100 12 25
100 13 32
100 14 82
100 15 66
100 16 30
100 17 74
100 18 23
100 19 67
100 20 71
100 21 18
100 22 32
100 23 55
100 24 35
100 25 54
100 26 76
100 27 75
100 28 29
100 29 64
100 30 96
100 31 40
100 32 55
100 33 15
100 34 15
100 35 60
100 36 11
100 37 8
100 38 32
100 39 18
100 40 43
100 41 53
100 42 31
100 43 61
100 44 42
100 45 19
100 46 44
100 47 74
100 48 83
100 49 89
100 50 91
100 51 85
100 52 50
100 53 48
100 54 90
100 55 96
100 56 89
100 57 67
100 58 45
100 59 54
100 60 77
100 61 25
100 62 91
100 63 53
100 64 70
100 65 25
100 66 29
100 67 77
100 68 89
100 69 35
100 70 25
100 71 4
100 72 90
100 73 26
100 74 33
100 75 77
100 76 39
100 77 42
100 78 70
100 79 47
100 80 94
100 81 106
100 82 11
100 83 58
100 84 25
100 85 92
100 86 36
100 87 42
100 88 57
100 89 49
100 90 27
100 91 27
100 92 27
100 93 27
100 94 22
100 95 18
100 96 34
100 97 43
100 98 62
100 99 62