100 5
2
18
59
35
33
24
59
2
99
19
81
27
17
76
76
37
20
87
82
55
53
24
89
75
21
92
10
85
49
83
94
49
21
62
12
67
69
34
74
48
97
88
12
53
92
12
26
17
46
87
87
96
14
45
50
75
18
31
66
3
55
84
46
62
21
86
48
14
84
42
45
5
72
76
60
99
1
23
18
78
2
21
81
46
89
54
7
36
1
53
1
16
80
40
54
58
16
38
53
72
0 1 54
0 2 69
0 3 44
0 4 16
0 5 83
0 6 37
0 7 63
0 8 68
0 9 39
0 10 38
0 11 78
0 12 42
0 13 92
0 14 74
0 15 27
0 16 19
0 17 33
0 18 52
0 19 45
0 20 33
0 21 79
0 22 28
0 23 49
0 24 29
0 25 51
0 26 23
0 27 25
0 28 29
0 29 62
0 30 34
0 31 24
0 32 61
0 33 31
0 34 56
0 35 9
0 36 44
0 37 66
0 38 48
0 39 73
0 40 63
0 41 50
0 42 77
0 43 89
0 44 54
0 45 71
0 46 29
0 47 30
0 48 47
0 49 79
0 50 12
0 51 69
0 52 52
0 53 91
0 54 35
0 55 70
0 56 49
0 57 47
0 58 47
0 59 12
0 60 28
0 61 62
0 62 11
0 63 69
0 64 67
0 65 28
0 66 74
0 67 58
0 68 53
0 69 42
0 70 60
0 71 66
0 72 78
0 73 60
0 74 28
0 75 66
0 76 83
0 77 87
0 78 37
0 79 79
0 80 37
0 81 33
0 82 73
0 83 55
0 84 43
0 85 49
0 86 30
0 87 71
0 88 6
0 89 19
0 90 54
0 91 31
0 92 77
0 93 61
0 94 32
0 95 49
0 96 20
0 97 31
0 98 34
0 99 32
0 100 54
1 1 54
1 2 54
1 3 54
1 4 59
1 5 69
1 6 69
1 7 51
1 8 84
1 9 32
1 10 27
1 11 67
1 12 70
1 13 42
1 14 61
1 15 17
1 16 89
1 17 75
1 18 52
1 19 36
1 20 10
1 21 58
1 22 75
1 23 6
1 24 74
1 25 45
1 26 46
1 27 33
1 28 83
1 29 38
1 30 47
1 31 6
1 32 29
1 33 64
1 34 22
1 35 40
1 36 15
1 37 21
1 38 27
1 39 40
1 40 31
1 41 33
1 42 71
1 43 34
1 44 80
1 45 66
1 46 55
1 47 55
1 48 57
1 49 24
1 50 20
1 51 64
1 52 67
1 53 40
1 54 37
1 55 43
1 56 88
1 57 4
1 58 41
1 59 17
1 60 15
1 61 79
1 62 37
1 63 13
1 64 32
1 65 26
1 66 71
1 67 32
1 68 44
1 69 42
1 70 23
1 71 66
1 72 36
1 73 71
1 74 42
1 75 45
1 76 30
1 77 33
1 78 75
1 79 51
1 80 83
1 81 35
1 82 74
1 83 34
1 84 66
1 85 58
1 86 35
1 87 32
1 88 58
1 89 21
1 90 39
1 91 41
1 92 36
1 93 49
1 94 24
1 95 52
1 96 75
1 97 39
1 98 15
1 99 43
1 100 14
2 1 16
2 2 6
2 3 23
2 4 23
2 5 23
2 6 23
2 7 32
2 8 55
2 9 34
2 10 31
2 11 57
2 12 55
2 13 58
2 14 42
2 15 39
2 16 60
2 17 54
2 18 30
2 19 66
2 20 48
2 21 19
2 22 7
2 23 27
2 24 27
2 25 42
2 26 38
2 27 53
2 28 10
2 29 23
2 30 50
2 31 53
2 32 5
2 33 50
2 34 31
2 35 53
2 36 32
2 37 40
2 38 40
2 39 42
2 40 55
2 41 21
2 42 20
2 43 59
2 44 27
2 45 48
2 46 48
2 47 47
2 48 52
2 49 78
2 50 28
2 51 46
2 52 13
2 53 17
2 54 28
2 55 54
2 56 18
2 57 57
2 58 28
2 59 65
2 60 33
2 61 54
2 62 53
2 63 51
2 64 47
2 65 15
2 66 23
2 67 48
2 68 28
2 69 43
2 70 63
2 71 8
2 72 60
2 73 52
2 74 31
2 75 18
2 76 38
2 77 48
2 78 67
2 79 46
2 80 49
2 81 43
2 82 69
2 83 61
2 84 13
2 85 53
2 86 56
2 87 38
2 88 49
2 89 35
2 90 59
2 91 25
2 92 17
2 93 59
2 94 27
2 95 43
2 96 29
2 97 15
2 98 58
2 99 41
2 100 6
3 1 51
3 2 45
3 3 23
3 4 45
3 5 30
3 6 44
3 7 44
3 8 44
3 9 44
3 10 106
3 11 70
3 12 69
3 13 58
3 14 105
3 15 15
3 16 37
3 17 88
3 18 80
3 19 26
3 20 82
3 21 39
3 22 111
3 23 96
3 24 65
3 25 51
3 26 31
3 27 78
3 28 86
3 29 17
3 30 96
3 31 61
3 32 68
3 33 22
3 34 92
3 35 53
3 36 41
3 37 24
3 38 44
3 39 75
3 40 18
3 41 62
3 42 11
3 43 26
3 44 36
3 45 61
3 46 43
3 47 55
3 48 92
3 49 53
3 50 91
3 51 88
3 52 66
3 53 76
3 54 79
3 55 44
3 56 41
3 57 81
3 58 88
3 59 51
3 60 52
3 61 65
3 62 110
3 63 26
3 64 59
3 65 17
3 66 14
3 67 89
3 68 48
3 69 33
3 70 51
3 71 31
3 72 92
3 73 38
3 74 60
3 75 59
3 76 36
3 77 84
3 78 58
3 79 90
3 80 62
3 81 58
3 82 49
3 83 22
3 84 95
3 85 66
3 86 105
3 87 55
3 88 96
3 89 17
3 90 74
3 91 80
3 92 56
3 93 11
3 94 77
3 95 41
3 96 55
3 97 47
3 98 31
3 99 70
3 100 44
4 1 72
4 2 94
4 3 57
4 4 18
4 5 38
4 6 35
4 7 9
4 8 27
4 9 41
4 10 41
4 11 41
4 12 41
4 13 88
4 14 77
4 15 73
4 16 25
4 17 61
4 18 78
4 19 90
4 20 53
4 21 11
4 22 78
4 23 77
4 24 63
4 25 72
4 26 53
4 27 15
4 28 30
4 29 59
4 30 36
4 31 10
4 32 67
4 33 63
4 34 23
4 35 44
4 36 69
4 37 23
4 38 30
4 39 60
4 40 61
4 41 86
4 42 9
4 43 64
4 44 69
4 45 69
4 46 87
4 47 44
4 48 46
4 49 92
4 50 57
4 51 58
4 52 79
4 53 15
4 54 70
4 55 110
4 56 43
4 57 68
4 58 46
4 59 50
4 60 19
4 61 73
4 62 30
4 63 90
4 64 53
4 65 72
4 66 65
4 67 85
4 68 84
4 69 82
4 70 17
4 71 32
4 72 54
4 73 80
4 74 50
4 75 49
4 76 96
4 77 25
4 78 92
4 79 85
4 80 26
4 81 47
4 82 33
4 83 78
4 84 99
4 85 78
4 86 68
4 87 38
4 88 101
4 89 70
4 90 43
4 91 64
4 92 78
4 93 18
4 94 72
4 95 65
4 96 83
4 97 30
4 98 49
4 99 91
4 100 36
5 1 59
5 2 50
5 3 47
5 4 86
5 5 30
5 6 33
5 7 82
5 8 57
5 9 55
5 10 72
5 11 61
5 12 77
5 13 77
5 14 77
5 15 77
5 16 119
5 17 83
5 18 82
5 19 86
5 20 55
5 21 58
5 22 68
5 23 47
5 24 28
5 25 61
5 26 63
5 27 41
5 28 70
5 29 52
5 30 8
5 31 7
5 32 36
5 33 30
5 34 31
5 35 45
5 36 58
5 37 5
5 38 31
5 39 51
5 40 42
5 41 7
5 42 47
5 43 38
5 44 63
5 45 22
5 46 43
5 47 51
5 48 47
5 49 64
5 50 23
5 51 29
5 52 69
5 53 38
5 54 53
5 55 59
5 56 37
5 57 60
5 58 89
5 59 34
5 60 55
5 61 23
5 62 27
5 63 24
5 64 62
5 65 12
5 66 68
5 67 37
5 68 70
5 69 41
5 70 65
5 71 61
5 72 59
5 73 37
5 74 11
5 75 31
5 76 58
5 77 30
5 78 47
5 79 73
5 80 6
5 81 71
5 82 62
5 83 29
5 84 29
5 85 37
5 86 59
5 87 78
5 88 57
5 89 50
5 90 43
5 91 80
5 92 66
5 93 23
5 94 59
5 95 59
5 96 27
5 97 58
5 98 46
5 99 63
5 100 26
6 1 27
6 2 70
6 3 22
6 4 42
6 5 37
6 6 25
6 7 69
6 8 38
6 9 14
6 10 59
6 11 43
6 12 32
6 13 50
6 14 38
6 15 54
6 16 54
6 17 54
6 18 54
6 19 58
6 20 62
6 21 58
6 22 11
6 23 81
6 24 53
6 25 49
6 26 86
6 27 68
6 28 16
6 29 86
6 30 43
6 31 110
6 32 94
6 33 55
6 34 43
6 35 32
6 36 73
6 37 74
6 38 21
6 39 95
6 40 53
6 41 65
6 42 7
6 43 79
6 44 46
6 45 25
6 46 24
6 47 54
6 48 63
6 49 7
6 50 66
6 51 12
6 52 40
6 53 26
6 54 59
6 55 55
6 56 56
6 57 91
6 58 60
6 59 79
6 60 90
6 61 79
6 62 73
6 63 81
6 64 41
6 65 39
6 66 73
6 67 91
6 68 40
6 69 62
6 70 65
6 71 109
6 72 30
6 73 67
6 74 31
6 75 27
6 76 75
6 77 38
6 78 31
6 79 59
6 80 20
6 81 89
6 82 52
6 83 52
6 84 68
6 85 47
6 86 77
6 87 56
6 88 84
6 89 68
6 90 69
6 91 57
6 92 7
6 93 90
6 94 77
6 95 104
6 96 52
6 97 95
6 98 10
6 99 61
6 100 83
7 1 60
7 2 15
7 3 71
7 4 39
7 5 65
7 6 34
7 7 15
7 8 69
7 9 42
7 10 79
7 11 87
7 12 52
7 13 31
7 14 22
7 15 35
7 16 13
7 17 28
7 18 49
7 19 49
7 20 49
7 21 49
7 22 96
7 23 73
7 24 71
7 25 46
7 26 65
7 27 46
7 28 32
7 29 45
7 30 53
7 31 57
7 32 47
7 33 15
7 34 68
7 35 53
7 36 34
7 37 19
7 38 14
7 39 34
7 40 57
7 41 27
7 42 54
7 43 25
7 44 24
7 45 46
7 46 68
7 47 19
7 48 53
7 49 20
7 50 38
7 51 47
7 52 35
7 53 29
7 54 34
7 55 41
7 56 23
7 57 18
7 58 44
7 59 17
7 60 49
7 61 34
7 62 62
7 63 49
7 64 63
7 65 32
7 66 41
7 67 3
7 68 3
7 69 41
7 70 50
7 71 28
7 72 43
7 73 24
7 74 67
7 75 20
7 76 41
7 77 40
7 78 39
7 79 62
7 80 24
7 81 11
7 82 33
7 83 28
7 84 48
7 85 48
7 86 23
7 87 46
7 88 37
7 89 43
7 90 15
7 91 47
7 92 36
7 93 52
7 94 32
7 95 45
7 96 52
7 97 55
7 98 62
7 99 11
7 100 54
8 1 51
8 2 51
8 3 43
8 4 24
8 5 52
8 6 34
8 7 2
8 8 44
8 9 35
8 10 43
8 11 28
8 12 1
8 13 47
8 14 52
8 15 16
8 16 38
8 17 48
8 18 9
8 19 36
8 20 18
8 21 29
8 22 29
8 23 29
8 24 29
8 25 78
8 26 52
8 27 49
8 28 44
8 29 47
8 30 25
8 31 41
8 32 14
8 33 67
8 34 24
8 35 79
8 36 35
8 37 103
8 38 87
8 39 52
8 40 39
8 41 25
8 42 67
8 43 72
8 44 13
8 45 89
8 46 49
8 47 59
8 48 14
8 49 79
8 50 41
8 51 31
8 52 17
8 53 47
8 54 61
8 55 4
8 56 58
8 57 5
8 58 34
8 59 23
8 60 53
8 61 48
8 62 49
8 63 84
8 64 53
8 65 78
8 66 83
8 67 72
8 68 67
8 69 74
8 70 34
8 71 32
8 72 69
8 73 83
8 74 37
8 75 55
8 76 58
8 77 102
8 78 22
8 79 60
8 80 25
8 81 22
8 82 75
8 83 35
8 84 24
8 85 51
8 86 17
8 87 83
8 88 45
8 89 48
8 90 61
8 91 40
8 92 73
8 93 50
8 94 79
8 95 60
8 96 62
8 97 49
8 98 14
8 99 84
8 100 70
9 1 97
9 2 46
9 3 88
9 4 16
9 5 61
9 6 76
9 7 52
9 8 18
9 9 66
9 10 33
9 11 58
9 12 34
9 13 20
9 14 63
9 15 36
9 16 71
9 17 82
9 18 47
9 19 25
9 20 27
9 21 28
9 22 7
9 23 21
9 24 42
9 25 42
9 26 42
9 27 42
9 28 67
9 29 50
9 30 47
9 31 29
9 32 57
9 33 30
9 34 33
9 35 26
9 36 59
9 37 88
9 38 79
9 39 70
9 40 68
9 41 50
9 42 25
9 43 39
9 44 68
9 45 36
9 46 13
9 47 77
9 48 61
9 49 31
9 50 47
9 51 79
9 52 25
9 53 38
9 54 70
9 55 70
9 56 92
9 57 19
9 58 74
9 59 73
9 60 79
9 61 96
9 62 54
9 63 50
9 64 99
9 65 62
9 66 56
9 67 85
9 68 14
9 69 70
9 70 116
9 71 45
9 72 70
9 73 53
9 74 58
9 75 19
9 76 73
9 77 40
9 78 96
9 79 57
9 80 68
9 81 73
9 82 91
9 83 93
9 84 91
9 85 20
9 86 42
9 87 63
9 88 85
9 89 60
9 90 47
9 91 104
9 92 32
9 93 97
9 94 92
9 95 24
9 96 52
9 97 30
9 98 82
9 99 105
9 100 85
10 1 79
10 2 34
10 3 106
10 4 67
10 5 48
10 6 63
10 7 88
10 8 26
10 9 73
10 10 70
10 11 94
10 12 31
10 13 57
10 14 97
10 15 47
10 16 69
10 17 53
10 18 55
10 19 90
10 20 25
10 21 40
10 22 91
10 23 67
10 24 63
10 25 81
10 26 70
10 27 84
10 28 84
10 29 84
10 30 84
10 31 86
10 32 43
10 33 46
10 34 96
10 35 11
10 36 39
10 37 99
10 38 44
10 39 10
10 40 65
10 41 72
10 42 56
10 43 71
10 44 52
10 45 8
10 46 23
10 47 52
10 48 32
10 49 17
10 50 60
10 51 61
10 52 16
10 53 39
10 54 63
10 55 29
10 56 22
10 57 55
10 58 53
10 59 78
10 60 10
10 61 57
10 62 63
10 63 62
10 64 80
10 65 37
10 66 39
10 67 84
10 68 51
10 69 55
10 70 73
10 71 22
10 72 66
10 73 103
10 74 39
10 75 63
10 76 38
10 77 42
10 78 18
10 79 68
10 80 23
10 81 83
10 82 47
10 83 70
10 84 57
10 85 79
10 86 76
10 87 74
10 88 23
10 89 25
10 90 47
10 91 73
10 92 43
10 93 47
10 94 88
10 95 17
10 96 85
10 97 77
10 98 25
10 99 40
10 100 33
11 1 71
11 2 92
11 3 71
11 4 62
11 5 38
11 6 94
11 7 68
11 8 36
11 9 62
11 10 71
11 11 18
11 12 67
11 13 59
11 14 77
11 15 27
11 16 42
11 17 84
11 18 31
11 19 53
11 20 45
11 21 40
11 22 80
11 23 31
11 24 26
11 25 74
11 26 51
11 27 48
11 28 65
11 29 54
11 30 69
11 31 69
11 32 69
11 33 69
11 34 65
11 35 22
11 36 25
11 37 85
11 38 20
11 39 31
11 40 93
11 41 42
11 42 17
11 43 56
11 44 21
11 45 45
11 46 76
11 47 57
11 48 7
11 49 11
11 50 39
11 51 35
11 52 28
11 53 46
11 54 64
11 55 11
11 56 37
11 57 49
11 58 38
11 59 12
11 60 43
11 61 40
11 62 68
11 63 17
11 64 43
11 65 57
11 66 47
11 67 67
11 68 22
11 69 35
11 70 73
11 71 44
11 72 59
11 73 64
11 74 34
11 75 66
11 76 93
11 77 40
11 78 61
11 79 28
11 80 31
11 81 27
11 82 68
11 83 9
11 84 73
11 85 44
11 86 75
11 87 44
11 88 70
11 89 63
11 90 61
11 91 33
11 92 10
11 93 34
11 94 64
11 95 29
11 96 52
11 97 76
11 98 12
11 99 76
11 100 66
12 1 33
12 2 35
12 3 41
12 4 64
12 5 82
12 6 62
12 7 48
12 8 47
12 9 86
12 10 72
12 11 29
12 12 64
12 13 57
12 14 21
12 15 65
12 16 52
12 17 62
12 18 31
12 19 31
12 20 75
12 21 18
12 22 39
12 23 43
12 24 30
12 25 74
12 26 42
12 27 20
12 28 61
12 29 39
12 30 36
12 31 50
12 32 41
12 33 59
12 34 59
12 35 59
12 36 59
12 37 85
12 38 76
12 39 72
12 40 21
12 41 81
12 42 55
12 43 7
12 44 48
12 45 83
12 46 31
12 47 68
12 48 87
12 49 93
12 50 77
12 51 46
12 52 31
12 53 15
12 54 58
12 55 67
12 56 8
12 57 78
12 58 41
12 59 49
12 60 23
12 61 75
12 62 33
12 63 36
12 64 7
12 65 40
12 66 56
12 67 11
12 68 48
12 69 9
12 70 31
12 71 18
12 72 42
12 73 43
12 74 39
12 75 74
12 76 44
12 77 73
12 78 72
12 79 66
12 80 56
12 81 64
12 82 24
12 83 22
12 84 61
12 85 73
12 86 32
12 87 48
12 88 48
12 89 92
12 90 13
12 91 51
12 92 24
12 93 22
12 94 71
12 95 29
12 96 14
12 97 43
12 98 15
12 99 73
12 100 42
13 1 40
13 2 54
13 3 35
13 4 64
13 5 39
13 6 70
13 7 51
13 8 56
13 9 41
13 10 23
13 11 75
13 12 63
13 13 87
13 14 36
13 15 78
13 16 27
13 17 57
13 18 65
13 19 42
13 20 27
13 21 57
13 22 22
13 23 51
13 24 31
13 25 25
13 26 52
13 27 25
13 28 62
13 29 73
13 30 37
13 31 23
13 32 31
13 33 18
13 34 12
13 35 11
13 36 34
13 37 34
13 38 34
13 39 34
13 40 53
13 41 25
13 42 22
13 43 50
13 44 38
13 45 12
13 46 59
13 47 22
13 48 39
13 49 21
13 50 16
13 51 53
13 52 57
13 53 74
13 54 67
13 55 52
13 56 25
13 57 62
13 58 90
13 59 28
13 60 69
13 61 58
13 62 48
13 63 56
13 64 101
13 65 52
13 66 71
13 67 29
13 68 6
13 69 80
13 70 45
13 71 29
13 72 37
13 73 16
13 74 48
13 75 42
13 76 10
13 77 30
13 78 67
13 79 15
13 80 96
13 81 57
13 82 32
13 83 56
13 84 48
13 85 36
13 86 32
13 87 73
13 88 57
13 89 59
13 90 14
13 91 41
13 92 82
13 93 22
13 94 20
13 95 24
13 96 26
13 97 95
13 98 55
13 99 30
13 100 13
14 1 49
14 2 71
14 3 16
14 4 57
14 5 20
14 6 5
14 7 73
14 8 39
14 9 76
14 10 25
14 11 22
14 12 11
14 13 55
14 14 79
14 15 28
14 16 76
14 17 41
14 18 68
14 19 55
14 20 84
14 21 47
14 22 26
14 23 50
14 24 64
14 25 32
14 26 16
14 27 63
14 28 59
14 29 47
14 30 34
14 31 34
14 32 81
14 33 49
14 34 21
14 35 66
14 36 27
14 37 36
14 38 26
14 39 6
14 40 6
14 41 6
14 42 6
14 43 47
14 44 26
14 45 22
14 46 45
14 47 45
14 48 20
14 49 56
14 50 28
14 51 46
14 52 20
14 53 20
14 54 48
14 55 62
14 56 51
14 57 81
14 58 68
14 59 45
14 60 66
14 61 103
14 62 51
14 63 64
14 64 71
14 65 53
14 66 79
14 67 115
14 68 67
14 69 93
14 70 51
14 71 18
14 72 95
14 73 68
14 74 27
14 75 60
14 76 37
14 77 68
14 78 49
14 79 21
14 80 37
14 81 63
14 82 15
14 83 108
14 84 49
14 85 18
14 86 59
14 87 40
14 88 51
14 89 48
14 90 81
14 91 47
14 92 76
14 93 10
14 94 44
14 95 74
14 96 44
14 97 8
14 98 46
14 99 49
14 100 109
15 1 72
15 2 49
15 3 15
15 4 70
15 5 70
15 6 30
15 7 70
15 8 4
15 9 26
15 10 79
15 11 47
15 12 79
15 13 18
15 14 11
15 15 17
15 16 78
15 17 82
15 18 7
15 19 69
15 20 51
15 21 62
15 22 78
15 23 100
15 24 39
15 25 29
15 26 73
15 27 70
15 28 48
15 29 8
15 30 82
15 31 82
15 32 49
15 33 49
15 34 17
15 35 86
15 36 61
15 37 44
15 38 88
15 39 45
15 40 60
15 41 47
15 42 23
15 43 23
15 44 23
15 45 23
15 46 22
15 47 38
15 48 34
15 49 49
15 50 71
15 51 49
15 52 68
15 53 58
15 54 70
15 55 42
15 56 40
15 57 23
15 58 91
15 59 78
15 60 63
15 61 39
15 62 65
15 63 59
15 64 21
15 65 68
15 66 87
15 67 38
15 68 64
15 69 60
15 70 18
15 71 40
15 72 45
15 73 64
15 74 95
15 75 18
15 76 59
15 77 85
15 78 66
15 79 91
15 80 43
15 81 63
15 82 99
15 83 72
15 84 82
15 85 92
15 86 23
15 87 92
15 88 121
15 89 65
15 90 89
15 91 55
15 92 59
15 93 44
15 94 95
15 95 31
15 96 101
15 97 71
15 98 97
15 99 69
15 100 99
16 1 85
16 2 82
16 3 17
16 4 35
16 5 60
16 6 92
16 7 46
16 8 74
16 9 101
16 10 39
16 11 104
16 12 92
16 13 51
16 14 63
16 15 59
16 16 93
16 17 110
16 18 90
16 19 59
16 20 64
16 21 114
16 22 95
16 23 58
16 24 88
16 25 69
16 26 9
16 27 92
16 28 80
16 29 76
16 30 54
16 31 59
16 32 102
16 33 29
16 34 48
16 35 70
16 36 58
16 37 103
16 38 56
16 39 48
16 40 84
16 41 43
16 42 63
16 43 69
16 44 65
16 45 86
16 46 86
16 47 86
16 48 86
16 49 73
16 50 45
16 51 43
16 52 46
16 53 42
16 54 18
16 55 46
16 56 10
16 57 45
16 58 16
16 59 35
16 60 73
16 61 37
16 62 44
16 63 54
16 64 51
16 65 25
16 66 59
16 67 89
16 68 30
16 69 66
16 70 57
16 71 46
16 72 58
16 73 100
16 74 51
16 75 72
16 76 30
16 77 5
16 78 79
16 79 47
16 80 26
16 81 39
16 82 20
16 83 48
16 84 40
16 85 12
16 86 27
16 87 64
16 88 11
16 89 95
16 90 54
16 91 31
16 92 53
16 93 44
16 94 35
16 95 31
16 96 71
16 97 53
16 98 59
16 99 12
16 100 38
17 1 79
17 2 23
17 3 17
17 4 27
17 5 29
17 6 95
17 7 55
17 8 30
17 9 10
17 10 50
17 11 68
17 12 19
17 13 56
17 14 17
17 15 9
17 16 71
17 17 37
17 18 73
17 19 22
17 20 21
17 21 8
17 22 57
17 23 76
17 24 26
17 25 73
17 26 39
17 27 65
17 28 58
17 29 83
17 30 44
17 31 23
17 32 53
17 33 61
17 34 31
17 35 14
17 36 63
17 37 61
17 38 44
17 39 33
17 40 30
17 41 79
17 42 47
17 43 25
17 44 68
17 45 27
17 46 39
17 47 27
17 48 3
17 49 3
17 50 3
17 51 3
17 52 54
17 53 46
17 54 42
17 55 25
17 56 62
17 57 35
17 58 38
17 59 36
17 60 63
17 61 12
17 62 40
17 63 55
17 64 62
17 65 66
17 66 38
17 67 44
17 68 33
17 69 80
17 70 92
17 71 19
17 72 96
17 73 66
17 74 69
17 75 31
17 76 100
17 77 58
17 78 50
17 79 26
17 80 38
17 81 81
17 82 26
17 83 59
17 84 18
17 85 19
17 86 43
17 87 62
17 88 36
17 89 54
17 90 92
17 91 48
17 92 98
17 93 87
17 94 58
17 95 77
17 96 77
17 97 46
17 98 42
17 99 85
17 100 87
18 1 57
18 2 46
18 3 65
18 4 109
18 5 26
18 6 53
18 7 10
18 8 8
18 9 95
18 10 54
18 11 35
18 12 46
18 13 38
18 14 93
18 15 30
18 16 64
18 17 52
18 18 30
18 19 88
18 20 59
18 21 93
18 22 58
18 23 51
18 24 44
18 25 31
18 26 98
18 27 59
18 28 104
18 29 57
18 30 95
18 31 26
18 32 81
18 33 78
18 34 54
18 35 18
18 36 80
18 37 43
18 38 48
18 39 55
18 40 40
18 41 70
18 42 46
18 43 67
18 44 97
18 45 61
18 46 12
18 47 47
18 48 37
18 49 15
18 50 28
18 51 37
18 52 37
18 53 37
18 54 37
18 55 39
18 56 26
18 57 22
18 58 44
18 59 52
18 60 28
18 61 59
18 62 37
18 63 52
18 64 24
18 65 23
18 66 40
18 67 70
18 68 58
18 69 58
18 70 65
18 71 51
18 72 57
18 73 44
18 74 30
18 75 69
18 76 20
18 77 39
18 78 35
18 79 52
18 80 14
18 81 34
18 82 25
18 83 56
18 84 33
18 85 27
18 86 51
18 87 31
18 88 52
18 89 6
18 90 34
18 91 60
18 92 38
18 93 64
18 94 54
18 95 49
18 96 67
18 97 82
18 98 45
18 99 61
18 100 19
19 1 21
19 2 40
19 3 69
19 4 9
19 5 62
19 6 42
19 7 81
19 8 30
19 9 61
19 10 47
19 11 45
19 12 48
19 13 6
19 14 21
19 15 54
19 16 13
19 17 60
19 18 62
19 19 20
19 20 66
19 21 52
19 22 45
19 23 32
19 24 52
19 25 57
19 26 71
19 27 52
19 28 34
19 29 58
19 30 76
19 31 77
19 32 27
19 33 69
19 34 42
19 35 34
19 36 63
19 37 45
19 38 47
19 39 40
19 40 21
19 41 64
19 42 13
19 43 27
19 44 44
19 45 22
19 46 68
19 47 54
19 48 22
19 49 46
19 50 29
19 51 24
19 52 34
19 53 26
19 54 47
19 55 47
19 56 47
19 57 47
19 58 55
19 59 66
19 60 62
19 61 19
19 62 89
19 63 61
19 64 41
19 65 63
19 66 90
19 67 39
19 68 63
19 69 57
19 70 85
19 71 93
19 72 30
19 73 46
19 74 50
19 75 97
19 76 49
19 77 29
19 78 63
19 79 54
19 80 42
19 81 57
19 82 97
19 83 48
19 84 71
19 85 28
19 86 9
19 87 76
19 88 45
19 89 23
19 90 38
19 91 22
19 92 46
19 93 37
19 94 15
19 95 24
19 96 61
19 97 11
19 98 91
19 99 52
19 100 34
20 1 50
20 2 42
20 3 32
20 4 28
20 5 68
20 6 51
20 7 56
20 8 14
20 9 35
20 10 76
20 11 21
20 12 17
20 13 27
20 14 29
20 15 92
20 16 52
20 17 27
20 18 9
20 19 47
20 20 65
20 21 22
20 22 52
20 23 19
20 24 11
20 25 68
20 26 34
20 27 70
20 28 21
20 29 23
20 30 7
20 31 56
20 32 73
20 33 28
20 34 71
20 35 36
20 36 62
20 37 57
20 38 80
20 39 42
20 40 20
20 41 52
20 42 58
20 43 28
20 44 16
20 45 61
20 46 59
20 47 41
20 48 30
20 49 30
20 50 76
20 51 44
20 52 25
20 53 66
20 54 24
20 55 38
20 56 24
20 57 1
20 58 1
20 59 1
20 60 1
20 61 108
20 62 71
20 63 70
20 64 79
20 65 44
20 66 44
20 67 70
20 68 33
20 69 48
20 70 53
20 71 61
20 72 107
20 73 15
20 74 38
20 75 83
20 76 73
20 77 48
20 78 74
20 79 50
20 80 10
20 81 89
20 82 54
20 83 60
20 84 22
20 85 87
20 86 46
20 87 40
20 88 16
20 89 39
20 90 69
20 91 14
20 92 55
20 93 5
20 94 24
20 95 30
20 96 53
20 97 39
20 98 47
20 99 84
20 100 47
21 1 85
21 2 81
21 3 63
21 4 68
21 5 72
21 6 36
21 7 33
21 8 74
21 9 81
21 10 44
21 11 48
21 12 57
21 13 102
21 14 19
21 15 53
21 16 15
21 17 12
21 18 83
21 19 42
21 20 25
21 21 45
21 22 26
21 23 84
21 24 36
21 25 53
21 26 54
21 27 32
21 28 77
21 29 50
21 30 82
21 31 56
21 32 54
21 33 43
21 34 22
21 35 87
21 36 62
21 37 97
21 38 47
21 39 88
21 40 21
21 41 69
21 42 73
21 43 49
21 44 17
21 45 69
21 46 33
21 47 50
21 48 42
21 49 29
21 50 62
21 51 36
21 52 66
21 53 86
21 54 50
21 55 16
21 56 37
21 57 27
21 58 3
21 59 19
21 60 35
21 61 35
21 62 35
21 63 35
21 64 96
21 65 55
21 66 56
21 67 83
21 68 23
21 69 34
21 70 80
21 71 29
21 72 27
21 73 53
21 74 46
21 75 96
21 76 35
21 77 16
21 78 91
21 79 84
21 80 59
21 81 53
21 82 60
21 83 32
21 84 60
21 85 28
21 86 44
21 87 27
21 88 57
21 89 21
21 90 29
21 91 21
21 92 54
21 93 39
21 94 20
21 95 53
21 96 25
21 97 48
21 98 1
21 99 39
21 100 58
22 1 41
22 2 70
22 3 54
22 4 56
22 5 72
22 6 80
22 7 51
22 8 65
22 9 22
22 10 23
22 11 48
22 12 73
22 13 15
22 14 61
22 15 47
22 16 88
22 17 27
22 18 62
22 19 42
22 20 39
22 21 53
22 22 13
22 23 19
22 24 54
22 25 6
22 26 66
22 27 59
22 28 27
22 29 65
22 30 50
22 31 52
22 32 37
22 33 59
22 34 59
22 35 70
22 36 52
22 37 26
22 38 65
22 39 75
22 40 83
22 41 32
22 42 75
22 43 35
22 44 39
22 45 67
22 46 47
22 47 39
22 48 47
22 49 23
22 50 63
22 51 14
22 52 20
22 53 49
22 54 24
22 55 70
22 56 62
22 57 28
22 58 41
22 59 24
22 60 23
22 61 28
22 62 23
22 63 46
22 64 46
22 65 46
22 66 46
22 67 42
22 68 38
22 69 34
22 70 34
22 71 62
22 72 36
22 73 50
22 74 41
22 75 62
22 76 22
22 77 35
22 78 43
22 79 72
22 80 67
22 81 48
22 82 56
22 83 46
22 84 69
22 85 45
22 86 76
22 87 9
22 88 18
22 89 17
22 90 73
22 91 84
22 92 39
22 93 81
22 94 44
22 95 38
22 96 64
22 97 61
22 98 10
22 99 58
22 100 53
23 1 50
23 2 16
23 3 46
23 4 12
23 5 29
23 6 26
23 7 75
23 8 22
23 9 55
23 10 22
23 11 13
23 12 30
23 13 30
23 14 45
23 15 23
23 16 52
23 17 38
23 18 8
23 19 45
23 20 40
23 21 29
23 22 56
23 23 57
23 24 78
23 25 49
23 26 37
23 27 28
23 28 56
23 29 34
23 30 54
23 31 39
23 32 36
23 33 43
23 34 43
23 35 16
23 36 42
23 37 20
23 38 46
23 39 28
23 40 72
23 41 45
23 42 44
23 43 39
23 44 22
23 45 31
23 46 77
23 47 71
23 48 16
23 49 12
23 50 76
23 51 33
23 52 29
23 53 38
23 54 61
23 55 71
23 56 12
23 57 27
23 58 26
23 59 49
23 60 31
23 61 54
23 62 75
23 63 33
23 64 59
23 65 40
23 66 32
23 67 32
23 68 32
23 69 32
23 70 101
23 71 61
23 72 61
23 73 84
23 74 30
23 75 37
23 76 79
23 77 30
23 78 33
23 79 55
23 80 52
23 81 101
23 82 30
23 83 23
23 84 90
23 85 82
23 86 57
23 87 59
23 88 58
23 89 26
23 90 64
23 91 89
23 92 71
23 93 62
23 94 85
23 95 37
23 96 72
23 97 32
23 98 26
23 99 65
23 100 50
24 1 10
24 2 45
24 3 38
24 4 43
24 5 20
24 6 33
24 7 7
24 8 43
24 9 16
24 10 78
24 11 36
24 12 47
24 13 32
24 14 26
24 15 23
24 16 21
24 17 52
24 18 36
24 19 48
24 20 27
24 21 17
24 22 59
24 23 27
24 24 22
24 25 42
24 26 43
24 27 79
24 28 44
24 29 26
24 30 17
24 31 47
24 32 47
24 33 40
24 34 40
24 35 28
24 36 29
24 37 51
24 38 17
24 39 52
24 40 16
24 41 36
24 42 16
24 43 61
24 44 55
24 45 37
24 46 54
24 47 21
24 48 45
24 49 65
24 50 70
24 51 28
24 52 4
24 53 62
24 54 41
24 55 21
24 56 28
24 57 55
24 58 61
24 59 23
24 60 20
24 61 26
24 62 58
24 63 31
24 64 39
24 65 66
24 66 22
24 67 46
24 68 28
24 69 18
24 70 18
24 71 18
24 72 18
24 73 89
24 74 88
24 75 84
24 76 19
24 77 99
24 78 72
24 79 15
24 80 67
24 81 101
24 82 46
24 83 82
24 84 91
24 85 73
24 86 101
24 87 5
24 88 15
24 89 36
24 90 116
24 91 34
24 92 80
24 93 58
24 94 52
24 95 86
24 96 89
24 97 55
24 98 34
24 99 13
24 100 34
25 1 68
25 2 41
25 3 22
25 4 70
25 5 30
25 6 58
25 7 18
25 8 55
25 9 71
25 10 58
25 11 85
25 12 70
25 13 57
25 14 88
25 15 94
25 16 66
25 17 81
25 18 38
25 19 39
25 20 58
25 21 90
25 22 22
25 23 75
25 24 63
25 25 102
25 26 40
25 27 77
25 28 51
25 29 47
25 30 53
25 31 23
25 32 35
25 33 69
25 34 14
25 35 80
25 36 70
25 37 39
25 38 80
25 39 63
25 40 64
25 41 53
25 42 71
25 43 75
25 44 84
25 45 67
25 46 21
25 47 77
25 48 90
25 49 98
25 50 48
25 51 90
25 52 31
25 53 38
25 54 84
25 55 64
25 56 38
25 57 60
25 58 39
25 59 78
25 60 13
25 61 10
25 62 65
25 63 41
25 64 86
25 65 72
25 66 43
25 67 50
25 68 8
25 69 39
25 70 33
25 71 37
25 72 61
25 73 61
25 74 61
25 75 61
25 76 17
25 77 32
25 78 29
25 79 57
25 80 68
25 81 49
25 82 75
25 83 59
25 84 67
25 85 46
25 86 37
25 87 17
25 88 93
25 89 75
25 90 71
25 91 81
25 92 71
25 93 63
25 94 71
25 95 96
25 96 27
25 97 26
25 98 22
25 99 48
25 100 13
26 1 5
26 2 46
26 3 27
26 4 52
26 5 33
26 6 35
26 7 42
26 8 38
26 9 53
26 10 16
26 11 23
26 12 58
26 13 29
26 14 52
26 15 48
26 16 48
26 17 56
26 18 78
26 19 33
26 20 50
26 21 12
26 22 16
26 23 32
26 24 58
26 25 15
26 26 57
26 27 32
26 28 70
26 29 30
26 30 55
26 31 50
26 32 48
26 33 48
26 34 11
26 35 20
26 36 48
26 37 24
26 38 48
26 39 61
26 40 11
26 41 60
26 42 51
26 43 36
26 44 22
26 45 42
26 46 50
26 47 67
26 48 46
26 49 44
26 50 48
26 51 70
26 52 66
26 53 16
26 54 58
26 55 52
26 56 37
26 57 53
26 58 37
26 59 55
26 60 30
26 61 15
26 62 59
26 63 23
26 64 38
26 65 33
26 66 14
26 67 60
26 68 45
26 69 11
26 70 48
26 71 40
26 72 21
26 73 40
26 74 27
26 75 43
26 76 43
26 77 43
26 78 43
26 79 50
26 80 43
26 81 38
26 82 28
26 83 62
26 84 34
26 85 43
26 86 37
26 87 63
26 88 15
26 89 37
26 90 51
26 91 65
26 92 66
26 93 42
26 94 49
26 95 38
26 96 72
26 97 38
26 98 70
26 99 12
26 100 22
27 1 40
27 2 47
27 3 45
27 4 23
27 5 17
27 6 45
27 7 75
27 8 68
27 9 26
27 10 86
27 11 33
27 12 60
27 13 40
27 14 77
27 15 75
27 16 76
27 17 108
27 18 81
27 19 83
27 20 109
27 21 99
27 22 89
27 23 101
27 24 59
27 25 58
27 26 85
27 27 110
27 28 49
27 29 83
27 30 84
27 31 126
27 32 51
27 33 88
27 34 50
27 35 47
27 36 78
27 37 50
27 38 51
27 39 80
27 40 33
27 41 105
27 42 71
27 43 65
27 44 90
27 45 68
27 46 90
27 47 74
27 48 98
27 49 89
27 50 90
27 51 78
27 52 15
27 53 103
27 54 98
27 55 122
27 56 70
27 57 113
27 58 17
27 59 64
27 60 103
27 61 80
27 62 25
27 63 86
27 64 58
27 65 86
27 66 40
27 67 19
27 68 87
27 69 61
27 70 100
27 71 99
27 72 67
27 73 51
27 74 20
27 75 55
27 76 33
27 77 49
27 78 70
27 79 70
27 80 70
27 81 70
27 82 67
27 83 25
27 84 26
27 85 74
27 86 14
27 87 17
27 88 79
27 89 27
27 90 14
27 91 43
27 92 17
27 93 66
27 94 57
27 95 21
27 96 85
27 97 84
27 98 61
27 99 30
27 100 62
28 1 57
28 2 39
28 3 65
28 4 36
28 5 6
28 6 55
28 7 32
28 8 24
28 9 7
28 10 32
28 11 64
28 12 18
28 13 44
28 14 11
28 15 22
28 16 26
28 17 43
28 18 34
28 19 36
28 20 74
28 21 37
28 22 80
28 23 70
28 24 58
28 25 57
28 26 61
28 27 26
28 28 23
28 29 65
28 30 70
28 31 40
28 32 40
28 33 46
28 34 91
28 35 8
28 36 44
28 37 16
28 38 14
28 39 78
28 40 37
28 41 15
28 42 36
28 43 24
28 44 74
28 45 33
28 46 45
28 47 46
28 48 26
28 49 68
28 50 39
28 51 73
28 52 45
28 53 48
28 54 34
28 55 29
28 56 78
28 57 55
28 58 86
28 59 37
28 60 77
28 61 31
28 62 65
28 63 62
28 64 38
28 65 28
28 66 60
28 67 23
28 68 42
28 69 40
28 70 33
28 71 52
28 72 26
28 73 56
28 74 77
28 75 41
28 76 15
28 77 40
28 78 17
28 79 12
28 80 8
28 81 26
28 82 26
28 83 26
28 84 26
28 85 104
28 86 74
28 87 72
28 88 63
28 89 57
28 90 45
28 91 50
28 92 32
28 93 60
28 94 43
28 95 63
28 96 104
28 97 8
28 98 53
28 99 65
28 100 52
29 1 30
29 2 85
29 3 31
29 4 15
29 5 61
29 6 80
29 7 80
29 8 60
29 9 95
29 10 65
29 11 34
29 12 45
29 13 60
29 14 52
29 15 71
29 16 33
29 17 70
29 18 72
29 19 54
29 20 19
29 21 68
29 22 29
29 23 14
29 24 49
29 25 59
29 26 24
29 27 78
29 28 5
29 29 24
29 30 37
29 31 40
29 32 27
29 33 27
29 34 50
29 35 60
29 36 18
29 37 32
29 38 55
29 39 52
29 40 74
29 41 73
29 42 63
29 43 47
29 44 48
29 45 50
29 46 61
29 47 12
29 48 75
29 49 33
29 50 59
29 51 64
29 52 23
29 53 22
29 54 20
29 55 42
29 56 69
29 57 50
29 58 81
29 59 22
29 60 67
29 61 28
29 62 25
29 63 20
29 64 87
29 65 60
29 66 27
29 67 34
29 68 88
29 69 16
29 70 39
29 71 61
29 72 60
29 73 76
29 74 12
29 75 36
29 76 47
29 77 27
29 78 27
29 79 71
29 80 78
29 81 45
29 82 72
29 83 54
29 84 53
29 85 53
29 86 53
29 87 53
29 88 38
29 89 49
29 90 44
29 91 32
29 92 76
29 93 50
29 94 52
29 95 55
29 96 76
29 97 33
29 98 47
29 99 40
29 100 84
30 1 81
30 2 46
30 3 58
30 4 54
30 5 80
30 6 53
30 7 89
30 8 23
30 9 4
30 10 42
30 11 58
30 12 39
30 13 31
30 14 54
30 15 32
30 16 85
30 17 14
30 18 70
30 19 73
30 20 75
30 21 93
30 22 50
30 23 50
30 24 97
30 25 62
30 26 59
30 27 84
30 28 12
30 29 72
30 30 115
30 31 46
30 32 71
30 33 51
30 34 55
30 35 20
30 36 75
30 37 36
30 38 95
30 39 57
30 40 71
30 41 70
30 42 90
30 43 90
30 44 88
30 45 16
30 46 38
30 47 60
30 48 84
30 49 56
30 50 49
30 51 101
30 52 30
30 53 96
30 54 90
30 55 26
30 56 51
30 57 33
30 58 82
30 59 104
30 60 83
30 61 74
30 62 37
30 63 105
30 64 70
30 65 47
30 66 65
30 67 84
30 68 21
30 69 74
30 70 70
30 71 90
30 72 32
30 73 55
30 74 96
30 75 42
30 76 65
30 77 53
30 78 53
30 79 90
30 80 29
30 81 38
30 82 88
30 83 62
30 84 61
30 85 78
30 86 67
30 87 82
30 88 82
30 89 82
30 90 82
30 91 94
30 92 95
30 93 91
30 94 25
30 95 105
30 96 78
30 97 20
30 98 73
30 99 107
30 100 52
31 1 88
31 2 95
31 3 78
31 4 107
31 5 11
31 6 18
31 7 41
31 8 122
31 9 40
31 10 85
31 11 64
31 12 57
31 13 92
31 14 95
31 15 94
31 16 75
31 17 74
31 18 52
31 19 127
31 20 85
31 21 73
31 22 15
31 23 67
31 24 52
31 25 67
31 26 37
31 27 39
31 28 28
31 29 42
31 30 21
31 31 97
31 32 27
31 33 39
31 34 42
31 35 20
31 36 47
31 37 45
31 38 67
31 39 26
31 40 71
31 41 27
31 42 29
31 43 53
31 44 49
31 45 17
31 46 59
31 47 60
31 48 99
31 49 68
31 50 50
31 51 22
31 52 71
31 53 50
31 54 48
31 55 60
31 56 23
31 57 40
31 58 64
31 59 37
31 60 62
31 61 11
31 62 32
31 63 24
31 64 84
31 65 63
31 66 27
31 67 47
31 68 42
31 69 41
31 70 86
31 71 92
31 72 18
31 73 21
31 74 83
31 75 55
31 76 45
31 77 26
31 78 79
31 79 85
31 80 33
31 81 44
31 82 5
31 83 69
31 84 51
31 85 56
31 86 90
31 87 45
31 88 68
31 89 51
31 90 32
31 91 32
31 92 32
31 93 32
31 94 31
31 95 12
31 96 10
31 97 67
31 98 49
31 99 36
31 100 81
32 1 49
32 2 48
32 3 46
32 4 20
32 5 30
32 6 84
32 7 57
32 8 81
32 9 88
32 10 72
32 11 42
32 12 72
32 13 87
32 14 28
32 15 43
32 16 1
32 17 30
32 18 19
32 19 18
32 20 46
32 21 45
32 22 47
32 23 24
32 24 51
32 25 78
32 26 76
32 27 95
32 28 51
32 29 54
32 30 100
32 31 66
32 32 65
32 33 88
32 34 6
32 35 77
32 36 119
32 37 51
32 38 76
32 39 54
32 40 58
32 41 26
32 42 80
32 43 36
32 44 98
32 45 62
32 46 77
32 47 73
32 48 94
32 49 91
32 50 89
32 51 10
32 52 39
32 53 62
32 54 88
32 55 56
32 56 55
32 57 104
32 58 33
32 59 100
32 60 93
32 61 32
32 62 55
32 63 39
32 64 86
32 65 108
32 66 87
32 67 74
32 68 43
32 69 110
32 70 76
32 71 51
32 72 71
32 73 84
32 74 18
32 75 80
32 76 74
32 77 90
32 78 38
32 79 58
32 80 100
32 81 42
32 82 64
32 83 59
32 84 56
32 85 95
32 86 34
32 87 42
32 88 90
32 89 61
32 90 64
32 91 79
32 92 69
32 93 85
32 94 85
32 95 85
32 96 85
32 97 43
32 98 45
32 99 41
32 100 28
33 1 69
33 2 43
33 3 47
33 4 47
33 5 70
33 6 25
33 7 42
33 8 44
33 9 75
33 10 75
33 11 43
33 12 53
33 13 46
33 14 76
33 15 46
33 16 80
33 17 17
33 18 12
33 19 40
33 20 53
33 21 41
33 22 26
33 23 46
33 24 24
33 25 81
33 26 41
33 27 63
33 28 80
33 29 5
33 30 33
33 31 26
33 32 56
33 33 48
33 34 51
33 35 87
33 36 54
33 37 81
33 38 85
33 39 72
33 40 70
33 41 76
33 42 37
33 43 35
33 44 72
33 45 86
33 46 40
33 47 56
33 48 61
33 49 105
33 50 24
33 51 61
33 52 24
33 53 21
33 54 78
33 55 38
33 56 27
33 57 53
33 58 20
33 59 86
33 60 45
33 61 51
33 62 62
33 63 40
33 64 76
33 65 52
33 66 82
33 67 62
33 68 63
33 69 50
33 70 13
33 71 88
33 72 70
33 73 100
33 74 49
33 75 91
33 76 14
33 77 63
33 78 78
33 79 54
33 80 14
33 81 69
33 82 36
33 83 58
33 84 37
33 85 21
33 86 65
33 87 38
33 88 72
33 89 85
33 90 50
33 91 24
33 92 28
33 93 31
33 94 6
33 95 23
33 96 43
33 97 43
33 98 43
33 99 43
33 100 21
34 1 27
34 2 23
34 3 57
34 4 62
34 5 43
34 6 75
34 7 54
34 8 61
34 9 43
34 10 31
34 11 21
34 12 89
34 13 69
34 14 72
34 15 81
34 16 69
34 17 57
34 18 69
34 19 92
34 20 24
34 21 29
34 22 16
34 23 42
34 24 13
34 25 19
34 26 52
34 27 42
34 28 62
34 29 34
34 30 61
34 31 88
34 32 56
34 33 24
34 34 29
34 35 31
34 36 29
34 37 22
34 38 61
34 39 25
34 40 78
34 41 56
34 42 50
34 43 46
34 44 46
34 45 18
34 46 14
34 47 58
34 48 56
34 49 40
34 50 31
34 51 33
34 52 78
34 53 7
34 54 32
34 55 24
34 56 24
34 57 77
34 58 36
34 59 11
34 60 24
34 61 31
34 62 62
34 63 32
34 64 39
34 65 35
34 66 21
34 67 59
34 68 27
34 69 63
34 70 32
34 71 40
34 72 22
34 73 42
34 74 67
34 75 45
34 76 73
34 77 27
34 78 64
34 79 45
34 80 65
34 81 48
34 82 24
34 83 42
34 84 50
34 85 15
34 86 33
34 87 44
34 88 44
34 89 39
34 90 17
34 91 43
34 92 68
34 93 33
34 94 22
34 95 50
34 96 9
34 97 26
34 98 8
34 99 16
34 100 16
35 1 16
35 2 16
35 3 80
35 4 39
35 5 39
35 6 74
35 7 14
35 8 18
35 9 75
35 10 20
35 11 17
35 12 42
35 13 30
35 14 79
35 15 44
35 16 14
35 17 84
35 18 80
35 19 55
35 20 41
35 21 56
35 22 43
35 23 45
35 24 72
35 25 49
35 26 21
35 27 68
35 28 42
35 29 19
35 30 43
35 31 45
35 32 26
35 33 2
35 34 33
35 35 51
35 36 64
35 37 58
35 38 71
35 39 112
35 40 82
35 41 84
35 42 103
35 43 15
35 44 96
35 45 133
35 46 70
35 47 95
35 48 67
35 49 71
35 50 45
35 51 99
35 52 44
35 53 112
35 54 79
35 55 97
35 56 83
35 57 109
35 58 100
35 59 97
35 60 9
35 61 48
35 62 73
35 63 103
35 64 62
35 65 74
35 66 115
35 67 48
35 68 115
35 69 105
35 70 51
35 71 71
35 72 58
35 73 102
35 74 122
35 75 101
35 76 75
35 77 62
35 78 125
35 79 96
35 80 67
35 81 90
35 82 85
35 83 19
35 84 98
35 85 90
35 86 93
35 87 57
35 88 71
35 89 114
35 90 45
35 91 65
35 92 76
35 93 69
35 94 112
35 95 54
35 96 57
35 97 99
35 98 60
35 99 75
35 100 85
36 1 79
36 2 98
36 3 98
36 4 98
36 5 98
36 6 58
36 7 23
36 8 21
36 9 57
36 10 30
36 11 7
36 12 65
36 13 20
36 14 31
36 15 27
36 16 12
36 17 57
36 18 55
36 19 35
36 20 70
36 21 70
36 22 49
36 23 43
36 24 49
36 25 57
36 26 23
36 27 50
36 28 30
36 29 15
36 30 47
36 31 19
36 32 17
36 33 27
36 34 48
36 35 7
36 36 25
36 37 51
36 38 40
36 39 41
36 40 45
36 41 72
36 42 67
36 43 70
36 44 103
36 45 74
36 46 84
36 47 103
36 48 91
36 49 85
36 50 94
36 51 53
36 52 52
36 53 82
36 54 104
36 55 47
36 56 75
36 57 78
36 58 121
36 59 43
36 60 80
36 61 42
36 62 38
36 63 79
36 64 47
36 65 44
36 66 72
36 67 29
36 68 101
36 69 63
36 70 62
36 71 81
36 72 60
36 73 87
36 74 69
36 75 95
36 76 82
36 77 82
36 78 70
36 79 9
36 80 100
36 81 90
36 82 117
36 83 65
36 84 108
36 85 8
36 86 65
36 87 96
36 88 73
36 89 17
36 90 82
36 91 52
36 92 78
36 93 39
36 94 17
36 95 82
36 96 55
36 97 92
36 98 96
36 99 63
36 100 43
37 1 21
37 2 48
37 3 25
37 4 42
37 5 62
37 6 62
37 7 62
37 8 62
37 9 81
37 10 44
37 11 43
37 12 65
37 13 26
37 14 17
37 15 64
37 16 10
37 17 29
37 18 34
37 19 34
37 20 81
37 21 34
37 22 25
37 23 74
37 24 68
37 25 44
37 26 52
37 27 44
37 28 34
37 29 42
37 30 68
37 31 53
37 32 28
37 33 70
37 34 41
37 35 11
37 36 35
37 37 56
37 38 29
37 39 12
37 40 28
37 41 41
37 42 61
37 43 68
37 44 61
37 45 31
37 46 10
37 47 49
37 48 18
37 49 76
37 50 43
37 51 48
37 52 35
37 53 34
37 54 18
37 55 15
37 56 52
37 57 43
37 58 43
37 59 28
37 60 21
37 61 66
37 62 19
37 63 25
37 64 36
37 65 36
37 66 77
37 67 39
37 68 19
37 69 18
37 70 40
37 71 51
37 72 37
37 73 37
37 74 30
37 75 26
37 76 52
37 77 18
37 78 55
37 79 22
37 80 37
37 81 17
37 82 54
37 83 58
37 84 40
37 85 60
37 86 20
37 87 51
37 88 57
37 89 67
37 90 35
37 91 11
37 92 55
37 93 43
37 94 15
37 95 29
37 96 50
37 97 54
37 98 27
37 99 15
37 100 32
38 1 60
38 2 29
38 3 33
38 4 60
38 5 14
38 6 39
38 7 20
38 8 16
38 9 16
38 10 16
38 11 16
38 12 77
38 13 50
38 14 48
38 15 45
38 16 45
38 17 23
38 18 43
38 19 12
38 20 48
38 21 18
38 22 40
38 23 78
38 24 33
38 25 46
38 26 53
38 27 48
38 28 23
38 29 68
38 30 24
38 31 37
38 32 34
38 33 55
38 34 55
38 35 41
38 36 69
38 37 39
38 38 14
38 39 20
38 40 72
38 41 35
38 42 33
38 43 38
38 44 20
38 45 52
38 46 68
38 47 40
38 48 26
38 49 67
38 50 90
38 51 81
38 52 51
38 53 95
38 54 106
38 55 71
38 56 89
38 57 47
38 58 49
38 59 59
38 60 97
38 61 26
38 62 87
38 63 71
38 64 107
38 65 52
38 66 88
38 67 63
38 68 60
38 69 46
38 70 29
38 71 46
38 72 80
38 73 26
38 74 84
38 75 82
38 76 43
38 77 92
38 78 75
38 79 65
38 80 61
38 81 73
38 82 85
38 83 96
38 84 78
38 85 31
38 86 79
38 87 101
38 88 104
38 89 55
38 90 96
38 91 40
38 92 32
38 93 92
38 94 74
38 95 48
38 96 64
38 97 49
38 98 89
38 99 16
38 100 20
39 1 72
39 2 50
39 3 96
39 4 73
39 5 49
39 6 62
39 7 14
39 8 50
39 9 45
39 10 49
39 11 72
39 12 72
39 13 72
39 14 72
39 15 107
39 16 78
39 17 76
39 18 63
39 19 62
39 20 50
39 21 49
39 22 36
39 23 65
39 24 46
39 25 68
39 26 108
39 27 11
39 28 58
39 29 64
39 30 50
39 31 29
39 32 90
39 33 31
39 34 18
39 35 64
39 36 82
39 37 85
39 38 65
39 39 99
39 40 69
39 41 39
39 42 47
39 43 93
39 44 63
39 45 49
39 46 28
39 47 39
39 48 80
39 49 98
39 50 51
39 51 20
39 52 42
39 53 62
39 54 7
39 55 100
39 56 50
39 57 24
39 58 54
39 59 41
39 60 42
39 61 38
39 62 75
39 63 49
39 64 66
39 65 4
39 66 39
39 67 76
39 68 33
39 69 8
39 70 36
39 71 38
39 72 101
39 73 62
39 74 39
39 75 6
39 76 59
39 77 67
39 78 23
39 79 61
39 80 8
39 81 16
39 82 74
39 83 40
39 84 75
39 85 16
39 86 14
39 87 7
39 88 67
39 89 78
39 90 17
39 91 70
39 92 43
39 93 62
39 94 67
39 95 91
39 96 40
39 97 23
39 98 62
39 99 64
39 100 38
40 1 5
40 2 72
40 3 71
40 4 45
40 5 39
40 6 22
40 7 81
40 8 53
40 9 34
40 10 77
40 11 35
40 12 49
40 13 36
40 14 12
40 15 12
40 16 12
40 17 12
40 18 88
40 19 44
40 20 46
40 21 94
40 22 9
40 23 36
40 24 95
40 25 41
40 26 9
40 27 62
40 28 39
40 29 86
40 30 59
40 31 8
40 32 104
40 33 100
40 34 75
40 35 30
40 36 76
40 37 56
40 38 61
40 39 87
40 40 55
40 41 27
40 42 75
40 43 55
40 44 39
40 45 63
40 46 31
40 47 37
40 48 20
40 49 45
40 50 71
40 51 78
40 52 72
40 53 92
40 54 75
40 55 78
40 56 102
40 57 47
40 58 77
40 59 7
40 60 71
40 61 21
40 62 13
40 63 48
40 64 50
40 65 45
40 66 10
40 67 66
40 68 57
40 69 24
40 70 23
40 71 62
40 72 47
40 73 79
40 74 79
40 75 81
40 76 63
40 77 57
40 78 48
40 79 74
40 80 20
40 81 75
40 82 50
40 83 54
40 84 65
40 85 40
40 86 33
40 87 35
40 88 37
40 89 64
40 90 49
40 91 92
40 92 34
40 93 59
40 94 17
40 95 37
40 96 9
40 97 98
40 98 78
40 99 15
40 100 34
41 1 97
41 2 34
41 3 49
41 4 57
41 5 76
41 6 89
41 7 20
41 8 47
41 9 38
41 10 42
41 11 43
41 12 76
41 13 93
41 14 54
41 15 81
41 16 62
41 17 54
41 18 54
41 19 54
41 20 54
41 21 56
41 22 60
41 23 56
41 24 14
41 25 80
41 26 53
41 27 36
41 28 54
41 29 82
41 30 29
41 31 56
41 32 57
41 33 76
41 34 85
41 35 28
41 36 41
41 37 41
41 38 90
41 39 40
41 40 82
41 41 30
41 42 19
41 43 56
41 44 66
41 45 56
41 46 41
41 47 53
41 48 28
41 49 96
41 50 54
41 51 72
41 52 84
41 53 30
41 54 27
41 55 57
41 56 27
41 57 52
41 58 29
41 59 40
41 60 76
41 61 68
41 62 70
41 63 69
41 64 53
41 65 62
41 66 21
41 67 19
41 68 56
41 69 71
41 70 27
41 71 50
41 72 45
41 73 89
41 74 15
41 75 53
41 76 29
41 77 27
41 78 65
41 79 24
41 80 12
41 81 44
41 82 11
41 83 69
41 84 46
41 85 35
41 86 55
41 87 38
41 88 59
41 89 36
41 90 66
41 91 51
41 92 59
41 93 42
41 94 24
41 95 71
41 96 65
41 97 84
41 98 32
41 99 75
41 100 30
42 1 52
42 2 64
42 3 42
42 4 31
42 5 53
42 6 20
42 7 53
42 8 27
42 9 24
42 10 49
42 11 22
42 12 62
42 13 69
42 14 33
42 15 28
42 16 30
42 17 16
42 18 17
42 19 12
42 20 36
42 21 36
42 22 36
42 23 36
42 24 50
42 25 20
42 26 17
42 27 53
42 28 37
42 29 14
42 30 63
42 31 26
42 32 37
42 33 26
42 34 11
42 35 50
42 36 61
42 37 43
42 38 66
42 39 69
42 40 50
42 41 46
42 42 50
42 43 64
42 44 16
42 45 42
42 46 24
42 47 20
42 48 40
42 49 10
42 50 23
42 51 25
42 52 51
42 53 9
42 54 33
42 55 59
42 56 39
42 57 33
42 58 38
42 59 57
42 60 56
42 61 45
42 62 70
42 63 44
42 64 50
42 65 29
42 66 94
42 67 29
42 68 36
42 69 62
42 70 64
42 71 41
42 72 31
42 73 72
42 74 79
42 75 41
42 76 13
42 77 79
42 78 70
42 79 97
42 80 97
42 81 75
42 82 70
42 83 72
42 84 70
42 85 85
42 86 13
42 87 97
42 88 54
42 89 77
42 90 86
42 91 34
42 92 47
42 93 26
42 94 60
42 95 86
42 96 71
42 97 105
42 98 22
42 99 82
42 100 13
43 1 50
43 2 15
43 3 112
43 4 77
43 5 38
43 6 55
43 7 113
43 8 34
43 9 63
43 10 79
43 11 82
43 12 99
43 13 35
43 14 60
43 15 61
43 16 31
43 17 51
43 18 95
43 19 102
43 20 69
43 21 97
43 22 78
43 23 75
43 24 75
43 25 75
43 26 75
43 27 59
43 28 67
43 29 63
43 30 14
43 31 87
43 32 60
43 33 36
43 34 60
43 35 89
43 36 36
43 37 63
43 38 61
43 39 81
43 40 92
43 41 26
43 42 41
43 43 45
43 44 97
43 45 44
43 46 87
43 47 37
43 48 22
43 49 62
43 50 73
43 51 60
43 52 47
43 53 60
43 54 35
43 55 102
43 56 61
43 57 79
43 58 90
43 59 35
43 60 31
43 61 62
43 62 28
43 63 56
43 64 32
43 65 40
43 66 83
43 67 29
43 68 90
43 69 105
43 70 45
43 71 69
43 72 39
43 73 43
43 74 26
43 75 75
43 76 19
43 77 84
43 78 52
43 79 78
43 80 56
43 81 81
43 82 74
43 83 72
43 84 21
43 85 22
43 86 46
43 87 75
43 88 39
43 89 54
43 90 88
43 91 20
43 92 87
43 93 78
43 94 33
43 95 44
43 96 41
43 97 75
43 98 94
43 99 73
43 100 57
44 1 46
44 2 97
44 3 75
44 4 39
44 5 69
44 6 66
44 7 11
44 8 72
44 9 62
44 10 72
44 11 34
44 12 43
44 13 86
44 14 25
44 15 47
44 16 51
44 17 41
44 18 84
44 19 39
44 20 29
44 21 73
44 22 45
44 23 48
44 24 61
44 25 53
44 26 71
44 27 71
44 28 71
44 29 71
44 30 22
44 31 36
44 32 33
44 33 49
44 34 69
44 35 48
44 36 68
44 37 57
44 38 69
44 39 41
44 40 39
44 41 23
44 42 89
44 43 76
44 44 63
44 45 74
44 46 65
44 47 68
44 48 65
44 49 93
44 50 23
44 51 18
44 52 27
44 53 50
44 54 21
44 55 23
44 56 54
44 57 39
44 58 73
44 59 40
44 60 67
44 61 91
44 62 51
44 63 8
44 64 23
44 65 60
44 66 75
44 67 55
44 68 73
44 69 77
44 70 55
44 71 91
44 72 26
44 73 73
44 74 83
44 75 41
44 76 40
44 77 73
44 78 92
44 79 38
44 80 65
44 81 66
44 82 110
44 83 32
44 84 70
44 85 34
44 86 30
44 87 74
44 88 37
44 89 33
44 90 61
44 91 19
44 92 89
44 93 55
44 94 52
44 95 71
44 96 50
44 97 77
44 98 57
44 99 84
44 100 70
45 1 72
45 2 59
45 3 4
45 4 89
45 5 80
45 6 105
45 7 53
45 8 96
45 9 10
45 10 59
45 11 85
45 12 62
45 13 16
45 14 72
45 15 41
45 16 68
45 17 32
45 18 13
45 19 70
45 20 43
45 21 81
45 22 86
45 23 52
45 24 34
45 25 20
45 26 37
45 27 16
45 28 30
45 29 52
45 30 52
45 31 52
45 32 52
45 33 40
45 34 14
45 35 10
45 36 57
45 37 43
45 38 25
45 39 70
45 40 37
45 41 43
45 42 33
45 43 12
45 44 39
45 45 72
45 46 50
45 47 71
45 48 76
45 49 59
45 50 44
45 51 59
45 52 74
45 53 17
45 54 38
45 55 14
45 56 24
45 57 29
45 58 6
45 59 34
45 60 32
45 61 50
45 62 15
45 63 42
45 64 69
45 65 47
45 66 27
45 67 27
45 68 63
45 69 66
45 70 52
45 71 76
45 72 54
45 73 56
45 74 70
45 75 21
45 76 40
45 77 72
45 78 33
45 79 30
45 80 68
45 81 81
45 82 37
45 83 53
45 84 56
45 85 101
45 86 20
45 87 57
45 88 23
45 89 20
45 90 75
45 91 35
45 92 22
45 93 49
45 94 18
45 95 81
45 96 44
45 97 47
45 98 59
45 99 38
45 100 72
46 1 48
46 2 78
46 3 58
46 4 60
46 5 47
46 6 16
46 7 83
46 8 67
46 9 96
46 10 45
46 11 87
46 12 18
46 13 61
46 14 74
46 15 50
46 16 19
46 17 65
46 18 31
46 19 55
46 20 34
46 21 21
46 22 61
46 23 34
46 24 69
46 25 81
46 26 45
46 27 23
46 28 29
46 29 26
46 30 6
46 31 19
46 32 39
46 33 39
46 34 39
46 35 39
46 36 105
46 37 71
46 38 70
46 39 70
46 40 49
46 41 42
46 42 60
46 43 30
46 44 52
46 45 47
46 46 60
46 47 105
46 48 7
46 49 44
46 50 74
46 51 63
46 52 39
46 53 78
46 54 40
46 55 8
46 56 62
46 57 84
46 58 79
46 59 56
46 60 95
46 61 65
46 62 32
46 63 49
46 64 81
46 65 55
46 66 36
46 67 13
46 68 45
46 69 80
46 70 94
46 71 61
46 72 32
46 73 49
46 74 65
46 75 22
46 76 55
46 77 12
46 78 87
46 79 105
46 80 63
46 81 29
46 82 33
46 83 29
46 84 70
46 85 8
46 86 74
46 87 45
46 88 77
46 89 45
46 90 72
46 91 63
46 92 61
46 93 32
46 94 11
46 95 35
46 96 65
46 97 28
46 98 54
46 99 77
46 100 14
47 1 77
47 2 67
47 3 35
47 4 36
47 5 43
47 6 66
47 7 84
47 8 64
47 9 47
47 10 48
47 11 87
47 12 74
47 13 31
47 14 66
47 15 57
47 16 20
47 17 66
47 18 53
47 19 62
47 20 33
47 21 32
47 22 76
47 23 17
47 24 38
47 25 45
47 26 31
47 27 76
47 28 43
47 29 22
47 30 62
47 31 38
47 32 37
47 33 50
47 34 42
47 35 60
47 36 60
47 37 60
47 38 60
47 39 49
47 40 8
47 41 12
47 42 78
47 43 33
47 44 32
47 45 89
47 46 45
47 47 31
47 48 51
47 49 15
47 50 48
47 51 79
47 52 42
47 53 91
47 54 95
47 55 75
47 56 23
47 57 75
47 58 79
47 59 38
47 60 59
47 61 18
47 62 17
47 63 36
47 64 27
47 65 42
47 66 51
47 67 29
47 68 19
47 69 39
47 70 71
47 71 64
47 72 48
47 73 33
47 74 82
47 75 80
47 76 71
47 77 95
47 78 54
47 79 75
47 80 72
47 81 24
47 82 49
47 83 78
47 84 63
47 85 43
47 86 42
47 87 85
47 88 14
47 89 84
47 90 59
47 91 92
47 92 52
47 93 83
47 94 67
47 95 64
47 96 31
47 97 18
47 98 43
47 99 76
47 100 28
48 1 68
48 2 84
48 3 29
48 4 88
48 5 74
48 6 48
48 7 50
48 8 56
48 9 78
48 10 93
48 11 74
48 12 42
48 13 62
48 14 98
48 15 89
48 16 45
48 17 81
48 18 52
48 19 16
48 20 81
48 21 66
48 22 59
48 23 48
48 24 43
48 25 86
48 26 11
48 27 32
48 28 60
48 29 43
48 30 89
48 31 56
48 32 36
48 33 66
48 34 29
48 35 46
48 36 51
48 37 48
48 38 69
48 39 69
48 40 69
48 41 69
48 42 90
48 43 49
48 44 50
48 45 80
48 46 18
48 47 28
48 48 79
48 49 25
48 50 21
48 51 50
48 52 40
48 53 90
48 54 39
48 55 12
48 56 89
48 57 83
48 58 58
48 59 48
48 60 59
48 61 36
48 62 55
48 63 81
48 64 59
48 65 31
48 66 78
48 67 52
48 68 25
48 69 50
48 70 50
48 71 36
48 72 9
48 73 25
48 74 56
48 75 74
48 76 76
48 77 76
48 78 56
48 79 63
48 80 84
48 81 10
48 82 69
48 83 27
48 84 68
48 85 90
48 86 75
48 87 18
48 88 59
48 89 15
48 90 65
48 91 23
48 92 80
48 93 44
48 94 67
48 95 55
48 96 75
48 97 74
48 98 73
48 99 26
48 100 24
49 1 45
49 2 70
49 3 43
49 4 44
49 5 86
49 6 15
49 7 82
49 8 75
49 9 22
49 10 37
49 11 30
49 12 68
49 13 89
49 14 69
49 15 62
49 16 36
49 17 91
49 18 65
49 19 33
49 20 58
49 21 71
49 22 21
49 23 63
49 24 56
49 25 76
49 26 24
49 27 40
49 28 81
49 29 31
49 30 53
49 31 42
49 32 38
49 33 77
49 34 29
49 35 23
49 36 73
49 37 52
49 38 46
49 39 64
49 40 52
49 41 67
49 42 67
49 43 67
49 44 67
49 45 74
49 46 43
49 47 41
49 48 51
49 49 36
49 50 15
49 51 52
49 52 4
49 53 39
49 54 21
49 55 33
49 56 74
49 57 36
49 58 38
49 59 60
49 60 56
49 61 32
49 62 59
49 63 33
49 64 39
49 65 32
49 66 56
49 67 49
49 68 32
49 69 65
49 70 34
49 71 5
49 72 22
49 73 63
49 74 27
49 75 25
49 76 36
49 77 28
49 78 51
49 79 63
49 80 48
49 81 34
49 82 34
49 83 58
49 84 26
49 85 40
49 86 36
49 87 57
49 88 75
49 89 47
49 90 29
49 91 40
49 92 27
49 93 92
49 94 29
49 95 73
49 96 66
49 97 107
49 98 39
49 99 76
49 100 46
50 1 43
50 2 60
50 3 29
50 4 35
50 5 68
50 6 14
50 7 85
50 8 66
50 9 45
50 10 79
50 11 60
50 12 70
50 13 56
50 14 77
50 15 75
50 16 82
50 17 66
50 18 13
50 19 83
50 20 88
50 21 103
50 22 51
50 23 94
50 24 23
50 25 46
50 26 86
50 27 65
50 28 31
50 29 65
50 30 41
50 31 76
50 32 20
50 33 2
50 34 69
50 35 43
50 36 86
50 37 78
50 38 47
50 39 46
50 40 6
50 41 39
50 42 28
50 43 36
50 44 59
50 45 59
50 46 59
50 47 59
50 48 68
50 49 27
50 50 31
50 51 93
50 52 23
50 53 38
50 54 100
50 55 49
50 56 20
50 57 63
50 58 28
50 59 67
50 60 78
50 61 31
50 62 105
50 63 106
50 64 83
50 65 7
50 66 84
50 67 76
50 68 54
50 69 78
50 70 38
50 71 21
50 72 55
50 73 45
50 74 47
50 75 63
50 76 12
50 77 31
50 78 35
50 79 66
50 80 75
50 81 67
50 82 52
50 83 95
50 84 86
50 85 82
50 86 107
50 87 50
50 88 87
50 89 68
50 90 43
50 91 69
50 92 91
50 93 59
50 94 91
50 95 79
50 96 71
50 97 54
50 98 43
50 99 60
50 100 105
51 1 22
51 2 50
51 3 8
51 4 5
51 5 92
51 6 51
51 7 31
51 8 43
51 9 35
51 10 89
51 11 29
51 12 60
51 13 50
51 14 27
51 15 83
51 16 54
51 17 89
51 18 54
51 19 49
51 20 41
51 21 30
51 22 93
51 23 57
51 24 100
51 25 53
51 26 91
51 27 26
51 28 78
51 29 74
51 30 50
51 31 20
51 32 75
51 33 39
51 34 46
51 35 52
51 36 39
51 37 66
51 38 42
51 39 64
51 40 93
51 41 56
51 42 9
51 43 46
51 44 32
51 45 12
51 46 24
51 47 33
51 48 33
51 49 33
51 50 33
51 51 68
51 52 47
51 53 43
51 54 35
51 55 51
51 56 25
51 57 38
51 58 20
51 59 53
51 60 6
51 61 38
51 62 68
51 63 44
51 64 54
51 65 45
51 66 43
51 67 23
51 68 70
51 69 23
51 70 49
51 71 24
51 72 43
51 73 49
51 74 42
51 75 61
51 76 31
51 77 20
51 78 7
51 79 74
51 80 33
51 81 41
51 82 50
51 83 13
51 84 40
51 85 60
51 86 33
51 87 30
51 88 20
51 89 44
51 90 42
51 91 25
51 92 50
51 93 56
51 94 68
51 95 31
51 96 44
51 97 36
51 98 21
51 99 36
51 100 27
52 1 74
52 2 57
52 3 95
52 4 40
52 5 75
52 6 53
52 7 50
52 8 45
52 9 16
52 10 33
52 11 67
52 12 14
52 13 73
52 14 71
52 15 32
52 16 79
52 17 63
52 18 56
52 19 48
52 20 63
52 21 72
52 22 83
52 23 65
52 24 28
52 25 69
52 26 89
52 27 92
52 28 42
52 29 83
52 30 38
52 31 31
52 32 79
52 33 60
52 34 44
52 35 52
52 36 36
52 37 77
52 38 5
52 39 18
52 40 59
52 41 37
52 42 83
52 43 64
52 44 36
52 45 53
52 46 16
52 47 37
52 48 37
52 49 36
52 50 60
52 51 60
52 52 60
52 53 60
52 54 96
52 55 57
52 56 57
52 57 80
52 58 26
52 59 33
52 60 76
52 61 27
52 62 30
52 63 51
52 64 47
52 65 96
52 66 31
52 67 20
52 68 88
52 69 80
52 70 55
52 71 56
52 72 56
52 73 28
52 74 59
52 75 85
52 76 66
52 77 39
52 78 85
52 79 57
52 80 28
52 81 52
52 82 58
52 83 43
52 84 16
52 85 17
52 86 55
52 87 78
52 88 83
52 89 75
52 90 51
52 91 61
52 92 82
52 93 4
52 94 67
52 95 19
52 96 75
52 97 97
52 98 75
52 99 10
52 100 54
53 1 49
53 2 77
53 3 20
53 4 55
53 5 51
53 6 93
53 7 23
53 8 30
53 9 15
53 10 17
53 11 99
53 12 58
53 13 33
53 14 24
53 15 48
53 16 80
53 17 10
53 18 62
53 19 28
53 20 6
53 21 81
53 22 48
53 23 84
53 24 36
53 25 26
53 26 22
53 27 50
53 28 88
53 29 35
53 30 87
53 31 48
53 32 79
53 33 48
53 34 87
53 35 58
53 36 36
53 37 42
53 38 72
53 39 37
53 40 24
53 41 63
53 42 56
53 43 57
53 44 40
53 45 44
53 46 90
53 47 55
53 48 13
53 49 63
53 50 31
53 51 31
53 52 26
53 53 16
53 54 16
53 55 16
53 56 16
53 57 83
53 58 40
53 59 41
53 60 84
53 61 4
53 62 27
53 63 86
53 64 31
53 65 8
53 66 53
53 67 33
53 68 82
53 69 52
53 70 6
53 71 95
53 72 91
53 73 66
53 74 34
53 75 67
53 76 50
53 77 53
53 78 80
53 79 51
53 80 22
53 81 70
53 82 48
53 83 30
53 84 53
53 85 36
53 86 31
53 87 11
53 88 39
53 89 62
53 90 71
53 91 67
53 92 83
53 93 66
53 94 69
53 95 92
53 96 23
53 97 75
53 98 41
53 99 59
53 100 83
54 1 81
54 2 32
54 3 70
54 4 61
54 5 72
54 6 33
54 7 35
54 8 79
54 9 78
54 10 59
54 11 83
54 12 77
54 13 75
54 14 18
54 15 25
54 16 49
54 17 77
54 18 42
54 19 54
54 20 91
54 21 22
54 22 89
54 23 80
54 24 32
54 25 46
54 26 40
54 27 77
54 28 96
54 29 76
54 30 59
54 31 45
54 32 99
54 33 76
54 34 41
54 35 69
54 36 69
54 37 11
54 38 74
54 39 64
54 40 75
54 41 34
54 42 45
54 43 88
54 44 27
54 45 49
54 46 52
54 47 44
54 48 86
54 49 38
54 50 31
54 51 76
54 52 47
54 53 50
54 54 64
54 55 55
54 56 73
54 57 73
54 58 73
54 59 73
54 60 125
54 61 90
54 62 89
54 63 86
54 64 64
54 65 62
54 66 73
54 67 50
54 68 68
54 69 66
54 70 80
54 71 125
54 72 16
54 73 58
54 74 88
54 75 74
54 76 53
54 77 94
54 78 55
54 79 12
54 80 83
54 81 104
54 82 99
54 83 74
54 84 115
54 85 85
54 86 53
54 87 68
54 88 96
54 89 75
54 90 53
54 91 21
54 92 62
54 93 100
54 94 114
54 95 75
54 96 44
54 97 65
54 98 76
54 99 37
54 100 70
55 1 20
55 2 107
55 3 125
55 4 79
55 5 29
55 6 41
55 7 49
55 8 97
55 9 38
55 10 92
55 11 58
55 12 94
55 13 56
55 14 60
55 15 76
55 16 76
55 17 53
55 18 42
55 19 48
55 20 57
55 21 58
55 22 15
55 23 80
55 24 27
55 25 67
55 26 69
55 27 13
55 28 25
55 29 12
55 30 50
55 31 76
55 32 57
55 33 78
55 34 15
55 35 75
55 36 35
55 37 26
55 38 28
55 39 86
55 40 51
55 41 38
55 42 40
55 43 88
55 44 6
55 45 39
55 46 68
55 47 54
55 48 72
55 49 19
55 50 36
55 51 56
55 52 18
55 53 24
55 54 74
55 55 74
55 56 46
55 57 72
55 58 55
55 59 58
55 60 58
55 61 58
55 62 58
55 63 19
55 64 26
55 65 23
55 66 61
55 67 62
55 68 45
55 69 79
55 70 57
55 71 61
55 72 47
55 73 32
55 74 19
55 75 92
55 76 70
55 77 76
55 78 85
55 79 73
55 80 56
55 81 73
55 82 94
55 83 27
55 84 32
55 85 15
55 86 43
55 87 9
55 88 22
55 89 54
55 90 46
55 91 61
55 92 35
55 93 63
55 94 90
55 95 59
55 96 21
55 97 10
55 98 71
55 99 81
55 100 64
56 1 85
56 2 75
56 3 65
56 4 91
56 5 12
56 6 19
56 7 65
56 8 82
56 9 87
56 10 72
56 11 30
56 12 69
56 13 38
56 14 84
56 15 67
56 16 52
56 17 39
56 18 4
56 19 6
56 20 94
56 21 52
56 22 28
56 23 32
56 24 39
56 25 83
56 26 19
56 27 59
56 28 39
56 29 16
56 30 80
56 31 49
56 32 85
56 33 44
56 34 38
56 35 30
56 36 39
56 37 89
56 38 46
56 39 92
56 40 48
56 41 83
56 42 37
56 43 81
56 44 65
56 45 41
56 46 31
56 47 72
56 48 35
56 49 35
56 50 56
56 51 46
56 52 60
56 53 38
56 54 53
56 55 89
56 56 54
56 57 2
56 58 54
56 59 29
56 60 20
56 61 21
56 62 23
56 63 23
56 64 23
56 65 23
56 66 115
56 67 81
56 68 80
56 69 78
56 70 57
56 71 53
56 72 66
56 73 40
56 74 60
56 75 57
56 76 70
56 77 115
56 78 7
56 79 51
56 80 80
56 81 67
56 82 45
56 83 86
56 84 47
56 85 3
56 86 73
56 87 94
56 88 89
56 89 65
56 90 105
56 91 75
56 92 43
56 93 58
56 94 89
56 95 65
56 96 45
56 97 15
56 98 53
56 99 90
56 100 104
57 1 68
57 2 36
57 3 57
57 4 69
57 5 30
57 6 62
57 7 13
57 8 97
57 9 115
57 10 70
57 11 21
57 12 35
57 13 41
57 14 87
57 15 28
57 16 83
57 17 52
57 18 86
57 19 67
57 20 43
57 21 48
57 22 48
57 23 70
57 24 37
57 25 25
57 26 27
57 27 44
57 28 38
57 29 50
57 30 30
57 31 39
57 32 38
57 33 40
57 34 7
57 35 42
57 36 24
57 37 47
57 38 27
57 39 61
57 40 46
57 41 48
57 42 49
57 43 11
57 44 40
57 45 66
57 46 61
57 47 28
57 48 12
57 49 65
57 50 31
57 51 17
57 52 39
57 53 49
57 54 59
57 55 15
57 56 15
57 57 34
57 58 48
57 59 21
57 60 46
57 61 63
57 62 21
57 63 49
57 64 30
57 65 28
57 66 28
57 67 28
57 68 28
57 69 108
57 70 73
57 71 72
57 72 77
57 73 47
57 74 45
57 75 68
57 76 33
57 77 51
57 78 53
57 79 62
57 80 108
57 81 12
57 82 41
57 83 81
57 84 70
57 85 46
57 86 77
57 87 48
57 88 7
57 89 67
57 90 90
57 91 81
57 92 56
57 93 98
57 94 68
57 95 36
57 96 54
57 97 79
57 98 57
57 99 35
57 100 6
58 1 52
58 2 85
58 3 96
58 4 69
58 5 39
58 6 57
58 7 72
58 8 20
58 9 62
58 10 4
58 11 90
58 12 109
58 13 70
58 14 11
58 15 40
58 16 41
58 17 83
58 18 22
58 19 74
58 20 55
58 21 86
58 22 65
58 23 33
58 24 71
58 25 67
58 26 46
58 27 31
58 28 39
58 29 54
58 30 47
58 31 26
58 32 75
58 33 15
58 34 65
58 35 64
58 36 14
58 37 20
58 38 19
58 39 50
58 40 74
58 41 54
58 42 67
58 43 24
58 44 74
58 45 46
58 46 19
58 47 38
58 48 75
58 49 42
58 50 43
58 51 38
58 52 78
58 53 6
58 54 31
58 55 66
58 56 43
58 57 61
58 58 21
58 59 28
58 60 58
58 61 23
58 62 14
58 63 66
58 64 63
58 65 38
58 66 63
58 67 46
58 68 54
58 69 54
58 70 54
58 71 54
58 72 63
58 73 63
58 74 59
58 75 8
58 76 79
58 77 51
58 78 27
58 79 50
58 80 80
58 81 25
58 82 57
58 83 65
58 84 69
58 85 82
58 86 22
58 87 32
58 88 33
58 89 92
58 90 32
58 91 75
58 92 32
58 93 28
58 94 60
58 95 66
58 96 62
58 97 43
58 98 49
58 99 25
58 100 97
59 1 55
59 2 69
59 3 78
59 4 22
59 5 34
59 6 64
59 7 18
59 8 44
59 9 20
59 10 32
59 11 71
59 12 17
59 13 77
59 14 64
59 15 64
59 16 12
59 17 73
59 18 49
59 19 36
59 20 25
59 21 56
59 22 76
59 23 37
59 24 16
59 25 9
59 26 76
59 27 99
59 28 74
59 29 18
59 30 34
59 31 59
59 32 91
59 33 45
59 34 73
59 35 101
59 36 39
59 37 103
59 38 91
59 39 51
59 40 62
59 41 59
59 42 92
59 43 109
59 44 89
59 45 58
59 46 64
59 47 113
59 48 95
59 49 57
59 50 88
59 51 68
59 52 8
59 53 92
59 54 80
59 55 76
59 56 53
59 57 58
59 58 102
59 59 29
59 60 47
59 61 70
59 62 57
59 63 102
59 64 56
59 65 48
59 66 83
59 67 43
59 68 62
59 69 68
59 70 65
59 71 85
59 72 85
59 73 85
59 74 85
59 75 78
59 76 58
59 77 55
59 78 35
59 79 57
59 80 33
59 81 31
59 82 24
59 83 60
59 84 16
59 85 48
59 86 79
59 87 37
59 88 58
59 89 41
59 90 35
59 91 12
59 92 79
59 93 13
59 94 43
59 95 35
59 96 51
59 97 61
59 98 51
59 99 72
59 100 43
60 1 26
60 2 17
60 3 83
60 4 44
60 5 45
60 6 47
60 7 9
60 8 50
60 9 72
60 10 28
60 11 19
60 12 15
60 13 37
60 14 43
60 15 21
60 16 46
60 17 68
60 18 79
60 19 28
60 20 42
60 21 25
60 22 9
60 23 45
60 24 27
60 25 67
60 26 26
60 27 43
60 28 23
60 29 51
60 30 82
60 31 74
60 32 35
60 33 28
60 34 15
60 35 31
60 36 33
60 37 45
60 38 48
60 39 25
60 40 43
60 41 37
60 42 42
60 43 11
60 44 45
60 45 32
60 46 50
60 47 30
60 48 50
60 49 50
60 50 53
60 51 58
60 52 9
60 53 50
60 54 55
60 55 54
60 56 39
60 57 20
60 58 55
60 59 33
60 60 6
60 61 42
60 62 39
60 63 48
60 64 24
60 65 4
60 66 43
60 67 50
60 68 16
60 69 39
60 70 52
60 71 12
60 72 39
60 73 20
60 74 28
60 75 28
60 76 28
60 77 28
60 78 107
60 79 72
60 80 71
60 81 75
60 82 47
60 83 44
60 84 65
60 85 32
60 86 51
60 87 51
60 88 61
60 89 107
60 90 10
60 91 42
60 92 79
60 93 68
60 94 44
60 95 77
60 96 45
60 97 7
60 98 65
60 99 88
60 100 80
61 1 56
61 2 97
61 3 67
61 4 34
61 5 52
61 6 79
61 7 56
61 8 35
61 9 9
61 10 49
61 11 83
61 12 95
61 13 66
61 14 37
61 15 54
61 16 70
61 17 20
61 18 60
61 19 7
61 20 88
61 21 107
61 22 68
61 23 11
61 24 37
61 25 39
61 26 81
61 27 20
61 28 73
61 29 52
61 30 83
61 31 63
61 32 33
61 33 72
61 34 88
61 35 42
61 36 12
61 37 35
61 38 49
61 39 36
61 40 94
61 41 34
61 42 64
61 43 56
61 44 33
61 45 88
61 46 60
61 47 93
61 48 61
61 49 54
61 50 47
61 51 28
61 52 98
61 53 63
61 54 106
61 55 57
61 56 97
61 57 22
61 58 79
61 59 80
61 60 56
61 61 14
61 62 80
61 63 44
61 64 52
61 65 53
61 66 37
61 67 72
61 68 47
61 69 70
61 70 97
61 71 61
61 72 15
61 73 44
61 74 37
61 75 13
61 76 29
61 77 39
61 78 39
61 79 39
61 80 39
61 81 64
61 82 66
61 83 62
61 84 6
61 85 83
61 86 55
61 87 28
61 88 54
61 89 84
61 90 30
61 91 61
61 92 65
61 93 73
61 94 87
61 95 21
61 96 33
61 97 37
61 98 95
61 99 35
61 100 79
62 1 35
62 2 27
62 3 62
62 4 69
62 5 63
62 6 46
62 7 54
62 8 29
62 9 100
62 10 58
62 11 74
62 12 83
62 13 27
62 14 34
62 15 65
62 16 20
62 17 47
62 18 24
62 19 32
62 20 76
62 21 20
62 22 82
62 23 65
62 24 64
62 25 13
62 26 77
62 27 52
62 28 40
62 29 26
62 30 61
62 31 79
62 32 40
62 33 13
62 34 14
62 35 81
62 36 103
62 37 77
62 38 58
62 39 65
62 40 69
62 41 87
62 42 37
62 43 78
62 44 94
62 45 39
62 46 99
62 47 85
62 48 56
62 49 61
62 50 64
62 51 90
62 52 104
62 53 85
62 54 48
62 55 70
62 56 109
62 57 98
62 58 56
62 59 91
62 60 57
62 61 16
62 62 92
62 63 77
62 64 65
62 65 57
62 66 54
62 67 97
62 68 21
62 69 37
62 70 71
62 71 54
62 72 100
62 73 63
62 74 47
62 75 75
62 76 31
62 77 57
62 78 59
62 79 58
62 80 80
62 81 80
62 82 80
62 83 80
62 84 55
62 85 37
62 86 34
62 87 35
62 88 51
62 89 23
62 90 45
62 91 26
62 92 52
62 93 8
62 94 30
62 95 55
62 96 56
62 97 55
62 98 48
62 99 51
62 100 34
63 1 64
63 2 34
63 3 60
63 4 12
63 5 33
63 6 38
63 7 37
63 8 48
63 9 20
63 10 25
63 11 7
63 12 69
63 13 27
63 14 43
63 15 59
63 16 22
63 17 28
63 18 48
63 19 38
63 20 43
63 21 28
63 22 51
63 23 48
63 24 31
63 25 59
63 26 44
63 27 56
63 28 34
63 29 52
63 30 49
63 31 33
63 32 25
63 33 36
63 34 49
63 35 47
63 36 44
63 37 21
63 38 50
63 39 71
63 40 52
63 41 27
63 42 44
63 43 49
63 44 59
63 45 24
63 46 87
63 47 41
63 48 54
63 49 59
63 50 37
63 51 79
63 52 53
63 53 85
63 54 61
63 55 59
63 56 48
63 57 17
63 58 90
63 59 67
63 60 101
63 61 50
63 62 92
63 63 15
63 64 68
63 65 77
63 66 54
63 67 13
63 68 72
63 69 37
63 70 55
63 71 41
63 72 25
63 73 66
63 74 40
63 75 71
63 76 88
63 77 52
63 78 20
63 79 33
63 80 31
63 81 4
63 82 23
63 83 41
63 84 41
63 85 41
63 86 41
63 87 60
63 88 18
63 89 22
63 90 86
63 91 26
63 92 34
63 93 95
63 94 46
63 95 23
63 96 57
63 97 21
63 98 59
63 99 77
63 100 35
64 1 98
64 2 100
64 3 79
64 4 14
64 5 79
64 6 77
64 7 46
64 8 69
64 9 29
64 10 16
64 11 47
64 12 36
64 13 43
64 14 57
64 15 19
64 16 24
64 17 35
64 18 67
64 19 70
64 20 58
64 21 43
64 22 89
64 23 82
64 24 76
64 25 101
64 26 51
64 27 81
64 28 69
64 29 35
64 30 60
64 31 85
64 32 59
64 33 88
64 34 75
64 35 63
64 36 54
64 37 6
64 38 92
64 39 94
64 40 72
64 41 39
64 42 25
64 43 25
64 44 32
64 45 66
64 46 69
64 47 45
64 48 15
64 49 62
64 50 48
64 51 28
64 52 54
64 53 39
64 54 52
64 55 29
64 56 58
64 57 48
64 58 58
64 59 40
64 60 31
64 61 63
64 62 63
64 63 77
64 64 25
64 65 68
64 66 37
64 67 48
64 68 58
64 69 37
64 70 39
64 71 45
64 72 13
64 73 51
64 74 25
64 75 28
64 76 42
64 77 15
64 78 59
64 79 61
64 80 25
64 81 32
64 82 34
64 83 12
64 84 24
64 85 12
64 86 35
64 87 35
64 88 35
64 89 35
64 90 48
64 91 17
64 92 14
64 93 55
64 94 37
64 95 16
64 96 65
64 97 28
64 98 37
64 99 28
64 100 10
65 1 48
65 2 63
65 3 44
65 4 68
65 5 71
65 6 52
65 7 44
65 8 52
65 9 65
65 10 17
65 11 42
65 12 22
65 13 19
65 14 38
65 15 10
65 16 25
65 17 27
65 18 49
65 19 8
65 20 34
65 21 60
65 22 41
65 23 32
65 24 36
65 25 59
65 26 58
65 27 47
65 28 72
65 29 45
65 30 51
65 31 61
65 32 30
65 33 49
65 34 54
65 35 52
65 36 64
65 37 49
65 38 35
65 39 39
65 40 28
65 41 65
65 42 64
65 43 41
65 44 42
65 45 52
65 46 33
65 47 18
65 48 51
65 49 55
65 50 50
65 51 35
65 52 19
65 53 16
65 54 69
65 55 41
65 56 19
65 57 90
65 58 58
65 59 94
65 60 49
65 61 37
65 62 36
65 63 45
65 64 98
65 65 46
65 66 100
65 67 57
65 68 91
65 69 40
65 70 90
65 71 71
65 72 49
65 73 32
65 74 81
65 75 45
65 76 37
65 77 64
65 78 53
65 79 68
65 80 47
65 81 57
65 82 98
65 83 63
65 84 10
65 85 60
65 86 38
65 87 26
65 88 31
65 89 29
65 90 29
65 91 29
65 92 29
65 93 63
65 94 37
65 95 34
65 96 44
65 97 42
65 98 14
65 99 49
65 100 15
66 1 43
66 2 12
66 3 27
66 4 63
66 5 47
66 6 45
66 7 55
66 8 54
66 9 33
66 10 59
66 11 34
66 12 51
66 13 20
66 14 44
66 15 40
66 16 31
66 17 54
66 18 24
66 19 13
66 20 13
66 21 63
66 22 22
66 23 32
66 24 49
66 25 24
66 26 38
66 27 53
66 28 44
66 29 39
66 30 31
66 31 55
66 32 37
66 33 36
66 34 49
66 35 48
66 36 63
66 37 41
66 38 41
66 39 45
66 40 30
66 41 37
66 42 25
66 43 46
66 44 47
66 45 53
66 46 29
66 47 40
66 48 63
66 49 53
66 50 17
66 51 35
66 52 39
66 53 48
66 54 53
66 55 1
66 56 35
66 57 70
66 58 34
66 59 14
66 60 89
66 61 56
66 62 93
66 63 44
66 64 30
66 65 31
66 66 51
66 67 97
66 68 39
66 69 96
66 70 57
66 71 88
66 72 47
66 73 93
66 74 67
66 75 45
66 76 40
66 77 80
66 78 45
66 79 30
66 80 69
66 81 59
66 82 66
66 83 48
66 84 51
66 85 98
66 86 63
66 87 14
66 88 66
66 89 39
66 90 33
66 91 33
66 92 25
66 93 25
66 94 25
66 95 25
66 96 83
66 97 41
66 98 45
66 99 103
66 100 23
67 1 47
67 2 109
67 3 55
67 4 20
67 5 73
67 6 41
67 7 81
67 8 78
67 9 28
67 10 115
67 11 114
67 12 90
67 13 14
67 14 91
67 15 76
67 16 66
67 17 91
67 18 52
67 19 31
67 20 70
67 21 57
67 22 53
67 23 73
67 24 13
67 25 42
67 26 37
67 27 64
67 28 84
67 29 80
67 30 66
67 31 104
67 32 91
67 33 91
67 34 115
67 35 50
67 36 96
67 37 66
67 38 57
67 39 83
67 40 101
67 41 58
67 42 96
67 43 86
67 44 84
67 45 59
67 46 29
67 47 104
67 48 112
67 49 89
67 50 36
67 51 3
67 52 46
67 53 44
67 54 69
67 55 71
67 56 37
67 57 35
67 58 59
67 59 65
67 60 28
67 61 86
67 62 67
67 63 74
67 64 62
67 65 82
67 66 82
67 67 88
67 68 73
67 69 17
67 70 87
67 71 95
67 72 108
67 73 57
67 74 100
67 75 25
67 76 46
67 77 92
67 78 72
67 79 34
67 80 70
67 81 48
67 82 83
67 83 23
67 84 8
67 85 75
67 86 49
67 87 93
67 88 82
67 89 53
67 90 52
67 91 2
67 92 46
67 93 34
67 94 43
67 95 66
67 96 66
67 97 66
67 98 66
67 99 86
67 100 75
68 1 72
68 2 23
68 3 79
68 4 54
68 5 9
68 6 46
68 7 82
68 8 30
68 9 67
68 10 87
68 11 51
68 12 80
68 13 22
68 14 14
68 15 13
68 16 99
68 17 12
68 18 58
68 19 48
68 20 52
68 21 76
68 22 72
68 23 83
68 24 58
68 25 48
68 26 31
68 27 104
68 28 63
68 29 67
68 30 65
68 31 17
68 32 56
68 33 83
68 34 10
68 35 22
68 36 10
68 37 15
68 38 63
68 39 9
68 40 64
68 41 81
68 42 87
68 43 15
68 44 62
68 45 26
68 46 19
68 47 49
68 48 48
68 49 86
68 50 12
68 51 29
68 52 22
68 53 72
68 54 103
68 55 90
68 56 56
68 57 46
68 58 50
68 59 79
68 60 92
68 61 42
68 62 64
68 63 94
68 64 102
68 65 43
68 66 47
68 67 28
68 68 54
68 69 49
68 70 62
68 71 43
68 72 33
68 73 59
68 74 67
68 75 75
68 76 23
68 77 66
68 78 40
68 79 43
68 80 58
68 81 38
68 82 43
68 83 41
68 84 13
68 85 55
68 86 22
68 87 29
68 88 40
68 89 15
68 90 60
68 91 57
68 92 21
68 93 38
68 94 33
68 95 15
68 96 29
68 97 17
68 98 38
68 99 38
68 100 38
69 1 38
69 2 7
69 3 46
69 4 43
69 5 64
69 6 82
69 7 63
69 8 85
69 9 74
69 10 81
69 11 59
69 12 51
69 13 9
69 14 107
69 15 90
69 16 78
69 17 90
69 18 83
69 19 74
69 20 83
69 21 111
69 22 41
69 23 31
69 24 34
69 25 63
69 26 17
69 27 39
69 28 71
69 29 58
69 30 79
69 31 54
69 32 82
69 33 108
69 34 70
69 35 25
69 36 21
69 37 76
69 38 93
69 39 73
69 40 90
69 41 93
69 42 73
69 43 108
69 44 29
69 45 8
69 46 70
69 47 100
69 48 99
69 49 83
69 50 33
69 51 85
69 52 57
69 53 93
69 54 68
69 55 59
69 56 89
69 57 88
69 58 42
69 59 66
69 60 95
69 61 100
69 62 97
69 63 53
69 64 61
69 65 27
69 66 60
69 67 76
69 68 24
69 69 88
69 70 65
69 71 95
69 72 73
69 73 71
69 74 61
69 75 14
69 76 100
69 77 79
69 78 113
69 79 62
69 80 104
69 81 5
69 82 72
69 83 90
69 84 66
69 85 4
69 86 82
69 87 48
69 88 67
69 89 45
69 90 25
69 91 78
69 92 51
69 93 83
69 94 97
69 95 62
69 96 31
69 97 31
69 98 43
69 99 16
69 100 35
70 1 53
70 2 53
70 3 53
70 4 53
70 5 87
70 6 51
70 7 50
70 8 67
70 9 30
70 10 23
70 11 64
70 12 14
70 13 33
70 14 38
70 15 40
70 16 87
70 17 28
70 18 27
70 19 74
70 20 68
70 21 42
70 22 58
70 23 43
70 24 28
70 25 48
70 26 73
70 27 59
70 28 35
70 29 77
70 30 47
70 31 15
70 32 39
70 33 61
70 34 35
70 35 16
70 36 21
70 37 42
70 38 66
70 39 75
70 40 62
70 41 40
70 42 48
70 43 69
70 44 9
70 45 54
70 46 22
70 47 68
70 48 88
70 49 61
70 50 13
70 51 44
70 52 37
70 53 65
70 54 7
70 55 53
70 56 55
70 57 76
70 58 53
70 59 19
70 60 55
70 61 67
70 62 22
70 63 17
70 64 19
70 65 24
70 66 63
70 67 27
70 68 60
70 69 60
70 70 60
70 71 67
70 72 48
70 73 57
70 74 89
70 75 61
70 76 57
70 77 48
70 78 23
70 79 94
70 80 65
70 81 104
70 82 54
70 83 95
70 84 18
70 85 74
70 86 79
70 87 55
70 88 12
70 89 76
70 90 40
70 91 53
70 92 48
70 93 32
70 94 69
70 95 43
70 96 70
70 97 93
70 98 57
70 99 17
70 100 39
71 1 34
71 2 8
71 3 26
71 4 40
71 5 40
71 6 40
71 7 40
71 8 40
71 9 59
71 10 55
71 11 35
71 12 88
71 13 62
71 14 57
71 15 67
71 16 88
71 17 45
71 18 59
71 19 42
71 20 94
71 21 94
71 22 47
71 23 62
71 24 62
71 25 91
71 26 61
71 27 100
71 28 35
71 29 9
71 30 51
71 31 70
71 32 44
71 33 42
71 34 66
71 35 43
71 36 96
71 37 59
71 38 82
71 39 100
71 40 49
71 41 20
71 42 47
71 43 48
71 44 73
71 45 49
71 46 61
71 47 89
71 48 47
71 49 100
71 50 51
71 51 40
71 52 42
71 53 93
71 54 78
71 55 64
71 56 16
71 57 77
71 58 73
71 59 68
71 60 36
71 61 36
71 62 90
71 63 102
71 64 64
71 65 65
71 66 84
71 67 89
71 68 98
71 69 73
71 70 53
71 71 36
71 72 79
71 73 93
71 74 43
71 75 62
71 76 70
71 77 52
71 78 98
71 79 119
71 80 98
71 81 77
71 82 56
71 83 121
71 84 89
71 85 63
71 86 84
71 87 87
71 88 18
71 89 93
71 90 86
71 91 94
71 92 51
71 93 68
71 94 111
71 95 45
71 96 66
71 97 71
71 98 66
71 99 107
71 100 47
72 1 53
72 2 97
72 3 62
72 4 73
72 5 85
72 6 77
72 7 95
72 8 95
72 9 95
72 10 95
72 11 77
72 12 34
72 13 36
72 14 90
72 15 10
72 16 33
72 17 95
72 18 41
72 19 6
72 20 59
72 21 30
72 22 76
72 23 66
72 24 17
72 25 102
72 26 100
72 27 76
72 28 20
72 29 77
72 30 64
72 31 55
72 32 80
72 33 45
72 34 19
72 35 64
72 36 47
72 37 39
72 38 59
72 39 22
72 40 30
72 41 23
72 42 53
72 43 70
72 44 70
72 45 61
72 46 90
72 47 77
72 48 77
72 49 101
72 50 37
72 51 82
72 52 55
72 53 52
72 54 77
72 55 88
72 56 46
72 57 82
72 58 71
72 59 73
72 60 46
72 61 25
72 62 90
72 63 99
72 64 75
72 65 24
72 66 17
72 67 44
72 68 30
72 69 56
72 70 58
72 71 27
72 72 34
72 73 46
72 74 56
72 75 28
72 76 21
72 77 55
72 78 30
72 79 43
72 80 49
72 81 26
72 82 52
72 83 33
72 84 70
72 85 39
72 86 51
72 87 39
72 88 16
72 89 30
72 90 75
72 91 64
72 92 21
72 93 16
72 94 75
72 95 26
72 96 26
72 97 44
72 98 56
72 99 67
72 100 6
73 1 24
73 2 33
73 3 42
73 4 24
73 5 55
73 6 71
73 7 31
73 8 59
73 9 39
73 10 36
73 11 36
73 12 36
73 13 36
73 14 81
73 15 77
73 16 73
73 17 12
73 18 86
73 19 60
73 20 10
73 21 54
73 22 88
73 23 34
73 24 70
73 25 82
73 26 64
73 27 88
73 28 10
73 29 15
73 30 26
73 31 103
73 32 25
73 33 71
73 34 47
73 35 45
73 36 75
73 37 76
73 38 79
73 39 58
73 40 55
73 41 34
73 42 108
73 43 66
73 44 75
73 45 77
73 46 23
73 47 51
73 48 80
73 49 4
73 50 35
73 51 16
73 52 15
73 53 74
73 54 11
73 55 76
73 56 80
73 57 81
73 58 6
73 59 73
73 60 39
73 61 31
73 62 42
73 63 58
73 64 88
73 65 24
73 66 16
73 67 19
73 68 81
73 69 109
73 70 89
73 71 62
73 72 58
73 73 62
73 74 88
73 75 94
73 76 47
73 77 61
73 78 97
73 79 106
73 80 73
73 81 77
73 82 54
73 83 49
73 84 54
73 85 89
73 86 72
73 87 21
73 88 81
73 89 95
73 90 104
73 91 53
73 92 95
73 93 31
73 94 39
73 95 89
73 96 69
73 97 39
73 98 65
73 99 45
73 100 83
74 1 17
74 2 10
74 3 71
74 4 46
74 5 91
74 6 76
74 7 48
74 8 54
74 9 5
74 10 45
74 11 36
74 12 42
74 13 66
74 14 66
74 15 66
74 16 66
74 17 85
74 18 52
74 19 51
74 20 59
74 21 37
74 22 24
74 23 54
74 24 10
74 25 41
74 26 31
74 27 42
74 28 86
74 29 25
74 30 36
74 31 65
74 32 58
74 33 33
74 34 64
74 35 34
74 36 27
74 37 44
74 38 67
74 39 60
74 40 39
74 41 76
74 42 46
74 43 13
74 44 32
74 45 68
74 46 37
74 47 24
74 48 25
74 49 33
74 50 62
74 51 74
74 52 53
74 53 32
74 54 39
74 55 60
74 56 18
74 57 45
74 58 25
74 59 68
74 60 86
74 61 53
74 62 19
74 63 35
74 64 28
74 65 60
74 66 2
74 67 57
74 68 46
74 69 68
74 70 45
74 71 28
74 72 63
74 73 69
74 74 23
74 75 12
74 76 17
74 77 33
74 78 66
74 79 23
74 80 57
74 81 65
74 82 66
74 83 66
74 84 50
74 85 6
74 86 7
74 87 61
74 88 18
74 89 30
74 90 33
74 91 75
74 92 51
74 93 82
74 94 34
74 95 74
74 96 35
74 97 66
74 98 58
74 99 34
74 100 32
75 1 58
75 2 21
75 3 39
75 4 42
75 5 37
75 6 48
75 7 24
75 8 52
75 9 75
75 10 39
75 11 15
75 12 43
75 13 14
75 14 16
75 15 6
75 16 22
75 17 22
75 18 22
75 19 22
75 20 67
75 21 25
75 22 29
75 23 90
75 24 21
75 25 35
75 26 97
75 27 46
75 28 18
75 29 60
75 30 26
75 31 66
75 32 75
75 33 30
75 34 102
75 35 103
75 36 80
75 37 10
75 38 81
75 39 74
75 40 52
75 41 75
75 42 36
75 43 17
75 44 54
75 45 42
75 46 44
75 47 60
75 48 15
75 49 28
75 50 32
75 51 64
75 52 72
75 53 64
75 54 51
75 55 92
75 56 83
75 57 79
75 58 104
75 59 48
75 60 84
75 61 66
75 62 42
75 63 67
75 64 88
75 65 56
75 66 88
75 67 76
75 68 69
75 69 53
75 70 13
75 71 94
75 72 98
75 73 75
75 74 35
75 75 18
75 76 32
75 77 33
75 78 64
75 79 67
75 80 40
75 81 22
75 82 47
75 83 49
75 84 15
75 85 13
75 86 46
75 87 22
75 88 49
75 89 55
75 90 61
75 91 41
75 92 77
75 93 39
75 94 58
75 95 58
75 96 69
75 97 18
75 98 60
75 99 44
75 100 51
76 1 50
76 2 29
76 3 45
76 4 40
76 5 5
76 6 46
76 7 31
76 8 37
76 9 34
76 10 7
76 11 51
76 12 57
76 13 20
76 14 33
76 15 42
76 16 6
76 17 29
76 18 13
76 19 30
76 20 30
76 21 30
76 22 30
76 23 47
76 24 61
76 25 57
76 26 26
76 27 86
76 28 60
76 29 48
76 30 63
76 31 87
76 32 40
76 33 59
76 34 49
76 35 88
76 36 92
76 37 39
76 38 54
76 39 55
76 40 92
76 41 54
76 42 94
76 43 34
76 44 11
76 45 54
76 46 70
76 47 49
76 48 43
76 49 62
76 50 38
76 51 98
76 52 59
76 53 80
76 54 95
76 55 43
76 56 22
76 57 52
76 58 40
76 59 66
76 60 42
76 61 52
76 62 86
76 63 39
76 64 95
76 65 55
76 66 47
76 67 34
76 68 89
76 69 71
76 70 57
76 71 16
76 72 72
76 73 75
76 74 60
76 75 28
76 76 29
76 77 88
76 78 102
76 79 68
76 80 63
76 81 79
76 82 83
76 83 96
76 84 76
76 85 50
76 86 38
76 87 81
76 88 95
76 89 48
76 90 63
76 91 65
76 92 63
76 93 26
76 94 81
76 95 8
76 96 75
76 97 63
76 98 28
76 99 57
76 100 31
77 1 49
77 2 68
77 3 80
77 4 28
77 5 9
77 6 64
77 7 50
77 8 29
77 9 19
77 10 63
77 11 67
77 12 30
77 13 29
77 14 19
77 15 67
77 16 40
77 17 38
77 18 73
77 19 28
77 20 49
77 21 32
77 22 14
77 23 14
77 24 14
77 25 14
77 26 35
77 27 49
77 28 45
77 29 35
77 30 77
77 31 52
77 32 56
77 33 58
77 34 77
77 35 37
77 36 48
77 37 37
77 38 87
77 39 83
77 40 49
77 41 61
77 42 57
77 43 80
77 44 57
77 45 92
77 46 25
77 47 2
77 48 41
77 49 59
77 50 36
77 51 31
77 52 56
77 53 35
77 54 85
77 55 48
77 56 72
77 57 91
77 58 44
77 59 9
77 60 39
77 61 47
77 62 68
77 63 45
77 64 61
77 65 80
77 66 44
77 67 91
77 68 41
77 69 36
77 70 41
77 71 84
77 72 74
77 73 58
77 74 7
77 75 68
77 76 63
77 77 65
77 78 39
77 79 32
77 80 80
77 81 91
77 82 55
77 83 55
77 84 76
77 85 81
77 86 88
77 87 63
77 88 44
77 89 25
77 90 69
77 91 83
77 92 34
77 93 51
77 94 61
77 95 59
77 96 13
77 97 75
77 98 6
77 99 68
77 100 67
78 1 104
78 2 93
78 3 51
78 4 85
78 5 57
78 6 12
78 7 86
78 8 72
78 9 65
78 10 51
78 11 49
78 12 93
78 13 18
78 14 37
78 15 65
78 16 49
78 17 95
78 18 57
78 19 42
78 20 73
78 21 32
78 22 53
78 23 58
78 24 55
78 25 76
78 26 76
78 27 76
78 28 76
78 29 39
78 30 51
78 31 47
78 32 31
78 33 78
78 34 52
78 35 52
78 36 57
78 37 79
78 38 35
78 39 50
78 40 41
78 41 85
78 42 84
78 43 44
78 44 57
78 45 54
78 46 83
78 47 53
78 48 90
78 49 25
78 50 3
78 51 44
78 52 61
78 53 41
78 54 33
78 55 56
78 56 34
78 57 88
78 58 50
78 59 73
78 60 90
78 61 41
78 62 13
78 63 43
78 64 43
78 65 65
78 66 42
78 67 56
78 68 79
78 69 41
78 70 90
78 71 45
78 72 40
78 73 36
78 74 83
78 75 70
78 76 56
78 77 7
78 78 67
78 79 65
78 80 61
78 81 34
78 82 28
78 83 80
78 84 93
78 85 58
78 86 56
78 87 74
78 88 79
78 89 89
78 90 66
78 91 43
78 92 28
78 93 72
78 94 85
78 95 38
78 96 54
78 97 60
78 98 58
78 99 16
78 100 75
79 1 2
79 2 68
79 3 67
79 4 13
79 5 115
79 6 63
79 7 106
79 8 10
79 9 62
79 10 96
79 11 73
79 12 19
79 13 80
79 14 51
79 15 78
79 16 37
79 17 15
79 18 81
79 19 54
79 20 92
79 21 94
79 22 61
79 23 44
79 24 18
79 25 48
79 26 26
79 27 41
79 28 63
79 29 63
79 30 63
79 31 63
79 32 40
79 33 33
79 34 29
79 35 38
79 36 58
79 37 32
79 38 54
79 39 39
79 40 58
79 41 23
79 42 30
79 43 41
79 44 71
79 45 64
79 46 52
79 47 60
79 48 48
79 49 64
79 50 47
79 51 75
79 52 5
79 53 21
79 54 29
79 55 41
79 56 35
79 57 14
79 58 37
79 59 21
79 60 69
79 61 29
79 62 53
79 63 73
79 64 34
79 65 14
79 66 35
79 67 46
79 68 57
79 69 38
79 70 60
79 71 61
79 72 40
79 73 74
79 74 34
79 75 41
79 76 40
79 77 66
79 78 63
79 79 47
79 80 14
79 81 50
79 82 47
79 83 58
79 84 45
79 85 27
79 86 61
79 87 73
79 88 44
79 89 36
79 90 59
79 91 64
79 92 69
79 93 50
79 94 26
79 95 15
79 96 54
79 97 66
79 98 27
79 99 35
79 100 43
80 1 42
80 2 13
80 3 56
80 4 22
80 5 49
80 6 47
80 7 32
80 8 21
80 9 7
80 10 50
80 11 55
80 12 47
80 13 43
80 14 26
80 15 57
80 16 28
80 17 9
80 18 49
80 19 34
80 20 45
80 21 24
80 22 6
80 23 49
80 24 46
80 25 10
80 26 44
80 27 49
80 28 15
80 29 41
80 30 24
80 31 35
80 32 35
80 33 35
80 34 35
80 35 83
80 36 72
80 37 68
80 38 22
80 39 77
80 40 51
80 41 11
80 42 44
80 43 79
80 44 27
80 45 64
80 46 84
80 47 51
80 48 78
80 49 22
80 50 17
80 51 13
80 52 96
80 53 11
80 54 58
80 55 44
80 56 50
80 57 72
80 58 69
80 59 79
80 60 54
80 61 45
80 62 28
80 63 101
80 64 59
80 65 65
80 66 64
80 67 14
80 68 53
80 69 80
80 70 10
80 71 23
80 72 7
80 73 18
80 74 62
80 75 6
80 76 63
80 77 78
80 78 84
80 79 13
80 80 60
80 81 27
80 82 18
80 83 45
80 84 46
80 85 83
80 86 15
80 87 28
80 88 19
80 89 70
80 90 100
80 91 86
80 92 54
80 93 45
80 94 49
80 95 77
80 96 89
80 97 39
80 98 60
80 99 91
80 100 99
81 1 72
81 2 72
81 3 43
81 4 37
81 5 55
81 6 61
81 7 46
81 8 59
81 9 65
81 10 45
81 11 62
81 12 39
81 13 75
81 14 37
81 15 71
81 16 58
81 17 34
81 18 33
81 19 61
81 20 25
81 21 35
81 22 47
81 23 41
81 24 50
81 25 28
81 26 50
81 27 79
81 28 43
81 29 11
81 30 48
81 31 18
81 32 18
81 33 11
81 34 19
81 35 19
81 36 19
81 37 19
81 38 94
81 39 89
81 40 85
81 41 25
81 42 95
81 43 69
81 44 7
81 45 62
81 46 97
81 47 44
81 48 81
81 49 96
81 50 64
81 51 96
81 52 14
81 53 4
81 54 28
81 55 114
81 56 27
81 57 71
81 58 60
81 59 58
81 60 88
81 61 86
81 62 93
81 63 70
81 64 63
81 65 45
81 66 119
81 67 77
81 68 83
81 69 79
81 70 32
81 71 64
81 72 94
81 73 13
81 74 34
81 75 25
81 76 2
81 77 79
81 78 20
81 79 78
81 80 93
81 81 95
81 82 19
81 83 76
81 84 36
81 85 34
81 86 56
81 87 63
81 88 100
81 89 19
81 90 25
81 91 32
81 92 88
81 93 118
81 94 102
81 95 72
81 96 61
81 97 64
81 98 94
81 99 106
81 100 56
82 1 74
82 2 108
82 3 117
82 4 86
82 5 89
82 6 61
82 7 55
82 8 67
82 9 78
82 10 54
82 11 77
82 12 83
82 13 49
82 14 78
82 15 55
82 16 14
82 17 56
82 18 13
82 19 85
82 20 70
82 21 63
82 22 50
82 23 48
82 24 91
82 25 16
82 26 35
82 27 64
82 28 47
82 29 93
82 30 57
82 31 40
82 32 71
82 33 31
82 34 51
82 35 56
82 36 53
82 37 74
82 38 74
82 39 74
82 40 74
82 41 78
82 42 36
82 43 39
82 44 97
82 45 19
82 46 41
82 47 103
82 48 50
82 49 15
82 50 67
82 51 35
82 52 77
82 53 75
82 54 25
82 55 109
82 56 108
82 57 85
82 58 13
82 59 86
82 60 72
82 61 60
82 62 85
82 63 47
82 64 25
82 65 65
82 66 52
82 67 48
82 68 67
82 69 14
82 70 36
82 71 32
82 72 61
82 73 78
82 74 74
82 75 61
82 76 98
82 77 86
82 78 85
82 79 109
82 80 46
82 81 90
82 82 63
82 83 53
82 84 78
82 85 95
82 86 55
82 87 91
82 88 80
82 89 78
82 90 55
82 91 24
82 92 98
82 93 106
82 94 83
82 95 33
82 96 9
82 97 42
82 98 38
82 99 65
82 100 67
83 1 35
83 2 31
83 3 54
83 4 59
83 5 24
83 6 14
83 7 57
83 8 33
83 9 52
83 10 58
83 11 71
83 12 41
83 13 87
83 14 37
83 15 27
83 16 97
83 17 47
83 18 64
83 19 110
83 20 92
83 21 53
83 22 32
83 23 23
83 24 71
83 25 19
83 26 21
83 27 51
83 28 46
83 29 59
83 30 11
83 31 18
83 32 44
83 33 36
83 34 13
83 35 55
83 36 63
83 37 27
83 38 55
83 39 36
83 40 40
83 41 40
83 42 40
83 43 40
83 44 50
83 45 39
83 46 34
83 47 32
83 48 57
83 49 29
83 50 45
83 51 33
83 52 58
83 53 13
83 54 33
83 55 51
83 56 63
83 57 61
83 58 46
83 59 51
83 60 38
83 61 67
83 62 38
83 63 67
83 64 9
83 65 26
83 66 37
83 67 42
83 68 44
83 69 19
83 70 32
83 71 11
83 72 72
83 73 30
83 74 49
83 75 66
83 76 24
83 77 22
83 78 44
83 79 38
83 80 47
83 81 29
83 82 51
83 83 55
83 84 31
83 85 66
83 86 42
83 87 51
83 88 32
83 89 59
83 90 53
83 91 37
83 92 18
83 93 43
83 94 51
83 95 49
83 96 40
83 97 19
83 98 57
83 99 75
83 100 51
84 1 33
84 2 51
84 3 56
84 4 65
84 5 56
84 6 19
84 7 25
84 8 59
84 9 70
84 10 36
84 11 39
84 12 36
84 13 35
84 14 22
84 15 51
84 16 26
84 17 45
84 18 45
84 19 33
84 20 27
84 21 44
84 22 47
84 23 33
84 24 52
84 25 71
84 26 68
84 27 93
84 28 29
84 29 55
84 30 95
84 31 46
84 32 69
84 33 51
84 34 53
84 35 88
84 36 23
84 37 38
84 38 89
84 39 67
84 40 62
84 41 80
84 42 68
84 43 82
84 44 82
84 45 82
84 46 82
84 47 79
84 48 38
84 49 41
84 50 102
84 51 24
84 52 46
84 53 108
84 54 55
84 55 21
84 56 71
84 57 38
84 58 77
84 59 80
84 60 30
84 61 114
84 62 113
84 63 90
84 64 10
84 65 91
84 66 78
84 67 64
84 68 88
84 69 48
84 70 29
84 71 66
84 72 55
84 73 53
84 74 71
84 75 9
84 76 40
84 77 37
84 78 66
84 79 83
84 80 77
84 81 62
84 82 103
84 83 92
84 84 90
84 85 114
84 86 51
84 87 95
84 88 68
84 89 54
84 90 79
84 91 100
84 92 60
84 93 96
84 94 85
84 95 82
84 96 60
84 97 25
84 98 104
84 99 110
84 100 87
85 1 38
85 2 6
85 3 42
85 4 43
85 5 70
85 6 72
85 7 39
85 8 31
85 9 58
85 10 62
85 11 23
85 12 10
85 13 58
85 14 35
85 15 57
85 16 63
85 17 74
85 18 46
85 19 90
85 20 42
85 21 33
85 22 100
85 23 49
85 24 69
85 25 115
85 26 97
85 27 116
85 28 55
85 29 36
85 30 86
85 31 9
85 32 37
85 33 64
85 34 55
85 35 72
85 36 15
85 37 34
85 38 52
85 39 22
85 40 23
85 41 71
85 42 74
85 43 44
85 44 70
85 45 52
85 46 55
85 47 55
85 48 55
85 49 55
85 50 47
85 51 7
85 52 11
85 53 77
85 54 36
85 55 33
85 56 89
85 57 46
85 58 34
85 59 51
85 60 15
85 61 46
85 62 80
85 63 45
85 64 91
85 65 95
85 66 76
85 67 25
85 68 76
85 69 81
85 70 37
85 71 58
85 72 16
85 73 19
85 74 34
85 75 27
85 76 44
85 77 51
85 78 30
85 79 20
85 80 42
85 81 73
85 82 65
85 83 46
85 84 30
85 85 82
85 86 81
85 87 71
85 88 95
85 89 57
85 90 75
85 91 74
85 92 22
85 93 47
85 94 78
85 95 65
85 96 86
85 97 72
85 98 52
85 99 57
85 100 8
86 1 89
86 2 85
86 3 64
86 4 47
86 5 38
86 6 14
86 7 33
86 8 68
86 9 72
86 10 54
86 11 11
86 12 42
86 13 30
86 14 14
86 15 28
86 16 26
86 17 7
86 18 50
86 19 55
86 20 43
86 21 50
86 22 60
86 23 42
86 24 33
86 25 71
86 26 19
86 27 64
86 28 92
86 29 77
86 30 97
86 31 50
86 32 80
86 33 49
86 34 35
86 35 9
86 36 53
86 37 26
86 38 36
86 39 34
86 40 9
86 41 56
86 42 51
86 43 15
86 44 40
86 45 40
86 46 13
86 47 34
86 48 19
86 49 37
86 50 37
86 51 37
86 52 37
86 53 107
86 54 70
86 55 69
86 56 79
86 57 43
86 58 43
86 59 70
86 60 32
86 61 47
86 62 53
86 63 60
86 64 107
86 65 16
86 66 37
86 67 84
86 68 73
86 69 49
86 70 73
86 71 50
86 72 11
86 73 66
86 74 90
86 75 79
86 76 53
86 77 96
86 78 67
86 79 34
86 80 55
86 81 75
86 82 55
86 83 32
86 84 3
86 85 53
86 86 85
86 87 95
86 88 71
86 89 42
86 90 58
86 91 75
86 92 16
86 93 64
86 94 2
86 95 87
86 96 107
86 97 72
86 98 7
86 99 43
86 100 43
87 1 82
87 2 21
87 3 71
87 4 58
87 5 87
87 6 66
87 7 29
87 8 67
87 9 86
87 10 41
87 11 16
87 12 12
87 13 29
87 14 81
87 15 45
87 16 79
87 17 77
87 18 75
87 19 86
87 20 67
87 21 29
87 22 30
87 23 84
87 24 23
87 25 89
87 26 30
87 27 40
87 28 94
87 29 70
87 30 23
87 31 84
87 32 64
87 33 78
87 34 26
87 35 9
87 36 42
87 37 59
87 38 32
87 39 11
87 40 66
87 41 66
87 42 40
87 43 33
87 44 23
87 45 76
87 46 47
87 47 32
87 48 72
87 49 29
87 50 45
87 51 31
87 52 8
87 53 8
87 54 8
87 55 8
87 56 80
87 57 79
87 58 75
87 59 10
87 60 91
87 61 64
87 62 15
87 63 59
87 64 93
87 65 38
87 66 73
87 67 82
87 68 70
87 69 93
87 70 5
87 71 19
87 72 32
87 73 107
87 74 31
87 75 77
87 76 49
87 77 43
87 78 77
87 79 80
87 80 79
87 81 60
87 82 60
87 83 37
87 84 112
87 85 70
87 86 80
87 87 83
87 88 28
87 89 51
87 90 81
87 91 10
87 92 41
87 93 22
87 94 17
87 95 79
87 96 16
87 97 82
87 98 81
87 99 81
87 100 9
88 1 79
88 2 45
88 3 37
88 4 42
88 5 63
88 6 91
88 7 29
88 8 10
88 9 22
88 10 87
88 11 113
88 12 91
88 13 67
88 14 64
88 15 68
88 16 94
88 17 96
88 18 51
88 19 62
88 20 100
88 21 109
88 22 74
88 23 80
88 24 59
88 25 54
88 26 54
88 27 78
88 28 40
88 29 74
88 30 79
88 31 34
88 32 68
88 33 57
88 34 6
88 35 15
88 36 16
88 37 63
88 38 79
88 39 40
88 40 74
88 41 26
88 42 65
88 43 35
88 44 53
88 45 26
88 46 24
88 47 60
88 48 29
88 49 8
88 50 61
88 51 54
88 52 33
88 53 56
88 54 41
88 55 52
88 56 52
88 57 52
88 58 52
88 59 49
88 60 53
88 61 49
88 62 21
88 63 75
88 64 48
88 65 42
88 66 51
88 67 76
88 68 27
88 69 50
88 70 50
88 71 76
88 72 80
88 73 36
88 74 47
88 75 44
88 76 84
88 77 43
88 78 82
88 79 24
88 80 13
88 81 48
88 82 60
88 83 48
88 84 34
88 85 50
88 86 26
88 87 89
88 88 48
88 89 68
88 90 83
88 91 31
88 92 19
88 93 50
88 94 33
88 95 55
88 96 32
88 97 47
88 98 73
88 99 30
88 100 83
89 1 51
89 2 49
89 3 27
89 4 76
89 5 60
89 6 46
89 7 11
89 8 60
89 9 67
89 10 51
89 11 27
89 12 18
89 13 76
89 14 93
89 15 62
89 16 52
89 17 66
89 18 71
89 19 84
89 20 69
89 21 38
89 22 33
89 23 74
89 24 86
89 25 44
89 26 55
89 27 53
89 28 51
89 29 22
89 30 69
89 31 10
89 32 63
89 33 64
89 34 14
89 35 41
89 36 59
89 37 37
89 38 32
89 39 46
89 40 57
89 41 83
89 42 51
89 43 83
89 44 63
89 45 76
89 46 6
89 47 17
89 48 60
89 49 37
89 50 83
89 51 65
89 52 37
89 53 52
89 54 16
89 55 37
89 56 36
89 57 36
89 58 59
89 59 59
89 60 59
89 61 59
89 62 85
89 63 84
89 64 80
89 65 15
89 66 94
89 67 67
89 68 13
89 69 62
89 70 96
89 71 41
89 72 77
89 73 86
89 74 70
89 75 96
89 76 3
89 77 15
89 78 32
89 79 111
89 80 31
89 81 77
89 82 54
89 83 48
89 84 82
89 85 84
89 86 84
89 87 64
89 88 63
89 89 41
89 90 116
89 91 74
89 92 83
89 93 84
89 94 31
89 95 56
89 96 86
89 97 11
89 98 41
89 99 24
89 100 13
90 1 81
90 2 18
90 3 83
90 4 86
90 5 86
90 6 13
90 7 80
90 8 44
90 9 38
90 10 47
90 11 65
90 12 96
90 13 28
90 14 14
90 15 26
90 16 89
90 17 117
90 18 96
90 19 70
90 20 65
90 21 69
90 22 96
90 23 101
90 24 54
90 25 67
90 26 104
90 27 114
90 28 79
90 29 84
90 30 62
90 31 57
90 32 59
90 33 80
90 34 44
90 35 77
90 36 83
90 37 38
90 38 72
90 39 59
90 40 4
90 41 17
90 42 11
90 43 66
90 44 79
90 45 40
90 46 74
90 47 52
90 48 31
90 49 63
90 50 68
90 51 25
90 52 28
90 53 19
90 54 62
90 55 37
90 56 43
90 57 74
90 58 29
90 59 52
90 60 34
90 61 20
90 62 20
90 63 20
90 64 20
90 65 38
90 66 11
90 67 14
90 68 77
90 69 46
90 70 40
90 71 91
90 72 54
90 73 44
90 74 54
90 75 22
90 76 36
90 77 88
90 78 55
90 79 92
90 80 97
90 81 80
90 82 32
90 83 80
90 84 90
90 85 38
90 86 54
90 87 10
90 88 29
90 89 25
90 90 27
90 91 51
90 92 54
90 93 37
90 94 27
90 95 51
90 96 82
90 97 68
90 98 42
90 99 21
90 100 84
91 1 86
91 2 74
91 3 97
91 4 66
91 5 77
91 6 84
91 7 13
91 8 38
91 9 79
91 10 74
91 11 92
91 12 77
91 13 49
91 14 64
91 15 16
91 16 93
91 17 85
91 18 65
91 19 57
91 20 47
91 21 5
91 22 41
91 23 76
91 24 80
91 25 64
91 26 12
91 27 47
91 28 26
91 29 19
91 30 35
91 31 19
91 32 14
91 33 58
91 34 62
91 35 39
91 36 59
91 37 57
91 38 51
91 39 42
91 40 68
91 41 19
91 42 71
91 43 93
91 44 79
91 45 99
91 46 58
91 47 89
91 48 82
91 49 98
91 50 87
91 51 77
91 52 36
91 53 66
91 54 22
91 55 33
91 56 60
91 57 18
91 58 19
91 59 71
91 60 67
91 61 43
91 62 68
91 63 51
91 64 58
91 65 58
91 66 58
91 67 58
91 68 40
91 69 13
91 70 9
91 71 57
91 72 42
91 73 24
91 74 70
91 75 36
91 76 42
91 77 33
91 78 12
91 79 40
91 80 72
91 81 50
91 82 71
91 83 76
91 84 59
91 85 44
91 86 59
91 87 74
91 88 17
91 89 39
91 90 14
91 91 23
91 92 29
91 93 7
91 94 34
91 95 32
91 96 49
91 97 14
91 98 41
91 99 69
91 100 47
92 1 28
92 2 27
92 3 63
92 4 66
92 5 53
92 6 76
92 7 54
92 8 56
92 9 70
92 10 21
92 11 41
92 12 58
92 13 61
92 14 72
92 15 56
92 16 33
92 17 48
92 18 27
92 19 71
92 20 65
92 21 45
92 22 49
92 23 54
92 24 27
92 25 26
92 26 59
92 27 63
92 28 57
92 29 30
92 30 27
92 31 14
92 32 34
92 33 46
92 34 19
92 35 15
92 36 40
92 37 43
92 38 25
92 39 47
92 40 41
92 41 39
92 42 34
92 43 52
92 44 3
92 45 53
92 46 72
92 47 58
92 48 77
92 49 42
92 50 74
92 51 61
92 52 81
92 53 68
92 54 55
92 55 45
92 56 36
92 57 73
92 58 46
92 59 79
92 60 93
92 61 57
92 62 28
92 63 29
92 64 38
92 65 12
92 66 30
92 67 49
92 68 49
92 69 49
92 70 49
92 71 68
92 72 72
92 73 67
92 74 5
92 75 88
92 76 61
92 77 26
92 78 59
92 79 90
92 80 35
92 81 66
92 82 70
92 83 76
92 84 92
92 85 16
92 86 31
92 87 38
92 88 101
92 89 37
92 90 82
92 91 41
92 92 31
92 93 68
92 94 75
92 95 68
92 96 52
92 97 59
92 98 34
92 99 106
92 100 64
93 1 79
93 2 86
93 3 30
93 4 39
93 5 70
93 6 19
93 7 49
93 8 26
93 9 30
93 10 80
93 11 21
93 12 85
93 13 71
93 14 69
93 15 13
93 16 81
93 17 53
93 18 42
93 19 31
93 20 65
93 21 85
93 22 40
93 23 7
93 24 18
93 25 86
93 26 108
93 27 82
93 28 64
93 29 68
93 30 72
93 31 93
93 32 88
93 33 48
93 34 52
93 35 92
93 36 103
93 37 64
93 38 73
93 39 60
93 40 56
93 41 43
93 42 78
93 43 27
93 44 73
93 45 77
93 46 21
93 47 60
93 48 61
93 49 17
93 50 22
93 51 29
93 52 64
93 53 84
93 54 46
93 55 81
93 56 59
93 57 35
93 58 101
93 59 53
93 60 50
93 61 37
93 62 83
93 63 68
93 64 39
93 65 49
93 66 12
93 67 36
93 68 33
93 69 35
93 70 58
93 71 58
93 72 58
93 73 58
93 74 64
93 75 43
93 76 40
93 77 36
93 78 50
93 79 23
93 80 40
93 81 20
93 82 52
93 83 4
93 84 35
93 85 65
93 86 47
93 87 53
93 88 46
93 89 46
93 90 26
93 91 67
93 92 27
93 93 52
93 94 21
93 95 41
93 96 46
93 97 40
93 98 57
93 99 28
93 100 20
94 1 5
94 2 72
94 3 30
94 4 40
94 5 52
94 6 15
94 7 37
94 8 57
94 9 35
94 10 34
94 11 22
94 12 47
94 13 42
94 14 27
94 15 52
94 16 53
94 17 65
94 18 32
94 19 45
94 20 40
94 21 24
94 22 34
94 23 29
94 24 53
94 25 39
94 26 45
94 27 21
94 28 47
94 29 72
94 30 59
94 31 26
94 32 36
94 33 41
94 34 54
94 35 60
94 36 10
94 37 37
94 38 62
94 39 70
94 40 48
94 41 43
94 42 22
94 43 19
94 44 37
94 45 39
94 46 40
94 47 34
94 48 38
94 49 45
94 50 35
94 51 28
94 52 47
94 53 29
94 54 49
94 55 26
94 56 53
94 57 29
94 58 55
94 59 38
94 60 23
94 61 67
94 62 54
94 63 36
94 64 54
94 65 9
94 66 66
94 67 46
94 68 51
94 69 84
94 70 39
94 71 61
94 72 44
94 73 26
94 74 26
94 75 26
94 76 26
94 77 35
94 78 44
94 79 40
94 80 36
94 81 72
94 82 47
94 83 55
94 84 53
94 85 72
94 86 33
94 87 43
94 88 36
94 89 83
94 90 78
94 91 50
94 92 61
94 93 55
94 94 75
94 95 54
94 96 88
94 97 20
94 98 7
94 99 37
94 100 54
95 1 34
95 2 26
95 3 51
95 4 32
95 5 81
95 6 43
95 7 67
95 8 87
95 9 41
95 10 5
95 11 36
95 12 47
95 13 65
95 14 43
95 15 60
95 16 75
95 17 43
95 18 87
95 19 38
95 20 35
95 21 40
95 22 80
95 23 71
95 24 56
95 25 4
95 26 64
95 27 58
95 28 63
95 29 40
95 30 30
95 31 75
95 32 86
95 33 51
95 34 50
95 35 72
95 36 77
95 37 83
95 38 59
95 39 39
95 40 21
95 41 64
95 42 78
95 43 31
95 44 46
95 45 56
95 46 55
95 47 9
95 48 70
95 49 10
95 50 63
95 51 62
95 52 20
95 53 32
95 54 64
95 55 51
95 56 45
95 57 60
95 58 59
95 59 89
95 60 61
95 61 91
95 62 72
95 63 51
95 64 77
95 65 20
95 66 67
95 67 18
95 68 31
95 69 56
95 70 21
95 71 39
95 72 33
95 73 16
95 74 30
95 75 18
95 76 39
95 77 39
95 78 39
95 79 39
95 80 32
95 81 29
95 82 25
95 83 45
95 84 59
95 85 36
95 86 62
95 87 45
95 88 59
95 89 31
95 90 29
95 91 32
95 92 78
95 93 65
95 94 60
95 95 68
95 96 56
95 97 61
95 98 56
95 99 82
95 100 12
96 1 22
96 2 23
96 3 40
96 4 26
96 5 12
96 6 43
96 7 29
96 8 66
96 9 30
96 10 56
96 11 79
96 12 43
96 13 11
96 14 26
96 15 54
96 16 65
96 17 47
96 18 68
96 19 66
96 20 49
96 21 79
96 22 26
96 23 33
96 24 48
96 25 71
96 26 71
96 27 55
96 28 16
96 29 56
96 30 43
96 31 67
96 32 52
96 33 36
96 34 64
96 35 72
96 36 37
96 37 39
96 38 66
96 39 71
96 40 72
96 41 44
96 42 32
96 43 7
96 44 50
96 45 63
96 46 19
96 47 32
96 48 49
96 49 49
96 50 8
96 51 60
96 52 24
96 53 52
96 54 49
96 55 35
96 56 17
96 57 59
96 58 61
96 59 50
96 60 68
96 61 51
96 62 82
96 63 61
96 64 87
96 65 70
96 66 52
96 67 62
96 68 22
96 69 67
96 70 25
96 71 42
96 72 64
96 73 54
96 74 32
96 75 77
96 76 35
96 77 47
96 78 35
96 79 12
96 80 12
96 81 12
96 82 12
96 83 69
96 84 56
96 85 52
96 86 23
96 87 64
96 88 37
96 89 27
96 90 32
96 91 66
96 92 11
96 93 48
96 94 70
96 95 50
96 96 66
96 97 32
96 98 32
96 99 18
96 100 81
97 1 18
97 2 56
97 3 29
97 4 39
97 5 56
97 6 54
97 7 65
97 8 38
97 9 33
97 10 12
97 11 86
97 12 44
97 13 53
97 14 59
97 15 5
97 16 40
97 17 65
97 18 21
97 19 28
97 20 9
97 21 33
97 22 53
97 23 13
97 24 59
97 25 62
97 26 70
97 27 18
97 28 54
97 29 34
97 30 19
97 31 33
97 32 38
97 33 67
97 34 29
97 35 32
97 36 10
97 37 59
97 38 86
97 39 70
97 40 39
97 41 41
97 42 46
97 43 67
97 44 73
97 45 24
97 46 45
97 47 75
97 48 84
97 49 57
97 50 56
97 51 33
97 52 28
97 53 41
97 54 51
97 55 37
97 56 47
97 57 52
97 58 39
97 59 46
97 60 34
97 61 33
97 62 15
97 63 35
97 64 36
97 65 58
97 66 24
97 67 57
97 68 36
97 69 14
97 70 81
97 71 57
97 72 30
97 73 55
97 74 27
97 75 33
97 76 36
97 77 26
97 78 26
97 79 30
97 80 7
97 81 22
97 82 43
97 83 43
97 84 43
97 85 43
97 86 31
97 87 14
97 88 14
97 89 73
97 90 51
97 91 41
97 92 88
97 93 54
97 94 49
97 95 52
97 96 23
97 97 30
97 98 89
97 99 59
97 100 87
98 1 94
98 2 78
98 3 39
98 4 78
98 5 91
98 6 34
98 7 48
98 8 6
98 9 32
98 10 18
98 11 24
98 12 51
98 13 51
98 14 44
98 15 28
98 16 54
98 17 84
98 18 65
98 19 36
98 20 15
98 21 80
98 22 85
98 23 71
98 24 94
98 25 68
98 26 74
98 27 86
98 28 6
98 29 31
98 30 75
98 31 76
98 32 91
98 33 75
98 34 44
98 35 65
98 36 23
98 37 90
98 38 80
98 39 61
98 40 61
98 41 53
98 42 9
98 43 42
98 44 77
98 45 81
98 46 68
98 47 19
98 48 46
98 49 21
98 50 26
98 51 41
98 52 12
98 53 17
98 54 58
98 55 61
98 56 32
98 57 62
98 58 51
98 59 54
98 60 45
98 61 62
98 62 16
98 63 72
98 64 88
98 65 76
98 66 95
98 67 59
98 68 91
98 69 80
98 70 99
98 71 86
98 72 74
98 73 42
98 74 35
98 75 87
98 76 41
98 77 70
98 78 91
98 79 42
98 80 61
98 81 46
98 82 20
98 83 15
98 84 12
98 85 22
98 86 22
98 87 22
98 88 22
98 89 90
98 90 50
98 91 50
98 92 78
98 93 21
98 94 27
98 95 76
98 96 23
98 97 25
98 98 47
98 99 41
98 100 90
99 1 35
99 2 16
99 3 86
99 4 80
99 5 54
99 6 51
99 7 55
99 8 33
99 9 54
99 10 80
99 11 60
99 12 32
99 13 79
99 14 52
99 15 23
99 16 48
99 17 53
99 18 37
99 19 10
99 20 23
99 21 53
99 22 73
99 23 77
99 24 73
99 25 52
99 26 60
99 27 81
99 28 6
99 29 66
99 30 24
99 31 69
99 32 91
99 33 73
99 34 15
99 35 55
99 36 49
99 37 73
99 38 19
99 39 49
99 40 67
99 41 87
99 42 63
99 43 7
99 44 46
99 45 66
99 46 24
99 47 27
99 48 28
99 49 12
99 50 59
99 51 35
99 52 64
99 53 55
99 54 52
99 55 69
99 56 47
99 57 22
99 58 27
99 59 71
99 60 4
99 61 80
99 62 11
99 63 19
99 64 87
99 65 53
99 66 28
99 67 87
99 68 67
99 69 84
99 70 18
99 71 31
99 72 50
99 73 44
99 74 45
99 75 54
99 76 47
99 77 85
99 78 54
99 79 88
99 80 81
99 81 85
99 82 27
99 83 7
99 84 40
99 85 21
99 86 48
99 87 30
99 88 33
99 89 33
99 90 33
99 91 33
99 92 106
99 93 75
99 94 73
99 95 67
99 96 56
99 97 46
99 98 55
99 99 33
99 100 59
100 1 47
100 2 64
100 3 107
100 4 4
100 5 51
100 6 69
100 7 57
100 8 34
100 9 84
100 10 36
100 11 11
100 12 63
100 13 84
100 14 82
100 15 61
100 16 98
100 17 67
100 18 36
100 19 48
100 20 87
100 21 59
100 22 42
100 23 20
100 24 42
100 25 81
100 26 96
100 27 57
100 28 26
100 29 46
100 30 59
100 31 29
100 32 51
100 33 18
100 34 90
100 35 107
100 36 59
100 37 22
100 38 26
100 39 30
100 40 77
100 41 22
100 42 79
100 43 42
100 44 75
100 45 56
100 46 43
100 47 81
100 48 92
100 49 46
100 50 10
100 51 8
100 52 45
100 53 88
100 54 43
100 55 79
100 56 86
100 57 86
100 58 88
100 59 72
100 60 29
100 61 26
100 62 81
100 63 34
100 64 82
100 65 38
100 66 49
100 67 85
100 68 72
100 69 16
100 70 70
100 71 51
100 72 62
100 73 28
100 74 13
100 75 27
100 76 12
100 77 16
100 78 37
100 79 82
100 80 97
100 81 27
100 82 97
100 83 72
100 84 66
100 85 45
100 86 42
100 87 75
100 88 90
100 89 29
100 90 25
100 91 47
100 92 47
100 93 47
100 94 47
100 95 82
100 96 78
100 97 74
100 98 12
100 99 88
100 100 61