100 5
58
22
39
93
85
30
73
50
68
16
66
18
60
73
49
24
23
56
88
24
8
83
9
59
67
54
76
66
45
58
2
56
89
59
48
95
98
46
72
98
46
92
58
9
76
78
5
76
50
33
12
62
7
19
44
28
26
69
74
55
61
26
11
16
44
70
32
33
9
9
59
13
89
65
58
14
21
95
17
93
2
15
74
88
56
79
32
82
36
47
26
15
33
95
36
38
91
7
46
68
0 1 39
0 2 35
0 3 31
0 4 40
0 5 43
0 6 57
0 7 55
0 8 45
0 9 43
0 10 48
0 11 36
0 12 7
0 13 83
0 14 40
0 15 38
0 16 47
0 17 39
0 18 31
0 19 5
0 20 71
0 21 85
0 22 53
0 23 42
0 24 31
0 25 49
0 26 77
0 27 82
0 28 57
0 29 80
0 30 22
0 31 34
0 32 95
0 33 26
0 34 47
0 35 32
0 36 42
0 37 61
0 38 45
0 39 40
0 40 43
0 41 77
0 42 25
0 43 33
0 44 78
0 45 30
0 46 21
0 47 40
0 48 53
0 49 72
0 50 64
0 51 8
0 52 48
0 53 13
0 54 71
0 55 32
0 56 22
0 57 66
0 58 71
0 59 41
0 60 34
0 61 39
0 62 36
0 63 67
0 64 15
0 65 12
0 66 3
0 67 65
0 68 49
0 69 6
0 70 59
0 71 49
0 72 26
0 73 29
0 74 32
0 75 44
0 76 49
0 77 83
0 78 38
0 79 20
0 80 67
0 81 49
0 82 8
0 83 29
0 84 34
0 85 50
0 86 82
0 87 19
0 88 20
0 89 33
0 90 51
0 91 61
0 92 3
0 93 43
0 94 35
0 95 32
0 96 9
0 97 37
0 98 61
0 99 95
0 100 47
1 1 47
1 2 47
1 3 47
1 4 25
1 5 15
1 6 53
1 7 35
1 8 46
1 9 32
1 10 30
1 11 30
1 12 18
1 13 32
1 14 31
1 15 27
1 16 74
1 17 25
1 18 41
1 19 36
1 20 35
1 21 17
1 22 22
1 23 46
1 24 60
1 25 37
1 26 52
1 27 38
1 28 33
1 29 52
1 30 57
1 31 49
1 32 62
1 33 47
1 34 14
1 35 69
1 36 12
1 37 35
1 38 30
1 39 55
1 40 41
1 41 19
1 42 61
1 43 39
1 44 52
1 45 28
1 46 32
1 47 65
1 48 37
1 49 9
1 50 33
1 51 31
1 52 47
1 53 42
1 54 33
1 55 55
1 56 33
1 57 64
1 58 40
1 59 21
1 60 44
1 61 46
1 62 55
1 63 42
1 64 22
1 65 41
1 66 43
1 67 20
1 68 36
1 69 23
1 70 44
1 71 49
1 72 31
1 73 51
1 74 33
1 75 1
1 76 19
1 77 52
1 78 62
1 79 41
1 80 60
1 81 26
1 82 29
1 83 43
1 84 47
1 85 20
1 86 16
1 87 30
1 88 27
1 89 71
1 90 37
1 91 15
1 92 33
1 93 26
1 94 61
1 95 22
1 96 19
1 97 54
1 98 12
1 99 20
1 100 12
2 1 44
2 2 69
2 3 25
2 4 25
2 5 25
2 6 25
2 7 72
2 8 55
2 9 88
2 10 69
2 11 84
2 12 13
2 13 27
2 14 54
2 15 30
2 16 54
2 17 45
2 18 65
2 19 57
2 20 32
2 21 79
2 22 63
2 23 47
2 24 52
2 25 61
2 26 14
2 27 31
2 28 58
2 29 71
2 30 78
2 31 56
2 32 34
2 33 19
2 34 44
2 35 32
2 36 85
2 37 32
2 38 39
2 39 51
2 40 34
2 41 67
2 42 77
2 43 14
2 44 26
2 45 93
2 46 72
2 47 33
2 48 67
2 49 51
2 50 42
2 51 77
2 52 50
2 53 42
2 54 43
2 55 10
2 56 8
2 57 74
2 58 71
2 59 68
2 60 55
2 61 63
2 62 49
2 63 6
2 64 18
2 65 78
2 66 82
2 67 30
2 68 80
2 69 5
2 70 62
2 71 74
2 72 62
2 73 10
2 74 84
2 75 71
2 76 46
2 77 56
2 78 42
2 79 56
2 80 84
2 81 90
2 82 71
2 83 18
2 84 57
2 85 59
2 86 36
2 87 55
2 88 62
2 89 52
2 90 46
2 91 38
2 92 53
2 93 69
2 94 48
2 95 70
2 96 26
2 97 65
2 98 62
2 99 37
2 100 84
3 1 34
3 2 62
3 3 30
3 4 25
3 5 42
3 6 40
3 7 40
3 8 40
3 9 40
3 10 72
3 11 45
3 12 92
3 13 50
3 14 56
3 15 50
3 16 51
3 17 50
3 18 40
3 19 52
3 20 22
3 21 11
3 22 68
3 23 27
3 24 50
3 25 54
3 26 24
3 27 36
3 28 11
3 29 64
3 30 80
3 31 58
3 32 31
3 33 44
3 34 54
3 35 73
3 36 74
3 37 42
3 38 66
3 39 29
3 40 24
3 41 89
3 42 30
3 43 33
3 44 42
3 45 33
3 46 49
3 47 40
3 48 39
3 49 53
3 50 73
3 51 37
3 52 18
3 53 64
3 54 43
3 55 23
3 56 26
3 57 54
3 58 64
3 59 53
3 60 21
3 61 36
3 62 12
3 63 56
3 64 20
3 65 8
3 66 56
3 67 65
3 68 33
3 69 47
3 70 27
3 71 49
3 72 58
3 73 25
3 74 19
3 75 12
3 76 54
3 77 61
3 78 17
3 79 45
3 80 54
3 81 23
3 82 36
3 83 30
3 84 40
3 85 58
3 86 73
3 87 44
3 88 7
3 89 65
3 90 34
3 91 18
3 92 34
3 93 19
3 94 50
3 95 67
3 96 14
3 97 9
3 98 44
3 99 47
3 100 47
4 1 13
4 2 42
4 3 31
4 4 23
4 5 20
4 6 31
4 7 47
4 8 90
4 9 48
4 10 48
4 11 48
4 12 48
4 13 36
4 14 21
4 15 67
4 16 27
4 17 89
4 18 57
4 19 66
4 20 77
4 21 57
4 22 79
4 23 16
4 24 43
4 25 37
4 26 27
4 27 83
4 28 83
4 29 12
4 30 65
4 31 44
4 32 68
4 33 85
4 34 84
4 35 20
4 36 77
4 37 81
4 38 85
4 39 74
4 40 15
4 41 47
4 42 54
4 43 38
4 44 94
4 45 59
4 46 22
4 47 74
4 48 26
4 49 42
4 50 55
4 51 49
4 52 85
4 53 84
4 54 70
4 55 16
4 56 39
4 57 77
4 58 53
4 59 16
4 60 75
4 61 65
4 62 48
4 63 54
4 64 16
4 65 39
4 66 25
4 67 19
4 68 29
4 69 52
4 70 71
4 71 28
4 72 81
4 73 32
4 74 82
4 75 59
4 76 59
4 77 47
4 78 46
4 79 47
4 80 94
4 81 49
4 82 16
4 83 81
4 84 48
4 85 66
4 86 42
4 87 41
4 88 88
4 89 68
4 90 73
4 91 29
4 92 80
4 93 0
4 94 52
4 95 63
4 96 17
4 97 70
4 98 37
4 99 35
4 100 34
5 1 77
5 2 62
5 3 14
5 4 46
5 5 63
5 6 39
5 7 38
5 8 54
5 9 48
5 10 33
5 11 97
5 12 69
5 13 69
5 14 69
5 15 69
5 16 30
5 17 36
5 18 77
5 19 36
5 20 49
5 21 59
5 22 64
5 23 67
5 24 53
5 25 70
5 26 17
5 27 25
5 28 56
5 29 30
5 30 68
5 31 72
5 32 16
5 33 54
5 34 28
5 35 72
5 36 89
5 37 75
5 38 13
5 39 61
5 40 71
5 41 85
5 42 80
5 43 33
5 44 62
5 45 34
5 46 34
5 47 98
5 48 47
5 49 30
5 50 60
5 51 17
5 52 51
5 53 52
5 54 33
5 55 72
5 56 85
5 57 55
5 58 11
5 59 56
5 60 60
5 61 41
5 62 21
5 63 69
5 64 70
5 65 56
5 66 35
5 67 18
5 68 20
5 69 44
5 70 2
5 71 18
5 72 59
5 73 74
5 74 18
5 75 65
5 76 32
5 77 66
5 78 65
5 79 43
5 80 28
5 81 29
5 82 56
5 83 79
5 84 30
5 85 34
5 86 71
5 87 39
5 88 54
5 89 25
5 90 28
5 91 76
5 92 77
5 93 62
5 94 11
5 95 78
5 96 20
5 97 36
5 98 51
5 99 15
5 100 65
6 1 56
6 2 15
6 3 23
6 4 62
6 5 59
6 6 30
6 7 30
6 8 57
6 9 23
6 10 33
6 11 38
6 12 43
6 13 45
6 14 100
6 15 63
6 16 63
6 17 63
6 18 63
6 19 76
6 20 40
6 21 42
6 22 46
6 23 31
6 24 62
6 25 44
6 26 59
6 27 36
6 28 61
6 29 13
6 30 42
6 31 41
6 32 7
6 33 73
6 34 67
6 35 14
6 36 49
6 37 40
6 38 45
6 39 62
6 40 66
6 41 39
6 42 68
6 43 63
6 44 62
6 45 51
6 46 17
6 47 35
6 48 59
6 49 19
6 50 71
6 51 44
6 52 3
6 53 62
6 54 45
6 55 21
6 56 34
6 57 63
6 58 71
6 59 61
6 60 59
6 61 19
6 62 34
6 63 68
6 64 40
6 65 9
6 66 55
6 67 42
6 68 27
6 69 52
6 70 38
6 71 42
6 72 33
6 73 31
6 74 23
6 75 30
6 76 48
6 77 46
6 78 73
6 79 11
6 80 72
6 81 37
6 82 49
6 83 50
6 84 42
6 85 26
6 86 81
6 87 48
6 88 20
6 89 63
6 90 32
6 91 52
6 92 54
6 93 58
6 94 73
6 95 47
6 96 58
6 97 30
6 98 58
6 99 23
6 100 45
7 1 48
7 2 15
7 3 49
7 4 39
7 5 41
7 6 26
7 7 65
7 8 40
7 9 35
7 10 42
7 11 43
7 12 53
7 13 20
7 14 46
7 15 28
7 16 16
7 17 74
7 18 49
7 19 49
7 20 49
7 21 49
7 22 13
7 23 44
7 24 73
7 25 36
7 26 52
7 27 78
7 28 54
7 29 90
7 30 65
7 31 91
7 32 43
7 33 75
7 34 14
7 35 41
7 36 107
7 37 99
7 38 42
7 39 82
7 40 74
7 41 58
7 42 72
7 43 96
7 44 58
7 45 103
7 46 93
7 47 78
7 48 56
7 49 24
7 50 15
7 51 90
7 52 52
7 53 78
7 54 78
7 55 33
7 56 96
7 57 65
7 58 32
7 59 62
7 60 88
7 61 105
7 62 77
7 63 93
7 64 48
7 65 2
7 66 102
7 67 74
7 68 39
7 69 82
7 70 52
7 71 36
7 72 86
7 73 54
7 74 74
7 75 19
7 76 57
7 77 57
7 78 38
7 79 62
7 80 67
7 81 107
7 82 44
7 83 107
7 84 49
7 85 84
7 86 82
7 87 76
7 88 34
7 89 115
7 90 82
7 91 22
7 92 93
7 93 66
7 94 85
7 95 80
7 96 79
7 97 106
7 98 46
7 99 90
7 100 62
8 1 79
8 2 39
8 3 80
8 4 81
8 5 46
8 6 77
8 7 10
8 8 71
8 9 60
8 10 99
8 11 65
8 12 38
8 13 76
8 14 73
8 15 78
8 16 54
8 17 81
8 18 59
8 19 23
8 20 83
8 21 78
8 22 78
8 23 78
8 24 78
8 25 67
8 26 26
8 27 63
8 28 41
8 29 34
8 30 31
8 31 60
8 32 30
8 33 48
8 34 47
8 35 47
8 36 16
8 37 93
8 38 50
8 39 30
8 40 44
8 41 49
8 42 32
8 43 15
8 44 77
8 45 90
8 46 51
8 47 52
8 48 22
8 49 47
8 50 80
8 51 88
8 52 68
8 53 89
8 54 23
8 55 42
8 56 99
8 57 27
8 58 57
8 59 26
8 60 51
8 61 70
8 62 50
8 63 44
8 64 38
8 65 80
8 66 20
8 67 43
8 68 89
8 69 21
8 70 24
8 71 51
8 72 54
8 73 79
8 74 73
8 75 8
8 76 58
8 77 22
8 78 82
8 79 42
8 80 33
8 81 74
8 82 76
8 83 50
8 84 24
8 85 48
8 86 27
8 87 74
8 88 13
8 89 17
8 90 14
8 91 74
8 92 41
8 93 12
8 94 70
8 95 48
8 96 32
8 97 28
8 98 37
8 99 51
8 100 43
9 1 91
9 2 36
9 3 30
9 4 70
9 5 59
9 6 11
9 7 30
9 8 45
9 9 53
9 10 92
9 11 28
9 12 30
9 13 27
9 14 55
9 15 71
9 16 13
9 17 46
9 18 41
9 19 40
9 20 11
9 21 43
9 22 70
9 23 99
9 24 49
9 25 49
9 26 49
9 27 49
9 28 30
9 29 23
9 30 35
9 31 7
9 32 17
9 33 72
9 34 72
9 35 75
9 36 69
9 37 95
9 38 52
9 39 83
9 40 19
9 41 48
9 42 113
9 43 103
9 44 50
9 45 88
9 46 82
9 47 58
9 48 71
9 49 100
9 50 67
9 51 110
9 52 97
9 53 78
9 54 54
9 55 33
9 56 13
9 57 99
9 58 58
9 59 76
9 60 84
9 61 40
9 62 102
9 63 74
9 64 35
9 65 65
9 66 97
9 67 110
9 68 77
9 69 100
9 70 57
9 71 9
9 72 109
9 73 81
9 74 47
9 75 85
9 76 52
9 77 37
9 78 94
9 79 63
9 80 83
9 81 27
9 82 66
9 83 65
9 84 39
9 85 62
9 86 76
9 87 114
9 88 51
9 89 113
9 90 49
9 91 91
9 92 90
9 93 84
9 94 35
9 95 121
9 96 90
9 97 31
9 98 97
9 99 72
9 100 91
10 1 89
10 2 88
10 3 111
10 4 44
10 5 95
10 6 70
10 7 81
10 8 48
10 9 87
10 10 87
10 11 54
10 12 80
10 13 16
10 14 79
10 15 68
10 16 105
10 17 68
10 18 47
10 19 84
10 20 77
10 21 87
10 22 60
10 23 88
10 24 64
10 25 28
10 26 81
10 27 82
10 28 82
10 29 82
10 30 82
10 31 77
10 32 62
10 33 16
10 34 56
10 35 45
10 36 103
10 37 119
10 38 85
10 39 108
10 40 24
10 41 57
10 42 73
10 43 70
10 44 43
10 45 79
10 46 60
10 47 59
10 48 52
10 49 68
10 50 1
10 51 17
10 52 53
10 53 84
10 54 79
10 55 52
10 56 21
10 57 11
10 58 58
10 59 44
10 60 93
10 61 41
10 62 26
10 63 53
10 64 47
10 65 68
10 66 89
10 67 28
10 68 28
10 69 103
10 70 71
10 71 21
10 72 69
10 73 62
10 74 54
10 75 79
10 76 54
10 77 54
10 78 38
10 79 5
10 80 22
10 81 80
10 82 83
10 83 77
10 84 68
10 85 74
10 86 58
10 87 19
10 88 5
10 89 90
10 90 83
10 91 40
10 92 80
10 93 9
10 94 66
10 95 82
10 96 69
10 97 24
10 98 82
10 99 78
10 100 59
11 1 52
11 2 47
11 3 57
11 4 94
11 5 101
11 6 68
11 7 19
11 8 56
11 9 68
11 10 26
11 11 68
11 12 67
11 13 53
11 14 58
11 15 34
11 16 66
11 17 78
11 18 56
11 19 71
11 20 24
11 21 79
11 22 69
11 23 36
11 24 94
11 25 42
11 26 67
11 27 35
11 28 39
11 29 28
11 30 37
11 31 37
11 32 37
11 33 37
11 34 5
11 35 36
11 36 60
11 37 25
11 38 41
11 39 78
11 40 62
11 41 92
11 42 68
11 43 55
11 44 65
11 45 74
11 46 8
11 47 42
11 48 108
11 49 101
11 50 40
11 51 84
11 52 74
11 53 62
11 54 77
11 55 98
11 56 54
11 57 103
11 58 96
11 59 83
11 60 62
11 61 22
11 62 21
11 63 88
11 64 53
11 65 84
11 66 79
11 67 33
11 68 97
11 69 61
11 70 36
11 71 64
11 72 84
11 73 106
11 74 82
11 75 94
11 76 46
11 77 8
11 78 103
11 79 75
11 80 38
11 81 85
11 82 57
11 83 40
11 84 85
11 85 49
11 86 72
11 87 13
11 88 54
11 89 56
11 90 43
11 91 66
11 92 62
11 93 108
11 94 45
11 95 107
11 96 53
11 97 84
11 98 80
11 99 75
11 100 38
12 1 116
12 2 80
12 3 19
12 4 95
12 5 67
12 6 86
12 7 77
12 8 75
12 9 108
12 10 52
12 11 92
12 12 60
12 13 83
12 14 35
12 15 79
12 16 82
12 17 44
12 18 79
12 19 5
12 20 68
12 21 60
12 22 100
12 23 68
12 24 33
12 25 76
12 26 76
12 27 75
12 28 55
12 29 81
12 30 61
12 31 25
12 32 88
12 33 81
12 34 81
12 35 81
12 36 81
12 37 56
12 38 22
12 39 34
12 40 27
12 41 11
12 42 60
12 43 78
12 44 50
12 45 65
12 46 21
12 47 18
12 48 53
12 49 71
12 50 31
12 51 50
12 52 56
12 53 26
12 54 38
12 55 9
12 56 68
12 57 83
12 58 60
12 59 30
12 60 43
12 61 56
12 62 77
12 63 78
12 64 45
12 65 70
12 66 25
12 67 28
12 68 93
12 69 32
12 70 36
12 71 42
12 72 31
12 73 53
12 74 44
12 75 36
12 76 54
12 77 77
12 78 37
12 79 20
12 80 67
12 81 42
12 82 25
12 83 29
12 84 56
12 85 68
12 86 57
12 87 18
12 88 36
12 89 8
12 90 59
12 91 20
12 92 12
12 93 60
12 94 68
12 95 31
12 96 46
12 97 31
12 98 48
12 99 62
12 100 25
13 1 15
13 2 11
13 3 58
13 4 61
13 5 14
13 6 47
13 7 56
13 8 26
13 9 37
13 10 26
13 11 37
13 12 59
13 13 77
13 14 46
13 15 7
13 16 69
13 17 36
13 18 18
13 19 36
13 20 22
13 21 53
13 22 69
13 23 11
13 24 13
13 25 44
13 26 50
13 27 48
13 28 12
13 29 45
13 30 28
13 31 27
13 32 20
13 33 35
13 34 51
13 35 94
13 36 51
13 37 51
13 38 51
13 39 51
13 40 46
13 41 12
13 42 61
13 43 26
13 44 29
13 45 39
13 46 45
13 47 53
13 48 36
13 49 50
13 50 51
13 51 38
13 52 22
13 53 9
13 54 58
13 55 51
13 56 22
13 57 34
13 58 31
13 59 41
13 60 57
13 61 51
13 62 45
13 63 54
13 64 48
13 65 53
13 66 50
13 67 33
13 68 46
13 69 53
13 70 3
13 71 66
13 72 29
13 73 18
13 74 47
13 75 49
13 76 26
13 77 21
13 78 62
13 79 56
13 80 53
13 81 44
13 82 23
13 83 48
13 84 54
13 85 25
13 86 18
13 87 41
13 88 40
13 89 29
13 90 43
13 91 46
13 92 37
13 93 48
13 94 34
13 95 17
13 96 32
13 97 42
13 98 50
13 99 59
13 100 5
14 1 58
14 2 34
14 3 36
14 4 43
14 5 32
14 6 30
14 7 66
14 8 40
14 9 35
14 10 47
14 11 17
14 12 36
14 13 53
14 14 60
14 15 58
14 16 49
14 17 42
14 18 27
14 19 47
14 20 34
14 21 33
14 22 32
14 23 19
14 24 35
14 25 54
14 26 37
14 27 16
14 28 50
14 29 28
14 30 48
14 31 32
14 32 29
14 33 53
14 34 5
14 35 34
14 36 13
14 37 28
14 38 68
14 39 35
14 40 35
14 41 35
14 42 35
14 43 73
14 44 35
14 45 46
14 46 44
14 47 29
14 48 54
14 49 83
14 50 35
14 51 65
14 52 34
14 53 23
14 54 69
14 55 62
14 56 58
14 57 34
14 58 48
14 59 47
14 60 35
14 61 14
14 62 79
14 63 92
14 64 55
14 65 48
14 66 27
14 67 51
14 68 83
14 69 90
14 70 66
14 71 89
14 72 18
14 73 42
14 74 102
14 75 31
14 76 56
14 77 31
14 78 46
14 79 70
14 80 52
14 81 39
14 82 42
14 83 83
14 84 25
14 85 41
14 86 87
14 87 26
14 88 26
14 89 49
14 90 57
14 91 80
14 92 73
14 93 3
14 94 54
14 95 18
14 96 80
14 97 39
14 98 31
14 99 75
14 100 78
15 1 45
15 2 29
15 3 48
15 4 32
15 5 75
15 6 17
15 7 12
15 8 12
15 9 74
15 10 46
15 11 8
15 12 68
15 13 52
15 14 34
15 15 32
15 16 33
15 17 46
15 18 48
15 19 92
15 20 40
15 21 28
15 22 73
15 23 56
15 24 13
15 25 33
15 26 43
15 27 56
15 28 90
15 29 24
15 30 29
15 31 32
15 32 58
15 33 68
15 34 12
15 35 49
15 36 36
15 37 40
15 38 14
15 39 45
15 40 70
15 41 101
15 42 52
15 43 52
15 44 52
15 45 52
15 46 77
15 47 37
15 48 73
15 49 52
15 50 45
15 51 23
15 52 60
15 53 22
15 54 37
15 55 61
15 56 53
15 57 69
15 58 51
15 59 48
15 60 20
15 61 83
15 62 21
15 63 65
15 64 38
15 65 80
15 66 97
15 67 86
15 68 4
15 69 72
15 70 82
15 71 94
15 72 86
15 73 32
15 74 63
15 75 41
15 76 43
15 77 105
15 78 59
15 79 34
15 80 71
15 81 10
15 82 56
15 83 62
15 84 33
15 85 83
15 86 94
15 87 66
15 88 18
15 89 55
15 90 71
15 91 52
15 92 26
15 93 79
15 94 77
15 95 62
15 96 44
15 97 7
15 98 30
15 99 40
15 100 9
16 1 28
16 2 65
16 3 81
16 4 12
16 5 75
16 6 40
16 7 77
16 8 71
16 9 54
16 10 36
16 11 40
16 12 61
16 13 90
16 14 40
16 15 33
16 16 82
16 17 50
16 18 65
16 19 27
16 20 24
16 21 87
16 22 82
16 23 73
16 24 23
16 25 88
16 26 17
16 27 47
16 28 63
16 29 22
16 30 75
16 31 53
16 32 24
16 33 34
16 34 73
16 35 69
16 36 22
16 37 40
16 38 68
16 39 23
16 40 43
16 41 49
16 42 53
16 43 48
16 44 108
16 45 74
16 46 74
16 47 74
16 48 74
16 49 60
16 50 32
16 51 81
16 52 46
16 53 49
16 54 23
16 55 31
16 56 51
16 57 16
16 58 69
16 59 68
16 60 51
16 61 26
16 62 26
16 63 23
16 64 21
16 65 26
16 66 78
16 67 55
16 68 81
16 69 98
16 70 97
16 71 21
16 72 89
16 73 94
16 74 98
16 75 85
16 76 24
16 77 53
16 78 60
16 79 51
16 80 106
16 81 72
16 82 34
16 83 86
16 84 26
16 85 54
16 86 69
16 87 50
16 88 98
16 89 97
16 90 81
16 91 29
16 92 43
16 93 88
16 94 66
16 95 30
16 96 89
16 97 77
16 98 60
16 99 63
16 100 14
17 1 48
17 2 24
17 3 27
17 4 41
17 5 63
17 6 83
17 7 28
17 8 92
17 9 45
17 10 94
17 11 71
17 12 70
17 13 55
17 14 56
17 15 58
17 16 105
17 17 58
17 18 23
17 19 94
17 20 61
17 21 78
17 22 45
17 23 39
17 24 101
17 25 78
17 26 86
17 27 39
17 28 94
17 29 14
17 30 63
17 31 76
17 32 30
17 33 83
17 34 37
17 35 42
17 36 47
17 37 89
17 38 75
17 39 4
17 40 57
17 41 77
17 42 41
17 43 52
17 44 65
17 45 61
17 46 43
17 47 109
17 48 83
17 49 83
17 50 83
17 51 83
17 52 65
17 53 55
17 54 6
17 55 46
17 56 38
17 57 98
17 58 110
17 59 85
17 60 102
17 61 18
17 62 28
17 63 67
17 64 80
17 65 75
17 66 66
17 67 70
17 68 91
17 69 45
17 70 33
17 71 49
17 72 66
17 73 63
17 74 34
17 75 62
17 76 60
17 77 64
17 78 56
17 79 21
17 80 42
17 81 52
17 82 16
17 83 75
17 84 40
17 85 9
17 86 57
17 87 40
17 88 27
17 89 33
17 90 56
17 91 67
17 92 63
17 93 53
17 94 13
17 95 40
17 96 62
17 97 35
17 98 6
17 99 53
17 100 47
18 1 32
18 2 45
18 3 35
18 4 35
18 5 37
18 6 25
18 7 16
18 8 36
18 9 51
18 10 41
18 11 67
18 12 10
18 13 67
18 14 41
18 15 43
18 16 42
18 17 35
18 18 32
18 19 76
18 20 41
18 21 24
18 22 60
18 23 28
18 24 47
18 25 47
18 26 52
18 27 69
18 28 53
18 29 54
18 30 23
18 31 59
18 32 22
18 33 38
18 34 43
18 35 9
18 36 48
18 37 45
18 38 34
18 39 19
18 40 59
18 41 40
18 42 35
18 43 35
18 44 42
18 45 47
18 46 17
18 47 39
18 48 26
18 49 23
18 50 77
18 51 48
18 52 48
18 53 48
18 54 48
18 55 89
18 56 47
18 57 76
18 58 62
18 59 52
18 60 33
18 61 73
18 62 8
18 63 50
18 64 64
18 65 54
18 66 82
18 67 65
18 68 62
18 69 32
18 70 28
18 71 10
18 72 76
18 73 67
18 74 73
18 75 89
18 76 100
18 77 40
18 78 99
18 79 97
18 80 92
18 81 74
18 82 17
18 83 37
18 84 77
18 85 53
18 86 96
18 87 78
18 88 32
18 89 94
18 90 46
18 91 44
18 92 68
18 93 70
18 94 105
18 95 91
18 96 90
18 97 38
18 98 25
18 99 98
18 100 72
19 1 33
19 2 89
19 3 68
19 4 50
19 5 76
19 6 34
19 7 62
19 8 5
19 9 42
19 10 50
19 11 53
19 12 76
19 13 48
19 14 103
19 15 46
19 16 103
19 17 63
19 18 80
19 19 70
19 20 68
19 21 48
19 22 114
19 23 72
19 24 15
19 25 97
19 26 66
19 27 85
19 28 64
19 29 60
19 30 107
19 31 66
19 32 91
19 33 51
19 34 90
19 35 23
19 36 74
19 37 81
19 38 38
19 39 83
19 40 17
19 41 58
19 42 55
19 43 97
19 44 73
19 45 16
19 46 69
19 47 78
19 48 61
19 49 54
19 50 75
19 51 62
19 52 33
19 53 100
19 54 84
19 55 84
19 56 84
19 57 84
19 58 43
19 59 24
19 60 72
19 61 33
19 62 41
19 63 40
19 64 33
19 65 63
19 66 30
19 67 62
19 68 64
19 69 34
19 70 10
19 71 9
19 72 25
19 73 27
19 74 59
19 75 63
19 76 15
19 77 74
19 78 84
19 79 38
19 80 66
19 81 7
19 82 35
19 83 73
19 84 86
19 85 76
19 86 94
19 87 38
19 88 45
19 89 93
19 90 22
19 91 64
19 92 12
19 93 65
19 94 73
19 95 47
19 96 59
19 97 22
19 98 73
19 99 7
19 100 54
20 1 95
20 2 6
20 3 23
20 4 59
20 5 45
20 6 77
20 7 74
20 8 23
20 9 71
20 10 36
20 11 91
20 12 55
20 13 42
20 14 75
20 15 72
20 16 65
20 17 11
20 18 52
20 19 12
20 20 72
20 21 12
20 22 32
20 23 25
20 24 75
20 25 26
20 26 27
20 27 79
20 28 36
20 29 32
20 30 19
20 31 53
20 32 66
20 33 28
20 34 90
20 35 24
20 36 43
20 37 62
20 38 70
20 39 18
20 40 22
20 41 54
20 42 45
20 43 100
20 44 43
20 45 37
20 46 12
20 47 51
20 48 83
20 49 24
20 50 39
20 51 56
20 52 43
20 53 17
20 54 43
20 55 75
20 56 92
20 57 41
20 58 41
20 59 41
20 60 41
20 61 22
20 62 23
20 63 43
20 64 8
20 65 23
20 66 70
20 67 66
20 68 78
20 69 65
20 70 37
20 71 47
20 72 20
20 73 34
20 74 30
20 75 40
20 76 45
20 77 78
20 78 31
20 79 31
20 80 48
20 81 82
20 82 35
20 83 70
20 84 5
20 85 31
20 86 71
20 87 85
20 88 79
20 89 95
20 90 43
20 91 47
20 92 91
20 93 22
20 94 66
20 95 8
20 96 70
20 97 73
20 98 47
20 99 64
20 100 18
21 1 71
21 2 5
21 3 57
21 4 97
21 5 5
21 6 24
21 7 62
21 8 42
21 9 76
21 10 74
21 11 28
21 12 75
21 13 41
21 14 94
21 15 59
21 16 45
21 17 75
21 18 71
21 19 69
21 20 9
21 21 54
21 22 9
21 23 72
21 24 15
21 25 37
21 26 29
21 27 76
21 28 21
21 29 31
21 30 81
21 31 32
21 32 33
21 33 17
21 34 58
21 35 71
21 36 24
21 37 90
21 38 21
21 39 46
21 40 59
21 41 73
21 42 22
21 43 21
21 44 57
21 45 43
21 46 103
21 47 47
21 48 40
21 49 7
21 50 50
21 51 87
21 52 28
21 53 38
21 54 61
21 55 44
21 56 20
21 57 43
21 58 77
21 59 89
21 60 39
21 61 39
21 62 39
21 63 39
21 64 14
21 65 41
21 66 50
21 67 26
21 68 40
21 69 87
21 70 76
21 71 96
21 72 80
21 73 48
21 74 60
21 75 20
21 76 45
21 77 42
21 78 58
21 79 63
21 80 96
21 81 37
21 82 41
21 83 64
21 84 33
21 85 31
21 86 83
21 87 60
21 88 31
21 89 16
21 90 32
21 91 66
21 92 62
21 93 82
21 94 37
21 95 35
21 96 37
21 97 52
21 98 48
21 99 87
21 100 41
22 1 18
22 2 97
22 3 50
22 4 16
22 5 51
22 6 62
22 7 70
22 8 60
22 9 41
22 10 56
22 11 16
22 12 26
22 13 37
22 14 68
22 15 85
22 16 69
22 17 79
22 18 73
22 19 54
22 20 35
22 21 17
22 22 88
22 23 64
22 24 41
22 25 61
22 26 26
22 27 51
22 28 72
22 29 58
22 30 39
22 31 61
22 32 67
22 33 68
22 34 30
22 35 35
22 36 39
22 37 88
22 38 97
22 39 47
22 40 41
22 41 36
22 42 63
22 43 8
22 44 72
22 45 54
22 46 36
22 47 58
22 48 13
22 49 81
22 50 72
22 51 49
22 52 51
22 53 11
22 54 85
22 55 58
22 56 19
22 57 89
22 58 37
22 59 54
22 60 27
22 61 51
22 62 34
22 63 17
22 64 17
22 65 17
22 66 17
22 67 24
22 68 53
22 69 84
22 70 47
22 71 63
22 72 81
22 73 52
22 74 104
22 75 67
22 76 79
22 77 88
22 78 21
22 79 32
22 80 34
22 81 64
22 82 68
22 83 101
22 84 71
22 85 28
22 86 87
22 87 28
22 88 26
22 89 82
22 90 38
22 91 6
22 92 38
22 93 57
22 94 75
22 95 80
22 96 69
22 97 40
22 98 58
22 99 23
22 100 60
23 1 26
23 2 84
23 3 57
23 4 26
23 5 88
23 6 25
23 7 38
23 8 30
23 9 62
23 10 86
23 11 38
23 12 29
23 13 61
23 14 9
23 15 50
23 16 55
23 17 54
23 18 85
23 19 60
23 20 90
23 21 70
23 22 51
23 23 55
23 24 42
23 25 84
23 26 41
23 27 47
23 28 38
23 29 48
23 30 35
23 31 60
23 32 47
23 33 57
23 34 36
23 35 54
23 36 78
23 37 5
23 38 29
23 39 20
23 40 79
23 41 91
23 42 22
23 43 64
23 44 13
23 45 58
23 46 26
23 47 77
23 48 41
23 49 19
23 50 60
23 51 13
23 52 95
23 53 64
23 54 45
23 55 28
23 56 24
23 57 90
23 58 46
23 59 15
23 60 81
23 61 39
23 62 39
23 63 30
23 64 65
23 65 56
23 66 10
23 67 10
23 68 10
23 69 10
23 70 93
23 71 53
23 72 83
23 73 68
23 74 59
23 75 30
23 76 73
23 77 8
23 78 49
23 79 70
23 80 60
23 81 86
23 82 68
23 83 65
23 84 37
23 85 32
23 86 3
23 87 82
23 88 72
23 89 47
23 90 72
23 91 104
23 92 35
23 93 31
23 94 43
23 95 69
23 96 74
23 97 53
23 98 73
23 99 30
23 100 26
24 1 86
24 2 19
24 3 42
24 4 29
24 5 45
24 6 54
24 7 37
24 8 46
24 9 41
24 10 69
24 11 23
24 12 30
24 13 73
24 14 30
24 15 13
24 16 36
24 17 45
24 18 64
24 19 57
24 20 16
24 21 49
24 22 18
24 23 68
24 24 33
24 25 18
24 26 59
24 27 63
24 28 44
24 29 35
24 30 32
24 31 36
24 32 59
24 33 12
24 34 20
24 35 6
24 36 58
24 37 48
24 38 14
24 39 56
24 40 43
24 41 18
24 42 24
24 43 38
24 44 49
24 45 45
24 46 76
24 47 33
24 48 20
24 49 59
24 50 46
24 51 6
24 52 23
24 53 30
24 54 43
24 55 77
24 56 23
24 57 14
24 58 31
24 59 43
24 60 60
24 61 5
24 62 35
24 63 40
24 64 24
24 65 7
24 66 29
24 67 55
24 68 86
24 69 40
24 70 40
24 71 40
24 72 40
24 73 37
24 74 48
24 75 89
24 76 49
24 77 62
24 78 64
24 79 30
24 80 91
24 81 47
24 82 81
24 83 87
24 84 30
24 85 20
24 86 23
24 87 53
24 88 56
24 89 87
24 90 78
24 91 18
24 92 83
24 93 24
24 94 44
24 95 51
24 96 90
24 97 25
24 98 65
24 99 80
24 100 79
25 1 93
25 2 48
25 3 45
25 4 86
25 5 19
25 6 65
25 7 2
25 8 73
25 9 71
25 10 43
25 11 69
25 12 13
25 13 66
25 14 5
25 15 58
25 16 96
25 17 10
25 18 23
25 19 62
25 20 36
25 21 72
25 22 71
25 23 33
25 24 78
25 25 44
25 26 94
25 27 61
25 28 46
25 29 72
25 30 66
25 31 72
25 32 14
25 33 53
25 34 11
25 35 68
25 36 17
25 37 41
25 38 32
25 39 73
25 40 19
25 41 35
25 42 81
25 43 26
25 44 31
25 45 13
25 46 62
25 47 75
25 48 18
25 49 86
25 50 15
25 51 48
25 52 54
25 53 74
25 54 24
25 55 17
25 56 58
25 57 38
25 58 102
25 59 50
25 60 40
25 61 2
25 62 45
25 63 88
25 64 31
25 65 33
25 66 65
25 67 43
25 68 22
25 69 40
25 70 75
25 71 84
25 72 34
25 73 34
25 74 34
25 75 34
25 76 74
25 77 50
25 78 19
25 79 47
25 80 33
25 81 86
25 82 106
25 83 67
25 84 93
25 85 16
25 86 11
25 87 73
25 88 78
25 89 73
25 90 56
25 91 59
25 92 73
25 93 29
25 94 78
25 95 23
25 96 71
25 97 80
25 98 65
25 99 22
25 100 61
26 1 14
26 2 22
26 3 62
26 4 54
26 5 87
26 6 38
26 7 29
26 8 44
26 9 49
26 10 57
26 11 88
26 12 34
26 13 21
26 14 100
26 15 59
26 16 14
26 17 59
26 18 62
26 19 63
26 20 69
26 21 46
26 22 55
26 23 25
26 24 17
26 25 30
26 26 73
26 27 84
26 28 72
26 29 74
26 30 73
26 31 55
26 32 27
26 33 8
26 34 89
26 35 73
26 36 39
26 37 70
26 38 17
26 39 58
26 40 77
26 41 63
26 42 32
26 43 71
26 44 72
26 45 64
26 46 39
26 47 40
26 48 47
26 49 91
26 50 99
26 51 57
26 52 31
26 53 45
26 54 65
26 55 14
26 56 70
26 57 60
26 58 43
26 59 57
26 60 22
26 61 74
26 62 75
26 63 52
26 64 60
26 65 15
26 66 82
26 67 63
26 68 26
26 69 91
26 70 39
26 71 59
26 72 30
26 73 45
26 74 29
26 75 26
26 76 26
26 77 26
26 78 26
26 79 22
26 80 59
26 81 84
26 82 50
26 83 66
26 84 91
26 85 63
26 86 112
26 87 78
26 88 80
26 89 90
26 90 24
26 91 42
26 92 43
26 93 72
26 94 76
26 95 109
26 96 71
26 97 37
26 98 91
26 99 36
26 100 19
27 1 73
27 2 98
27 3 103
27 4 108
27 5 90
27 6 88
27 7 103
27 8 51
27 9 55
27 10 94
27 11 29
27 12 75
27 13 12
27 14 79
27 15 81
27 16 53
27 17 73
27 18 13
27 19 74
27 20 14
27 21 67
27 22 106
27 23 8
27 24 33
27 25 71
27 26 44
27 27 81
27 28 82
27 29 37
27 30 85
27 31 50
27 32 104
27 33 69
27 34 55
27 35 82
27 36 75
27 37 79
27 38 7
27 39 63
27 40 3
27 41 78
27 42 25
27 43 46
27 44 39
27 45 83
27 46 12
27 47 41
27 48 91
27 49 32
27 50 41
27 51 23
27 52 67
27 53 80
27 54 19
27 55 96
27 56 23
27 57 56
27 58 62
27 59 83
27 60 32
27 61 28
27 62 67
27 63 46
27 64 112
27 65 57
27 66 49
27 67 9
27 68 55
27 69 97
27 70 38
27 71 43
27 72 70
27 73 53
27 74 30
27 75 50
27 76 85
27 77 92
27 78 43
27 79 43
27 80 43
27 81 43
27 82 61
27 83 29
27 84 76
27 85 44
27 86 44
27 87 22
27 88 38
27 89 45
27 90 20
27 91 64
27 92 62
27 93 53
27 94 30
27 95 29
27 96 17
27 97 15
27 98 40
27 99 70
27 100 35
28 1 52
28 2 36
28 3 72
28 4 8
28 5 58
28 6 37
28 7 40
28 8 28
28 9 53
28 10 33
28 11 98
28 12 45
28 13 31
28 14 62
28 15 45
28 16 78
28 17 89
28 18 23
28 19 37
28 20 105
28 21 82
28 22 33
28 23 79
28 24 63
28 25 45
28 26 89
28 27 62
28 28 53
28 29 50
28 30 9
28 31 17
28 32 86
28 33 81
28 34 81
28 35 61
28 36 75
28 37 61
28 38 14
28 39 19
28 40 90
28 41 93
28 42 42
28 43 91
28 44 12
28 45 74
28 46 87
28 47 75
28 48 18
28 49 94
28 50 84
28 51 54
28 52 64
28 53 54
28 54 67
28 55 96
28 56 101
28 57 81
28 58 6
28 59 67
28 60 71
28 61 39
28 62 65
28 63 74
28 64 63
28 65 58
28 66 46
28 67 57
28 68 81
28 69 60
28 70 81
28 71 35
28 72 74
28 73 75
28 74 47
28 75 96
28 76 47
28 77 74
28 78 42
28 79 33
28 80 35
28 81 49
28 82 49
28 83 49
28 84 49
28 85 21
28 86 54
28 87 82
28 88 47
28 89 63
28 90 85
28 91 56
28 92 106
28 93 71
28 94 78
28 95 87
28 96 20
28 97 35
28 98 36
28 99 66
28 100 70
29 1 103
29 2 70
29 3 30
29 4 87
29 5 30
29 6 22
29 7 66
29 8 94
29 9 97
29 10 102
29 11 37
29 12 75
29 13 60
29 14 80
29 15 35
29 16 37
29 17 35
29 18 50
29 19 47
29 20 85
29 21 39
29 22 16
29 23 95
29 24 49
29 25 18
29 26 50
29 27 59
29 28 68
29 29 59
29 30 39
29 31 54
29 32 15
29 33 26
29 34 35
29 35 66
29 36 83
29 37 67
29 38 78
29 39 70
29 40 51
29 41 34
29 42 18
29 43 86
29 44 63
29 45 38
29 46 60
29 47 25
29 48 49
29 49 70
29 50 56
29 51 38
29 52 60
29 53 65
29 54 66
29 55 29
29 56 33
29 57 38
29 58 86
29 59 95
29 60 46
29 61 40
29 62 35
29 63 61
29 64 10
29 65 70
29 66 53
29 67 34
29 68 56
29 69 12
29 70 79
29 71 70
29 72 47
29 73 50
29 74 9
29 75 83
29 76 56
29 77 17
29 78 87
29 79 35
29 80 52
29 81 25
29 82 49
29 83 36
29 84 16
29 85 16
29 86 16
29 87 16
29 88 40
29 89 47
29 90 90
29 91 49
29 92 62
29 93 61
29 94 27
29 95 89
29 96 44
29 97 82
29 98 87
29 99 33
29 100 18
30 1 23
30 2 52
30 3 54
30 4 84
30 5 79
30 6 17
30 7 82
30 8 24
30 9 47
30 10 48
30 11 89
30 12 80
30 13 84
30 14 21
30 15 55
30 16 65
30 17 33
30 18 47
30 19 98
30 20 26
30 21 65
30 22 18
30 23 63
30 24 75
30 25 51
30 26 55
30 27 27
30 28 78
30 29 12
30 30 53
30 31 96
30 32 9
30 33 26
30 34 60
30 35 50
30 36 81
30 37 77
30 38 20
30 39 69
30 40 34
30 41 91
30 42 54
30 43 42
30 44 78
30 45 77
30 46 62
30 47 13
30 48 54
30 49 15
30 50 76
30 51 14
30 52 29
30 53 24
30 54 78
30 55 29
30 56 24
30 57 79
30 58 41
30 59 35
30 60 24
30 61 49
30 62 62
30 63 34
30 64 94
30 65 30
30 66 41
30 67 67
30 68 70
30 69 18
30 70 27
30 71 54
30 72 50
30 73 101
30 74 40
30 75 38
30 76 17
30 77 55
30 78 82
30 79 23
30 80 44
30 81 53
30 82 45
30 83 17
30 84 46
30 85 77
30 86 97
30 87 46
30 88 46
30 89 46
30 90 46
30 91 77
30 92 59
30 93 16
30 94 54
30 95 42
30 96 98
30 97 115
30 98 79
30 99 104
30 100 21
31 1 22
31 2 78
31 3 86
31 4 82
31 5 67
31 6 70
31 7 86
31 8 29
31 9 86
31 10 35
31 11 78
31 12 83
31 13 76
31 14 34
31 15 73
31 16 80
31 17 83
31 18 81
31 19 50
31 20 36
31 21 52
31 22 73
31 23 78
31 24 34
31 25 96
31 26 70
31 27 29
31 28 60
31 29 92
31 30 104
31 31 73
31 32 94
31 33 52
31 34 5
31 35 103
31 36 75
31 37 42
31 38 80
31 39 47
31 40 32
31 41 88
31 42 59
31 43 77
31 44 25
31 45 61
31 46 59
31 47 34
31 48 57
31 49 71
31 50 108
31 51 45
31 52 107
31 53 44
31 54 85
31 55 85
31 56 78
31 57 30
31 58 115
31 59 84
31 60 27
31 61 91
31 62 66
31 63 85
31 64 85
31 65 84
31 66 105
31 67 40
31 68 89
31 69 65
31 70 76
31 71 43
31 72 81
31 73 81
31 74 49
31 75 74
31 76 16
31 77 74
31 78 62
31 79 99
31 80 63
31 81 44
31 82 78
31 83 71
31 84 82
31 85 54
31 86 82
31 87 58
31 88 22
31 89 77
31 90 76
31 91 76
31 92 76
31 93 76
31 94 58
31 95 61
31 96 107
31 97 66
31 98 77
31 99 61
31 100 17
32 1 94
32 2 41
32 3 98
32 4 102
32 5 51
32 6 33
32 7 37
32 8 62
32 9 63
32 10 88
32 11 96
32 12 34
32 13 95
32 14 42
32 15 64
32 16 56
32 17 102
32 18 87
32 19 89
32 20 36
32 21 60
32 22 77
32 23 90
32 24 63
32 25 72
32 26 4
32 27 51
32 28 15
32 29 66
32 30 54
32 31 27
32 32 68
32 33 23
32 34 53
32 35 15
32 36 47
32 37 80
32 38 25
32 39 10
32 40 48
32 41 25
32 42 56
32 43 55
32 44 34
32 45 68
32 46 40
32 47 80
32 48 53
32 49 34
32 50 56
32 51 51
32 52 66
32 53 29
32 54 37
32 55 27
32 56 52
32 57 15
32 58 40
32 59 27
32 60 57
32 61 34
32 62 34
32 63 67
32 64 21
32 65 16
32 66 4
32 67 59
32 68 71
32 69 26
32 70 69
32 71 11
32 72 40
32 73 42
32 74 62
32 75 21
32 76 1
32 77 45
32 78 24
32 79 87
32 80 45
32 81 28
32 82 18
32 83 30
32 84 76
32 85 26
32 86 18
32 87 62
32 88 27
32 89 19
32 90 24
32 91 59
32 92 71
32 93 21
32 94 21
32 95 21
32 96 21
32 97 84
32 98 43
32 99 73
32 100 58
33 1 48
33 2 31
33 3 70
33 4 13
33 5 47
33 6 60
33 7 51
33 8 77
33 9 60
33 10 57
33 11 28
33 12 23
33 13 14
33 14 72
33 15 64
33 16 38
33 17 63
33 18 94
33 19 28
33 20 40
33 21 4
33 22 9
33 23 58
33 24 22
33 25 29
33 26 39
33 27 19
33 28 70
33 29 69
33 30 36
33 31 86
33 32 79
33 33 18
33 34 46
33 35 99
33 36 93
33 37 53
33 38 86
33 39 55
33 40 25
33 41 95
33 42 67
33 43 45
33 44 64
33 45 27
33 46 17
33 47 87
33 48 70
33 49 78
33 50 43
33 51 67
33 52 58
33 53 17
33 54 37
33 55 80
33 56 100
33 57 40
33 58 99
33 59 25
33 60 79
33 61 85
33 62 75
33 63 15
33 64 104
33 65 83
33 66 39
33 67 77
33 68 58
33 69 75
33 70 90
33 71 93
33 72 92
33 73 19
33 74 78
33 75 67
33 76 57
33 77 53
33 78 77
33 79 71
33 80 51
33 81 59
33 82 37
33 83 77
33 84 59
33 85 90
33 86 47
33 87 59
33 88 76
33 89 58
33 90 89
33 91 48
33 92 77
33 93 48
33 94 21
33 95 56
33 96 62
33 97 62
33 98 62
33 99 62
33 100 75
34 1 36
34 2 45
34 3 45
34 4 30
34 5 56
34 6 85
34 7 36
34 8 67
34 9 34
34 10 22
34 11 70
34 12 64
34 13 60
34 14 32
34 15 33
34 16 42
34 17 48
34 18 66
34 19 9
34 20 61
34 21 84
34 22 40
34 23 12
34 24 29
34 25 36
34 26 61
34 27 42
34 28 17
34 29 13
34 30 37
34 31 87
34 32 77
34 33 69
34 34 18
34 35 66
34 36 78
34 37 54
34 38 57
34 39 26
34 40 80
34 41 13
34 42 57
34 43 100
34 44 7
34 45 29
34 46 63
34 47 51
34 48 83
34 49 80
34 50 23
34 51 73
34 52 37
34 53 95
34 54 57
34 55 45
34 56 81
34 57 79
34 58 65
34 59 9
34 60 58
34 61 13
34 62 79
34 63 17
34 64 32
34 65 27
34 66 81
34 67 27
34 68 27
34 69 83
34 70 42
34 71 38
34 72 25
34 73 52
34 74 65
34 75 33
34 76 96
34 77 30
34 78 45
34 79 68
34 80 73
34 81 22
34 82 29
34 83 58
34 84 51
34 85 105
34 86 43
34 87 41
34 88 17
34 89 57
34 90 86
34 91 27
34 92 46
34 93 56
34 94 48
34 95 20
34 96 49
34 97 81
34 98 98
34 99 48
34 100 48
35 1 48
35 2 48
35 3 27
35 4 47
35 5 41
35 6 31
35 7 40
35 8 95
35 9 88
35 10 99
35 11 90
35 12 42
35 13 56
35 14 33
35 15 56
35 16 53
35 17 64
35 18 69
35 19 100
35 20 28
35 21 53
35 22 62
35 23 45
35 24 28
35 25 70
35 26 68
35 27 90
35 28 97
35 29 54
35 30 80
35 31 59
35 32 57
35 33 78
35 34 96
35 35 69
35 36 70
35 37 49
35 38 92
35 39 46
35 40 23
35 41 101
35 42 48
35 43 15
35 44 52
35 45 67
35 46 76
35 47 61
35 48 43
35 49 62
35 50 15
35 51 31
35 52 42
35 53 71
35 54 90
35 55 73
35 56 85
35 57 77
35 58 58
35 59 40
35 60 21
35 61 93
35 62 64
35 63 46
35 64 61
35 65 31
35 66 53
35 67 76
35 68 62
35 69 44
35 70 59
35 71 70
35 72 74
35 73 28
35 74 39
35 75 40
35 76 92
35 77 101
35 78 45
35 79 45
35 80 36
35 81 68
35 82 3
35 83 78
35 84 57
35 85 37
35 86 63
35 87 14
35 88 86
35 89 76
35 90 54
35 91 51
35 92 16
35 93 91
35 94 61
35 95 21
35 96 93
35 97 42
35 98 56
35 99 32
35 100 57
36 1 33
36 2 18
36 3 18
36 4 18
36 5 18
36 6 73
36 7 70
36 8 118
36 9 78
36 10 87
36 11 57
36 12 15
36 13 94
36 14 38
36 15 108
36 16 110
36 17 66
36 18 44
36 19 49
36 20 67
36 21 67
36 22 86
36 23 108
36 24 47
36 25 102
36 26 54
36 27 80
36 28 60
36 29 109
36 30 88
36 31 88
36 32 47
36 33 62
36 34 84
36 35 98
36 36 65
36 37 15
36 38 30
36 39 32
36 40 74
36 41 20
36 42 67
36 43 61
36 44 18
36 45 67
36 46 94
36 47 49
36 48 28
36 49 75
36 50 52
36 51 42
36 52 38
36 53 73
36 54 84
36 55 71
36 56 23
36 57 30
36 58 11
36 59 62
36 60 18
36 61 27
36 62 74
36 63 85
36 64 19
36 65 55
36 66 46
36 67 58
36 68 78
36 69 39
36 70 14
36 71 24
36 72 72
36 73 72
36 74 20
36 75 53
36 76 72
36 77 44
36 78 52
36 79 9
36 80 20
36 81 72
36 82 92
36 83 61
36 84 17
36 85 86
36 86 38
36 87 31
36 88 52
36 89 31
36 90 70
36 91 74
36 92 7
36 93 30
36 94 57
36 95 68
36 96 46
36 97 25
36 98 62
36 99 11
36 100 43
37 1 33
37 2 52
37 3 62
37 4 111
37 5 68
37 6 68
37 7 68
37 8 68
37 9 6
37 10 39
37 11 55
37 12 25
37 13 41
37 14 82
37 15 68
37 16 94
37 17 74
37 18 52
37 19 63
37 20 12
37 21 38
37 22 35
37 23 54
37 24 60
37 25 93
37 26 42
37 27 33
37 28 65
37 29 26
37 30 14
37 31 59
37 32 72
37 33 84
37 34 90
37 35 36
37 36 68
37 37 56
37 38 59
37 39 68
37 40 76
37 41 48
37 42 50
37 43 49
37 44 28
37 45 58
37 46 53
37 47 26
37 48 64
37 49 87
37 50 46
37 51 20
37 52 68
37 53 51
37 54 36
37 55 30
37 56 67
37 57 75
37 58 63
37 59 23
37 60 28
37 61 9
37 62 56
37 63 13
37 64 19
37 65 66
37 66 77
37 67 21
37 68 55
37 69 38
37 70 57
37 71 70
37 72 35
37 73 16
37 74 20
37 75 63
37 76 70
37 77 19
37 78 46
37 79 67
37 80 37
37 81 48
37 82 17
37 83 26
37 84 69
37 85 84
37 86 57
37 87 9
37 88 79
37 89 32
37 90 28
37 91 46
37 92 24
37 93 63
37 94 68
37 95 3
37 96 22
37 97 54
37 98 60
37 99 42
37 100 21
38 1 56
38 2 18
38 3 35
38 4 29
38 5 44
38 6 54
38 7 103
38 8 61
38 9 61
38 10 61
38 11 61
38 12 70
38 13 47
38 14 17
38 15 44
38 16 30
38 17 84
38 18 103
38 19 67
38 20 91
38 21 12
38 22 9
38 23 70
38 24 75
38 25 70
38 26 54
38 27 57
38 28 73
38 29 26
38 30 75
38 31 22
38 32 68
38 33 77
38 34 63
38 35 22
38 36 60
38 37 67
38 38 72
38 39 68
38 40 37
38 41 23
38 42 64
38 43 107
38 44 90
38 45 86
38 46 44
38 47 92
38 48 78
38 49 75
38 50 18
38 51 88
38 52 108
38 53 70
38 54 34
38 55 73
38 56 73
38 57 60
38 58 43
38 59 91
38 60 94
38 61 79
38 62 44
38 63 19
38 64 31
38 65 56
38 66 22
38 67 40
38 68 82
38 69 97
38 70 6
38 71 76
38 72 56
38 73 79
38 74 88
38 75 59
38 76 35
38 77 44
38 78 78
38 79 93
38 80 41
38 81 50
38 82 91
38 83 61
38 84 72
38 85 17
38 86 7
38 87 93
38 88 99
38 89 81
38 90 31
38 91 101
38 92 34
38 93 52
38 94 71
38 95 38
38 96 87
38 97 69
38 98 25
38 99 45
38 100 78
39 1 82
39 2 36
39 3 45
39 4 79
39 5 12
39 6 57
39 7 53
39 8 67
39 9 66
39 10 123
39 11 85
39 12 85
39 13 85
39 14 85
39 15 17
39 16 57
39 17 78
39 18 47
39 19 63
39 20 94
39 21 68
39 22 112
39 23 81
39 24 75
39 25 86
39 26 22
39 27 44
39 28 44
39 29 71
39 30 76
39 31 110
39 32 65
39 33 39
39 34 87
39 35 37
39 36 12
39 37 73
39 38 94
39 39 102
39 40 108
39 41 45
39 42 83
39 43 76
39 44 81
39 45 83
39 46 77
39 47 48
39 48 54
39 49 68
39 50 8
39 51 98
39 52 84
39 53 82
39 54 2
39 55 65
39 56 19
39 57 70
39 58 105
39 59 18
39 60 34
39 61 73
39 62 36
39 63 76
39 64 78
39 65 45
39 66 91
39 67 57
39 68 105
39 69 74
39 70 58
39 71 78
39 72 69
39 73 85
39 74 19
39 75 63
39 76 14
39 77 73
39 78 30
39 79 54
39 80 45
39 81 80
39 82 9
39 83 48
39 84 92
39 85 23
39 86 41
39 87 22
39 88 75
39 89 88
39 90 8
39 91 90
39 92 17
39 93 61
39 94 53
39 95 87
39 96 37
39 97 26
39 98 69
39 99 39
39 100 112
40 1 63
40 2 52
40 3 11
40 4 49
40 5 100
40 6 44
40 7 37
40 8 78
40 9 53
40 10 35
40 11 48
40 12 84
40 13 83
40 14 36
40 15 36
40 16 36
40 17 36
40 18 29
40 19 50
40 20 86
40 21 47
40 22 62
40 23 74
40 24 43
40 25 99
40 26 59
40 27 80
40 28 88
40 29 24
40 30 26
40 31 29
40 32 59
40 33 63
40 34 95
40 35 74
40 36 22
40 37 85
40 38 25
40 39 33
40 40 58
40 41 92
40 42 90
40 43 94
40 44 28
40 45 66
40 46 70
40 47 79
40 48 68
40 49 51
40 50 24
40 51 31
40 52 60
40 53 32
40 54 81
40 55 84
40 56 89
40 57 71
40 58 101
40 59 53
40 60 35
40 61 81
40 62 55
40 63 48
40 64 46
40 65 80
40 66 91
40 67 79
40 68 26
40 69 33
40 70 17
40 71 68
40 72 24
40 73 35
40 74 82
40 75 93
40 76 21
40 77 58
40 78 54
40 79 61
40 80 86
40 81 44
40 82 17
40 83 30
40 84 79
40 85 75
40 86 23
40 87 59
40 88 78
40 89 51
40 90 58
40 91 4
40 92 17
40 93 77
40 94 100
40 95 67
40 96 25
40 97 93
40 98 44
40 99 36
40 100 58
41 1 39
41 2 77
41 3 80
41 4 14
41 5 37
41 6 61
41 7 75
41 8 51
41 9 30
41 10 69
41 11 8
41 12 51
41 13 38
41 14 59
41 15 69
41 16 118
41 17 74
41 18 74
41 19 74
41 20 74
41 21 27
41 22 25
41 23 36
41 24 9
41 25 20
41 26 74
41 27 73
41 28 78
41 29 71
41 30 31
41 31 41
41 32 27
41 33 41
41 34 37
41 35 42
41 36 47
41 37 79
41 38 24
41 39 39
41 40 44
41 41 31
41 42 35
41 43 49
41 44 51
41 45 68
41 46 75
41 47 38
41 48 58
41 49 38
41 50 38
41 51 56
41 52 80
41 53 55
41 54 54
41 55 33
41 56 50
41 57 74
41 58 40
41 59 72
41 60 31
41 61 59
41 62 23
41 63 71
41 64 103
41 65 25
41 66 35
41 67 73
41 68 30
41 69 71
41 70 75
41 71 50
41 72 93
41 73 61
41 74 105
41 75 77
41 76 59
41 77 75
41 78 63
41 79 88
41 80 26
41 81 61
41 82 21
41 83 69
41 84 33
41 85 59
41 86 48
41 87 77
41 88 15
41 89 53
41 90 92
41 91 17
41 92 40
41 93 22
41 94 79
41 95 92
41 96 1
41 97 85
41 98 15
41 99 64
41 100 47
42 1 87
42 2 40
42 3 25
42 4 70
42 5 34
42 6 111
42 7 67
42 8 53
42 9 16
42 10 45
42 11 101
42 12 47
42 13 33
42 14 82
42 15 52
42 16 39
42 17 46
42 18 82
42 19 76
42 20 31
42 21 31
42 22 31
42 23 31
42 24 77
42 25 36
42 26 57
42 27 48
42 28 36
42 29 44
42 30 76
42 31 24
42 32 56
42 33 45
42 34 35
42 35 71
42 36 60
42 37 56
42 38 26
42 39 24
42 40 29
42 41 57
42 42 63
42 43 22
42 44 60
42 45 87
42 46 31
42 47 24
42 48 16
42 49 24
42 50 57
42 51 31
42 52 17
42 53 23
42 54 27
42 55 78
42 56 72
42 57 64
42 58 25
42 59 100
42 60 36
42 61 31
42 62 24
42 63 66
42 64 62
42 65 66
42 66 13
42 67 40
42 68 73
42 69 49
42 70 13
42 71 72
42 72 63
42 73 47
42 74 51
42 75 17
42 76 37
42 77 27
42 78 17
42 79 25
42 80 50
42 81 69
42 82 28
42 83 78
42 84 29
42 85 79
42 86 58
42 87 55
42 88 44
42 89 43
42 90 46
42 91 90
42 92 46
42 93 18
42 94 77
42 95 45
42 96 62
42 97 41
42 98 40
42 99 85
42 100 67
43 1 70
43 2 25
43 3 78
43 4 3
43 5 49
43 6 59
43 7 14
43 8 67
43 9 39
43 10 32
43 11 31
43 12 73
43 13 59
43 14 17
43 15 43
43 16 60
43 17 38
43 18 35
43 19 50
43 20 45
43 21 32
43 22 95
43 23 66
43 24 66
43 25 66
43 26 66
43 27 90
43 28 49
43 29 77
43 30 63
43 31 54
43 32 32
43 33 74
43 34 8
43 35 50
43 36 65
43 37 55
43 38 83
43 39 65
43 40 63
43 41 33
43 42 29
43 43 9
43 44 77
43 45 70
43 46 42
43 47 69
43 48 100
43 49 33
43 50 44
43 51 4
43 52 3
43 53 63
43 54 27
43 55 35
43 56 43
43 57 24
43 58 73
43 59 75
43 60 66
43 61 39
43 62 112
43 63 22
43 64 51
43 65 6
43 66 75
43 67 78
43 68 69
43 69 10
43 70 40
43 71 70
43 72 46
43 73 10
43 74 68
43 75 60
43 76 44
43 77 48
43 78 20
43 79 35
43 80 29
43 81 17
43 82 22
43 83 47
43 84 65
43 85 29
43 86 75
43 87 25
43 88 76
43 89 54
43 90 52
43 91 43
43 92 40
43 93 43
43 94 87
43 95 44
43 96 18
43 97 73
43 98 41
43 99 59
43 100 41
44 1 42
44 2 81
44 3 64
44 4 66
44 5 23
44 6 74
44 7 7
44 8 45
44 9 55
44 10 10
44 11 63
44 12 40
44 13 31
44 14 27
44 15 70
44 16 55
44 17 21
44 18 40
44 19 56
44 20 39
44 21 31
44 22 47
44 23 41
44 24 30
44 25 91
44 26 62
44 27 62
44 28 62
44 29 62
44 30 54
44 31 18
44 32 37
44 33 24
44 34 9
44 35 57
44 36 73
44 37 50
44 38 61
44 39 24
44 40 23
44 41 50
44 42 47
44 43 43
44 44 24
44 45 28
44 46 53
44 47 33
44 48 48
44 49 17
44 50 43
44 51 63
44 52 33
44 53 25
44 54 41
44 55 48
44 56 44
44 57 40
44 58 10
44 59 12
44 60 36
44 61 77
44 62 62
44 63 57
44 64 14
44 65 77
44 66 52
44 67 18
44 68 46
44 69 47
44 70 36
44 71 47
44 72 21
44 73 52
44 74 65
44 75 44
44 76 18
44 77 71
44 78 69
44 79 54
44 80 40
44 81 15
44 82 26
44 83 39
44 84 5
44 85 20
44 86 57
44 87 73
44 88 19
44 89 69
44 90 32
44 91 71
44 92 63
44 93 47
44 94 33
44 95 34
44 96 53
44 97 83
44 98 35
44 99 29
44 100 74
45 1 41
45 2 57
45 3 29
45 4 31
45 5 79
45 6 74
45 7 65
45 8 16
45 9 79
45 10 14
45 11 40
45 12 54
45 13 14
45 14 66
45 15 51
45 16 21
45 17 26
45 18 66
45 19 60
45 20 25
45 21 34
45 22 59
45 23 27
45 24 34
45 25 42
45 26 44
45 27 41
45 28 99
45 29 65
45 30 65
45 31 65
45 32 65
45 33 29
45 34 70
45 35 78
45 36 57
45 37 71
45 38 111
45 39 88
45 40 126
45 41 100
45 42 79
45 43 92
45 44 37
45 45 63
45 46 62
45 47 86
45 48 91
45 49 125
45 50 66
45 51 57
45 52 96
45 53 53
45 54 18
45 55 89
45 56 102
45 57 116
45 58 122
45 59 62
45 60 99
45 61 87
45 62 90
45 63 98
45 64 96
45 65 67
45 66 73
45 67 81
45 68 14
45 69 115
45 70 90
45 71 118
45 72 47
45 73 45
45 74 57
45 75 101
45 76 43
45 77 5
45 78 24
45 79 61
45 80 43
45 81 76
45 82 74
45 83 27
45 84 74
45 85 39
45 86 93
45 87 58
45 88 44
45 89 75
45 90 71
45 91 68
45 92 10
45 93 54
45 94 10
45 95 72
45 96 14
45 97 36
45 98 28
45 99 76
45 100 22
46 1 30
46 2 81
46 3 33
46 4 32
46 5 17
46 6 56
46 7 70
46 8 25
46 9 89
46 10 22
46 11 45
46 12 60
46 13 72
46 14 21
46 15 21
46 16 56
46 17 43
46 18 102
46 19 46
46 20 39
46 21 8
46 22 50
46 23 86
46 24 27
46 25 38
46 26 60
46 27 44
46 28 19
46 29 43
46 30 76
46 31 90
46 32 39
46 33 39
46 34 39
46 35 39
46 36 49
46 37 47
46 38 16
46 39 35
46 40 33
46 41 95
46 42 100
46 43 89
46 44 95
46 45 22
46 46 36
46 47 52
46 48 68
46 49 64
46 50 62
46 51 67
46 52 93
46 53 8
46 54 66
46 55 46
46 56 58
46 57 52
46 58 70
46 59 50
46 60 81
46 61 88
46 62 65
46 63 79
46 64 51
46 65 43
46 66 76
46 67 106
46 68 83
46 69 81
46 70 52
46 71 67
46 72 93
46 73 38
46 74 87
46 75 58
46 76 27
46 77 65
46 78 59
46 79 55
46 80 81
46 81 72
46 82 39
46 83 78
46 84 47
46 85 31
46 86 86
46 87 56
46 88 74
46 89 23
46 90 58
46 91 56
46 92 34
46 93 57
46 94 69
46 95 106
46 96 42
46 97 105
46 98 44
46 99 83
46 100 82
47 1 75
47 2 29
47 3 113
47 4 81
47 5 24
47 6 90
47 7 64
47 8 83
47 9 82
47 10 81
47 11 103
47 12 41
47 13 87
47 14 62
47 15 75
47 16 40
47 17 79
47 18 79
47 19 46
47 20 73
47 21 15
47 22 71
47 23 59
47 24 97
47 25 61
47 26 42
47 27 76
47 28 70
47 29 80
47 30 52
47 31 80
47 32 56
47 33 20
47 34 78
47 35 74
47 36 74
47 37 74
47 38 74
47 39 50
47 40 28
47 41 77
47 42 39
47 43 45
47 44 33
47 45 29
47 46 59
47 47 23
47 48 66
47 49 67
47 50 42
47 51 16
47 52 16
47 53 24
47 54 25
47 55 54
47 56 68
47 57 21
47 58 59
47 59 25
47 60 60
47 61 19
47 62 66
47 63 51
47 64 53
47 65 16
47 66 25
47 67 40
47 68 54
47 69 27
47 70 34
47 71 23
47 72 15
47 73 31
47 74 68
47 75 39
47 76 62
47 77 48
47 78 31
47 79 52
47 80 22
47 81 50
47 82 36
47 83 31
47 84 32
47 85 37
47 86 78
47 87 47
47 88 31
47 89 84
47 90 54
47 91 72
47 92 21
47 93 56
47 94 54
47 95 34
47 96 57
47 97 66
47 98 104
47 99 41
47 100 104
48 1 44
48 2 81
48 3 80
48 4 73
48 5 29
48 6 112
48 7 79
48 8 22
48 9 89
48 10 63
48 11 82
48 12 80
48 13 79
48 14 102
48 15 42
48 16 86
48 17 60
48 18 75
48 19 38
48 20 77
48 21 77
48 22 44
48 23 72
48 24 14
48 25 69
48 26 57
48 27 95
48 28 61
48 29 39
48 30 74
48 31 69
48 32 77
48 33 51
48 34 78
48 35 55
48 36 19
48 37 78
48 38 74
48 39 74
48 40 74
48 41 74
48 42 81
48 43 44
48 44 84
48 45 60
48 46 55
48 47 13
48 48 54
48 49 27
48 50 30
48 51 71
48 52 65
48 53 74
48 54 52
48 55 50
48 56 27
48 57 22
48 58 19
48 59 81
48 60 56
48 61 52
48 62 58
48 63 92
48 64 21
48 65 56
48 66 22
48 67 21
48 68 50
48 69 12
48 70 38
48 71 51
48 72 13
48 73 53
48 74 58
48 75 49
48 76 36
48 77 102
48 78 5
48 79 60
48 80 15
48 81 64
48 82 75
48 83 56
48 84 38
48 85 68
48 86 7
48 87 68
48 88 84
48 89 29
48 90 67
48 91 69
48 92 41
48 93 83
48 94 51
48 95 96
48 96 67
48 97 49
48 98 69
48 99 60
48 100 79
49 1 22
49 2 53
49 3 18
49 4 64
49 5 23
49 6 49
49 7 38
49 8 70
49 9 19
49 10 43
49 11 83
49 12 17
49 13 31
49 14 12
49 15 70
49 16 82
49 17 11
49 18 81
49 19 8
49 20 54
49 21 46
49 22 78
49 23 31
49 24 16
49 25 61
49 26 31
49 27 103
49 28 57
49 29 44
49 30 9
49 31 40
49 32 92
49 33 37
49 34 28
49 35 73
49 36 43
49 37 29
49 38 38
49 39 75
49 40 76
49 41 27
49 42 27
49 43 27
49 44 27
49 45 45
49 46 19
49 47 30
49 48 16
49 49 2
49 50 65
49 51 75
49 52 61
49 53 66
49 54 19
49 55 24
49 56 43
49 57 46
49 58 42
49 59 31
49 60 36
49 61 63
49 62 24
49 63 46
49 64 25
49 65 39
49 66 54
49 67 40
49 68 32
49 69 52
49 70 59
49 71 43
49 72 48
49 73 21
49 74 19
49 75 45
49 76 81
49 77 62
49 78 58
49 79 21
49 80 69
49 81 62
49 82 21
49 83 57
49 84 43
49 85 26
49 86 45
49 87 32
49 88 42
49 89 50
49 90 66
49 91 40
49 92 79
49 93 15
49 94 29
49 95 76
49 96 85
49 97 75
49 98 74
49 99 75
49 100 57
50 1 26
50 2 5
50 3 90
50 4 76
50 5 41
50 6 73
50 7 16
50 8 61
50 9 79
50 10 66
50 11 31
50 12 74
50 13 74
50 14 64
50 15 43
50 16 42
50 17 50
50 18 93
50 19 100
50 20 60
50 21 28
50 22 48
50 23 67
50 24 16
50 25 71
50 26 63
50 27 46
50 28 59
50 29 25
50 30 74
50 31 77
50 32 54
50 33 63
50 34 18
50 35 83
50 36 65
50 37 29
50 38 93
50 39 41
50 40 62
50 41 32
50 42 45
50 43 27
50 44 29
50 45 29
50 46 29
50 47 29
50 48 41
50 49 38
50 50 21
50 51 25
50 52 25
50 53 87
50 54 90
50 55 84
50 56 86
50 57 21
50 58 35
50 59 43
50 60 59
50 61 54
50 62 54
50 63 59
50 64 87
50 65 8
50 66 56
50 67 43
50 68 48
50 69 46
50 70 62
50 71 48
50 72 75
50 73 82
50 74 56
50 75 70
50 76 44
50 77 38
50 78 68
50 79 97
50 80 73
50 81 71
50 82 44
50 83 61
50 84 85
50 85 35
50 86 80
50 87 49
50 88 18
50 89 55
50 90 53
50 91 46
50 92 73
50 93 74
50 94 30
50 95 94
50 96 60
50 97 45
50 98 33
50 99 58
50 100 34
51 1 67
51 2 43
51 3 23
51 4 46
51 5 46
51 6 57
51 7 40
51 8 25
51 9 38
51 10 44
51 11 19
51 12 37
51 13 23
51 14 46
51 15 46
51 16 32
51 17 54
51 18 31
51 19 3
51 20 16
51 21 53
51 22 64
51 23 39
51 24 61
51 25 23
51 26 31
51 27 42
51 28 50
51 29 20
51 30 13
51 31 33
51 32 26
51 33 74
51 34 38
51 35 17
51 36 30
51 37 26
51 38 64
51 39 23
51 40 18
51 41 55
51 42 15
51 43 19
51 44 13
51 45 47
51 46 69
51 47 23
51 48 23
51 49 23
51 50 23
51 51 61
51 52 31
51 53 79
51 54 45
51 55 47
51 56 22
51 57 34
51 58 48
51 59 17
51 60 67
51 61 65
51 62 52
51 63 28
51 64 27
51 65 20
51 66 18
51 67 42
51 68 72
51 69 33
51 70 55
51 71 36
51 72 71
51 73 11
51 74 62
51 75 41
51 76 43
51 77 27
51 78 14
51 79 37
51 80 52
51 81 17
51 82 36
51 83 34
51 84 26
51 85 30
51 86 79
51 87 27
51 88 61
51 89 37
51 90 42
51 91 59
51 92 33
51 93 45
51 94 47
51 95 20
51 96 43
51 97 65
51 98 39
51 99 33
51 100 44
52 1 30
52 2 70
52 3 38
52 4 84
52 5 54
52 6 37
52 7 63
52 8 58
52 9 66
52 10 22
52 11 43
52 12 20
52 13 59
52 14 11
52 15 37
52 16 25
52 17 63
52 18 29
52 19 31
52 20 72
52 21 25
52 22 21
52 23 5
52 24 57
52 25 70
52 26 24
52 27 77
52 28 13
52 29 41
52 30 48
52 31 65
52 32 18
52 33 9
52 34 48
52 35 31
52 36 92
52 37 44
52 38 31
52 39 12
52 40 37
52 41 79
52 42 25
52 43 26
52 44 60
52 45 33
52 46 16
52 47 30
52 48 65
52 49 78
52 50 28
52 51 28
52 52 28
52 53 28
52 54 51
52 55 34
52 56 15
52 57 27
52 58 17
52 59 79
52 60 90
52 61 71
52 62 81
52 63 7
52 64 20
52 65 51
52 66 60
52 67 55
52 68 46
52 69 51
52 70 75
52 71 11
52 72 59
52 73 28
52 74 51
52 75 58
52 76 55
52 77 33
52 78 63
52 79 70
52 80 56
52 81 62
52 82 33
52 83 24
52 84 59
52 85 95
52 86 75
52 87 72
52 88 36
52 89 73
52 90 76
52 91 20
52 92 69
52 93 54
52 94 28
52 95 58
52 96 40
52 97 52
52 98 64
52 99 78
52 100 42
53 1 94
53 2 49
53 3 34
53 4 52
53 5 69
53 6 58
53 7 62
53 8 57
53 9 40
53 10 21
53 11 19
53 12 73
53 13 65
53 14 24
53 15 63
53 16 16
53 17 47
53 18 62
53 19 49
53 20 24
53 21 67
53 22 58
53 23 51
53 24 39
53 25 27
53 26 39
53 27 75
53 28 83
53 29 54
53 30 34
53 31 40
53 32 50
53 33 26
53 34 55
53 35 47
53 36 35
53 37 42
53 38 21
53 39 64
53 40 60
53 41 37
53 42 53
53 43 9
53 44 67
53 45 49
53 46 20
53 47 76
53 48 23
53 49 47
53 50 15
53 51 34
53 52 44
53 53 23
53 54 23
53 55 23
53 56 23
53 57 27
53 58 53
53 59 86
53 60 49
53 61 64
53 62 79
53 63 48
53 64 103
53 65 64
53 66 81
53 67 89
53 68 23
53 69 31
53 70 33
53 71 63
53 72 67
53 73 100
53 74 74
53 75 26
53 76 87
53 77 28
53 78 29
53 79 63
53 80 95
53 81 94
53 82 98
53 83 33
53 84 71
53 85 73
53 86 82
53 87 72
53 88 57
53 89 29
53 90 36
53 91 63
53 92 27
53 93 86
53 94 86
53 95 93
53 96 23
53 97 48
53 98 27
53 99 86
53 100 22
54 1 77
54 2 21
54 3 39
54 4 49
54 5 81
54 6 81
54 7 36
54 8 41
54 9 78
54 10 51
54 11 70
54 12 58
54 13 11
54 14 28
54 15 84
54 16 96
54 17 39
54 18 94
54 19 17
54 20 76
54 21 85
54 22 74
54 23 13
54 24 98
54 25 82
54 26 45
54 27 70
54 28 55
54 29 70
54 30 92
54 31 96
54 32 86
54 33 10
54 34 72
54 35 67
54 36 48
54 37 58
54 38 74
54 39 66
54 40 53
54 41 52
54 42 46
54 43 78
54 44 58
54 45 84
54 46 40
54 47 66
54 48 74
54 49 52
54 50 91
54 51 46
54 52 75
54 53 44
54 54 25
54 55 46
54 56 54
54 57 54
54 58 54
54 59 54
54 60 79
54 61 38
54 62 72
54 63 54
54 64 45
54 65 26
54 66 64
54 67 19
54 68 41
54 69 60
54 70 52
54 71 72
54 72 54
54 73 52
54 74 22
54 75 17
54 76 17
54 77 70
54 78 58
54 79 39
54 80 57
54 81 89
54 82 22
54 83 42
54 84 10
54 85 14
54 86 52
54 87 16
54 88 27
54 89 39
54 90 13
54 91 64
54 92 63
54 93 55
54 94 29
54 95 101
54 96 18
54 97 47
54 98 10
54 99 64
54 100 69
55 1 58
55 2 24
55 3 67
55 4 12
55 5 72
55 6 79
55 7 68
55 8 11
55 9 27
55 10 49
55 11 65
55 12 36
55 13 72
55 14 84
55 15 69
55 16 24
55 17 16
55 18 99
55 19 96
55 20 50
55 21 93
55 22 18
55 23 79
55 24 94
55 25 81
55 26 29
55 27 94
55 28 90
55 29 65
55 30 63
55 31 59
55 32 70
55 33 105
55 34 111
55 35 80
55 36 13
55 37 68
55 38 79
55 39 35
55 40 76
55 41 80
55 42 65
55 43 67
55 44 46
55 45 68
55 46 90
55 47 67
55 48 83
55 49 37
55 50 85
55 51 81
55 52 49
55 53 105
55 54 54
55 55 79
55 56 48
55 57 45
55 58 25
55 59 49
55 60 49
55 61 49
55 62 49
55 63 56
55 64 62
55 65 107
55 66 66
55 67 78
55 68 64
55 69 20
55 70 97
55 71 45
55 72 98
55 73 102
55 74 49
55 75 33
55 76 38
55 77 63
55 78 65
55 79 90
55 80 96
55 81 34
55 82 96
55 83 41
55 84 62
55 85 58
55 86 104
55 87 89
55 88 91
55 89 37
55 90 63
55 91 79
55 92 91
55 93 66
55 94 28
55 95 18
55 96 25
55 97 68
55 98 60
55 99 73
55 100 98
56 1 85
56 2 41
56 3 72
56 4 35
56 5 90
56 6 45
56 7 69
56 8 15
56 9 67
56 10 19
56 11 80
56 12 87
56 13 41
56 14 15
56 15 80
56 16 94
56 17 72
56 18 62
56 19 16
56 20 32
56 21 86
56 22 101
56 23 43
56 24 99
56 25 22
56 26 80
56 27 89
56 28 78
56 29 16
56 30 103
56 31 86
56 32 46
56 33 75
56 34 59
56 35 75
56 36 95
56 37 98
56 38 91
56 39 11
56 40 77
56 41 71
56 42 53
56 43 60
56 44 79
56 45 71
56 46 56
56 47 57
56 48 45
56 49 81
56 50 62
56 51 89
56 52 45
56 53 66
56 54 78
56 55 57
56 56 94
56 57 50
56 58 79
56 59 48
56 60 27
56 61 48
56 62 59
56 63 59
56 64 59
56 65 59
56 66 33
56 67 12
56 68 41
56 69 4
56 70 13
56 71 61
56 72 64
56 73 66
56 74 59
56 75 32
56 76 38
56 77 29
56 78 33
56 79 29
56 80 29
56 81 34
56 82 66
56 83 32
56 84 32
56 85 37
56 86 25
56 87 43
56 88 36
56 89 44
56 90 56
56 91 62
56 92 30
56 93 45
56 94 26
56 95 31
56 96 43
56 97 70
56 98 48
56 99 45
56 100 21
57 1 57
57 2 60
57 3 35
57 4 59
57 5 29
57 6 19
57 7 32
57 8 40
57 9 28
57 10 49
57 11 52
57 12 30
57 13 67
57 14 41
57 15 34
57 16 26
57 17 60
57 18 21
57 19 34
57 20 57
57 21 42
57 22 89
57 23 100
57 24 23
57 25 63
57 26 61
57 27 66
57 28 93
57 29 50
57 30 24
57 31 37
57 32 86
57 33 80
57 34 30
57 35 65
57 36 85
57 37 58
57 38 65
57 39 7
57 40 14
57 41 83
57 42 107
57 43 74
57 44 32
57 45 101
57 46 49
57 47 43
57 48 65
57 49 46
57 50 84
57 51 85
57 52 22
57 53 45
57 54 67
57 55 83
57 56 54
57 57 37
57 58 77
57 59 9
57 60 58
57 61 45
57 62 67
57 63 76
57 64 126
57 65 82
57 66 82
57 67 82
57 68 82
57 69 64
57 70 60
57 71 108
57 72 68
57 73 77
57 74 52
57 75 7
57 76 88
57 77 33
57 78 98
57 79 100
57 80 56
57 81 34
57 82 38
57 83 58
57 84 58
57 85 80
57 86 98
57 87 36
57 88 93
57 89 44
57 90 71
57 91 51
57 92 100
57 93 81
57 94 82
57 95 37
57 96 54
57 97 75
57 98 88
57 99 58
57 100 14
58 1 20
58 2 21
58 3 65
58 4 71
58 5 62
58 6 96
58 7 76
58 8 46
58 9 76
58 10 37
58 11 84
58 12 51
58 13 59
58 14 24
58 15 74
58 16 5
58 17 73
58 18 82
58 19 41
58 20 6
58 21 78
58 22 91
58 23 85
58 24 25
58 25 29
58 26 52
58 27 57
58 28 93
58 29 30
58 30 92
58 31 39
58 32 70
58 33 69
58 34 62
58 35 24
58 36 101
58 37 68
58 38 14
58 39 79
58 40 52
58 41 71
58 42 70
58 43 70
58 44 92
58 45 42
58 46 76
58 47 49
58 48 68
58 49 29
58 50 65
58 51 67
58 52 33
58 53 63
58 54 21
58 55 58
58 56 46
58 57 84
58 58 52
58 59 34
58 60 62
58 61 59
58 62 68
58 63 40
58 64 66
58 65 45
58 66 9
58 67 75
58 68 64
58 69 64
58 70 64
58 71 64
58 72 55
58 73 16
58 74 42
58 75 26
58 76 14
58 77 51
58 78 69
58 79 45
58 80 55
58 81 30
58 82 27
58 83 50
58 84 45
58 85 40
58 86 19
58 87 22
58 88 47
58 89 39
58 90 46
58 91 19
58 92 41
58 93 65
58 94 28
58 95 27
58 96 36
58 97 43
58 98 41
58 99 34
58 100 5
59 1 14
59 2 30
59 3 73
59 4 59
59 5 53
59 6 9
59 7 79
59 8 47
59 9 23
59 10 41
59 11 47
59 12 40
59 13 46
59 14 18
59 15 48
59 16 35
59 17 65
59 18 52
59 19 73
59 20 21
59 21 12
59 22 37
59 23 68
59 24 5
59 25 17
59 26 37
59 27 49
59 28 31
59 29 22
59 30 74
59 31 58
59 32 27
59 33 56
59 34 24
59 35 42
59 36 60
59 37 46
59 38 32
59 39 59
59 40 55
59 41 56
59 42 31
59 43 23
59 44 32
59 45 75
59 46 83
59 47 46
59 48 41
59 49 32
59 50 50
59 51 22
59 52 59
59 53 43
59 54 28
59 55 44
59 56 13
59 57 71
59 58 59
59 59 36
59 60 46
59 61 3
59 62 72
59 63 46
59 64 12
59 65 76
59 66 23
59 67 43
59 68 14
59 69 41
59 70 46
59 71 15
59 72 15
59 73 15
59 74 15
59 75 89
59 76 50
59 77 86
59 78 66
59 79 59
59 80 21
59 81 64
59 82 18
59 83 39
59 84 73
59 85 64
59 86 82
59 87 61
59 88 59
59 89 33
59 90 28
59 91 9
59 92 84
59 93 66
59 94 51
59 95 66
59 96 100
59 97 30
59 98 54
59 99 16
59 100 12
60 1 59
60 2 21
60 3 41
60 4 52
60 5 20
60 6 62
60 7 68
60 8 59
60 9 41
60 10 110
60 11 10
60 12 60
60 13 7
60 14 73
60 15 81
60 16 66
60 17 36
60 18 77
60 19 15
60 20 77
60 21 90
60 22 68
60 23 25
60 24 41
60 25 57
60 26 67
60 27 49
60 28 52
60 29 20
60 30 54
60 31 35
60 32 50
60 33 103
60 34 75
60 35 55
60 36 72
60 37 33
60 38 65
60 39 87
60 40 73
60 41 48
60 42 69
60 43 82
60 44 81
60 45 38
60 46 50
60 47 52
60 48 103
60 49 112
60 50 54
60 51 43
60 52 47
60 53 78
60 54 9
60 55 86
60 56 69
60 57 49
60 58 73
60 59 26
60 60 91
60 61 87
60 62 64
60 63 62
60 64 26
60 65 99
60 66 73
60 67 33
60 68 104
60 69 52
60 70 68
60 71 42
60 72 62
60 73 22
60 74 29
60 75 29
60 76 29
60 77 29
60 78 90
60 79 52
60 80 90
60 81 68
60 82 62
60 83 16
60 84 61
60 85 22
60 86 36
60 87 77
60 88 69
60 89 82
60 90 61
60 91 59
60 92 35
60 93 30
60 94 13
60 95 87
60 96 65
60 97 56
60 98 67
60 99 101
60 100 30
61 1 59
61 2 21
61 3 17
61 4 59
61 5 21
61 6 44
61 7 56
61 8 21
61 9 59
61 10 66
61 11 58
61 12 44
61 13 111
61 14 6
61 15 65
61 16 12
61 17 73
61 18 83
61 19 65
61 20 41
61 21 77
61 22 15
61 23 76
61 24 92
61 25 65
61 26 29
61 27 45
61 28 57
61 29 64
61 30 53
61 31 57
61 32 25
61 33 52
61 34 35
61 35 47
61 36 75
61 37 44
61 38 54
61 39 47
61 40 85
61 41 33
61 42 9
61 43 22
61 44 81
61 45 61
61 46 14
61 47 67
61 48 68
61 49 45
61 50 48
61 51 18
61 52 32
61 53 65
61 54 100
61 55 56
61 56 27
61 57 87
61 58 53
61 59 27
61 60 48
61 61 44
61 62 70
61 63 89
61 64 18
61 65 35
61 66 48
61 67 70
61 68 62
61 69 22
61 70 62
61 71 22
61 72 49
61 73 28
61 74 56
61 75 74
61 76 114
61 77 67
61 78 67
61 79 67
61 80 67
61 81 23
61 82 40
61 83 40
61 84 24
61 85 35
61 86 88
61 87 82
61 88 93
61 89 83
61 90 40
61 91 52
61 92 28
61 93 50
61 94 46
61 95 57
61 96 63
61 97 94
61 98 27
61 99 46
61 100 58
62 1 39
62 2 27
62 3 63
62 4 64
62 5 84
62 6 90
62 7 48
62 8 73
62 9 53
62 10 52
62 11 71
62 12 89
62 13 62
62 14 63
62 15 49
62 16 41
62 17 89
62 18 52
62 19 88
62 20 37
62 21 9
62 22 45
62 23 65
62 24 32
62 25 77
62 26 62
62 27 12
62 28 84
62 29 68
62 30 59
62 31 45
62 32 77
62 33 46
62 34 54
62 35 85
62 36 63
62 37 62
62 38 77
62 39 21
62 40 41
62 41 44
62 42 92
62 43 70
62 44 68
62 45 54
62 46 55
62 47 57
62 48 104
62 49 56
62 50 22
62 51 92
62 52 59
62 53 77
62 54 44
62 55 39
62 56 99
62 57 77
62 58 85
62 59 37
62 60 92
62 61 12
62 62 61
62 63 74
62 64 29
62 65 82
62 66 37
62 67 41
62 68 45
62 69 87
62 70 74
62 71 5
62 72 56
62 73 75
62 74 41
62 75 50
62 76 63
62 77 60
62 78 42
62 79 107
62 80 81
62 81 81
62 82 81
62 83 81
62 84 38
62 85 51
62 86 92
62 87 51
62 88 65
62 89 67
62 90 32
62 91 95
62 92 50
62 93 84
62 94 90
62 95 32
62 96 23
62 97 27
62 98 57
62 99 60
62 100 90
63 1 80
63 2 21
63 3 86
63 4 27
63 5 44
63 6 54
63 7 94
63 8 86
63 9 90
63 10 26
63 11 61
63 12 69
63 13 81
63 14 63
63 15 41
63 16 15
63 17 23
63 18 59
63 19 43
63 20 75
63 21 87
63 22 84
63 23 25
63 24 55
63 25 21
63 26 82
63 27 27
63 28 67
63 29 5
63 30 49
63 31 32
63 32 75
63 33 78
63 34 30
63 35 25
63 36 69
63 37 83
63 38 90
63 39 28
63 40 48
63 41 38
63 42 64
63 43 55
63 44 38
63 45 81
63 46 33
63 47 59
63 48 60
63 49 52
63 50 20
63 51 89
63 52 58
63 53 17
63 54 68
63 55 40
63 56 59
63 57 63
63 58 66
63 59 80
63 60 40
63 61 65
63 62 40
63 63 59
63 64 27
63 65 55
63 66 55
63 67 24
63 68 53
63 69 32
63 70 50
63 71 36
63 72 73
63 73 42
63 74 37
63 75 52
63 76 48
63 77 62
63 78 28
63 79 56
63 80 34
63 81 6
63 82 70
63 83 54
63 84 54
63 85 54
63 86 54
63 87 75
63 88 52
63 89 101
63 90 65
63 91 68
63 92 22
63 93 24
63 94 59
63 95 4
63 96 89
63 97 87
63 98 66
63 99 40
63 100 41
64 1 41
64 2 39
64 3 51
64 4 93
64 5 45
64 6 76
64 7 50
64 8 85
64 9 32
64 10 82
64 11 54
64 12 53
64 13 41
64 14 30
64 15 58
64 16 73
64 17 34
64 18 20
64 19 37
64 20 30
64 21 51
64 22 90
64 23 33
64 24 82
64 25 48
64 26 55
64 27 79
64 28 45
64 29 64
64 30 60
64 31 33
64 32 46
64 33 82
64 34 27
64 35 51
64 36 64
64 37 42
64 38 29
64 39 64
64 40 75
64 41 59
64 42 26
64 43 29
64 44 13
64 45 77
64 46 54
64 47 16
64 48 97
64 49 26
64 50 76
64 51 95
64 52 81
64 53 41
64 54 85
64 55 90
64 56 77
64 57 53
64 58 58
64 59 64
64 60 108
64 61 116
64 62 70
64 63 29
64 64 61
64 65 83
64 66 23
64 67 85
64 68 78
64 69 61
64 70 74
64 71 38
64 72 83
64 73 93
64 74 70
64 75 76
64 76 33
64 77 96
64 78 81
64 79 44
64 80 109
64 81 56
64 82 78
64 83 48
64 84 56
64 85 11
64 86 42
64 87 42
64 88 42
64 89 42
64 90 55
64 91 45
64 92 7
64 93 35
64 94 29
64 95 91
64 96 100
64 97 81
64 98 93
64 99 12
64 100 26
65 1 57
65 2 69
65 3 65
65 4 57
65 5 62
65 6 86
65 7 6
65 8 68
65 9 37
65 10 60
65 11 60
65 12 66
65 13 40
65 14 73
65 15 80
65 16 66
65 17 74
65 18 44
65 19 34
65 20 71
65 21 106
65 22 84
65 23 81
65 24 47
65 25 75
65 26 87
65 27 28
65 28 80
65 29 61
65 30 32
65 31 67
65 32 50
65 33 59
65 34 76
65 35 87
65 36 45
65 37 104
65 38 60
65 39 45
65 40 62
65 41 96
65 42 36
65 43 35
65 44 72
65 45 79
65 46 68
65 47 91
65 48 22
65 49 43
65 50 83
65 51 28
65 52 9
65 53 23
65 54 50
65 55 38
65 56 68
65 57 21
65 58 43
65 59 81
65 60 15
65 61 30
65 62 11
65 63 70
65 64 82
65 65 12
65 66 78
65 67 5
65 68 53
65 69 43
65 70 76
65 71 31
65 72 14
65 73 59
65 74 28
65 75 101
65 76 57
65 77 42
65 78 11
65 79 37
65 80 90
65 81 37
65 82 25
65 83 73
65 84 41
65 85 29
65 86 36
65 87 72
65 88 74
65 89 24
65 90 24
65 91 24
65 92 24
65 93 26
65 94 45
65 95 41
65 96 29
65 97 39
65 98 94
65 99 86
65 100 98
66 1 88
66 2 42
66 3 56
66 4 31
66 5 55
66 6 51
66 7 62
66 8 68
66 9 99
66 10 29
66 11 51
66 12 61
66 13 43
66 14 27
66 15 69
66 16 67
66 17 89
66 18 95
66 19 52
66 20 78
66 21 58
66 22 56
66 23 76
66 24 94
66 25 67
66 26 68
66 27 54
66 28 41
66 29 94
66 30 55
66 31 93
66 32 41
66 33 14
66 34 50
66 35 70
66 36 36
66 37 82
66 38 66
66 39 14
66 40 89
66 41 73
66 42 63
66 43 50
66 44 81
66 45 50
66 46 58
66 47 90
66 48 68
66 49 67
66 50 82
66 51 25
66 52 47
66 53 76
66 54 9
66 55 27
66 56 92
66 57 49
66 58 35
66 59 56
66 60 34
66 61 42
66 62 71
66 63 14
66 64 20
66 65 9
66 66 68
66 67 79
66 68 23
66 69 66
66 70 7
66 71 47
66 72 35
66 73 68
66 74 29
66 75 7
66 76 51
66 77 18
66 78 89
66 79 53
66 80 35
66 81 21
66 82 26
66 83 82
66 84 35
66 85 14
66 86 70
66 87 31
66 88 27
66 89 24
66 90 61
66 91 65
66 92 14
66 93 14
66 94 14
66 95 14
66 96 74
66 97 37
66 98 78
66 99 52
66 100 48
67 1 16
67 2 52
67 3 29
67 4 29
67 5 65
67 6 59
67 7 67
67 8 46
67 9 44
67 10 20
67 11 14
67 12 23
67 13 74
67 14 50
67 15 47
67 16 51
67 17 85
67 18 14
67 19 52
67 20 22
67 21 23
67 22 44
67 23 5
67 24 32
67 25 45
67 26 5
67 27 52
67 28 53
67 29 45
67 30 29
67 31 95
67 32 12
67 33 55
67 34 18
67 35 58
67 36 68
67 37 50
67 38 33
67 39 61
67 40 1
67 41 63
67 42 76
67 43 56
67 44 20
67 45 35
67 46 42
67 47 54
67 48 40
67 49 47
67 50 27
67 51 39
67 52 19
67 53 38
67 54 61
67 55 36
67 56 31
67 57 84
67 58 73
67 59 21
67 60 25
67 61 55
67 62 41
67 63 101
67 64 59
67 65 5
67 66 84
67 67 53
67 68 72
67 69 54
67 70 52
67 71 94
67 72 61
67 73 78
67 74 39
67 75 80
67 76 12
67 77 60
67 78 68
67 79 24
67 80 71
67 81 25
67 82 46
67 83 42
67 84 84
67 85 62
67 86 15
67 87 56
67 88 66
67 89 52
67 90 41
67 91 62
67 92 50
67 93 25
67 94 92
67 95 71
67 96 71
67 97 71
67 98 71
67 99 16
67 100 57
68 1 68
68 2 44
68 3 58
68 4 99
68 5 79
68 6 112
68 7 88
68 8 67
68 9 79
68 10 25
68 11 51
68 12 50
68 13 73
68 14 78
68 15 112
68 16 55
68 17 46
68 18 83
68 19 41
68 20 6
68 21 76
68 22 89
68 23 103
68 24 109
68 25 51
68 26 86
68 27 74
68 28 77
68 29 86
68 30 87
68 31 58
68 32 62
68 33 67
68 34 15
68 35 102
68 36 78
68 37 105
68 38 36
68 39 32
68 40 46
68 41 87
68 42 31
68 43 91
68 44 53
68 45 18
68 46 80
68 47 88
68 48 81
68 49 51
68 50 72
68 51 69
68 52 79
68 53 105
68 54 65
68 55 72
68 56 79
68 57 47
68 58 60
68 59 75
68 60 36
68 61 53
68 62 95
68 63 107
68 64 83
68 65 80
68 66 82
68 67 30
68 68 57
68 69 84
68 70 55
68 71 64
68 72 4
68 73 10
68 74 83
68 75 101
68 76 73
68 77 27
68 78 97
68 79 41
68 80 43
68 81 63
68 82 40
68 83 82
68 84 78
68 85 18
68 86 41
68 87 67
68 88 79
68 89 47
68 90 36
68 91 74
68 92 2
68 93 54
68 94 44
68 95 63
68 96 70
68 97 121
68 98 79
68 99 79
68 100 79
69 1 79
69 2 27
69 3 16
69 4 56
69 5 15
69 6 28
69 7 57
69 8 51
69 9 70
69 10 50
69 11 47
69 12 53
69 13 20
69 14 19
69 15 15
69 16 30
69 17 35
69 18 69
69 19 45
69 20 17
69 21 50
69 22 10
69 23 37
69 24 34
69 25 58
69 26 61
69 27 66
69 28 16
69 29 43
69 30 36
69 31 44
69 32 43
69 33 57
69 34 34
69 35 32
69 36 27
69 37 49
69 38 59
69 39 50
69 40 62
69 41 15
69 42 25
69 43 17
69 44 49
69 45 16
69 46 48
69 47 37
69 48 29
69 49 54
69 50 46
69 51 44
69 52 13
69 53 46
69 54 33
69 55 47
69 56 63
69 57 31
69 58 30
69 59 45
69 60 28
69 61 20
69 62 38
69 63 44
69 64 43
69 65 55
69 66 65
69 67 44
69 68 7
69 69 100
69 70 51
69 71 28
69 72 91
69 73 58
69 74 74
69 75 37
69 76 32
69 77 97
69 78 81
69 79 82
69 80 33
69 81 93
69 82 13
69 83 57
69 84 71
69 85 28
69 86 81
69 87 44
69 88 35
69 89 43
69 90 83
69 91 74
69 92 12
69 93 51
69 94 74
69 95 34
69 96 49
69 97 59
69 98 59
69 99 46
69 100 110
70 1 80
70 2 80
70 3 80
70 4 80
70 5 20
70 6 51
70 7 81
70 8 44
70 9 60
70 10 81
70 11 53
70 12 103
70 13 67
70 14 76
70 15 85
70 16 18
70 17 32
70 18 33
70 19 63
70 20 67
70 21 100
70 22 68
70 23 27
70 24 84
70 25 27
70 26 22
70 27 63
70 28 91
70 29 94
70 30 98
70 31 33
70 32 72
70 33 70
70 34 78
70 35 73
70 36 62
70 37 33
70 38 40
70 39 61
70 40 21
70 41 87
70 42 82
70 43 93
70 44 21
70 45 42
70 46 27
70 47 84
70 48 19
70 49 78
70 50 27
70 51 32
70 52 54
70 53 80
70 54 79
70 55 35
70 56 47
70 57 68
70 58 81
70 59 97
70 60 44
70 61 58
70 62 57
70 63 54
70 64 55
70 65 54
70 66 55
70 67 66
70 68 76
70 69 98
70 70 64
70 71 39
70 72 32
70 73 56
70 74 64
70 75 23
70 76 24
70 77 28
70 78 77
70 79 87
70 80 39
70 81 47
70 82 26
70 83 53
70 84 18
70 85 66
70 86 43
70 87 24
70 88 50
70 89 5
70 90 79
70 91 62
70 92 39
70 93 41
70 94 7
70 95 79
70 96 47
70 97 7
70 98 79
70 99 29
70 100 42
71 1 18
71 2 49
71 3 46
71 4 7
71 5 7
71 6 7
71 7 7
71 8 84
71 9 44
71 10 77
71 11 59
71 12 51
71 13 25
71 14 65
71 15 15
71 16 41
71 17 65
71 18 56
71 19 77
71 20 58
71 21 56
71 22 28
71 23 22
71 24 11
71 25 76
71 26 63
71 27 43
71 28 62
71 29 95
71 30 26
71 31 46
71 32 9
71 33 10
71 34 56
71 35 19
71 36 33
71 37 44
71 38 17
71 39 65
71 40 67
71 41 58
71 42 34
71 43 106
71 44 15
71 45 52
71 46 5
71 47 69
71 48 74
71 49 62
71 50 28
71 51 72
71 52 13
71 53 76
71 54 85
71 55 70
71 56 17
71 57 32
71 58 54
71 59 68
71 60 41
71 61 44
71 62 14
71 63 52
71 64 32
71 65 51
71 66 65
71 67 42
71 68 45
71 69 90
71 70 75
71 71 32
71 72 11
71 73 37
71 74 57
71 75 64
71 76 73
71 77 45
71 78 77
71 79 60
71 80 76
71 81 95
71 82 98
71 83 92
71 84 14
71 85 78
71 86 71
71 87 55
71 88 59
71 89 79
71 90 72
71 91 56
71 92 58
71 93 43
71 94 81
71 95 63
71 96 91
71 97 47
71 98 65
71 99 79
71 100 58
72 1 94
72 2 51
72 3 80
72 4 50
72 5 26
72 6 51
72 7 61
72 8 61
72 9 61
72 10 61
72 11 71
72 12 65
72 13 113
72 14 73
72 15 82
72 16 52
72 17 9
72 18 88
72 19 33
72 20 103
72 21 105
72 22 63
72 23 40
72 24 44
72 25 61
72 26 61
72 27 81
72 28 103
72 29 43
72 30 97
72 31 50
72 32 78
72 33 54
72 34 103
72 35 82
72 36 82
72 37 43
72 38 56
72 39 78
72 40 92
72 41 60
72 42 10
72 43 26
72 44 27
72 45 69
72 46 78
72 47 62
72 48 100
72 49 77
72 50 52
72 51 82
72 52 43
72 53 87
72 54 57
72 55 61
72 56 30
72 57 80
72 58 5
72 59 76
72 60 86
72 61 46
72 62 12
72 63 82
72 64 94
72 65 87
72 66 30
72 67 48
72 68 23
72 69 86
72 70 69
72 71 30
72 72 101
72 73 102
72 74 44
72 75 84
72 76 37
72 77 65
72 78 31
72 79 23
72 80 100
72 81 83
72 82 55
72 83 74
72 84 70
72 85 69
72 86 96
72 87 46
72 88 80
72 89 50
72 90 73
72 91 28
72 92 68
72 93 70
72 94 34
72 95 68
72 96 16
72 97 59
72 98 49
72 99 88
72 100 57
73 1 31
73 2 65
73 3 64
73 4 67
73 5 43
73 6 69
73 7 49
73 8 14
73 9 80
73 10 69
73 11 69
73 12 69
73 13 69
73 14 58
73 15 49
73 16 4
73 17 39
73 18 32
73 19 94
73 20 104
73 21 83
73 22 96
73 23 14
73 24 27
73 25 60
73 26 73
73 27 68
73 28 61
73 29 65
73 30 88
73 31 10
73 32 71
73 33 39
73 34 64
73 35 63
73 36 70
73 37 41
73 38 75
73 39 83
73 40 70
73 41 77
73 42 47
73 43 36
73 44 74
73 45 110
73 46 88
73 47 85
73 48 50
73 49 78
73 50 90
73 51 29
73 52 82
73 53 65
73 54 36
73 55 71
73 56 52
73 57 63
73 58 79
73 59 90
73 60 48
73 61 107
73 62 62
73 63 47
73 64 66
73 65 100
73 66 39
73 67 36
73 68 74
73 69 83
73 70 72
73 71 95
73 72 26
73 73 46
73 74 87
73 75 30
73 76 12
73 77 96
73 78 79
73 79 89
73 80 48
73 81 82
73 82 94
73 83 13
73 84 24
73 85 30
73 86 18
73 87 52
73 88 65
73 89 29
73 90 89
73 91 24
73 92 41
73 93 61
73 94 68
73 95 16
73 96 21
73 97 52
73 98 44
73 99 99
73 100 41
74 1 35
74 2 13
74 3 50
74 4 81
74 5 22
74 6 39
74 7 55
74 8 41
74 9 15
74 10 41
74 11 74
74 12 91
74 13 41
74 14 41
74 15 41
74 16 41
74 17 86
74 18 44
74 19 69
74 20 58
74 21 47
74 22 39
74 23 77
74 24 13
74 25 54
74 26 57
74 27 46
74 28 80
74 29 65
74 30 62
74 31 31
74 32 28
74 33 18
74 34 69
74 35 69
74 36 33
74 37 67
74 38 96
74 39 34
74 40 34
74 41 6
74 42 12
74 43 62
74 44 30
74 45 28
74 46 35
74 47 26
74 48 77
74 49 76
74 50 68
74 51 34
74 52 109
74 53 29
74 54 42
74 55 14
74 56 73
74 57 72
74 58 68
74 59 18
74 60 76
74 61 25
74 62 84
74 63 84
74 64 81
74 65 14
74 66 24
74 67 59
74 68 78
74 69 36
74 70 34
74 71 4
74 72 62
74 73 40
74 74 63
74 75 61
74 76 41
74 77 56
74 78 86
74 79 69
74 80 46
74 81 9
74 82 49
74 83 58
74 84 72
74 85 82
74 86 61
74 87 78
74 88 62
74 89 74
74 90 61
74 91 60
74 92 96
74 93 56
74 94 81
74 95 44
74 96 78
74 97 19
74 98 65
74 99 70
74 100 29
75 1 71
75 2 19
75 3 52
75 4 46
75 5 87
75 6 61
75 7 21
75 8 61
75 9 66
75 10 59
75 11 43
75 12 66
75 13 51
75 14 22
75 15 89
75 16 72
75 17 72
75 18 72
75 19 72
75 20 32
75 21 13
75 22 41
75 23 3
75 24 14
75 25 62
75 26 64
75 27 67
75 28 59
75 29 32
75 30 39
75 31 29
75 32 33
75 33 29
75 34 30
75 35 35
75 36 67
75 37 31
75 38 32
75 39 38
75 40 25
75 41 42
75 42 37
75 43 45
75 44 57
75 45 64
75 46 30
75 47 46
75 48 27
75 49 32
75 50 44
75 51 70
75 52 48
75 53 45
75 54 22
75 55 56
75 56 61
75 57 36
75 58 60
75 59 28
75 60 18
75 61 31
75 62 41
75 63 28
75 64 50
75 65 52
75 66 29
75 67 67
75 68 42
75 69 35
75 70 26
75 71 60
75 72 22
75 73 35
75 74 59
75 75 43
75 76 36
75 77 56
75 78 15
75 79 14
75 80 48
75 81 36
75 82 30
75 83 61
75 84 62
75 85 52
75 86 8
75 87 43
75 88 55
75 89 28
75 90 30
75 91 47
75 92 37
75 93 55
75 94 50
75 95 103
75 96 71
75 97 88
75 98 44
75 99 91
75 100 16
76 1 68
76 2 78
76 3 33
76 4 82
76 5 27
76 6 50
76 7 50
76 8 92
76 9 73
76 10 7
76 11 62
76 12 76
76 13 51
76 14 52
76 15 69
76 16 61
76 17 36
76 18 103
76 19 82
76 20 82
76 21 82
76 22 82
76 23 25
76 24 54
76 25 51
76 26 39
76 27 50
76 28 102
76 29 90
76 30 108
76 31 95
76 32 53
76 33 67
76 34 33
76 35 59
76 36 56
76 37 71
76 38 77
76 39 109
76 40 39
76 41 55
76 42 73
76 43 48
76 44 22
76 45 77
76 46 78
76 47 99
76 48 105
76 49 57
76 50 87
76 51 68
76 52 67
76 53 85
76 54 98
76 55 69
76 56 72
76 57 64
76 58 34
76 59 103
76 60 66
76 61 102
76 62 44
76 63 24
76 64 54
76 65 80
76 66 39
76 67 91
76 68 67
76 69 16
76 70 92
76 71 83
76 72 74
76 73 56
76 74 84
76 75 61
76 76 69
76 77 100
76 78 73
76 79 75
76 80 87
76 81 36
76 82 56
76 83 82
76 84 18
76 85 37
76 86 100
76 87 103
76 88 88
76 89 43
76 90 65
76 91 73
76 92 44
76 93 24
76 94 64
76 95 75
76 96 12
76 97 48
76 98 95
76 99 65
76 100 79
77 1 37
77 2 83
77 3 9
77 4 60
77 5 69
77 6 24
77 7 74
77 8 29
77 9 44
77 10 41
77 11 84
77 12 64
77 13 11
77 14 55
77 15 67
77 16 48
77 17 43
77 18 61
77 19 52
77 20 30
77 21 96
77 22 73
77 23 73
77 24 73
77 25 73
77 26 89
77 27 48
77 28 68
77 29 61
77 30 49
77 31 44
77 32 83
77 33 13
77 34 60
77 35 56
77 36 45
77 37 84
77 38 70
77 39 67
77 40 36
77 41 33
77 42 21
77 43 70
77 44 73
77 45 32
77 46 71
77 47 100
77 48 39
77 49 32
77 50 10
77 51 15
77 52 67
77 53 35
77 54 31
77 55 35
77 56 32
77 57 83
77 58 81
77 59 73
77 60 38
77 61 113
77 62 34
77 63 41
77 64 19
77 65 78
77 66 75
77 67 73
77 68 19
77 69 80
77 70 31
77 71 90
77 72 87
77 73 87
77 74 18
77 75 25
77 76 64
77 77 84
77 78 38
77 79 34
77 80 6
77 81 67
77 82 46
77 83 69
77 84 63
77 85 45
77 86 61
77 87 87
77 88 70
77 89 52
77 90 11
77 91 55
77 92 61
77 93 77
77 94 88
77 95 62
77 96 80
77 97 60
77 98 26
77 99 97
77 100 87
78 1 111
78 2 48
78 3 96
78 4 68
78 5 84
78 6 44
78 7 86
78 8 87
78 9 52
78 10 82
78 11 10
78 12 77
78 13 66
78 14 105
78 15 70
78 16 42
78 17 82
78 18 78
78 19 83
78 20 60
78 21 87
78 22 65
78 23 28
78 24 85
78 25 83
78 26 83
78 27 83
78 28 83
78 29 38
78 30 48
78 31 30
78 32 33
78 33 38
78 34 97
78 35 95
78 36 97
78 37 94
78 38 34
78 39 48
78 40 42
78 41 63
78 42 59
78 43 64
78 44 70
78 45 99
78 46 19
78 47 60
78 48 56
78 49 52
78 50 40
78 51 72
78 52 61
78 53 88
78 54 95
78 55 61
78 56 81
78 57 56
78 58 52
78 59 79
78 60 102
78 61 76
78 62 76
78 63 55
78 64 54
78 65 96
78 66 49
78 67 93
78 68 51
78 69 20
78 70 59
78 71 67
78 72 47
78 73 84
78 74 76
78 75 26
78 76 98
78 77 73
78 78 60
78 79 58
78 80 90
78 81 48
78 82 53
78 83 88
78 84 76
78 85 71
78 86 90
78 87 24
78 88 48
78 89 82
78 90 4
78 91 18
78 92 97
78 93 92
78 94 87
78 95 40
78 96 71
78 97 82
78 98 26
78 99 6
78 100 43
79 1 60
79 2 30
79 3 69
79 4 76
79 5 89
79 6 29
79 7 36
79 8 65
79 9 64
79 10 12
79 11 24
79 12 48
79 13 47
79 14 95
79 15 35
79 16 32
79 17 19
79 18 52
79 19 77
79 20 17
79 21 41
79 22 49
79 23 40
79 24 11
79 25 41
79 26 72
79 27 94
79 28 44
79 29 44
79 30 44
79 31 44
79 32 52
79 33 46
79 34 93
79 35 53
79 36 62
79 37 46
79 38 13
79 39 78
79 40 28
79 41 83
79 42 86
79 43 44
79 44 19
79 45 24
79 46 45
79 47 46
79 48 72
79 49 83
79 50 23
79 51 79
79 52 30
79 53 60
79 54 39
79 55 86
79 56 70
79 57 72
79 58 22
79 59 44
79 60 61
79 61 74
79 62 47
79 63 21
79 64 8
79 65 7
79 66 51
79 67 63
79 68 55
79 69 82
79 70 66
79 71 33
79 72 62
79 73 23
79 74 71
79 75 38
79 76 50
79 77 17
79 78 61
79 79 16
79 80 61
79 81 69
79 82 26
79 83 8
79 84 63
79 85 76
79 86 74
79 87 11
79 88 33
79 89 16
79 90 66
79 91 50
79 92 18
79 93 81
79 94 81
79 95 39
79 96 73
79 97 28
79 98 44
79 99 12
79 100 11
80 1 79
80 2 79
80 3 97
80 4 73
80 5 67
80 6 20
80 7 7
80 8 72
80 9 26
80 10 59
80 11 14
80 12 72
80 13 47
80 14 26
80 15 56
80 16 3
80 17 85
80 18 67
80 19 45
80 20 41
80 21 12
80 22 85
80 23 51
80 24 11
80 25 84
80 26 34
80 27 45
80 28 24
80 29 55
80 30 44
80 31 7
80 32 7
80 33 7
80 34 7
80 35 83
80 36 43
80 37 74
80 38 58
80 39 49
80 40 29
80 41 68
80 42 14
80 43 45
80 44 62
80 45 52
80 46 76
80 47 59
80 48 56
80 49 27
80 50 22
80 51 13
80 52 73
80 53 63
80 54 39
80 55 62
80 56 94
80 57 27
80 58 42
80 59 6
80 60 9
80 61 57
80 62 21
80 63 30
80 64 40
80 65 18
80 66 68
80 67 68
80 68 60
80 69 33
80 70 105
80 71 19
80 72 48
80 73 7
80 74 69
80 75 73
80 76 63
80 77 24
80 78 72
80 79 16
80 80 77
80 81 83
80 82 72
80 83 14
80 84 29
80 85 54
80 86 70
80 87 38
80 88 40
80 89 11
80 90 54
80 91 33
80 92 54
80 93 63
80 94 40
80 95 47
80 96 87
80 97 73
80 98 36
80 99 9
80 100 39
81 1 55
81 2 65
81 3 74
81 4 65
81 5 80
81 6 69
81 7 32
81 8 93
81 9 75
81 10 60
81 11 21
81 12 46
81 13 65
81 14 12
81 15 71
81 16 59
81 17 42
81 18 58
81 19 20
81 20 76
81 21 74
81 22 51
81 23 58
81 24 14
81 25 83
81 26 62
81 27 25
81 28 91
81 29 38
81 30 58
81 31 29
81 32 47
81 33 30
81 34 24
81 35 24
81 36 24
81 37 24
81 38 33
81 39 26
81 40 31
81 41 12
81 42 17
81 43 75
81 44 77
81 45 76
81 46 73
81 47 25
81 48 36
81 49 33
81 50 46
81 51 41
81 52 43
81 53 48
81 54 78
81 55 19
81 56 44
81 57 40
81 58 36
81 59 40
81 60 50
81 61 47
81 62 67
81 63 74
81 64 43
81 65 59
81 66 36
81 67 35
81 68 57
81 69 84
81 70 60
81 71 58
81 72 33
81 73 55
81 74 74
81 75 35
81 76 72
81 77 37
81 78 11
81 79 43
81 80 48
81 81 34
81 82 63
81 83 62
81 84 25
81 85 81
81 86 52
81 87 41
81 88 39
81 89 73
81 90 28
81 91 37
81 92 68
81 93 57
81 94 50
81 95 70
81 96 4
81 97 26
81 98 62
81 99 22
81 100 17
82 1 75
82 2 72
82 3 66
82 4 21
82 5 55
82 6 66
82 7 18
82 8 16
82 9 39
82 10 42
82 11 34
82 12 56
82 13 58
82 14 51
82 15 20
82 16 65
82 17 35
82 18 46
82 19 40
82 20 32
82 21 32
82 22 26
82 23 58
82 24 50
82 25 27
82 26 51
82 27 16
82 28 58
82 29 41
82 30 22
82 31 66
82 32 14
82 33 41
82 34 9
82 35 29
82 36 54
82 37 27
82 38 27
82 39 27
82 40 27
82 41 74
82 42 60
82 43 12
82 44 53
82 45 43
82 46 101
82 47 116
82 48 85
82 49 106
82 50 21
82 51 27
82 52 75
82 53 86
82 54 81
82 55 69
82 56 73
82 57 91
82 58 25
82 59 85
82 60 40
82 61 77
82 62 78
82 63 79
82 64 40
82 65 78
82 66 85
82 67 83
82 68 85
82 69 53
82 70 40
82 71 81
82 72 121
82 73 101
82 74 98
82 75 59
82 76 93
82 77 96
82 78 31
82 79 86
82 80 79
82 81 51
82 82 84
82 83 55
82 84 77
82 85 85
82 86 104
82 87 63
82 88 120
82 89 67
82 90 51
82 91 79
82 92 113
82 93 46
82 94 39
82 95 76
82 96 95
82 97 81
82 98 106
82 99 40
82 100 57
83 1 98
83 2 44
83 3 27
83 4 104
83 5 82
83 6 98
83 7 61
83 8 95
83 9 108
83 10 25
83 11 38
83 12 11
83 13 48
83 14 69
83 15 98
83 16 98
83 17 59
83 18 54
83 19 95
83 20 71
83 21 84
83 22 51
83 23 30
83 24 67
83 25 14
83 26 98
83 27 74
83 28 54
83 29 38
83 30 26
83 31 97
83 32 57
83 33 21
83 34 91
83 35 46
83 36 50
83 37 36
83 38 68
83 39 48
83 40 14
83 41 14
83 42 14
83 43 14
83 44 21
83 45 21
83 46 49
83 47 10
83 48 26
83 49 66
83 50 60
83 51 76
83 52 60
83 53 42
83 54 50
83 55 17
83 56 28
83 57 24
83 58 37
83 59 43
83 60 76
83 61 37
83 62 25
83 63 50
83 64 17
83 65 31
83 66 42
83 67 57
83 68 67
83 69 73
83 70 25
83 71 52
83 72 39
83 73 44
83 74 51
83 75 67
83 76 42
83 77 41
83 78 31
83 79 44
83 80 68
83 81 48
83 82 69
83 83 18
83 84 15
83 85 24
83 86 52
83 87 17
83 88 57
83 89 44
83 90 20
83 91 63
83 92 51
83 93 46
83 94 23
83 95 55
83 96 34
83 97 46
83 98 69
83 99 40
83 100 40
84 1 55
84 2 21
84 3 24
84 4 48
84 5 34
84 6 35
84 7 64
84 8 71
84 9 54
84 10 8
84 11 37
84 12 48
84 13 36
84 14 31
84 15 56
84 16 49
84 17 30
84 18 37
84 19 41
84 20 55
84 21 19
84 22 55
84 23 38
84 24 56
84 25 53
84 26 54
84 27 23
84 28 52
84 29 33
84 30 49
84 31 34
84 32 72
84 33 42
84 34 36
84 35 50
84 36 48
84 37 60
84 38 27
84 39 54
84 40 33
84 41 8
84 42 71
84 43 53
84 44 53
84 45 53
84 46 53
84 47 30
84 48 32
84 49 75
84 50 34
84 51 46
84 52 57
84 53 36
84 54 80
84 55 44
84 56 66
84 57 72
84 58 21
84 59 7
84 60 9
84 61 40
84 62 44
84 63 76
84 64 63
84 65 3
84 66 68
84 67 9
84 68 39
84 69 39
84 70 75
84 71 70
84 72 75
84 73 9
84 74 47
84 75 51
84 76 62
84 77 49
84 78 43
84 79 16
84 80 18
84 81 41
84 82 45
84 83 62
84 84 68
84 85 69
84 86 10
84 87 40
84 88 3
84 89 64
84 90 15
84 91 53
84 92 18
84 93 38
84 94 38
84 95 58
84 96 60
84 97 12
84 98 30
84 99 51
84 100 64
85 1 74
85 2 20
85 3 33
85 4 34
85 5 47
85 6 37
85 7 30
85 8 58
85 9 61
85 10 52
85 11 75
85 12 39
85 13 26
85 14 11
85 15 22
85 16 61
85 17 57
85 18 81
85 19 63
85 20 44
85 21 12
85 22 17
85 23 66
85 24 36
85 25 44
85 26 53
85 27 76
85 28 38
85 29 57
85 30 27
85 31 73
85 32 66
85 33 12
85 34 31
85 35 64
85 36 69
85 37 36
85 38 31
85 39 65
85 40 12
85 41 43
85 42 40
85 43 53
85 44 56
85 45 110
85 46 71
85 47 71
85 48 71
85 49 71
85 50 9
85 51 40
85 52 54
85 53 26
85 54 41
85 55 85
85 56 72
85 57 96
85 58 77
85 59 51
85 60 63
85 61 15
85 62 41
85 63 38
85 64 57
85 65 62
85 66 95
85 67 41
85 68 36
85 69 66
85 70 30
85 71 14
85 72 61
85 73 72
85 74 86
85 75 92
85 76 39
85 77 71
85 78 57
85 79 60
85 80 70
85 81 79
85 82 51
85 83 54
85 84 51
85 85 29
85 86 87
85 87 61
85 88 89
85 89 26
85 90 16
85 91 36
85 92 70
85 93 21
85 94 76
85 95 49
85 96 3
85 97 74
85 98 71
85 99 64
85 100 38
86 1 66
86 2 51
86 3 62
86 4 88
86 5 55
86 6 58
86 7 69
86 8 30
86 9 43
86 10 64
86 11 26
86 12 39
86 13 82
86 14 91
86 15 71
86 16 28
86 17 47
86 18 56
86 19 43
86 20 28
86 21 64
86 22 66
86 23 10
86 24 42
86 25 53
86 26 73
86 27 38
86 28 73
86 29 19
86 30 69
86 31 74
86 32 66
86 33 66
86 34 37
86 35 109
86 36 60
86 37 49
86 38 8
86 39 47
86 40 97
86 41 41
86 42 35
86 43 75
86 44 50
86 45 32
86 46 45
86 47 81
86 48 82
86 49 34
86 50 34
86 51 34
86 52 34
86 53 70
86 54 31
86 55 45
86 56 40
86 57 26
86 58 53
86 59 80
86 60 36
86 61 63
86 62 32
86 63 23
86 64 65
86 65 58
86 66 54
86 67 27
86 68 28
86 69 41
86 70 45
86 71 60
86 72 10
86 73 56
86 74 79
86 75 35
86 76 15
86 77 29
86 78 36
86 79 55
86 80 38
86 81 12
86 82 11
86 83 34
86 84 83
86 85 72
86 86 66
86 87 22
86 88 93
86 89 46
86 90 19
86 91 36
86 92 62
86 93 52
86 94 60
86 95 6
86 96 63
86 97 37
86 98 79
86 99 66
86 100 84
87 1 18
87 2 3
87 3 51
87 4 79
87 5 15
87 6 11
87 7 28
87 8 60
87 9 41
87 10 67
87 11 39
87 12 27
87 13 59
87 14 63
87 15 46
87 16 58
87 17 33
87 18 55
87 19 42
87 20 67
87 21 79
87 22 38
87 23 56
87 24 39
87 25 2
87 26 75
87 27 75
87 28 66
87 29 10
87 30 30
87 31 50
87 32 82
87 33 21
87 34 70
87 35 23
87 36 32
87 37 83
87 38 7
87 39 65
87 40 59
87 41 100
87 42 72
87 43 27
87 44 74
87 45 78
87 46 70
87 47 56
87 48 80
87 49 63
87 50 30
87 51 94
87 52 84
87 53 84
87 54 84
87 55 84
87 56 84
87 57 43
87 58 69
87 59 57
87 60 46
87 61 37
87 62 75
87 63 13
87 64 52
87 65 57
87 66 46
87 67 78
87 68 63
87 69 60
87 70 29
87 71 26
87 72 17
87 73 69
87 74 67
87 75 33
87 76 65
87 77 95
87 78 32
87 79 35
87 80 5
87 81 12
87 82 60
87 83 27
87 84 27
87 85 35
87 86 24
87 87 75
87 88 73
87 89 65
87 90 33
87 91 107
87 92 27
87 93 42
87 94 13
87 95 71
87 96 71
87 97 66
87 98 19
87 99 74
87 100 23
88 1 82
88 2 83
88 3 79
88 4 12
88 5 24
88 6 57
88 7 76
88 8 35
88 9 35
88 10 5
88 11 60
88 12 38
88 13 61
88 14 60
88 15 40
88 16 54
88 17 85
88 18 69
88 19 44
88 20 9
88 21 47
88 22 56
88 23 70
88 24 80
88 25 61
88 26 78
88 27 63
88 28 26
88 29 93
88 30 79
88 31 66
88 32 15
88 33 46
88 34 39
88 35 100
88 36 43
88 37 63
88 38 19
88 39 54
88 40 85
88 41 65
88 42 23
88 43 1
88 44 41
88 45 38
88 46 49
88 47 16
88 48 34
88 49 40
88 50 14
88 51 20
88 52 22
88 53 42
88 54 81
88 55 40
88 56 40
88 57 40
88 58 40
88 59 39
88 60 10
88 61 39
88 62 9
88 63 8
88 64 59
88 65 66
88 66 61
88 67 58
88 68 29
88 69 34
88 70 35
88 71 36
88 72 32
88 73 26
88 74 31
88 75 62
88 76 31
88 77 36
88 78 32
88 79 30
88 80 49
88 81 34
88 82 39
88 83 51
88 84 58
88 85 33
88 86 42
88 87 21
88 88 26
88 89 40
88 90 71
88 91 51
88 92 48
88 93 17
88 94 62
88 95 58
88 96 30
88 97 55
88 98 34
88 99 24
88 100 35
89 1 34
89 2 34
89 3 46
89 4 56
89 5 35
89 6 69
89 7 36
89 8 28
89 9 29
89 10 63
89 11 16
89 12 28
89 13 53
89 14 45
89 15 34
89 16 57
89 17 15
89 18 10
89 19 48
89 20 39
89 21 29
89 22 59
89 23 56
89 24 51
89 25 13
89 26 46
89 27 58
89 28 26
89 29 33
89 30 43
89 31 30
89 32 45
89 33 50
89 34 48
89 35 38
89 36 4
89 37 49
89 38 53
89 39 39
89 40 61
89 41 33
89 42 13
89 43 38
89 44 36
89 45 7
89 46 17
89 47 51
89 48 55
89 49 42
89 50 18
89 51 50
89 52 23
89 53 30
89 54 27
89 55 39
89 56 49
89 57 97
89 58 56
89 59 56
89 60 56
89 61 56
89 62 65
89 63 31
89 64 76
89 65 46
89 66 45
89 67 18
89 68 42
89 69 40
89 70 22
89 71 64
89 72 61
89 73 57
89 74 35
89 75 34
89 76 16
89 77 12
89 78 34
89 79 71
89 80 40
89 81 50
89 82 41
89 83 76
89 84 7
89 85 56
89 86 32
89 87 34
89 88 34
89 89 6
89 90 32
89 91 47
89 92 9
89 93 43
89 94 42
89 95 34
89 96 26
89 97 85
89 98 20
89 99 56
89 100 28
90 1 48
90 2 61
90 3 40
90 4 38
90 5 52
90 6 12
90 7 52
90 8 68
90 9 47
90 10 25
90 11 38
90 12 32
90 13 44
90 14 39
90 15 48
90 16 36
90 17 28
90 18 9
90 19 28
90 20 56
90 21 31
90 22 21
90 23 79
90 24 70
90 25 19
90 26 35
90 27 15
90 28 41
90 29 39
90 30 48
90 31 64
90 32 73
90 33 75
90 34 42
90 35 77
90 36 50
90 37 34
90 38 37
90 39 37
90 40 10
90 41 86
90 42 61
90 43 31
90 44 18
90 45 52
90 46 69
90 47 4
90 48 95
90 49 46
90 50 10
90 51 55
90 52 92
90 53 33
90 54 43
90 55 65
90 56 51
90 57 26
90 58 49
90 59 83
90 60 94
90 61 44
90 62 44
90 63 44
90 64 44
90 65 91
90 66 50
90 67 79
90 68 65
90 69 55
90 70 32
90 71 74
90 72 7
90 73 49
90 74 66
90 75 56
90 76 84
90 77 66
90 78 64
90 79 34
90 80 30
90 81 7
90 82 79
90 83 70
90 84 43
90 85 70
90 86 101
90 87 34
90 88 45
90 89 5
90 90 2
90 91 64
90 92 27
90 93 36
90 94 45
90 95 25
90 96 73
90 97 75
90 98 67
90 99 40
90 100 113
91 1 21
91 2 52
91 3 5
91 4 76
91 5 80
91 6 70
91 7 28
91 8 80
91 9 21
91 10 84
91 11 90
91 12 78
91 13 20
91 14 34
91 15 61
91 16 76
91 17 44
91 18 45
91 19 8
91 20 61
91 21 40
91 22 59
91 23 69
91 24 47
91 25 53
91 26 94
91 27 78
91 28 40
91 29 3
91 30 45
91 31 63
91 32 72
91 33 81
91 34 71
91 35 87
91 36 72
91 37 36
91 38 100
91 39 82
91 40 67
91 41 25
91 42 53
91 43 37
91 44 108
91 45 53
91 46 61
91 47 25
91 48 63
91 49 92
91 50 33
91 51 120
91 52 103
91 53 31
91 54 32
91 55 60
91 56 16
91 57 25
91 58 48
91 59 15
91 60 14
91 61 18
91 62 48
91 63 76
91 64 30
91 65 30
91 66 30
91 67 30
91 68 57
91 69 30
91 70 23
91 71 28
91 72 14
91 73 70
91 74 86
91 75 59
91 76 75
91 77 11
91 78 12
91 79 55
91 80 58
91 81 53
91 82 38
91 83 42
91 84 63
91 85 23
91 86 58
91 87 17
91 88 51
91 89 65
91 90 47
91 91 22
91 92 51
91 93 58
91 94 55
91 95 53
91 96 23
91 97 12
91 98 50
91 99 91
91 100 73
92 1 69
92 2 28
92 3 80
92 4 65
92 5 10
92 6 58
92 7 55
92 8 35
92 9 57
92 10 28
92 11 54
92 12 55
92 13 78
92 14 50
92 15 90
92 16 38
92 17 23
92 18 50
92 19 84
92 20 15
92 21 13
92 22 50
92 23 65
92 24 50
92 25 75
92 26 21
92 27 26
92 28 67
92 29 42
92 30 23
92 31 73
92 32 55
92 33 67
92 34 35
92 35 68
92 36 80
92 37 15
92 38 34
92 39 22
92 40 21
92 41 59
92 42 72
92 43 69
92 44 32
92 45 24
92 46 63
92 47 64
92 48 18
92 49 79
92 50 39
92 51 14
92 52 53
92 53 50
92 54 80
92 55 59
92 56 38
92 57 8
92 58 83
92 59 52
92 60 12
92 61 84
92 62 33
92 63 47
92 64 23
92 65 51
92 66 41
92 67 10
92 68 10
92 69 10
92 70 10
92 71 19
92 72 28
92 73 63
92 74 23
92 75 38
92 76 64
92 77 49
92 78 81
92 79 54
92 80 56
92 81 63
92 82 10
92 83 17
92 84 15
92 85 40
92 86 45
92 87 79
92 88 51
92 89 13
92 90 61
92 91 6
92 92 29
92 93 42
92 94 69
92 95 71
92 96 76
92 97 16
92 98 52
92 99 47
92 100 55
93 1 52
93 2 56
93 3 29
93 4 30
93 5 38
93 6 39
93 7 68
93 8 60
93 9 72
93 10 4
93 11 28
93 12 12
93 13 61
93 14 5
93 15 57
93 16 30
93 17 26
93 18 51
93 19 57
93 20 56
93 21 16
93 22 43
93 23 45
93 24 58
93 25 74
93 26 31
93 27 38
93 28 46
93 29 35
93 30 32
93 31 40
93 32 45
93 33 49
93 34 60
93 35 76
93 36 48
93 37 17
93 38 24
93 39 35
93 40 50
93 41 44
93 42 70
93 43 59
93 44 33
93 45 23
93 46 30
93 47 63
93 48 29
93 49 51
93 50 41
93 51 68
93 52 50
93 53 50
93 54 38
93 55 25
93 56 44
93 57 48
93 58 38
93 59 37
93 60 23
93 61 60
93 62 9
93 63 31
93 64 43
93 65 21
93 66 9
93 67 25
93 68 52
93 69 83
93 70 36
93 71 36
93 72 36
93 73 36
93 74 21
93 75 58
93 76 83
93 77 49
93 78 65
93 79 91
93 80 62
93 81 111
93 82 77
93 83 79
93 84 89
93 85 23
93 86 41
93 87 42
93 88 71
93 89 75
93 90 108
93 91 70
93 92 36
93 93 90
93 94 35
93 95 18
93 96 72
93 97 97
93 98 102
93 99 107
93 100 42
94 1 81
94 2 77
94 3 84
94 4 81
94 5 71
94 6 43
94 7 49
94 8 68
94 9 12
94 10 96
94 11 87
94 12 102
94 13 28
94 14 44
94 15 36
94 16 91
94 17 26
94 18 87
94 19 36
94 20 32
94 21 63
94 22 87
94 23 85
94 24 44
94 25 56
94 26 73
94 27 86
94 28 105
94 29 53
94 30 66
94 31 66
94 32 57
94 33 62
94 34 64
94 35 54
94 36 67
94 37 86
94 38 106
94 39 73
94 40 46
94 41 41
94 42 43
94 43 71
94 44 57
94 45 93
94 46 88
94 47 29
94 48 31
94 49 49
94 50 93
94 51 58
94 52 78
94 53 33
94 54 95
94 55 70
94 56 81
94 57 63
94 58 28
94 59 73
94 60 27
94 61 34
94 62 68
94 63 11
94 64 79
94 65 61
94 66 57
94 67 67
94 68 38
94 69 65
94 70 43
94 71 7
94 72 74
94 73 62
94 74 62
94 75 62
94 76 62
94 77 21
94 78 37
94 79 73
94 80 33
94 81 48
94 82 67
94 83 44
94 84 88
94 85 54
94 86 66
94 87 74
94 88 13
94 89 17
94 90 18
94 91 47
94 92 51
94 93 84
94 94 61
94 95 12
94 96 71
94 97 12
94 98 29
94 99 48
94 100 79
95 1 78
95 2 83
95 3 18
95 4 56
95 5 56
95 6 65
95 7 57
95 8 52
95 9 23
95 10 27
95 11 47
95 12 35
95 13 72
95 14 70
95 15 78
95 16 6
95 17 36
95 18 12
95 19 70
95 20 8
95 21 62
95 22 21
95 23 31
95 24 46
95 25 65
95 26 65
95 27 20
95 28 38
95 29 54
95 30 68
95 31 81
95 32 30
95 33 42
95 34 44
95 35 45
95 36 41
95 37 40
95 38 53
95 39 59
95 40 62
95 41 83
95 42 49
95 43 27
95 44 20
95 45 27
95 46 60
95 47 53
95 48 81
95 49 68
95 50 36
95 51 14
95 52 27
95 53 72
95 54 39
95 55 54
95 56 44
95 57 78
95 58 48
95 59 57
95 60 49
95 61 29
95 62 49
95 63 47
95 64 41
95 65 44
95 66 14
95 67 66
95 68 51
95 69 27
95 70 94
95 71 42
95 72 61
95 73 33
95 74 49
95 75 26
95 76 26
95 77 26
95 78 26
95 79 26
95 80 68
95 81 38
95 82 27
95 83 40
95 84 24
95 85 72
95 86 93
95 87 55
95 88 79
95 89 16
95 90 3
95 91 66
95 92 67
95 93 63
95 94 42
95 95 45
95 96 61
95 97 31
95 98 68
95 99 10
95 100 62
96 1 76
96 2 51
96 3 12
96 4 48
96 5 55
96 6 64
96 7 56
96 8 25
96 9 11
96 10 52
96 11 97
96 12 82
96 13 77
96 14 34
96 15 91
96 16 66
96 17 2
96 18 56
96 19 66
96 20 47
96 21 67
96 22 25
96 23 66
96 24 56
96 25 88
96 26 61
96 27 97
96 28 37
96 29 21
96 30 60
96 31 92
96 32 20
96 33 9
96 34 46
96 35 73
96 36 55
96 37 82
96 38 33
96 39 34
96 40 73
96 41 52
96 42 32
96 43 76
96 44 51
96 45 72
96 46 45
96 47 77
96 48 89
96 49 24
96 50 44
96 51 19
96 52 18
96 53 70
96 54 82
96 55 77
96 56 29
96 57 34
96 58 67
96 59 75
96 60 6
96 61 86
96 62 41
96 63 26
96 64 64
96 65 54
96 66 92
96 67 70
96 68 43
96 69 84
96 70 15
96 71 22
96 72 84
96 73 41
96 74 12
96 75 23
96 76 21
96 77 38
96 78 79
96 79 40
96 80 40
96 81 40
96 82 40
96 83 7
96 84 48
96 85 68
96 86 37
96 87 52
96 88 87
96 89 66
96 90 103
96 91 76
96 92 65
96 93 76
96 94 13
96 95 39
96 96 38
96 97 63
96 98 68
96 99 101
96 100 55
97 1 34
97 2 77
97 3 29
97 4 7
97 5 65
97 6 84
97 7 93
97 8 99
97 9 39
97 10 75
97 11 66
97 12 71
97 13 75
97 14 74
97 15 46
97 16 50
97 17 58
97 18 17
97 19 91
97 20 74
97 21 95
97 22 23
97 23 29
97 24 33
97 25 80
97 26 19
97 27 80
97 28 41
97 29 17
97 30 68
97 31 78
97 32 74
97 33 39
97 34 60
97 35 62
97 36 74
97 37 96
97 38 52
97 39 61
97 40 67
97 41 43
97 42 51
97 43 62
97 44 39
97 45 53
97 46 83
97 47 98
97 48 71
97 49 35
97 50 42
97 51 48
97 52 57
97 53 42
97 54 78
97 55 76
97 56 15
97 57 35
97 58 49
97 59 83
97 60 47
97 61 74
97 62 22
97 63 82
97 64 71
97 65 72
97 66 49
97 67 14
97 68 67
97 69 25
97 70 21
97 71 60
97 72 18
97 73 65
97 74 58
97 75 53
97 76 75
97 77 44
97 78 23
97 79 41
97 80 76
97 81 84
97 82 34
97 83 34
97 84 34
97 85 34
97 86 82
97 87 43
97 88 82
97 89 59
97 90 53
97 91 16
97 92 58
97 93 23
97 94 33
97 95 69
97 96 62
97 97 74
97 98 53
97 99 52
97 100 26
98 1 21
98 2 16
98 3 79
98 4 58
98 5 49
98 6 59
98 7 93
98 8 22
98 9 53
98 10 18
98 11 17
98 12 52
98 13 13
98 14 36
98 15 48
98 16 13
98 17 56
98 18 60
98 19 52
98 20 35
98 21 103
98 22 7
98 23 57
98 24 11
98 25 65
98 26 74
98 27 58
98 28 34
98 29 69
98 30 7
98 31 70
98 32 83
98 33 62
98 34 21
98 35 38
98 36 50
98 37 60
98 38 44
98 39 49
98 40 23
98 41 46
98 42 27
98 43 43
98 44 67
98 45 42
98 46 38
98 47 91
98 48 78
98 49 24
98 50 19
98 51 29
98 52 55
98 53 58
98 54 66
98 55 71
98 56 84
98 57 78
98 58 41
98 59 93
98 60 69
98 61 52
98 62 32
98 63 48
98 64 21
98 65 101
98 66 60
98 67 45
98 68 20
98 69 61
98 70 85
98 71 20
98 72 112
98 73 96
98 74 29
98 75 83
98 76 68
98 77 46
98 78 57
98 79 46
98 80 77
98 81 66
98 82 34
98 83 32
98 84 35
98 85 40
98 86 40
98 87 40
98 88 40
98 89 14
98 90 29
98 91 51
98 92 16
98 93 32
98 94 74
98 95 64
98 96 84
98 97 67
98 98 46
98 99 55
98 100 12
99 1 32
99 2 29
99 3 45
99 4 51
99 5 84
99 6 38
99 7 28
99 8 57
99 9 21
99 10 23
99 11 50
99 12 64
99 13 75
99 14 81
99 15 30
99 16 60
99 17 46
99 18 51
99 19 59
99 20 71
99 21 45
99 22 45
99 23 39
99 24 37
99 25 76
99 26 53
99 27 77
99 28 19
99 29 13
99 30 28
99 31 60
99 32 15
99 33 65
99 34 45
99 35 12
99 36 67
99 37 60
99 38 54
99 39 28
99 40 59
99 41 41
99 42 53
99 43 77
99 44 45
99 45 47
99 46 60
99 47 24
99 48 32
99 49 54
99 50 30
99 51 36
99 52 71
99 53 79
99 54 60
99 55 16
99 56 40
99 57 50
99 58 38
99 59 29
99 60 60
99 61 56
99 62 22
99 63 38
99 64 45
99 65 63
99 66 27
99 67 62
99 68 30
99 69 61
99 70 64
99 71 54
99 72 29
99 73 13
99 74 52
99 75 42
99 76 25
99 77 42
99 78 31
99 79 46
99 80 37
99 81 51
99 82 54
99 83 6
99 84 57
99 85 64
99 86 36
99 87 102
99 88 86
99 89 86
99 90 86
99 91 86
99 92 33
99 93 9
99 94 52
99 95 13
99 96 22
99 97 54
99 98 53
99 99 64
99 100 49
100 1 42
100 2 47
100 3 26
100 4 23
100 5 18
100 6 24
100 7 30
100 8 63
100 9 42
100 10 23
100 11 43
100 12 17
100 13 43
100 14 29
100 15 51
100 16 54
100 17 60
100 18 20
100 19 39
100 20 29
100 21 38
100 22 38
100 23 59
100 24 38
100 25 35
100 26 20
100 27 55
100 28 55
100 29 43
100 30 56
100 31 22
100 32 26
100 33 22
100 34 42
100 35 23
100 36 43
100 37 43
100 38 33
100 39 57
100 40 40
100 41 37
100 42 15
100 43 50
100 44 27
100 45 40
100 46 57
100 47 32
100 48 27
100 49 45
100 50 25
100 51 13
100 52 38
100 53 45
100 54 40
100 55 52
100 56 59
100 57 42
100 58 5
100 59 32
100 60 45
100 61 38
100 62 40
100 63 57
100 64 40
100 65 43
100 66 37
100 67 35
100 68 45
100 69 11
100 70 42
100 71 51
100 72 51
100 73 50
100 74 33
100 75 25
100 76 34
100 77 31
100 78 62
100 79 46
100 80 21
100 81 41
100 82 42
100 83 24
100 84 42
100 85 40
100 86 27
100 87 37
100 88 40
100 89 48
100 90 47
100 91 8
100 92 8
100 93 8
100 94 8
100 95 71
100 96 49
100 97 98
100 98 62
100 99 65
100 100 24