100 5
26
26
24
63
49
35
9
85
94
13
55
12
43
46
29
64
1
8
92
75
73
78
47
22
3
49
27
76
42
63
57
36
91
7
26
18
20
6
20
61
9
21
68
1
15
29
64
21
28
17
5
12
1
50
40
18
7
72
6
68
40
56
83
80
11
9
69
97
27
83
20
19
78
82
32
24
86
1
41
80
52
84
69
44
55
72
2
68
38
92
20
89
48
62
23
96
23
33
90
40
0 1 30
0 2 52
0 3 89
0 4 93
0 5 64
0 6 74
0 7 19
0 8 29
0 9 44
0 10 75
0 11 53
0 12 34
0 13 67
0 14 54
0 15 16
0 16 85
0 17 29
0 18 79
0 19 93
0 20 51
0 21 32
0 22 32
0 23 35
0 24 25
0 25 46
0 26 57
0 27 47
0 28 41
0 29 79
0 30 33
0 31 89
0 32 32
0 33 43
0 34 50
0 35 55
0 36 85
0 37 59
0 38 87
0 39 45
0 40 89
0 41 35
0 42 70
0 43 94
0 44 44
0 45 65
0 46 4
0 47 86
0 48 49
0 49 42
0 50 36
0 51 38
0 52 42
0 53 37
0 54 56
0 55 68
0 56 103
0 57 71
0 58 92
0 59 68
0 60 36
0 61 97
0 62 25
0 63 62
0 64 66
0 65 36
0 66 50
0 67 59
0 68 89
0 69 52
0 70 71
0 71 66
0 72 81
0 73 95
0 74 82
0 75 86
0 76 26
0 77 22
0 78 21
0 79 66
0 80 65
0 81 74
0 82 52
0 83 17
0 84 52
0 85 86
0 86 25
0 87 56
0 88 29
0 89 54
0 90 18
0 91 73
0 92 94
0 93 63
0 94 52
0 95 79
0 96 24
0 97 50
0 98 55
0 99 67
0 100 36
1 1 36
1 2 36
1 3 36
1 4 5
1 5 33
1 6 55
1 7 41
1 8 33
1 9 71
1 10 75
1 11 55
1 12 66
1 13 47
1 14 47
1 15 87
1 16 55
1 17 48
1 18 71
1 19 39
1 20 76
1 21 24
1 22 62
1 23 73
1 24 80
1 25 54
1 26 49
1 27 78
1 28 63
1 29 37
1 30 72
1 31 59
1 32 49
1 33 52
1 34 65
1 35 86
1 36 62
1 37 63
1 38 79
1 39 16
1 40 32
1 41 39
1 42 40
1 43 67
1 44 50
1 45 78
1 46 40
1 47 87
1 48 42
1 49 83
1 50 32
1 51 59
1 52 93
1 53 61
1 54 72
1 55 55
1 56 62
1 57 57
1 58 67
1 59 25
1 60 23
1 61 74
1 62 33
1 63 78
1 64 30
1 65 101
1 66 32
1 67 79
1 68 48
1 69 70
1 70 49
1 71 18
1 72 62
1 73 35
1 74 47
1 75 33
1 76 27
1 77 78
1 78 15
1 79 63
1 80 78
1 81 71
1 82 22
1 83 23
1 84 10
1 85 48
1 86 87
1 87 58
1 88 19
1 89 63
1 90 67
1 91 73
1 92 45
1 93 81
1 94 13
1 95 10
1 96 65
1 97 34
1 98 12
1 99 60
1 100 39
2 1 78
2 2 23
2 3 48
2 4 48
2 5 48
2 6 48
2 7 56
2 8 36
2 9 72
2 10 82
2 11 81
2 12 49
2 13 50
2 14 43
2 15 73
2 16 60
2 17 75
2 18 1
2 19 49
2 20 44
2 21 28
2 22 74
2 23 13
2 24 75
2 25 74
2 26 82
2 27 9
2 28 49
2 29 46
2 30 13
2 31 74
2 32 74
2 33 23
2 34 30
2 35 63
2 36 50
2 37 67
2 38 3
2 39 70
2 40 78
2 41 27
2 42 95
2 43 57
2 44 76
2 45 55
2 46 67
2 47 43
2 48 43
2 49 83
2 50 11
2 51 55
2 52 38
2 53 77
2 54 33
2 55 8
2 56 63
2 57 69
2 58 34
2 59 26
2 60 82
2 61 44
2 62 101
2 63 69
2 64 67
2 65 85
2 66 12
2 67 90
2 68 22
2 69 78
2 70 38
2 71 52
2 72 26
2 73 82
2 74 86
2 75 33
2 76 62
2 77 88
2 78 73
2 79 89
2 80 54
2 81 96
2 82 51
2 83 16
2 84 50
2 85 78
2 86 76
2 87 81
2 88 43
2 89 17
2 90 78
2 91 97
2 92 30
2 93 84
2 94 16
2 95 45
2 96 17
2 97 81
2 98 97
2 99 41
2 100 55
3 1 79
3 2 44
3 3 67
3 4 27
3 5 79
3 6 48
3 7 48
3 8 48
3 9 48
3 10 58
3 11 28
3 12 15
3 13 32
3 14 70
3 15 15
3 16 75
3 17 51
3 18 85
3 19 11
3 20 74
3 21 51
3 22 4
3 23 19
3 24 55
3 25 25
3 26 45
3 27 34
3 28 23
3 29 95
3 30 46
3 31 58
3 32 49
3 33 49
3 34 84
3 35 67
3 36 29
3 37 29
3 38 12
3 39 56
3 40 18
3 41 51
3 42 81
3 43 87
3 44 29
3 45 70
3 46 32
3 47 27
3 48 49
3 49 19
3 50 45
3 51 22
3 52 33
3 53 44
3 54 16
3 55 73
3 56 31
3 57 22
3 58 51
3 59 75
3 60 87
3 61 29
3 62 34
3 63 85
3 64 12
3 65 57
3 66 34
3 67 24
3 68 73
3 69 41
3 70 44
3 71 73
3 72 67
3 73 24
3 74 55
3 75 26
3 76 81
3 77 45
3 78 20
3 79 22
3 80 84
3 81 27
3 82 44
3 83 22
3 84 69
3 85 66
3 86 51
3 87 73
3 88 60
3 89 58
3 90 55
3 91 21
3 92 62
3 93 83
3 94 73
3 95 47
3 96 93
3 97 43
3 98 22
3 99 56
3 100 56
4 1 60
4 2 13
4 3 38
4 4 45
4 5 59
4 6 62
4 7 29
4 8 62
4 9 50
4 10 50
4 11 50
4 12 50
4 13 56
4 14 63
4 15 92
4 16 30
4 17 26
4 18 59
4 19 55
4 20 33
4 21 51
4 22 39
4 23 35
4 24 67
4 25 42
4 26 31
4 27 49
4 28 37
4 29 55
4 30 23
4 31 58
4 32 60
4 33 59
4 34 33
4 35 28
4 36 57
4 37 48
4 38 25
4 39 53
4 40 39
4 41 42
4 42 31
4 43 59
4 44 65
4 45 47
4 46 50
4 47 61
4 48 28
4 49 14
4 50 38
4 51 19
4 52 60
4 53 28
4 54 64
4 55 43
4 56 67
4 57 29
4 58 62
4 59 33
4 60 41
4 61 72
4 62 44
4 63 56
4 64 35
4 65 42
4 66 46
4 67 54
4 68 42
4 69 15
4 70 67
4 71 28
4 72 58
4 73 39
4 74 79
4 75 23
4 76 63
4 77 28
4 78 52
4 79 39
4 80 29
4 81 45
4 82 26
4 83 41
4 84 31
4 85 37
4 86 67
4 87 28
4 88 43
4 89 56
4 90 52
4 91 15
4 92 13
4 93 13
4 94 30
4 95 65
4 96 45
4 97 31
4 98 42
4 99 55
4 100 52
5 1 28
5 2 59
5 3 13
5 4 31
5 5 51
5 6 13
5 7 17
5 8 39
5 9 23
5 10 61
5 11 17
5 12 27
5 13 27
5 14 27
5 15 27
5 16 45
5 17 50
5 18 30
5 19 64
5 20 67
5 21 58
5 22 31
5 23 7
5 24 37
5 25 47
5 26 30
5 27 46
5 28 44
5 29 29
5 30 24
5 31 54
5 32 35
5 33 45
5 34 69
5 35 47
5 36 39
5 37 10
5 38 2
5 39 34
5 40 36
5 41 27
5 42 40
5 43 25
5 44 52
5 45 8
5 46 66
5 47 44
5 48 33
5 49 39
5 50 51
5 51 50
5 52 24
5 53 56
5 54 9
5 55 67
5 56 4
5 57 59
5 58 62
5 59 50
5 60 36
5 61 36
5 62 52
5 63 32
5 64 54
5 65 26
5 66 38
5 67 23
5 68 25
5 69 39
5 70 52
5 71 67
5 72 36
5 73 72
5 74 38
5 75 39
5 76 62
5 77 55
5 78 31
5 79 57
5 80 7
5 81 41
5 82 37
5 83 53
5 84 37
5 85 39
5 86 42
5 87 48
5 88 60
5 89 67
5 90 51
5 91 20
5 92 33
5 93 28
5 94 31
5 95 30
5 96 38
5 97 27
5 98 41
5 99 36
5 100 52
6 1 18
6 2 46
6 3 31
6 4 27
6 5 35
6 6 36
6 7 57
6 8 47
6 9 16
6 10 42
6 11 14
6 12 20
6 13 50
6 14 32
6 15 2
6 16 2
6 17 2
6 18 2
6 19 43
6 20 48
6 21 30
6 22 62
6 23 65
6 24 2
6 25 98
6 26 77
6 27 89
6 28 57
6 29 70
6 30 106
6 31 67
6 32 64
6 33 93
6 34 43
6 35 96
6 36 34
6 37 65
6 38 95
6 39 99
6 40 77
6 41 72
6 42 98
6 43 85
6 44 60
6 45 88
6 46 77
6 47 57
6 48 75
6 49 70
6 50 105
6 51 85
6 52 86
6 53 94
6 54 32
6 55 51
6 56 42
6 57 62
6 58 72
6 59 72
6 60 89
6 61 39
6 62 104
6 63 55
6 64 106
6 65 36
6 66 76
6 67 111
6 68 84
6 69 96
6 70 74
6 71 81
6 72 79
6 73 79
6 74 11
6 75 38
6 76 79
6 77 54
6 78 96
6 79 26
6 80 122
6 81 55
6 82 91
6 83 71
6 84 86
6 85 71
6 86 22
6 87 78
6 88 47
6 89 67
6 90 40
6 91 25
6 92 87
6 93 31
6 94 86
6 95 98
6 96 95
6 97 45
6 98 46
6 99 34
6 100 65
7 1 108
7 2 80
7 3 34
7 4 85
7 5 88
7 6 92
7 7 63
7 8 101
7 9 36
7 10 14
7 11 78
7 12 55
7 13 29
7 14 83
7 15 62
7 16 93
7 17 46
7 18 71
7 19 71
7 20 71
7 21 71
7 22 14
7 23 77
7 24 74
7 25 41
7 26 77
7 27 46
7 28 70
7 29 11
7 30 46
7 31 44
7 32 42
7 33 33
7 34 38
7 35 24
7 36 15
7 37 54
7 38 22
7 39 48
7 40 64
7 41 56
7 42 26
7 43 19
7 44 12
7 45 22
7 46 46
7 47 40
7 48 28
7 49 15
7 50 48
7 51 18
7 52 61
7 53 31
7 54 43
7 55 50
7 56 39
7 57 61
7 58 28
7 59 56
7 60 21
7 61 61
7 62 9
7 63 49
7 64 63
7 65 37
7 66 34
7 67 32
7 68 54
7 69 22
7 70 40
7 71 35
7 72 46
7 73 14
7 74 13
7 75 51
7 76 43
7 77 73
7 78 41
7 79 65
7 80 51
7 81 26
7 82 66
7 83 44
7 84 44
7 85 46
7 86 19
7 87 29
7 88 50
7 89 58
7 90 27
7 91 40
7 92 56
7 93 50
7 94 64
7 95 58
7 96 62
7 97 25
7 98 21
7 99 31
7 100 43
8 1 42
8 2 48
8 3 22
8 4 30
8 5 48
8 6 63
8 7 7
8 8 56
8 9 18
8 10 23
8 11 24
8 12 47
8 13 65
8 14 38
8 15 22
8 16 49
8 17 17
8 18 33
8 19 38
8 20 45
8 21 14
8 22 14
8 23 14
8 24 14
8 25 12
8 26 66
8 27 63
8 28 39
8 29 68
8 30 35
8 31 60
8 32 26
8 33 39
8 34 66
8 35 45
8 36 34
8 37 59
8 38 46
8 39 9
8 40 76
8 41 26
8 42 70
8 43 86
8 44 48
8 45 29
8 46 22
8 47 25
8 48 22
8 49 41
8 50 48
8 51 42
8 52 34
8 53 71
8 54 24
8 55 81
8 56 31
8 57 37
8 58 45
8 59 52
8 60 76
8 61 49
8 62 79
8 63 35
8 64 82
8 65 26
8 66 65
8 67 85
8 68 43
8 69 56
8 70 10
8 71 76
8 72 42
8 73 42
8 74 30
8 75 35
8 76 35
8 77 30
8 78 50
8 79 62
8 80 94
8 81 62
8 82 85
8 83 60
8 84 33
8 85 88
8 86 31
8 87 53
8 88 62
8 89 27
8 90 44
8 91 51
8 92 79
8 93 45
8 94 62
8 95 59
8 96 72
8 97 86
8 98 76
8 99 77
8 100 18
9 1 19
9 2 16
9 3 57
9 4 55
9 5 65
9 6 44
9 7 19
9 8 45
9 9 77
9 10 16
9 11 51
9 12 25
9 13 45
9 14 17
9 15 63
9 16 84
9 17 57
9 18 42
9 19 69
9 20 15
9 21 42
9 22 51
9 23 57
9 24 26
9 25 26
9 26 26
9 27 26
9 28 66
9 29 56
9 30 89
9 31 41
9 32 26
9 33 81
9 34 35
9 35 64
9 36 129
9 37 38
9 38 38
9 39 43
9 40 35
9 41 19
9 42 26
9 43 46
9 44 32
9 45 38
9 46 59
9 47 56
9 48 35
9 49 19
9 50 11
9 51 33
9 52 45
9 53 33
9 54 33
9 55 18
9 56 42
9 57 18
9 58 56
9 59 41
9 60 42
9 61 48
9 62 43
9 63 51
9 64 17
9 65 47
9 66 13
9 67 57
9 68 7
9 69 51
9 70 54
9 71 45
9 72 27
9 73 42
9 74 45
9 75 24
9 76 50
9 77 36
9 78 48
9 79 15
9 80 20
9 81 48
9 82 43
9 83 62
9 84 30
9 85 62
9 86 43
9 87 35
9 88 56
9 89 56
9 90 36
9 91 49
9 92 16
9 93 33
9 94 45
9 95 48
9 96 28
9 97 31
9 98 49
9 99 41
9 100 54
10 1 58
10 2 51
10 3 28
10 4 32
10 5 36
10 6 33
10 7 31
10 8 37
10 9 18
10 10 42
10 11 45
10 12 53
10 13 18
10 14 55
10 15 28
10 16 17
10 17 35
10 18 36
10 19 54
10 20 38
10 21 11
10 22 38
10 23 22
10 24 26
10 25 42
10 26 35
10 27 11
10 28 11
10 29 11
10 30 11
10 31 30
10 32 97
10 33 98
10 34 46
10 35 91
10 36 70
10 37 86
10 38 24
10 39 75
10 40 53
10 41 81
10 42 61
10 43 14
10 44 28
10 45 64
10 46 20
10 47 55
10 48 33
10 49 13
10 50 102
10 51 56
10 52 66
10 53 57
10 54 59
10 55 91
10 56 73
10 57 39
10 58 39
10 59 8
10 60 64
10 61 10
10 62 61
10 63 89
10 64 94
10 65 38
10 66 71
10 67 37
10 68 22
10 69 56
10 70 11
10 71 54
10 72 28
10 73 27
10 74 53
10 75 21
10 76 82
10 77 28
10 78 32
10 79 61
10 80 82
10 81 95
10 82 38
10 83 44
10 84 92
10 85 19
10 86 53
10 87 36
10 88 18
10 89 77
10 90 51
10 91 39
10 92 83
10 93 72
10 94 31
10 95 63
10 96 36
10 97 87
10 98 43
10 99 30
10 100 23
11 1 89
11 2 25
11 3 39
11 4 23
11 5 71
11 6 75
11 7 61
11 8 82
11 9 63
11 10 62
11 11 57
11 12 30
11 13 72
11 14 90
11 15 74
11 16 57
11 17 100
11 18 53
11 19 30
11 20 66
11 21 58
11 22 59
11 23 22
11 24 44
11 25 45
11 26 67
11 27 68
11 28 38
11 29 66
11 30 58
11 31 58
11 32 58
11 33 58
11 34 17
11 35 81
11 36 77
11 37 43
11 38 80
11 39 49
11 40 73
11 41 23
11 42 60
11 43 37
11 44 37
11 45 8
11 46 47
11 47 44
11 48 35
11 49 73
11 50 18
11 51 75
11 52 70
11 53 89
11 54 14
11 55 55
11 56 51
11 57 20
11 58 80
11 59 79
11 60 21
11 61 32
11 62 61
11 63 56
11 64 63
11 65 10
11 66 77
11 67 84
11 68 21
11 69 98
11 70 59
11 71 75
11 72 60
11 73 62
11 74 48
11 75 37
11 76 81
11 77 6
11 78 54
11 79 46
11 80 77
11 81 32
11 82 2
11 83 69
11 84 76
11 85 36
11 86 29
11 87 88
11 88 40
11 89 101
11 90 70
11 91 62
11 92 90
11 93 13
11 94 90
11 95 28
11 96 83
11 97 32
11 98 57
11 99 24
11 100 87
12 1 87
12 2 31
12 3 62
12 4 94
12 5 72
12 6 89
12 7 49
12 8 99
12 9 57
12 10 22
12 11 58
12 12 81
12 13 79
12 14 84
12 15 43
12 16 25
12 17 84
12 18 101
12 19 35
12 20 91
12 21 21
12 22 46
12 23 24
12 24 83
12 25 98
12 26 37
12 27 58
12 28 81
12 29 50
12 30 72
12 31 22
12 32 83
12 33 53
12 34 53
12 35 53
12 36 53
12 37 9
12 38 76
12 39 80
12 40 28
12 41 70
12 42 53
12 43 64
12 44 8
12 45 74
12 46 51
12 47 22
12 48 5
12 49 36
12 50 31
12 51 27
12 52 61
12 53 9
12 54 62
12 55 61
12 56 80
12 57 8
12 58 44
12 59 39
12 60 14
12 61 71
12 62 67
12 63 10
12 64 18
12 65 49
12 66 44
12 67 55
12 68 12
12 69 67
12 70 75
12 71 17
12 72 85
12 73 45
12 74 63
12 75 47
12 76 54
12 77 35
12 78 32
12 79 69
12 80 10
12 81 41
12 82 42
12 83 64
12 84 19
12 85 16
12 86 60
12 87 68
12 88 22
12 89 15
12 90 77
12 91 32
12 92 88
12 93 57
12 94 56
12 95 77
12 96 3
12 97 77
12 98 34
12 99 70
12 100 28
13 1 45
13 2 13
13 3 76
13 4 73
13 5 19
13 6 49
13 7 82
13 8 59
13 9 76
13 10 44
13 11 85
13 12 48
13 13 17
13 14 50
13 15 68
13 16 66
13 17 70
13 18 30
13 19 25
13 20 73
13 21 87
13 22 25
13 23 81
13 24 11
13 25 32
13 26 20
13 27 70
13 28 84
13 29 28
13 30 44
13 31 67
13 32 40
13 33 59
13 34 17
13 35 69
13 36 41
13 37 41
13 38 41
13 39 41
13 40 55
13 41 81
13 42 55
13 43 82
13 44 97
13 45 35
13 46 86
13 47 68
13 48 20
13 49 19
13 50 83
13 51 58
13 52 105
13 53 17
13 54 55
13 55 16
13 56 49
13 57 22
13 58 26
13 59 89
13 60 51
13 61 53
13 62 44
13 63 53
13 64 77
13 65 58
13 66 36
13 67 31
13 68 9
13 69 51
13 70 24
13 71 56
13 72 75
13 73 80
13 74 39
13 75 58
13 76 22
13 77 18
13 78 42
13 79 26
13 80 41
13 81 34
13 82 25
13 83 51
13 84 7
13 85 72
13 86 20
13 87 26
13 88 59
13 89 69
13 90 81
13 91 29
13 92 36
13 93 78
13 94 24
13 95 46
13 96 23
13 97 32
13 98 63
13 99 47
13 100 33
14 1 77
14 2 58
14 3 35
14 4 49
14 5 33
14 6 72
14 7 33
14 8 25
14 9 10
14 10 74
14 11 16
14 12 33
14 13 34
14 14 58
14 15 62
14 16 54
14 17 70
14 18 49
14 19 48
14 20 43
14 21 19
14 22 65
14 23 76
14 24 61
14 25 47
14 26 86
14 27 46
14 28 18
14 29 58
14 30 45
14 31 48
14 32 23
14 33 30
14 34 33
14 35 55
14 36 53
14 37 38
14 38 51
14 39 45
14 40 45
14 41 45
14 42 45
14 43 32
14 44 55
14 45 75
14 46 11
14 47 38
14 48 57
14 49 36
14 50 31
14 51 99
14 52 79
14 53 30
14 54 40
14 55 33
14 56 41
14 57 29
14 58 72
14 59 46
14 60 61
14 61 88
14 62 28
14 63 50
14 64 10
14 65 18
14 66 44
14 67 18
14 68 24
14 69 57
14 70 43
14 71 71
14 72 11
14 73 85
14 74 54
14 75 14
14 76 21
14 77 67
14 78 54
14 79 42
14 80 73
14 81 21
14 82 86
14 83 22
14 84 77
14 85 79
14 86 63
14 87 55
14 88 31
14 89 69
14 90 50
14 91 64
14 92 7
14 93 19
14 94 41
14 95 41
14 96 24
14 97 70
14 98 80
14 99 52
14 100 91
15 1 35
15 2 52
15 3 78
15 4 57
15 5 30
15 6 75
15 7 13
15 8 58
15 9 25
15 10 67
15 11 55
15 12 58
15 13 33
15 14 66
15 15 75
15 16 86
15 17 55
15 18 8
15 19 41
15 20 15
15 21 36
15 22 35
15 23 47
15 24 46
15 25 45
15 26 20
15 27 55
15 28 29
15 29 28
15 30 43
15 31 46
15 32 41
15 33 45
15 34 67
15 35 66
15 36 33
15 37 56
15 38 13
15 39 19
15 40 66
15 41 36
15 42 18
15 43 18
15 44 18
15 45 18
15 46 37
15 47 91
15 48 78
15 49 65
15 50 96
15 51 50
15 52 88
15 53 45
15 54 39
15 55 17
15 56 59
15 57 33
15 58 100
15 59 29
15 60 20
15 61 68
15 62 37
15 63 59
15 64 82
15 65 36
15 66 40
15 67 5
15 68 13
15 69 35
15 70 27
15 71 30
15 72 48
15 73 35
15 74 65
15 75 7
15 76 79
15 77 45
15 78 23
15 79 31
15 80 58
15 81 58
15 82 39
15 83 70
15 84 20
15 85 80
15 86 16
15 87 69
15 88 76
15 89 54
15 90 50
15 91 25
15 92 67
15 93 42
15 94 55
15 95 16
15 96 26
15 97 33
15 98 33
15 99 34
15 100 63
16 1 80
16 2 50
16 3 85
16 4 41
16 5 43
16 6 76
16 7 49
16 8 35
16 9 66
16 10 11
16 11 49
16 12 34
16 13 67
16 14 47
16 15 54
16 16 41
16 17 63
16 18 74
16 19 78
16 20 59
16 21 5
16 22 32
16 23 13
16 24 40
16 25 38
16 26 49
16 27 40
16 28 36
16 29 30
16 30 59
16 31 19
16 32 37
16 33 34
16 34 40
16 35 32
16 36 47
16 37 69
16 38 58
16 39 31
16 40 56
16 41 4
16 42 24
16 43 57
16 44 40
16 45 13
16 46 13
16 47 13
16 48 13
16 49 68
16 50 47
16 51 82
16 52 47
16 53 17
16 54 77
16 55 27
16 56 68
16 57 128
16 58 111
16 59 64
16 60 77
16 61 4
16 62 75
16 63 109
16 64 95
16 65 56
16 66 50
16 67 20
16 68 113
16 69 55
16 70 75
16 71 67
16 72 60
16 73 102
16 74 87
16 75 37
16 76 44
16 77 25
16 78 74
16 79 13
16 80 58
16 81 99
16 82 105
16 83 32
16 84 88
16 85 51
16 86 39
16 87 68
16 88 11
16 89 63
16 90 17
16 91 43
16 92 48
16 93 35
16 94 86
16 95 45
16 96 37
16 97 56
16 98 93
16 99 104
16 100 45
17 1 48
17 2 104
17 3 16
17 4 70
17 5 52
17 6 9
17 7 92
17 8 50
17 9 55
17 10 81
17 11 86
17 12 21
17 13 73
17 14 34
17 15 100
17 16 60
17 17 32
17 18 39
17 19 103
17 20 42
17 21 56
17 22 7
17 23 87
17 24 83
17 25 63
17 26 89
17 27 79
17 28 77
17 29 73
17 30 39
17 31 72
17 32 102
17 33 91
17 34 62
17 35 112
17 36 55
17 37 40
17 38 67
17 39 75
17 40 76
17 41 21
17 42 57
17 43 62
17 44 75
17 45 81
17 46 32
17 47 81
17 48 68
17 49 68
17 50 68
17 51 68
17 52 53
17 53 48
17 54 77
17 55 31
17 56 21
17 57 67
17 58 25
17 59 53
17 60 115
17 61 97
17 62 49
17 63 62
17 64 12
17 65 60
17 66 96
17 67 84
17 68 15
17 69 53
17 70 88
17 71 32
17 72 68
17 73 28
17 74 31
17 75 63
17 76 22
17 77 5
17 78 70
17 79 55
17 80 71
17 81 27
17 82 87
17 83 73
17 84 23
17 85 22
17 86 80
17 87 33
17 88 41
17 89 68
17 90 24
17 91 89
17 92 34
17 93 87
17 94 73
17 95 80
17 96 56
17 97 55
17 98 63
17 99 60
17 100 83
18 1 24
18 2 33
18 3 52
18 4 55
18 5 17
18 6 78
18 7 65
18 8 45
18 9 95
18 10 12
18 11 69
18 12 67
18 13 80
18 14 9
18 15 85
18 16 25
18 17 70
18 18 9
18 19 56
18 20 65
18 21 55
18 22 13
18 23 61
18 24 65
18 25 93
18 26 35
18 27 31
18 28 61
18 29 38
18 30 19
18 31 19
18 32 31
18 33 52
18 34 67
18 35 17
18 36 33
18 37 47
18 38 26
18 39 61
18 40 51
18 41 62
18 42 29
18 43 50
18 44 74
18 45 34
18 46 44
18 47 34
18 48 11
18 49 79
18 50 18
18 51 29
18 52 29
18 53 29
18 54 29
18 55 83
18 56 30
18 57 20
18 58 89
18 59 61
18 60 46
18 61 52
18 62 95
18 63 93
18 64 91
18 65 104
18 66 94
18 67 77
18 68 79
18 69 87
18 70 62
18 71 62
18 72 90
18 73 67
18 74 92
18 75 17
18 76 58
18 77 54
18 78 23
18 79 84
18 80 82
18 81 21
18 82 33
18 83 59
18 84 59
18 85 61
18 86 14
18 87 81
18 88 88
18 89 19
18 90 100
18 91 60
18 92 74
18 93 62
18 94 60
18 95 50
18 96 34
18 97 80
18 98 5
18 99 54
18 100 50
19 1 76
19 2 32
19 3 5
19 4 73
19 5 80
19 6 37
19 7 30
19 8 91
19 9 38
19 10 101
19 11 71
19 12 59
19 13 92
19 14 15
19 15 89
19 16 33
19 17 85
19 18 29
19 19 60
19 20 23
19 21 90
19 22 87
19 23 31
19 24 62
19 25 97
19 26 71
19 27 88
19 28 46
19 29 100
19 30 61
19 31 26
19 32 61
19 33 83
19 34 81
19 35 85
19 36 44
19 37 30
19 38 87
19 39 102
19 40 38
19 41 94
19 42 24
19 43 46
19 44 28
19 45 85
19 46 99
19 47 35
19 48 59
19 49 81
19 50 53
19 51 74
19 52 19
19 53 85
19 54 55
19 55 55
19 56 55
19 57 55
19 58 15
19 59 59
19 60 57
19 61 38
19 62 62
19 63 29
19 64 54
19 65 29
19 66 60
19 67 42
19 68 42
19 69 24
19 70 66
19 71 8
19 72 41
19 73 34
19 74 48
19 75 44
19 76 54
19 77 60
19 78 52
19 79 30
19 80 23
19 81 50
19 82 49
19 83 28
19 84 46
19 85 32
19 86 38
19 87 28
19 88 55
19 89 58
19 90 47
19 91 51
19 92 55
19 93 35
19 94 8
19 95 37
19 96 16
19 97 56
19 98 23
19 99 58
19 100 43
20 1 60
20 2 24
20 3 58
20 4 33
20 5 34
20 6 66
20 7 43
20 8 55
20 9 28
20 10 35
20 11 48
20 12 48
20 13 45
20 14 15
20 15 63
20 16 33
20 17 51
20 18 41
20 19 73
20 20 27
20 21 57
20 22 25
20 23 45
20 24 42
20 25 32
20 26 38
20 27 23
20 28 44
20 29 30
20 30 39
20 31 62
20 32 35
20 33 40
20 34 50
20 35 48
20 36 20
20 37 19
20 38 20
20 39 24
20 40 59
20 41 46
20 42 37
20 43 36
20 44 56
20 45 45
20 46 21
20 47 53
20 48 20
20 49 36
20 50 45
20 51 7
20 52 21
20 53 35
20 54 24
20 55 54
20 56 22
20 57 23
20 58 23
20 59 23
20 60 23
20 61 31
20 62 38
20 63 42
20 64 40
20 65 45
20 66 23
20 67 35
20 68 43
20 69 72
20 70 57
20 71 52
20 72 42
20 73 53
20 74 29
20 75 55
20 76 39
20 77 33
20 78 59
20 79 35
20 80 24
20 81 54
20 82 29
20 83 24
20 84 52
20 85 47
20 86 25
20 87 49
20 88 34
20 89 41
20 90 27
20 91 58
20 92 60
20 93 45
20 94 49
20 95 58
20 96 32
20 97 11
20 98 39
20 99 15
20 100 59
21 1 23
21 2 61
21 3 44
21 4 62
21 5 27
21 6 58
21 7 34
21 8 37
21 9 68
21 10 41
21 11 54
21 12 31
21 13 37
21 14 45
21 15 51
21 16 45
21 17 17
21 18 65
21 19 30
21 20 53
21 21 42
21 22 75
21 23 24
21 24 60
21 25 24
21 26 48
21 27 39
21 28 32
21 29 41
21 30 25
21 31 41
21 32 31
21 33 40
21 34 65
21 35 33
21 36 39
21 37 51
21 38 48
21 39 17
21 40 16
21 41 18
21 42 27
21 43 61
21 44 44
21 45 35
21 46 37
21 47 54
21 48 47
21 49 24
21 50 54
21 51 17
21 52 35
21 53 48
21 54 8
21 55 21
21 56 35
21 57 21
21 58 57
21 59 19
21 60 23
21 61 23
21 62 23
21 63 23
21 64 39
21 65 104
21 66 109
21 67 45
21 68 93
21 69 81
21 70 90
21 71 27
21 72 90
21 73 67
21 74 28
21 75 28
21 76 88
21 77 45
21 78 70
21 79 80
21 80 79
21 81 71
21 82 91
21 83 57
21 84 91
21 85 77
21 86 68
21 87 68
21 88 102
21 89 84
21 90 45
21 91 49
21 92 18
21 93 75
21 94 1
21 95 67
21 96 100
21 97 105
21 98 43
21 99 81
21 100 48
22 1 29
22 2 67
22 3 2
22 4 65
22 5 29
22 6 31
22 7 58
22 8 32
22 9 92
22 10 35
22 11 41
22 12 66
22 13 93
22 14 106
22 15 48
22 16 53
22 17 103
22 18 24
22 19 59
22 20 46
22 21 9
22 22 88
22 23 58
22 24 44
22 25 90
22 26 83
22 27 33
22 28 74
22 29 42
22 30 98
22 31 50
22 32 38
22 33 34
22 34 100
22 35 33
22 36 45
22 37 20
22 38 80
22 39 86
22 40 70
22 41 92
22 42 74
22 43 73
22 44 67
22 45 40
22 46 80
22 47 101
22 48 84
22 49 67
22 50 111
22 51 62
22 52 41
22 53 74
22 54 69
22 55 67
22 56 28
22 57 55
22 58 54
22 59 78
22 60 79
22 61 42
22 62 76
22 63 69
22 64 69
22 65 69
22 66 69
22 67 66
22 68 38
22 69 73
22 70 48
22 71 8
22 72 70
22 73 18
22 74 69
22 75 122
22 76 107
22 77 66
22 78 76
22 79 10
22 80 72
22 81 105
22 82 89
22 83 18
22 84 108
22 85 19
22 86 40
22 87 116
22 88 26
22 89 51
22 90 81
22 91 61
22 92 36
22 93 75
22 94 62
22 95 54
22 96 52
22 97 70
22 98 89
22 99 61
22 100 61
23 1 83
23 2 11
23 3 35
23 4 44
23 5 41
23 6 72
23 7 51
23 8 82
23 9 45
23 10 90
23 11 46
23 12 84
23 13 37
23 14 63
23 15 96
23 16 60
23 17 71
23 18 58
23 19 65
23 20 55
23 21 72
23 22 28
23 23 27
23 24 79
23 25 30
23 26 81
23 27 35
23 28 103
23 29 30
23 30 83
23 31 49
23 32 74
23 33 47
23 34 23
23 35 66
23 36 40
23 37 44
23 38 38
23 39 32
23 40 83
23 41 10
23 42 63
23 43 80
23 44 72
23 45 21
23 46 22
23 47 11
23 48 52
23 49 89
23 50 56
23 51 14
23 52 65
23 53 64
23 54 75
23 55 49
23 56 83
23 57 13
23 58 11
23 59 70
23 60 37
23 61 17
23 62 61
23 63 38
23 64 82
23 65 22
23 66 49
23 67 49
23 68 49
23 69 49
23 70 36
23 71 59
23 72 81
23 73 11
23 74 39
23 75 63
23 76 39
23 77 33
23 78 104
23 79 84
23 80 29
23 81 43
23 82 32
23 83 46
23 84 84
23 85 76
23 86 27
23 87 87
23 88 40
23 89 17
23 90 101
23 91 51
23 92 59
23 93 39
23 94 25
23 95 24
23 96 50
23 97 35
23 98 63
23 99 3
23 100 78
24 1 49
24 2 22
24 3 28
24 4 60
24 5 52
24 6 35
24 7 67
24 8 15
24 9 79
24 10 15
24 11 70
24 12 72
24 13 57
24 14 48
24 15 31
24 16 63
24 17 43
24 18 59
24 19 15
24 20 27
24 21 34
24 22 34
24 23 30
24 24 63
24 25 75
24 26 46
24 27 84
24 28 36
24 29 46
24 30 72
24 31 55
24 32 29
24 33 67
24 34 6
24 35 51
24 36 30
24 37 62
24 38 47
24 39 50
24 40 36
24 41 59
24 42 69
24 43 78
24 44 53
24 45 9
24 46 37
24 47 18
24 48 34
24 49 32
24 50 43
24 51 39
24 52 42
24 53 27
24 54 53
24 55 23
24 56 35
24 57 37
24 58 38
24 59 37
24 60 41
24 61 63
24 62 58
24 63 27
24 64 50
24 65 9
24 66 18
24 67 59
24 68 34
24 69 10
24 70 10
24 71 10
24 72 10
24 73 77
24 74 15
24 75 30
24 76 78
24 77 45
24 78 47
24 79 37
24 80 88
24 81 100
24 82 93
24 83 94
24 84 88
24 85 61
24 86 75
24 87 90
24 88 66
24 89 48
24 90 94
24 91 35
24 92 61
24 93 92
24 94 26
24 95 80
24 96 30
24 97 23
24 98 19
24 99 52
24 100 38
25 1 63
25 2 6
25 3 78
25 4 53
25 5 21
25 6 27
25 7 63
25 8 47
25 9 33
25 10 65
25 11 12
25 12 79
25 13 16
25 14 72
25 15 70
25 16 61
25 17 47
25 18 36
25 19 60
25 20 45
25 21 63
25 22 15
25 23 28
25 24 35
25 25 37
25 26 27
25 27 64
25 28 71
25 29 43
25 30 84
25 31 30
25 32 50
25 33 69
25 34 60
25 35 24
25 36 69
25 37 6
25 38 53
25 39 25
25 40 58
25 41 49
25 42 49
25 43 32
25 44 57
25 45 66
25 46 79
25 47 48
25 48 14
25 49 41
25 50 23
25 51 29
25 52 27
25 53 39
25 54 39
25 55 47
25 56 24
25 57 48
25 58 27
25 59 33
25 60 41
25 61 38
25 62 42
25 63 36
25 64 59
25 65 60
25 66 25
25 67 47
25 68 14
25 69 12
25 70 62
25 71 29
25 72 11
25 73 11
25 74 11
25 75 11
25 76 24
25 77 88
25 78 94
25 79 32
25 80 79
25 81 67
25 82 75
25 83 12
25 84 83
25 85 61
25 86 17
25 87 15
25 88 75
25 89 31
25 90 63
25 91 68
25 92 64
25 93 64
25 94 76
25 95 42
25 96 83
25 97 84
25 98 39
25 99 82
25 100 93
26 1 78
26 2 44
26 3 46
26 4 12
26 5 71
26 6 6
26 7 67
26 8 95
26 9 100
26 10 43
26 11 74
26 12 42
26 13 22
26 14 62
26 15 8
26 16 60
26 17 31
26 18 25
26 19 58
26 20 27
26 21 89
26 22 29
26 23 39
26 24 66
26 25 89
26 26 101
26 27 45
26 28 50
26 29 98
26 30 24
26 31 53
26 32 40
26 33 15
26 34 82
26 35 57
26 36 38
26 37 89
26 38 77
26 39 35
26 40 69
26 41 42
26 42 92
26 43 44
26 44 36
26 45 28
26 46 94
26 47 27
26 48 39
26 49 24
26 50 74
26 51 81
26 52 68
26 53 88
26 54 68
26 55 67
26 56 61
26 57 36
26 58 78
26 59 95
26 60 77
26 61 63
26 62 106
26 63 60
26 64 36
26 65 72
26 66 62
26 67 61
26 68 27
26 69 50
26 70 48
26 71 74
26 72 73
26 73 43
26 74 70
26 75 64
26 76 64
26 77 64
26 78 64
26 79 66
26 80 28
26 81 9
26 82 75
26 83 56
26 84 28
26 85 46
26 86 79
26 87 78
26 88 74
26 89 88
26 90 77
26 91 71
26 92 62
26 93 70
26 94 46
26 95 54
26 96 73
26 97 45
26 98 58
26 99 70
26 100 39
27 1 64
27 2 42
27 3 11
27 4 20
27 5 43
27 6 28
27 7 50
27 8 10
27 9 66
27 10 48
27 11 33
27 12 38
27 13 53
27 14 45
27 15 22
27 16 53
27 17 4
27 18 67
27 19 8
27 20 61
27 21 59
27 22 54
27 23 35
27 24 40
27 25 49
27 26 34
27 27 58
27 28 27
27 29 40
27 30 25
27 31 29
27 32 38
27 33 53
27 34 63
27 35 33
27 36 72
27 37 34
27 38 43
27 39 59
27 40 59
27 41 27
27 42 59
27 43 7
27 44 43
27 45 34
27 46 49
27 47 38
27 48 37
27 49 39
27 50 46
27 51 57
27 52 68
27 53 46
27 54 22
27 55 38
27 56 31
27 57 27
27 58 25
27 59 33
27 60 27
27 61 46
27 62 35
27 63 47
27 64 22
27 65 45
27 66 35
27 67 26
27 68 40
27 69 32
27 70 52
27 71 48
27 72 13
27 73 38
27 74 18
27 75 16
27 76 52
27 77 28
27 78 5
27 79 5
27 80 5
27 81 5
27 82 52
27 83 15
27 84 38
27 85 51
27 86 29
27 87 37
27 88 18
27 89 62
27 90 91
27 91 79
27 92 67
27 93 64
27 94 42
27 95 53
27 96 76
27 97 56
27 98 25
27 99 80
27 100 17
28 1 34
28 2 84
28 3 16
28 4 61
28 5 17
28 6 39
28 7 35
28 8 35
28 9 34
28 10 66
28 11 9
28 12 79
28 13 43
28 14 25
28 15 32
28 16 57
28 17 60
28 18 40
28 19 71
28 20 21
28 21 80
28 22 16
28 23 68
28 24 77
28 25 52
28 26 50
28 27 23
28 28 67
28 29 42
28 30 53
28 31 17
28 32 27
28 33 33
28 34 32
28 35 36
28 36 62
28 37 81
28 38 51
28 39 84
28 40 44
28 41 41
28 42 77
28 43 47
28 44 37
28 45 65
28 46 12
28 47 48
28 48 36
28 49 68
28 50 46
28 51 54
28 52 43
28 53 64
28 54 75
28 55 78
28 56 61
28 57 6
28 58 30
28 59 13
28 60 42
28 61 40
28 62 51
28 63 40
28 64 34
28 65 31
28 66 61
28 67 18
28 68 39
28 69 32
28 70 40
28 71 30
28 72 49
28 73 70
28 74 57
28 75 31
28 76 57
28 77 3
28 78 26
28 79 56
28 80 42
28 81 14
28 82 14
28 83 14
28 84 14
28 85 23
28 86 49
28 87 62
28 88 20
28 89 41
28 90 43
28 91 35
28 92 28
28 93 85
28 94 66
28 95 34
28 96 33
28 97 42
28 98 29
28 99 65
28 100 55
29 1 26
29 2 68
29 3 36
29 4 4
29 5 81
29 6 44
29 7 41
29 8 42
29 9 63
29 10 68
29 11 2
29 12 63
29 13 13
29 14 48
29 15 26
29 16 49
29 17 73
29 18 78
29 19 32
29 20 62
29 21 23
29 22 25
29 23 41
29 24 27
29 25 38
29 26 29
29 27 32
29 28 44
29 29 8
29 30 67
29 31 27
29 32 19
29 33 52
29 34 67
29 35 79
29 36 23
29 37 29
29 38 77
29 39 18
29 40 53
29 41 27
29 42 32
29 43 64
29 44 40
29 45 40
29 46 70
29 47 58
29 48 30
29 49 47
29 50 26
29 51 72
29 52 39
29 53 18
29 54 14
29 55 75
29 56 23
29 57 40
29 58 31
29 59 61
29 60 59
29 61 48
29 62 66
29 63 51
29 64 49
29 65 47
29 66 14
29 67 58
29 68 74
29 69 65
29 70 41
29 71 84
29 72 40
29 73 14
29 74 52
29 75 48
29 76 54
29 77 17
29 78 29
29 79 37
29 80 51
29 81 53
29 82 32
29 83 53
29 84 42
29 85 42
29 86 42
29 87 42
29 88 26
29 89 86
29 90 95
29 91 25
29 92 73
29 93 69
29 94 70
29 95 12
29 96 91
29 97 68
29 98 8
29 99 21
29 100 67
30 1 35
30 2 70
30 3 73
30 4 59
30 5 72
30 6 71
30 7 37
30 8 90
30 9 80
30 10 45
30 11 78
30 12 95
30 13 104
30 14 36
30 15 72
30 16 56
30 17 43
30 18 75
30 19 83
30 20 49
30 21 49
30 22 81
30 23 9
30 24 33
30 25 50
30 26 32
30 27 77
30 28 44
30 29 83
30 30 53
30 31 86
30 32 47
30 33 74
30 34 44
30 35 61
30 36 91
30 37 49
30 38 59
30 39 54
30 40 61
30 41 42
30 42 73
30 43 40
30 44 30
30 45 84
30 46 18
30 47 76
30 48 45
30 49 95
30 50 18
30 51 83
30 52 39
30 53 72
30 54 34
30 55 33
30 56 64
30 57 43
30 58 32
30 59 43
30 60 42
30 61 86
30 62 10
30 63 52
30 64 73
30 65 61
30 66 10
30 67 11
30 68 9
30 69 50
30 70 81
30 71 43
30 72 11
30 73 58
30 74 52
30 75 70
30 76 47
30 77 76
30 78 7
30 79 24
30 80 70
30 81 32
30 82 23
30 83 52
30 84 27
30 85 80
30 86 10
30 87 41
30 88 41
30 89 41
30 90 41
30 91 13
30 92 60
30 93 58
30 94 37
30 95 62
30 96 31
30 97 54
30 98 27
30 99 62
30 100 42
31 1 40
31 2 22
31 3 65
31 4 7
31 5 42
31 6 36
31 7 48
31 8 45
31 9 54
31 10 28
31 11 58
31 12 60
31 13 18
31 14 59
31 15 58
31 16 72
31 17 22
31 18 40
31 19 21
31 20 52
31 21 89
31 22 35
31 23 39
31 24 46
31 25 57
31 26 82
31 27 58
31 28 87
31 29 42
31 30 90
31 31 34
31 32 72
31 33 93
31 34 47
31 35 64
31 36 2
31 37 85
31 38 49
31 39 45
31 40 32
31 41 34
31 42 43
31 43 37
31 44 52
31 45 69
31 46 102
31 47 70
31 48 93
31 49 65
31 50 38
31 51 96
31 52 29
31 53 59
31 54 68
31 55 34
31 56 51
31 57 55
31 58 87
31 59 53
31 60 70
31 61 63
31 62 80
31 63 94
31 64 83
31 65 83
31 66 22
31 67 24
31 68 17
31 69 64
31 70 62
31 71 72
31 72 52
31 73 20
31 74 48
31 75 83
31 76 24
31 77 52
31 78 31
31 79 53
31 80 21
31 81 70
31 82 91
31 83 64
31 84 50
31 85 77
31 86 22
31 87 47
31 88 57
31 89 64
31 90 34
31 91 34
31 92 34
31 93 34
31 94 65
31 95 21
31 96 16
31 97 72
31 98 50
31 99 31
31 100 40
32 1 77
32 2 83
32 3 77
32 4 86
32 5 76
32 6 65
32 7 62
32 8 73
32 9 50
32 10 48
32 11 77
32 12 38
32 13 54
32 14 75
32 15 32
32 16 65
32 17 35
32 18 18
32 19 18
32 20 53
32 21 68
32 22 57
32 23 34
32 24 57
32 25 73
32 26 14
32 27 13
32 28 83
32 29 42
32 30 48
32 31 77
32 32 29
32 33 95
32 34 36
32 35 91
32 36 81
32 37 81
32 38 63
32 39 50
32 40 71
32 41 64
32 42 83
32 43 17
32 44 24
32 45 55
32 46 58
32 47 8
32 48 83
32 49 75
32 50 54
32 51 101
32 52 20
32 53 70
32 54 77
32 55 77
32 56 18
32 57 89
32 58 26
32 59 73
32 60 6
32 61 65
32 62 69
32 63 63
32 64 13
32 65 69
32 66 74
32 67 98
32 68 44
32 69 28
32 70 61
32 71 33
32 72 29
32 73 29
32 74 41
32 75 58
32 76 65
32 77 7
32 78 42
32 79 47
32 80 17
32 81 61
32 82 56
32 83 61
32 84 38
32 85 60
32 86 79
32 87 40
32 88 53
32 89 33
32 90 16
32 91 82
32 92 27
32 93 31
32 94 31
32 95 31
32 96 31
32 97 43
32 98 35
32 99 61
32 100 31
33 1 20
33 2 50
33 3 16
33 4 48
33 5 100
33 6 84
33 7 49
33 8 54
33 9 24
33 10 49
33 11 82
33 12 67
33 13 5
33 14 86
33 15 17
33 16 18
33 17 95
33 18 27
33 19 60
33 20 24
33 21 62
33 22 58
33 23 23
33 24 79
33 25 61
33 26 69
33 27 77
33 28 49
33 29 9
33 30 16
33 31 75
33 32 61
33 33 52
33 34 84
33 35 31
33 36 96
33 37 32
33 38 86
33 39 89
33 40 69
33 41 65
33 42 31
33 43 79
33 44 59
33 45 70
33 46 4
33 47 9
33 48 50
33 49 50
33 50 22
33 51 80
33 52 89
33 53 62
33 54 101
33 55 40
33 56 59
33 57 87
33 58 59
33 59 36
33 60 83
33 61 23
33 62 66
33 63 26
33 64 77
33 65 64
33 66 68
33 67 34
33 68 76
33 69 85
33 70 95
33 71 62
33 72 13
33 73 47
33 74 13
33 75 44
33 76 43
33 77 55
33 78 56
33 79 48
33 80 18
33 81 61
33 82 36
33 83 22
33 84 50
33 85 56
33 86 46
33 87 53
33 88 75
33 89 75
33 90 44
33 91 65
33 92 21
33 93 27
33 94 74
33 95 43
33 96 28
33 97 28
33 98 28
33 99 28
33 100 16
34 1 62
34 2 74
34 3 12
34 4 52
34 5 52
34 6 48
34 7 16
34 8 86
34 9 65
34 10 20
34 11 24
34 12 49
34 13 26
34 14 65
34 15 60
34 16 37
34 17 68
34 18 48
34 19 14
34 20 83
34 21 58
34 22 39
34 23 55
34 24 74
34 25 82
34 26 13
34 27 65
34 28 46
34 29 74
34 30 70
34 31 50
34 32 79
34 33 26
34 34 71
34 35 70
34 36 56
34 37 87
34 38 36
34 39 97
34 40 33
34 41 84
34 42 93
34 43 63
34 44 67
34 45 21
34 46 84
34 47 58
34 48 63
34 49 14
34 50 14
34 51 49
34 52 47
34 53 33
34 54 78
34 55 96
34 56 67
34 57 101
34 58 50
34 59 54
34 60 93
34 61 49
34 62 45
34 63 80
34 64 27
34 65 63
34 66 37
34 67 83
34 68 62
34 69 71
34 70 45
34 71 80
34 72 90
34 73 93
34 74 71
34 75 12
34 76 40
34 77 5
34 78 52
34 79 51
34 80 63
34 81 57
34 82 40
34 83 29
34 84 70
34 85 32
34 86 31
34 87 45
34 88 57
34 89 38
34 90 61
34 91 83
34 92 73
34 93 47
34 94 71
34 95 19
34 96 35
34 97 70
34 98 52
34 99 30
34 100 30
35 1 30
35 2 30
35 3 68
35 4 52
35 5 86
35 6 46
35 7 21
35 8 80
35 9 31
35 10 68
35 11 130
35 12 113
35 13 63
35 14 77
35 15 6
35 16 76
35 17 111
35 18 97
35 19 26
35 20 115
35 21 32
35 22 43
35 23 125
35 24 40
35 25 88
35 26 36
35 27 87
35 28 76
35 29 49
35 30 109
35 31 90
35 32 97
35 33 107
35 34 79
35 35 118
35 36 58
35 37 31
35 38 63
35 39 24
35 40 49
35 41 26
35 42 52
35 43 16
35 44 40
35 45 55
35 46 32
35 47 26
35 48 40
35 49 48
35 50 13
35 51 38
35 52 45
35 53 56
35 54 4
35 55 7
35 56 59
35 57 33
35 58 69
35 59 37
35 60 55
35 61 55
35 62 23
35 63 60
35 64 48
35 65 48
35 66 37
35 67 27
35 68 21
35 69 57
35 70 54
35 71 17
35 72 33
35 73 62
35 74 43
35 75 59
35 76 48
35 77 63
35 78 35
35 79 24
35 80 40
35 81 46
35 82 44
35 83 48
35 84 13
35 85 34
35 86 56
35 87 65
35 88 15
35 89 65
35 90 17
35 91 15
35 92 27
35 93 48
35 94 63
35 95 28
35 96 22
35 97 47
35 98 27
35 99 39
35 100 30
36 1 47
36 2 21
36 3 21
36 4 21
36 5 21
36 6 20
36 7 48
36 8 51
36 9 34
36 10 51
36 11 28
36 12 42
36 13 33
36 14 69
36 15 52
36 16 43
36 17 31
36 18 56
36 19 19
36 20 50
36 21 39
36 22 37
36 23 54
36 24 42
36 25 21
36 26 65
36 27 48
36 28 29
36 29 47
36 30 51
36 31 62
36 32 15
36 33 48
36 34 29
36 35 50
36 36 49
36 37 26
36 38 59
36 39 44
36 40 44
36 41 81
36 42 50
36 43 28
36 44 70
36 45 5
36 46 67
36 47 32
36 48 30
36 49 62
36 50 35
36 51 95
36 52 35
36 53 45
36 54 70
36 55 96
36 56 108
36 57 52
36 58 56
36 59 105
36 60 28
36 61 58
36 62 47
36 63 10
36 64 89
36 65 62
36 66 43
36 67 93
36 68 84
36 69 36
36 70 76
36 71 46
36 72 100
36 73 50
36 74 42
36 75 35
36 76 102
36 77 34
36 78 45
36 79 23
36 80 81
36 81 89
36 82 73
36 83 95
36 84 75
36 85 74
36 86 68
36 87 43
36 88 83
36 89 103
36 90 84
36 91 70
36 92 113
36 93 65
36 94 43
36 95 77
36 96 70
36 97 67
36 98 32
36 99 57
36 100 55
37 1 81
37 2 81
37 3 46
37 4 78
37 5 71
37 6 71
37 7 71
37 8 71
37 9 31
37 10 60
37 11 79
37 12 7
37 13 42
37 14 60
37 15 41
37 16 28
37 17 100
37 18 80
37 19 25
37 20 39
37 21 36
37 22 41
37 23 79
37 24 72
37 25 29
37 26 82
37 27 42
37 28 14
37 29 96
37 30 52
37 31 54
37 32 49
37 33 79
37 34 82
37 35 19
37 36 78
37 37 60
37 38 82
37 39 82
37 40 59
37 41 92
37 42 21
37 43 17
37 44 30
37 45 56
37 46 77
37 47 52
37 48 69
37 49 40
37 50 46
37 51 84
37 52 16
37 53 55
37 54 33
37 55 78
37 56 33
37 57 13
37 58 58
37 59 64
37 60 33
37 61 25
37 62 77
37 63 47
37 64 100
37 65 68
37 66 70
37 67 82
37 68 13
37 69 90
37 70 19
37 71 75
37 72 42
37 73 48
37 74 28
37 75 77
37 76 86
37 77 34
37 78 62
37 79 84
37 80 73
37 81 89
37 82 58
37 83 93
37 84 46
37 85 11
37 86 45
37 87 75
37 88 73
37 89 79
37 90 43
37 91 12
37 92 73
37 93 95
37 94 26
37 95 79
37 96 14
37 97 45
37 98 12
37 99 78
37 100 95
38 1 43
38 2 53
38 3 78
38 4 40
38 5 63
38 6 30
38 7 76
38 8 44
38 9 44
38 10 44
38 11 44
38 12 43
38 13 58
38 14 83
38 15 17
38 16 36
38 17 68
38 18 37
38 19 40
38 20 110
38 21 91
38 22 34
38 23 50
38 24 26
38 25 52
38 26 90
38 27 81
38 28 25
38 29 93
38 30 39
38 31 22
38 32 106
38 33 49
38 34 65
38 35 46
38 36 84
38 37 82
38 38 27
38 39 89
38 40 70
38 41 89
38 42 91
38 43 66
38 44 102
38 45 30
38 46 6
38 47 20
38 48 104
38 49 12
38 50 41
38 51 39
38 52 45
38 53 52
38 54 17
38 55 67
38 56 18
38 57 80
38 58 7
38 59 40
38 60 75
38 61 68
38 62 81
38 63 40
38 64 48
38 65 72
38 66 42
38 67 29
38 68 11
38 69 46
38 70 53
38 71 61
38 72 18
38 73 90
38 74 49
38 75 53
38 76 50
38 77 49
38 78 66
38 79 15
38 80 41
38 81 10
38 82 66
38 83 5
38 84 17
38 85 51
38 86 42
38 87 65
38 88 66
38 89 73
38 90 39
38 91 38
38 92 30
38 93 30
38 94 76
38 95 71
38 96 46
38 97 55
38 98 81
38 99 59
38 100 28
39 1 70
39 2 32
39 3 31
39 4 41
39 5 29
39 6 17
39 7 59
39 8 49
39 9 56
39 10 41
39 11 47
39 12 47
39 13 47
39 14 47
39 15 53
39 16 88
39 17 65
39 18 81
39 19 101
39 20 42
39 21 91
39 22 65
39 23 17
39 24 9
39 25 79
39 26 54
39 27 108
39 28 43
39 29 6
39 30 23
39 31 89
39 32 7
39 33 91
39 34 72
39 35 15
39 36 93
39 37 30
39 38 93
39 39 63
39 40 88
39 41 67
39 42 5
39 43 24
39 44 46
39 45 18
39 46 42
39 47 17
39 48 83
39 49 96
39 50 106
39 51 10
39 52 63
39 53 39
39 54 29
39 55 37
39 56 32
39 57 30
39 58 47
39 59 4
39 60 67
39 61 25
39 62 20
39 63 54
39 64 65
39 65 77
39 66 23
39 67 30
39 68 75
39 69 22
39 70 50
39 71 23
39 72 34
39 73 61
39 74 42
39 75 38
39 76 72
39 77 56
39 78 33
39 79 45
39 80 29
39 81 69
39 82 36
39 83 21
39 84 11
39 85 72
39 86 20
39 87 37
39 88 34
39 89 58
39 90 58
39 91 49
39 92 65
39 93 48
39 94 46
39 95 43
39 96 14
39 97 60
39 98 72
39 99 61
39 100 41
40 1 82
40 2 41
40 3 13
40 4 53
40 5 44
40 6 50
40 7 20
40 8 27
40 9 34
40 10 51
40 11 51
40 12 35
40 13 50
40 14 41
40 15 41
40 16 41
40 17 41
40 18 52
40 19 63
40 20 38
40 21 75
40 22 82
40 23 18
40 24 71
40 25 66
40 26 37
40 27 34
40 28 79
40 29 58
40 30 92
40 31 42
40 32 29
40 33 6
40 34 72
40 35 33
40 36 70
40 37 61
40 38 30
40 39 70
40 40 36
40 41 72
40 42 36
40 43 61
40 44 56
40 45 23
40 46 23
40 47 20
40 48 11
40 49 19
40 50 22
40 51 82
40 52 84
40 53 91
40 54 32
40 55 62
40 56 33
40 57 30
40 58 45
40 59 43
40 60 17
40 61 61
40 62 13
40 63 78
40 64 11
40 65 34
40 66 68
40 67 71
40 68 83
40 69 36
40 70 43
40 71 77
40 72 33
40 73 37
40 74 17
40 75 37
40 76 60
40 77 55
40 78 24
40 79 85
40 80 55
40 81 45
40 82 51
40 83 42
40 84 71
40 85 24
40 86 34
40 87 7
40 88 72
40 89 7
40 90 24
40 91 41
40 92 51
40 93 66
40 94 62
40 95 74
40 96 46
40 97 45
40 98 38
40 99 25
40 100 72
41 1 75
41 2 55
41 3 53
41 4 86
41 5 54
41 6 24
41 7 66
41 8 40
41 9 40
41 10 32
41 11 31
41 12 26
41 13 59
41 14 53
41 15 48
41 16 48
41 17 48
41 18 48
41 19 48
41 20 48
41 21 52
41 22 34
41 23 65
41 24 37
41 25 12
41 26 57
41 27 12
41 28 56
41 29 108
41 30 92
41 31 55
41 32 62
41 33 17
41 34 57
41 35 90
41 36 75
41 37 3
41 38 94
41 39 13
41 40 26
41 41 103
41 42 24
41 43 69
41 44 20
41 45 66
41 46 59
41 47 31
41 48 87
41 49 69
41 50 75
41 51 85
41 52 56
41 53 96
41 54 52
41 55 21
41 56 18
41 57 102
41 58 50
41 59 47
41 60 52
41 61 43
41 62 36
41 63 78
41 64 5
41 65 50
41 66 43
41 67 73
41 68 28
41 69 7
41 70 65
41 71 73
41 72 31
41 73 24
41 74 84
41 75 38
41 76 97
41 77 66
41 78 60
41 79 85
41 80 8
41 81 86
41 82 29
41 83 78
41 84 31
41 85 53
41 86 20
41 87 83
41 88 82
41 89 28
41 90 58
41 91 89
41 92 68
41 93 85
41 94 47
41 95 94
41 96 53
41 97 19
41 98 54
41 99 76
41 100 75
42 1 79
42 2 39
42 3 23
42 4 80
42 5 96
42 6 31
42 7 87
42 8 16
42 9 41
42 10 21
42 11 79
42 12 93
42 13 34
42 14 53
42 15 76
42 16 46
42 17 67
42 18 20
42 19 78
42 20 48
42 21 48
42 22 48
42 23 48
42 24 34
42 25 96
42 26 88
42 27 59
42 28 97
42 29 59
42 30 90
42 31 37
42 32 54
42 33 31
42 34 50
42 35 26
42 36 98
42 37 30
42 38 35
42 39 50
42 40 83
42 41 35
42 42 90
42 43 60
42 44 55
42 45 96
42 46 23
42 47 95
42 48 87
42 49 106
42 50 55
42 51 39
42 52 34
42 53 75
42 54 53
42 55 59
42 56 57
42 57 55
42 58 80
42 59 93
42 60 48
42 61 39
42 62 71
42 63 37
42 64 17
42 65 66
42 66 34
42 67 74
42 68 30
42 69 74
42 70 25
42 71 47
42 72 81
42 73 56
42 74 68
42 75 43
42 76 51
42 77 56
42 78 56
42 79 29
42 80 11
42 81 65
42 82 34
42 83 66
42 84 29
42 85 90
42 86 31
42 87 67
42 88 40
42 89 58
42 90 48
42 91 17
42 92 50
42 93 24
42 94 48
42 95 24
42 96 26
42 97 68
42 98 24
42 99 55
42 100 66
43 1 64
43 2 20
43 3 20
43 4 10
43 5 36
43 6 76
43 7 55
43 8 27
43 9 53
43 10 65
43 11 61
43 12 33
43 13 69
43 14 12
43 15 20
43 16 54
43 17 23
43 18 5
43 19 51
43 20 34
43 21 66
43 22 22
43 23 39
43 24 39
43 25 39
43 26 39
43 27 66
43 28 50
43 29 84
43 30 44
43 31 19
43 32 78
43 33 29
43 34 66
43 35 128
43 36 110
43 37 62
43 38 76
43 39 4
43 40 74
43 41 109
43 42 95
43 43 23
43 44 113
43 45 30
43 46 41
43 47 122
43 48 38
43 49 86
43 50 35
43 51 85
43 52 75
43 53 47
43 54 107
43 55 88
43 56 95
43 57 105
43 58 77
43 59 116
43 60 57
43 61 22
43 62 8
43 63 121
43 64 62
43 65 67
43 66 69
43 67 90
43 68 66
43 69 61
43 70 90
43 71 54
43 72 73
43 73 52
43 74 66
43 75 95
43 76 45
43 77 55
43 78 59
43 79 64
43 80 36
43 81 79
43 82 48
43 83 38
43 84 91
43 85 11
43 86 80
43 87 53
43 88 96
43 89 14
43 90 89
43 91 39
43 92 77
43 93 28
43 94 41
43 95 70
43 96 50
43 97 24
43 98 52
43 99 50
43 100 93
44 1 13
44 2 51
44 3 75
44 4 59
44 5 12
44 6 13
44 7 17
44 8 55
44 9 83
44 10 37
44 11 12
44 12 60
44 13 45
44 14 72
44 15 53
44 16 77
44 17 15
44 18 31
44 19 76
44 20 36
44 21 31
44 22 51
44 23 25
44 24 85
44 25 10
44 26 42
44 27 42
44 28 42
44 29 42
44 30 28
44 31 58
44 32 48
44 33 51
44 34 68
44 35 19
44 36 58
44 37 42
44 38 50
44 39 34
44 40 55
44 41 35
44 42 74
44 43 18
44 44 32
44 45 21
44 46 55
44 47 36
44 48 58
44 49 40
44 50 45
44 51 61
44 52 17
44 53 61
44 54 47
44 55 66
44 56 34
44 57 29
44 58 11
44 59 39
44 60 30
44 61 19
44 62 40
44 63 57
44 64 63
44 65 72
44 66 43
44 67 37
44 68 31
44 69 14
44 70 23
44 71 14
44 72 70
44 73 71
44 74 56
44 75 42
44 76 67
44 77 55
44 78 73
44 79 11
44 80 22
44 81 46
44 82 48
44 83 16
44 84 75
44 85 74
44 86 49
44 87 94
44 88 25
44 89 60
44 90 74
44 91 68
44 92 20
44 93 80
44 94 16
44 95 64
44 96 15
44 97 63
44 98 60
44 99 57
44 100 22
45 1 64
45 2 71
45 3 90
45 4 47
45 5 18
45 6 51
45 7 25
45 8 29
45 9 28
45 10 40
45 11 49
45 12 55
45 13 13
45 14 46
45 15 37
45 16 23
45 17 51
45 18 48
45 19 51
45 20 38
45 21 60
45 22 70
45 23 33
45 24 51
45 25 23
45 26 12
45 27 73
45 28 28
45 29 22
45 30 22
45 31 22
45 32 22
45 33 12
45 34 56
45 35 63
45 36 24
45 37 52
45 38 39
45 39 45
45 40 22
45 41 75
45 42 55
45 43 31
45 44 23
45 45 53
45 46 17
45 47 55
45 48 48
45 49 37
45 50 58
45 51 46
45 52 15
45 53 71
45 54 53
45 55 30
45 56 52
45 57 63
45 58 73
45 59 10
45 60 54
45 61 35
45 62 61
45 63 57
45 64 38
45 65 67
45 66 32
45 67 38
45 68 50
45 69 68
45 70 16
45 71 41
45 72 14
45 73 34
45 74 24
45 75 80
45 76 56
45 77 54
45 78 72
45 79 53
45 80 66
45 81 94
45 82 44
45 83 53
45 84 58
45 85 64
45 86 34
45 87 79
45 88 49
45 89 38
45 90 92
45 91 9
45 92 79
45 93 54
45 94 95
45 95 13
45 96 89
45 97 38
45 98 76
45 99 26
45 100 42
46 1 69
46 2 51
46 3 22
46 4 53
46 5 52
46 6 93
46 7 15
46 8 49
46 9 74
46 10 57
46 11 12
46 12 13
46 13 18
46 14 55
46 15 82
46 16 36
46 17 13
46 18 59
46 19 44
46 20 72
46 21 53
46 22 76
46 23 16
46 24 33
46 25 76
46 26 36
46 27 32
46 28 50
46 29 24
46 30 85
46 31 10
46 32 41
46 33 41
46 34 41
46 35 41
46 36 17
46 37 79
46 38 75
46 39 44
46 40 79
46 41 46
46 42 72
46 43 24
46 44 58
46 45 35
46 46 38
46 47 12
46 48 80
46 49 12
46 50 37
46 51 43
46 52 65
46 53 38
46 54 72
46 55 42
46 56 57
46 57 78
46 58 13
46 59 77
46 60 74
46 61 91
46 62 37
46 63 38
46 64 25
46 65 65
46 66 49
46 67 45
46 68 56
46 69 43
46 70 63
46 71 76
46 72 51
46 73 24
46 74 56
46 75 20
46 76 11
46 77 37
46 78 96
46 79 38
46 80 73
46 81 40
46 82 52
46 83 39
46 84 61
46 85 23
46 86 36
46 87 30
46 88 33
46 89 33
46 90 57
46 91 64
46 92 36
46 93 77
46 94 30
46 95 47
46 96 61
46 97 61
46 98 23
46 99 64
46 100 5
47 1 48
47 2 30
47 3 51
47 4 43
47 5 41
47 6 35
47 7 49
47 8 59
47 9 73
47 10 45
47 11 20
47 12 40
47 13 29
47 14 25
47 15 23
47 16 33
47 17 32
47 18 48
47 19 30
47 20 45
47 21 25
47 22 40
47 23 39
47 24 31
47 25 42
47 26 31
47 27 53
47 28 53
47 29 17
47 30 40
47 31 17
47 32 12
47 33 57
47 34 26
47 35 7
47 36 7
47 37 7
47 38 7
47 39 47
47 40 28
47 41 55
47 42 38
47 43 18
47 44 47
47 45 10
47 46 53
47 47 99
47 48 84
47 49 55
47 50 58
47 51 27
47 52 51
47 53 82
47 54 65
47 55 8
47 56 85
47 57 11
47 58 23
47 59 93
47 60 21
47 61 61
47 62 18
47 63 56
47 64 52
47 65 26
47 66 78
47 67 60
47 68 65
47 69 75
47 70 46
47 71 86
47 72 53
47 73 27
47 74 28
47 75 92
47 76 47
47 77 37
47 78 44
47 79 66
47 80 36
47 81 62
47 82 82
47 83 27
47 84 35
47 85 40
47 86 15
47 87 42
47 88 71
47 89 83
47 90 24
47 91 27
47 92 84
47 93 6
47 94 66
47 95 40
47 96 29
47 97 74
47 98 32
47 99 52
47 100 63
48 1 68
48 2 16
48 3 52
48 4 16
48 5 80
48 6 52
48 7 11
48 8 28
48 9 84
48 10 35
48 11 52
48 12 22
48 13 74
48 14 62
48 15 43
48 16 68
48 17 62
48 18 60
48 19 59
48 20 19
48 21 53
48 22 81
48 23 77
48 24 41
48 25 91
48 26 35
48 27 21
48 28 47
48 29 60
48 30 67
48 31 3
48 32 38
48 33 50
48 34 54
48 35 61
48 36 19
48 37 64
48 38 47
48 39 47
48 40 47
48 41 47
48 42 79
48 43 26
48 44 19
48 45 84
48 46 57
48 47 43
48 48 48
48 49 91
48 50 91
48 51 88
48 52 99
48 53 90
48 54 73
48 55 75
48 56 84
48 57 60
48 58 58
48 59 88
48 60 46
48 61 67
48 62 84
48 63 38
48 64 78
48 65 41
48 66 21
48 67 6
48 68 66
48 69 78
48 70 69
48 71 39
48 72 66
48 73 43
48 74 75
48 75 98
48 76 78
48 77 77
48 78 87
48 79 85
48 80 30
48 81 67
48 82 84
48 83 50
48 84 11
48 85 83
48 86 76
48 87 70
48 88 21
48 89 52
48 90 61
48 91 10
48 92 17
48 93 43
48 94 42
48 95 30
48 96 72
48 97 88
48 98 59
48 99 94
48 100 44
49 1 50
49 2 85
49 3 50
49 4 39
49 5 75
49 6 19
49 7 58
49 8 33
49 9 75
49 10 56
49 11 63
49 12 41
49 13 72
49 14 83
49 15 88
49 16 64
49 17 5
49 18 38
49 19 6
49 20 45
49 21 44
49 22 56
49 23 50
49 24 39
49 25 26
49 26 64
49 27 28
49 28 31
49 29 41
49 30 50
49 31 37
49 32 53
49 33 76
49 34 68
49 35 40
49 36 64
49 37 13
49 38 28
49 39 66
49 40 45
49 41 23
49 42 23
49 43 23
49 44 23
49 45 12
49 46 68
49 47 77
49 48 17
49 49 59
49 50 53
49 51 55
49 52 9
49 53 82
49 54 61
49 55 17
49 56 17
49 57 57
49 58 23
49 59 61
49 60 59
49 61 44
49 62 64
49 63 55
49 64 21
49 65 80
49 66 64
49 67 35
49 68 62
49 69 77
49 70 86
49 71 19
49 72 61
49 73 43
49 74 75
49 75 68
49 76 52
49 77 77
49 78 19
49 79 38
49 80 51
49 81 75
49 82 3
49 83 55
49 84 25
49 85 37
49 86 38
49 87 94
49 88 62
49 89 48
49 90 14
49 91 66
49 92 72
49 93 39
49 94 62
49 95 74
49 96 14
49 97 18
49 98 75
49 99 15
49 100 65
50 1 36
50 2 37
50 3 67
50 4 27
50 5 53
50 6 58
50 7 61
50 8 22
50 9 43
50 10 13
50 11 72
50 12 51
50 13 5
50 14 26
50 15 76
50 16 35
50 17 52
50 18 31
50 19 69
50 20 53
50 21 36
50 22 59
50 23 55
50 24 53
50 25 53
50 26 11
50 27 46
50 28 72
50 29 71
50 30 32
50 31 82
50 32 28
50 33 14
50 34 40
50 35 54
50 36 64
50 37 11
50 38 31
50 39 47
50 40 45
50 41 53
50 42 20
50 43 57
50 44 38
50 45 38
50 46 38
50 47 38
50 48 28
50 49 95
50 50 95
50 51 44
50 52 89
50 53 67
50 54 84
50 55 22
50 56 75
50 57 52
50 58 30
50 59 16
50 60 86
50 61 31
50 62 54
50 63 64
50 64 74
50 65 55
50 66 84
50 67 51
50 68 75
50 69 92
50 70 34
50 71 90
50 72 95
50 73 110
50 74 47
50 75 58
50 76 47
50 77 87
50 78 70
50 79 66
50 80 75
50 81 35
50 82 66
50 83 80
50 84 69
50 85 26
50 86 75
50 87 39
50 88 31
50 89 56
50 90 115
50 91 56
50 92 77
50 93 39
50 94 91
50 95 99
50 96 29
50 97 58
50 98 70
50 99 13
50 100 19
51 1 70
51 2 21
51 3 59
51 4 29
51 5 40
51 6 60
51 7 31
51 8 48
51 9 61
51 10 54
51 11 29
51 12 38
51 13 20
51 14 66
51 15 45
51 16 11
51 17 20
51 18 70
51 19 30
51 20 47
51 21 36
51 22 62
51 23 50
51 24 38
51 25 56
51 26 48
51 27 46
51 28 46
51 29 5
51 30 48
51 31 67
51 32 64
51 33 31
51 34 77
51 35 30
51 36 7
51 37 42
51 38 47
51 39 57
51 40 17
51 41 24
51 42 40
51 43 42
51 44 47
51 45 27
51 46 50
51 47 33
51 48 33
51 49 33
51 50 33
51 51 34
51 52 65
51 53 85
51 54 6
51 55 46
51 56 66
51 57 46
51 58 29
51 59 104
51 60 83
51 61 22
51 62 40
51 63 38
51 64 44
51 65 83
51 66 77
51 67 34
51 68 86
51 69 47
51 70 20
51 71 101
51 72 58
51 73 57
51 74 54
51 75 86
51 76 88
51 77 24
51 78 82
51 79 64
51 80 88
51 81 87
51 82 65
51 83 97
51 84 17
51 85 18
51 86 32
51 87 97
51 88 26
51 89 64
51 90 44
51 91 60
51 92 51
51 93 97
51 94 84
51 95 28
51 96 29
51 97 66
51 98 70
51 99 36
51 100 52
52 1 84
52 2 41
52 3 49
52 4 75
52 5 41
52 6 29
52 7 14
52 8 44
52 9 56
52 10 62
52 11 17
52 12 91
52 13 52
52 14 53
52 15 53
52 16 50
52 17 69
52 18 16
52 19 42
52 20 11
52 21 69
52 22 2
52 23 16
52 24 49
52 25 45
52 26 67
52 27 67
52 28 76
52 29 42
52 30 41
52 31 33
52 32 31
52 33 78
52 34 74
52 35 49
52 36 57
52 37 84
52 38 60
52 39 29
52 40 71
52 41 35
52 42 32
52 43 40
52 44 32
52 45 19
52 46 62
52 47 52
52 48 56
52 49 44
52 50 49
52 51 49
52 52 49
52 53 49
52 54 27
52 55 92
52 56 98
52 57 35
52 58 82
52 59 70
52 60 78
52 61 15
52 62 85
52 63 62
52 64 19
52 65 18
52 66 77
52 67 34
52 68 64
52 69 71
52 70 68
52 71 66
52 72 79
52 73 45
52 74 85
52 75 88
52 76 41
52 77 86
52 78 97
52 79 109
52 80 43
52 81 67
52 82 53
52 83 91
52 84 78
52 85 69
52 86 84
52 87 24
52 88 57
52 89 71
52 90 79
52 91 21
52 92 76
52 93 41
52 94 39
52 95 57
52 96 116
52 97 66
52 98 68
52 99 36
52 100 89
53 1 96
53 2 30
53 3 80
53 4 44
53 5 76
53 6 84
53 7 79
53 8 82
53 9 14
53 10 41
53 11 81
53 12 54
53 13 99
53 14 29
53 15 124
53 16 55
53 17 93
53 18 73
53 19 89
53 20 71
53 21 25
53 22 80
53 23 50
53 24 67
53 25 43
53 26 27
53 27 89
53 28 31
53 29 87
53 30 100
53 31 96
53 32 46
53 33 47
53 34 35
53 35 67
53 36 110
53 37 80
53 38 34
53 39 87
53 40 89
53 41 95
53 42 65
53 43 103
53 44 37
53 45 15
53 46 81
53 47 57
53 48 31
53 49 85
53 50 63
53 51 95
53 52 47
53 53 72
53 54 72
53 55 72
53 56 72
53 57 27
53 58 40
53 59 49
53 60 33
53 61 41
53 62 30
53 63 32
53 64 38
53 65 77
53 66 61
53 67 46
53 68 39
53 69 47
53 70 28
53 71 59
53 72 45
53 73 28
53 74 63
53 75 32
53 76 16
53 77 72
53 78 38
53 79 38
53 80 37
53 81 49
53 82 56
53 83 13
53 84 56
53 85 38
53 86 51
53 87 55
53 88 29
53 89 66
53 90 45
53 91 38
53 92 46
53 93 70
53 94 32
53 95 27
53 96 21
53 97 44
53 98 16
53 99 64
53 100 59
54 1 43
54 2 17
54 3 36
54 4 44
54 5 26
54 6 30
54 7 10
54 8 53
54 9 67
54 10 28
54 11 85
54 12 57
54 13 46
54 14 99
54 15 5
54 16 82
54 17 63
54 18 96
54 19 12
54 20 94
54 21 39
54 22 81
54 23 20
54 24 51
54 25 74
54 26 58
54 27 15
54 28 60
54 29 60
54 30 99
54 31 22
54 32 48
54 33 76
54 34 55
54 35 18
54 36 19
54 37 26
54 38 60
54 39 82
54 40 30
54 41 19
54 42 61
54 43 37
54 44 74
54 45 58
54 46 77
54 47 24
54 48 41
54 49 82
54 50 41
54 51 41
54 52 50
54 53 24
54 54 90
54 55 15
54 56 43
54 57 43
54 58 43
54 59 43
54 60 49
54 61 78
54 62 56
54 63 75
54 64 93
54 65 32
54 66 82
54 67 61
54 68 24
54 69 16
54 70 76
54 71 51
54 72 100
54 73 38
54 74 11
54 75 13
54 76 81
54 77 15
54 78 82
54 79 65
54 80 19
54 81 84
54 82 27
54 83 84
54 84 54
54 85 79
54 86 60
54 87 5
54 88 17
54 89 38
54 90 12
54 91 33
54 92 16
54 93 79
54 94 89
54 95 98
54 96 18
54 97 59
54 98 48
54 99 38
54 100 29
55 1 39
55 2 79
55 3 10
55 4 96
55 5 53
55 6 71
55 7 81
55 8 46
55 9 75
55 10 50
55 11 28
55 12 81
55 13 76
55 14 35
55 15 35
55 16 15
55 17 39
55 18 58
55 19 57
55 20 22
55 21 86
55 22 53
55 23 47
55 24 51
55 25 44
55 26 69
55 27 22
55 28 36
55 29 7
55 30 71
55 31 5
55 32 22
55 33 44
55 34 49
55 35 65
55 36 62
55 37 73
55 38 44
55 39 43
55 40 36
55 41 26
55 42 73
55 43 74
55 44 53
55 45 53
55 46 84
55 47 55
55 48 24
55 49 66
55 50 38
55 51 38
55 52 34
55 53 30
55 54 23
55 55 59
55 56 52
55 57 50
55 58 46
55 59 47
55 60 47
55 61 47
55 62 47
55 63 5
55 64 63
55 65 69
55 66 24
55 67 59
55 68 44
55 69 52
55 70 15
55 71 74
55 72 53
55 73 26
55 74 16
55 75 59
55 76 14
55 77 53
55 78 50
55 79 44
55 80 56
55 81 53
55 82 21
55 83 71
55 84 61
55 85 28
55 86 59
55 87 69
55 88 80
55 89 16
55 90 53
55 91 35
55 92 66
55 93 59
55 94 43
55 95 68
55 96 28
55 97 42
55 98 54
55 99 67
55 100 9
56 1 48
56 2 15
56 3 30
56 4 29
56 5 87
56 6 54
56 7 51
56 8 7
56 9 60
56 10 68
56 11 6
56 12 52
56 13 14
56 14 64
56 15 35
56 16 37
56 17 23
56 18 64
56 19 33
56 20 44
56 21 61
56 22 26
56 23 53
56 24 55
56 25 54
56 26 29
56 27 36
56 28 16
56 29 65
56 30 49
56 31 9
56 32 25
56 33 69
56 34 36
56 35 52
56 36 38
56 37 64
56 38 46
56 39 32
56 40 52
56 41 49
56 42 47
56 43 49
56 44 6
56 45 43
56 46 65
56 47 66
56 48 26
56 49 75
56 50 24
56 51 9
56 52 36
56 53 49
56 54 61
56 55 18
56 56 24
56 57 44
56 58 38
56 59 46
56 60 25
56 61 51
56 62 31
56 63 31
56 64 31
56 65 31
56 66 20
56 67 48
56 68 52
56 69 33
56 70 50
56 71 28
56 72 41
56 73 32
56 74 70
56 75 53
56 76 42
56 77 32
56 78 54
56 79 20
56 80 51
56 81 40
56 82 36
56 83 55
56 84 41
56 85 19
56 86 66
56 87 47
56 88 30
56 89 46
56 90 52
56 91 62
56 92 14
56 93 49
56 94 30
56 95 51
56 96 50
56 97 27
56 98 60
56 99 43
56 100 43
57 1 52
57 2 64
57 3 26
57 4 30
57 5 13
57 6 35
57 7 13
57 8 69
57 9 52
57 10 49
57 11 12
57 12 43
57 13 52
57 14 18
57 15 38
57 16 4
57 17 51
57 18 52
57 19 30
57 20 22
57 21 52
57 22 34
57 23 20
57 24 75
57 25 50
57 26 37
57 27 82
57 28 70
57 29 31
57 30 61
57 31 35
57 32 84
57 33 41
57 34 29
57 35 21
57 36 87
57 37 23
57 38 38
57 39 25
57 40 69
57 41 73
57 42 60
57 43 80
57 44 61
57 45 60
57 46 55
57 47 28
57 48 71
57 49 88
57 50 72
57 51 55
57 52 98
57 53 52
57 54 28
57 55 65
57 56 56
57 57 57
57 58 21
57 59 42
57 60 43
57 61 66
57 62 66
57 63 38
57 64 63
57 65 56
57 66 56
57 67 56
57 68 56
57 69 62
57 70 11
57 71 27
57 72 65
57 73 39
57 74 36
57 75 29
57 76 73
57 77 90
57 78 81
57 79 80
57 80 74
57 81 54
57 82 60
57 83 78
57 84 55
57 85 38
57 86 82
57 87 27
57 88 47
57 89 83
57 90 21
57 91 66
57 92 24
57 93 29
57 94 22
57 95 47
57 96 73
57 97 59
57 98 43
57 99 64
57 100 35
58 1 74
58 2 79
58 3 58
58 4 57
58 5 84
58 6 67
58 7 21
58 8 52
58 9 72
58 10 36
58 11 31
58 12 77
58 13 56
58 14 52
58 15 3
58 16 13
58 17 60
58 18 18
58 19 45
58 20 52
58 21 90
58 22 57
58 23 40
58 24 81
58 25 36
58 26 88
58 27 28
58 28 88
58 29 42
58 30 108
58 31 30
58 32 91
58 33 53
58 34 82
58 35 45
58 36 31
58 37 74
58 38 49
58 39 40
58 40 46
58 41 40
58 42 92
58 43 4
58 44 66
58 45 86
58 46 74
58 47 23
58 48 24
58 49 17
58 50 60
58 51 94
58 52 54
58 53 7
58 54 71
58 55 62
58 56 82
58 57 57
58 58 88
58 59 18
58 60 17
58 61 78
58 62 43
58 63 26
58 64 65
58 65 40
58 66 90
58 67 23
58 68 54
58 69 54
58 70 54
58 71 54
58 72 67
58 73 41
58 74 76
58 75 48
58 76 10
58 77 72
58 78 21
58 79 69
58 80 124
58 81 108
58 82 66
58 83 77
58 84 8
58 85 73
58 86 106
58 87 91
58 88 19
58 89 110
58 90 22
58 91 41
58 92 118
58 93 29
58 94 85
58 95 25
58 96 77
58 97 65
58 98 46
58 99 103
58 100 85
59 1 88
59 2 100
59 3 71
59 4 112
59 5 62
59 6 27
59 7 15
59 8 118
59 9 64
59 10 61
59 11 67
59 12 89
59 13 61
59 14 76
59 15 107
59 16 17
59 17 56
59 18 46
59 19 44
59 20 67
59 21 32
59 22 54
59 23 94
59 24 75
59 25 84
59 26 71
59 27 98
59 28 37
59 29 78
59 30 96
59 31 25
59 32 103
59 33 16
59 34 89
59 35 48
59 36 62
59 37 39
59 38 90
59 39 99
59 40 46
59 41 76
59 42 98
59 43 86
59 44 102
59 45 65
59 46 108
59 47 58
59 48 25
59 49 56
59 50 89
59 51 87
59 52 93
59 53 56
59 54 21
59 55 85
59 56 109
59 57 40
59 58 91
59 59 29
59 60 58
59 61 24
59 62 93
59 63 109
59 64 53
59 65 67
59 66 92
59 67 53
59 68 77
59 69 38
59 70 90
59 71 59
59 72 59
59 73 59
59 74 59
59 75 34
59 76 41
59 77 36
59 78 49
59 79 53
59 80 13
59 81 43
59 82 48
59 83 63
59 84 51
59 85 59
59 86 45
59 87 62
59 88 29
59 89 48
59 90 30
59 91 42
59 92 52
59 93 42
59 94 33
59 95 57
59 96 44
59 97 34
59 98 45
59 99 36
59 100 50
60 1 29
60 2 44
60 3 27
60 4 35
60 5 39
60 6 12
60 7 51
60 8 59
60 9 55
60 10 61
60 11 57
60 12 42
60 13 15
60 14 22
60 15 40
60 16 4
60 17 55
60 18 48
60 19 59
60 20 28
60 21 35
60 22 44
60 23 32
60 24 36
60 25 21
60 26 36
60 27 68
60 28 26
60 29 10
60 30 49
60 31 56
60 32 59
60 33 56
60 34 74
60 35 7
60 36 102
60 37 53
60 38 65
60 39 59
60 40 62
60 41 70
60 42 7
60 43 54
60 44 23
60 45 69
60 46 14
60 47 4
60 48 60
60 49 40
60 50 74
60 51 78
60 52 83
60 53 42
60 54 42
60 55 31
60 56 42
60 57 89
60 58 77
60 59 44
60 60 67
60 61 87
60 62 71
60 63 40
60 64 82
60 65 34
60 66 23
60 67 53
60 68 39
60 69 17
60 70 69
60 71 55
60 72 68
60 73 44
60 74 57
60 75 57
60 76 57
60 77 57
60 78 14
60 79 65
60 80 61
60 81 41
60 82 68
60 83 33
60 84 60
60 85 28
60 86 57
60 87 37
60 88 42
60 89 20
60 90 71
60 91 4
60 92 37
60 93 34
60 94 54
60 95 39
60 96 60
60 97 34
60 98 54
60 99 66
60 100 12
61 1 65
61 2 60
61 3 77
61 4 28
61 5 36
61 6 18
61 7 53
61 8 42
61 9 32
61 10 51
61 11 44
61 12 57
61 13 68
61 14 50
61 15 24
61 16 42
61 17 6
61 18 16
61 19 22
61 20 82
61 21 38
61 22 65
61 23 19
61 24 60
61 25 69
61 26 11
61 27 57
61 28 19
61 29 50
61 30 48
61 31 20
61 32 24
61 33 25
61 34 54
61 35 32
61 36 29
61 37 29
61 38 52
61 39 60
61 40 62
61 41 21
61 42 46
61 43 14
61 44 74
61 45 50
61 46 7
61 47 25
61 48 78
61 49 34
61 50 51
61 51 28
61 52 70
61 53 56
61 54 38
61 55 62
61 56 57
61 57 55
61 58 54
61 59 13
61 60 49
61 61 75
61 62 73
61 63 35
61 64 85
61 65 30
61 66 15
61 67 43
61 68 55
61 69 64
61 70 8
61 71 32
61 72 47
61 73 48
61 74 55
61 75 20
61 76 59
61 77 41
61 78 41
61 79 41
61 80 41
61 81 14
61 82 60
61 83 57
61 84 38
61 85 63
61 86 30
61 87 54
61 88 29
61 89 60
61 90 41
61 91 42
61 92 23
61 93 67
61 94 8
61 95 40
61 96 34
61 97 49
61 98 43
61 99 54
61 100 29
62 1 57
62 2 60
62 3 17
62 4 59
62 5 56
62 6 72
62 7 23
62 8 39
62 9 20
62 10 51
62 11 43
62 12 29
62 13 52
62 14 44
62 15 53
62 16 64
62 17 53
62 18 24
62 19 37
62 20 1
62 21 22
62 22 18
62 23 77
62 24 41
62 25 60
62 26 16
62 27 55
62 28 63
62 29 12
62 30 51
62 31 14
62 32 48
62 33 50
62 34 21
62 35 21
62 36 31
62 37 50
62 38 37
62 39 28
62 40 11
62 41 27
62 42 84
62 43 37
62 44 57
62 45 39
62 46 49
62 47 53
62 48 18
62 49 41
62 50 14
62 51 54
62 52 17
62 53 25
62 54 58
62 55 34
62 56 54
62 57 60
62 58 63
62 59 27
62 60 26
62 61 20
62 62 27
62 63 70
62 64 59
62 65 37
62 66 48
62 67 69
62 68 54
62 69 25
62 70 64
62 71 21
62 72 27
62 73 44
62 74 19
62 75 10
62 76 49
62 77 37
62 78 57
62 79 29
62 80 37
62 81 37
62 82 37
62 83 37
62 84 44
62 85 49
62 86 30
62 87 62
62 88 66
62 89 3
62 90 55
62 91 58
62 92 52
62 93 43
62 94 70
62 95 52
62 96 76
62 97 36
62 98 40
62 99 17
62 100 56
63 1 44
63 2 55
63 3 48
63 4 45
63 5 55
63 6 35
63 7 56
63 8 29
63 9 51
63 10 43
63 11 34
63 12 24
63 13 22
63 14 26
63 15 3
63 16 38
63 17 71
63 18 69
63 19 76
63 20 46
63 21 53
63 22 18
63 23 29
63 24 40
63 25 17
63 26 53
63 27 39
63 28 74
63 29 40
63 30 41
63 31 51
63 32 41
63 33 47
63 34 34
63 35 22
63 36 78
63 37 21
63 38 8
63 39 49
63 40 71
63 41 64
63 42 13
63 43 32
63 44 29
63 45 100
63 46 17
63 47 94
63 48 44
63 49 82
63 50 28
63 51 45
63 52 75
63 53 55
63 54 23
63 55 56
63 56 54
63 57 98
63 58 14
63 59 54
63 60 80
63 61 62
63 62 17
63 63 19
63 64 22
63 65 61
63 66 87
63 67 38
63 68 11
63 69 64
63 70 45
63 71 77
63 72 58
63 73 81
63 74 20
63 75 33
63 76 81
63 77 42
63 78 35
63 79 55
63 80 29
63 81 90
63 82 15
63 83 46
63 84 46
63 85 46
63 86 46
63 87 15
63 88 79
63 89 76
63 90 42
63 91 78
63 92 48
63 93 71
63 94 21
63 95 61
63 96 38
63 97 36
63 98 9
63 99 79
63 100 12
64 1 39
64 2 45
64 3 64
64 4 41
64 5 72
64 6 41
64 7 60
64 8 78
64 9 15
64 10 77
64 11 75
64 12 92
64 13 36
64 14 41
64 15 28
64 16 67
64 17 52
64 18 47
64 19 58
64 20 40
64 21 62
64 22 75
64 23 54
64 24 21
64 25 57
64 26 20
64 27 14
64 28 38
64 29 97
64 30 41
64 31 71
64 32 27
64 33 75
64 34 83
64 35 15
64 36 70
64 37 31
64 38 62
64 39 40
64 40 31
64 41 39
64 42 18
64 43 56
64 44 17
64 45 41
64 46 15
64 47 75
64 48 60
64 49 10
64 50 77
64 51 17
64 52 62
64 53 17
64 54 52
64 55 57
64 56 49
64 57 21
64 58 55
64 59 61
64 60 85
64 61 36
64 62 27
64 63 54
64 64 35
64 65 17
64 66 16
64 67 29
64 68 45
64 69 61
64 70 21
64 71 35
64 72 39
64 73 31
64 74 53
64 75 43
64 76 55
64 77 26
64 78 49
64 79 66
64 80 26
64 81 40
64 82 28
64 83 3
64 84 71
64 85 17
64 86 21
64 87 21
64 88 21
64 89 21
64 90 43
64 91 93
64 92 77
64 93 71
64 94 100
64 95 50
64 96 91
64 97 52
64 98 33
64 99 11
64 100 66
65 1 39
65 2 104
65 3 34
65 4 14
65 5 35
65 6 87
65 7 14
65 8 91
65 9 66
65 10 34
65 11 95
65 12 21
65 13 95
65 14 75
65 15 98
65 16 61
65 17 20
65 18 24
65 19 61
65 20 35
65 21 50
65 22 37
65 23 70
65 24 89
65 25 101
65 26 27
65 27 51
65 28 64
65 29 38
65 30 17
65 31 49
65 32 100
65 33 16
65 34 98
65 35 52
65 36 86
65 37 96
65 38 41
65 39 87
65 40 52
65 41 52
65 42 69
65 43 27
65 44 43
65 45 13
65 46 85
65 47 37
65 48 35
65 49 27
65 50 74
65 51 57
65 52 5
65 53 80
65 54 16
65 55 64
65 56 17
65 57 64
65 58 60
65 59 58
65 60 24
65 61 65
65 62 73
65 63 90
65 64 48
65 65 17
65 66 50
65 67 23
65 68 30
65 69 30
65 70 42
65 71 49
65 72 54
65 73 13
65 74 48
65 75 36
65 76 23
65 77 51
65 78 49
65 79 50
65 80 39
65 81 62
65 82 70
65 83 34
65 84 52
65 85 21
65 86 14
65 87 72
65 88 30
65 89 21
65 90 21
65 91 21
65 92 21
65 93 21
65 94 85
65 95 92
65 96 28
65 97 75
65 98 65
65 99 71
65 100 8
66 1 84
66 2 61
66 3 14
66 4 15
66 5 71
66 6 30
66 7 63
66 8 67
66 9 61
66 10 65
66 11 72
66 12 38
66 13 83
66 14 81
66 15 39
66 16 79
66 17 91
66 18 103
66 19 35
66 20 65
66 21 50
66 22 86
66 23 74
66 24 64
66 25 82
66 26 19
66 27 51
66 28 65
66 29 78
66 30 14
66 31 70
66 32 35
66 33 37
66 34 51
66 35 110
66 36 65
66 37 61
66 38 30
66 39 82
66 40 89
66 41 24
66 42 73
66 43 37
66 44 83
66 45 16
66 46 53
66 47 57
66 48 39
66 49 43
66 50 20
66 51 62
66 52 36
66 53 92
66 54 78
66 55 56
66 56 76
66 57 27
66 58 73
66 59 7
66 60 58
66 61 68
66 62 58
66 63 10
66 64 63
66 65 67
66 66 96
66 67 35
66 68 33
66 69 64
66 70 39
66 71 21
66 72 21
66 73 33
66 74 55
66 75 69
66 76 15
66 77 34
66 78 49
66 79 24
66 80 63
66 81 53
66 82 64
66 83 30
66 84 51
66 85 77
66 86 36
66 87 46
66 88 36
66 89 13
66 90 82
66 91 19
66 92 31
66 93 31
66 94 31
66 95 31
66 96 28
66 97 66
66 98 83
66 99 1
66 100 49
67 1 62
67 2 48
67 3 23
67 4 98
67 5 77
67 6 18
67 7 34
67 8 43
67 9 39
67 10 77
67 11 72
67 12 36
67 13 80
67 14 49
67 15 19
67 16 95
67 17 59
67 18 52
67 19 56
67 20 83
67 21 87
67 22 21
67 23 77
67 24 59
67 25 85
67 26 82
67 27 61
67 28 91
67 29 14
67 30 23
67 31 37
67 32 92
67 33 20
67 34 61
67 35 38
67 36 54
67 37 47
67 38 96
67 39 79
67 40 33
67 41 24
67 42 66
67 43 70
67 44 31
67 45 53
67 46 30
67 47 85
67 48 27
67 49 60
67 50 56
67 51 59
67 52 15
67 53 47
67 54 67
67 55 47
67 56 85
67 57 75
67 58 72
67 59 49
67 60 45
67 61 70
67 62 50
67 63 17
67 64 62
67 65 34
67 66 48
67 67 32
67 68 26
67 69 78
67 70 16
67 71 63
67 72 77
67 73 72
67 74 23
67 75 23
67 76 11
67 77 47
67 78 87
67 79 58
67 80 20
67 81 63
67 82 67
67 83 72
67 84 45
67 85 80
67 86 13
67 87 10
67 88 65
67 89 34
67 90 11
67 91 60
67 92 39
67 93 77
67 94 24
67 95 48
67 96 48
67 97 48
67 98 48
67 99 32
67 100 49
68 1 40
68 2 51
68 3 61
68 4 12
68 5 50
68 6 46
68 7 56
68 8 42
68 9 58
68 10 41
68 11 69
68 12 25
68 13 40
68 14 23
68 15 49
68 16 44
68 17 50
68 18 37
68 19 50
68 20 53
68 21 27
68 22 53
68 23 39
68 24 57
68 25 32
68 26 36
68 27 19
68 28 34
68 29 33
68 30 11
68 31 44
68 32 59
68 33 59
68 34 67
68 35 50
68 36 41
68 37 21
68 38 18
68 39 33
68 40 7
68 41 61
68 42 40
68 43 65
68 44 28
68 45 43
68 46 52
68 47 29
68 48 44
68 49 22
68 50 33
68 51 66
68 52 17
68 53 4
68 54 42
68 55 60
68 56 54
68 57 17
68 58 23
68 59 39
68 60 25
68 61 41
68 62 66
68 63 72
68 64 37
68 65 39
68 66 28
68 67 64
68 68 41
68 69 36
68 70 40
68 71 38
68 72 84
68 73 8
68 74 56
68 75 75
68 76 65
68 77 14
68 78 15
68 79 7
68 80 50
68 81 84
68 82 48
68 83 11
68 84 61
68 85 57
68 86 72
68 87 47
68 88 78
68 89 7
68 90 19
68 91 69
68 92 33
68 93 19
68 94 55
68 95 31
68 96 80
68 97 14
68 98 44
68 99 44
68 100 44
69 1 44
69 2 12
69 3 79
69 4 79
69 5 36
69 6 75
69 7 51
69 8 69
69 9 15
69 10 67
69 11 45
69 12 29
69 13 3
69 14 74
69 15 15
69 16 46
69 17 51
69 18 60
69 19 48
69 20 69
69 21 37
69 22 66
69 23 77
69 24 21
69 25 75
69 26 78
69 27 93
69 28 32
69 29 48
69 30 33
69 31 71
69 32 58
69 33 50
69 34 65
69 35 33
69 36 56
69 37 70
69 38 61
69 39 15
69 40 59
69 41 22
69 42 21
69 43 39
69 44 99
69 45 48
69 46 66
69 47 24
69 48 75
69 49 83
69 50 13
69 51 68
69 52 29
69 53 67
69 54 33
69 55 36
69 56 42
69 57 24
69 58 50
69 59 16
69 60 46
69 61 20
69 62 78
69 63 64
69 64 39
69 65 77
69 66 77
69 67 76
69 68 59
69 69 59
69 70 19
69 71 37
69 72 63
69 73 48
69 74 63
69 75 50
69 76 66
69 77 33
69 78 19
69 79 38
69 80 49
69 81 47
69 82 52
69 83 18
69 84 30
69 85 56
69 86 68
69 87 11
69 88 65
69 89 13
69 90 19
69 91 23
69 92 51
69 93 68
69 94 30
69 95 26
69 96 51
69 97 25
69 98 40
69 99 30
69 100 50
70 1 22
70 2 22
70 3 22
70 4 22
70 5 67
70 6 26
70 7 12
70 8 75
70 9 54
70 10 30
70 11 44
70 12 80
70 13 80
70 14 76
70 15 89
70 16 78
70 17 69
70 18 63
70 19 72
70 20 48
70 21 52
70 22 76
70 23 43
70 24 57
70 25 73
70 26 37
70 27 66
70 28 40
70 29 14
70 30 18
70 31 56
70 32 66
70 33 56
70 34 30
70 35 54
70 36 31
70 37 64
70 38 88
70 39 71
70 40 72
70 41 76
70 42 74
70 43 18
70 44 55
70 45 72
70 46 38
70 47 22
70 48 71
70 49 71
70 50 59
70 51 18
70 52 25
70 53 65
70 54 33
70 55 51
70 56 40
70 57 98
70 58 53
70 59 38
70 60 80
70 61 77
70 62 92
70 63 46
70 64 62
70 65 16
70 66 26
70 67 77
70 68 61
70 69 72
70 70 20
70 71 81
70 72 60
70 73 24
70 74 27
70 75 90
70 76 31
70 77 46
70 78 17
70 79 75
70 80 72
70 81 56
70 82 79
70 83 66
70 84 64
70 85 61
70 86 27
70 87 66
70 88 89
70 89 78
70 90 53
70 91 99
70 92 47
70 93 28
70 94 60
70 95 62
70 96 65
70 97 14
70 98 44
70 99 50
70 100 65
71 1 68
71 2 30
71 3 68
71 4 56
71 5 56
71 6 56
71 7 56
71 8 26
71 9 87
71 10 96
71 11 26
71 12 74
71 13 70
71 14 71
71 15 12
71 16 91
71 17 68
71 18 9
71 19 21
71 20 69
71 21 35
71 22 70
71 23 73
71 24 60
71 25 71
71 26 72
71 27 39
71 28 90
71 29 82
71 30 45
71 31 79
71 32 95
71 33 105
71 34 37
71 35 71
71 36 56
71 37 92
71 38 81
71 39 69
71 40 88
71 41 14
71 42 48
71 43 62
71 44 84
71 45 18
71 46 74
71 47 40
71 48 44
71 49 56
71 50 113
71 51 71
71 52 59
71 53 33
71 54 85
71 55 91
71 56 29
71 57 74
71 58 40
71 59 89
71 60 10
71 61 59
71 62 62
71 63 46
71 64 40
71 65 26
71 66 68
71 67 42
71 68 96
71 69 83
71 70 62
71 71 75
71 72 70
71 73 94
71 74 47
71 75 65
71 76 17
71 77 61
71 78 34
71 79 69
71 80 79
71 81 88
71 82 58
71 83 7
71 84 42
71 85 13
71 86 39
71 87 38
71 88 50
71 89 49
71 90 45
71 91 20
71 92 58
71 93 30
71 94 27
71 95 44
71 96 49
71 97 42
71 98 48
71 99 70
71 100 68
72 1 37
72 2 59
72 3 15
72 4 22
72 5 68
72 6 39
72 7 21
72 8 21
72 9 21
72 10 21
72 11 18
72 12 58
72 13 71
72 14 13
72 15 48
72 16 49
72 17 43
72 18 20
72 19 86
72 20 66
72 21 24
72 22 27
72 23 46
72 24 27
72 25 66
72 26 59
72 27 33
72 28 69
72 29 44
72 30 10
72 31 83
72 32 53
72 33 40
72 34 51
72 35 71
72 36 77
72 37 9
72 38 65
72 39 46
72 40 71
72 41 69
72 42 48
72 43 79
72 44 24
72 45 28
72 46 41
72 47 79
72 48 15
72 49 49
72 50 26
72 51 43
72 52 33
72 53 86
72 54 67
72 55 38
72 56 11
72 57 56
72 58 62
72 59 20
72 60 45
72 61 16
72 62 71
72 63 34
72 64 47
72 65 42
72 66 50
72 67 24
72 68 43
72 69 53
72 70 35
72 71 72
72 72 61
72 73 62
72 74 49
72 75 48
72 76 71
72 77 33
72 78 56
72 79 24
72 80 71
72 81 66
72 82 45
72 83 61
72 84 46
72 85 67
72 86 37
72 87 21
72 88 42
72 89 50
72 90 49
72 91 53
72 92 15
72 93 32
72 94 60
72 95 69
72 96 15
72 97 69
72 98 14
72 99 17
72 100 25
73 1 52
73 2 67
73 3 26
73 4 26
73 5 50
73 6 29
73 7 43
73 8 26
73 9 52
73 10 25
73 11 25
73 12 25
73 13 25
73 14 16
73 15 82
73 16 86
73 17 30
73 18 74
73 19 59
73 20 69
73 21 7
73 22 78
73 23 55
73 24 19
73 25 8
73 26 71
73 27 23
73 28 56
73 29 61
73 30 59
73 31 58
73 32 70
73 33 36
73 34 77
73 35 78
73 36 32
73 37 76
73 38 86
73 39 98
73 40 33
73 41 58
73 42 43
73 43 80
73 44 68
73 45 58
73 46 75
73 47 24
73 48 52
73 49 66
73 50 71
73 51 12
73 52 65
73 53 29
73 54 31
73 55 46
73 56 105
73 57 58
73 58 62
73 59 26
73 60 79
73 61 86
73 62 18
73 63 70
73 64 33
73 65 77
73 66 23
73 67 46
73 68 51
73 69 33
73 70 45
73 71 17
73 72 56
73 73 30
73 74 86
73 75 72
73 76 49
73 77 76
73 78 73
73 79 84
73 80 53
73 81 52
73 82 5
73 83 73
73 84 77
73 85 38
73 86 33
73 87 84
73 88 9
73 89 62
73 90 80
73 91 71
73 92 20
73 93 21
73 94 10
73 95 52
73 96 89
73 97 54
73 98 13
73 99 65
73 100 63
74 1 75
74 2 49
74 3 82
74 4 12
74 5 12
74 6 70
74 7 37
74 8 17
74 9 60
74 10 37
74 11 82
74 12 21
74 13 49
74 14 49
74 15 49
74 16 49
74 17 38
74 18 90
74 19 75
74 20 66
74 21 96
74 22 48
74 23 87
74 24 47
74 25 37
74 26 14
74 27 61
74 28 34
74 29 100
74 30 29
74 31 17
74 32 35
74 33 82
74 34 18
74 35 87
74 36 62
74 37 38
74 38 92
74 39 17
74 40 92
74 41 74
74 42 96
74 43 56
74 44 22
74 45 22
74 46 60
74 47 37
74 48 48
74 49 39
74 50 65
74 51 84
74 52 96
74 53 31
74 54 46
74 55 61
74 56 34
74 57 13
74 58 45
74 59 98
74 60 19
74 61 93
74 62 47
74 63 83
74 64 93
74 65 36
74 66 83
74 67 48
74 68 52
74 69 64
74 70 25
74 71 41
74 72 9
74 73 80
74 74 33
74 75 34
74 76 23
74 77 73
74 78 56
74 79 8
74 80 100
74 81 103
74 82 69
74 83 89
74 84 21
74 85 39
74 86 44
74 87 90
74 88 56
74 89 27
74 90 82
74 91 16
74 92 69
74 93 84
74 94 78
74 95 28
74 96 29
74 97 17
74 98 54
74 99 93
74 100 63
75 1 20
75 2 70
75 3 72
75 4 79
75 5 51
75 6 87
75 7 19
75 8 4
75 9 70
75 10 41
75 11 16
75 12 67
75 13 45
75 14 83
75 15 29
75 16 55
75 17 55
75 18 55
75 19 55
75 20 29
75 21 61
75 22 79
75 23 4
75 24 45
75 25 60
75 26 43
75 27 25
75 28 98
75 29 77
75 30 22
75 31 36
75 32 39
75 33 39
75 34 77
75 35 71
75 36 31
75 37 80
75 38 44
75 39 15
75 40 95
75 41 54
75 42 52
75 43 51
75 44 80
75 45 83
75 46 18
75 47 77
75 48 58
75 49 82
75 50 80
75 51 59
75 52 90
75 53 19
75 54 19
75 55 33
75 56 91
75 57 22
75 58 58
75 59 37
75 60 54
75 61 44
75 62 92
75 63 78
75 64 30
75 65 23
75 66 61
75 67 66
75 68 31
75 69 48
75 70 27
75 71 82
75 72 32
75 73 59
75 74 53
75 75 61
75 76 13
75 77 49
75 78 65
75 79 47
75 80 81
75 81 72
75 82 73
75 83 45
75 84 41
75 85 81
75 86 22
75 87 68
75 88 32
75 89 82
75 90 53
75 91 34
75 92 59
75 93 58
75 94 56
75 95 26
75 96 27
75 97 33
75 98 38
75 99 36
75 100 42
76 1 19
76 2 36
76 3 46
76 4 58
76 5 13
76 6 55
76 7 23
76 8 19
76 9 30
76 10 41
76 11 59
76 12 38
76 13 16
76 14 43
76 15 19
76 16 29
76 17 40
76 18 39
76 19 11
76 20 11
76 21 11
76 22 11
76 23 45
76 24 22
76 25 38
76 26 47
76 27 33
76 28 31
76 29 22
76 30 55
76 31 84
76 32 72
76 33 62
76 34 57
76 35 44
76 36 45
76 37 69
76 38 50
76 39 25
76 40 73
76 41 21
76 42 29
76 43 78
76 44 23
76 45 53
76 46 23
76 47 39
76 48 40
76 49 29
76 50 65
76 51 49
76 52 47
76 53 60
76 54 30
76 55 71
76 56 61
76 57 43
76 58 46
76 59 79
76 60 49
76 61 19
76 62 37
76 63 59
76 64 24
76 65 48
76 66 69
76 67 44
76 68 34
76 69 19
76 70 26
76 71 44
76 72 14
76 73 28
76 74 52
76 75 72
76 76 47
76 77 32
76 78 68
76 79 48
76 80 73
76 81 45
76 82 48
76 83 41
76 84 38
76 85 71
76 86 38
76 87 48
76 88 42
76 89 53
76 90 57
76 91 56
76 92 58
76 93 21
76 94 15
76 95 67
76 96 19
76 97 85
76 98 43
76 99 10
76 100 44
77 1 67
77 2 66
77 3 71
77 4 33
77 5 18
77 6 69
77 7 87
77 8 21
77 9 77
77 10 6
77 11 35
77 12 13
77 13 70
77 14 86
77 15 34
77 16 44
77 17 69
77 18 36
77 19 57
77 20 24
77 21 69
77 22 38
77 23 38
77 24 38
77 25 38
77 26 43
77 27 24
77 28 38
77 29 46
77 30 34
77 31 30
77 32 23
77 33 54
77 34 83
77 35 70
77 36 61
77 37 55
77 38 45
77 39 43
77 40 68
77 41 49
77 42 26
77 43 71
77 44 23
77 45 28
77 46 77
77 47 25
77 48 51
77 49 25
77 50 39
77 51 41
77 52 28
77 53 63
77 54 47
77 55 47
77 56 58
77 57 29
77 58 70
77 59 59
77 60 43
77 61 46
77 62 77
77 63 48
77 64 19
77 65 35
77 66 57
77 67 22
77 68 49
77 69 67
77 70 44
77 71 33
77 72 20
77 73 28
77 74 42
77 75 16
77 76 26
77 77 51
77 78 71
77 79 45
77 80 30
77 81 66
77 82 48
77 83 71
77 84 44
77 85 46
77 86 41
77 87 37
77 88 69
77 89 40
77 90 49
77 91 42
77 92 53
77 93 55
77 94 54
77 95 56
77 96 23
77 97 13
77 98 65
77 99 18
77 100 39
78 1 86
78 2 97
78 3 95
78 4 46
78 5 46
78 6 34
78 7 64
78 8 107
78 9 81
78 10 36
78 11 84
78 12 90
78 13 91
78 14 61
78 15 100
78 16 36
78 17 14
78 18 76
78 19 55
78 20 28
78 21 83
78 22 62
78 23 91
78 24 47
78 25 70
78 26 70
78 27 70
78 28 70
78 29 25
78 30 70
78 31 85
78 32 7
78 33 55
78 34 63
78 35 53
78 36 17
78 37 95
78 38 74
78 39 12
78 40 29
78 41 49
78 42 36
78 43 74
78 44 71
78 45 41
78 46 77
78 47 54
78 48 22
78 49 93
78 50 64
78 51 48
78 52 61
78 53 85
78 54 91
78 55 23
78 56 74
78 57 56
78 58 85
78 59 80
78 60 62
78 61 89
78 62 10
78 63 29
78 64 43
78 65 89
78 66 16
78 67 63
78 68 37
78 69 50
78 70 47
78 71 99
78 72 75
78 73 40
78 74 23
78 75 69
78 76 74
78 77 27
78 78 57
78 79 30
78 80 84
78 81 22
78 82 58
78 83 55
78 84 55
78 85 21
78 86 41
78 87 65
78 88 44
78 89 86
78 90 75
78 91 69
78 92 55
78 93 51
78 94 85
78 95 29
78 96 66
78 97 24
78 98 83
78 99 62
78 100 40
79 1 54
79 2 33
79 3 68
79 4 43
79 5 23
79 6 24
79 7 70
79 8 68
79 9 78
79 10 55
79 11 16
79 12 55
79 13 90
79 14 27
79 15 58
79 16 31
79 17 56
79 18 19
79 19 76
79 20 97
79 21 65
79 22 55
79 23 82
79 24 28
79 25 54
79 26 56
79 27 70
79 28 39
79 29 39
79 30 39
79 31 39
79 32 58
79 33 66
79 34 37
79 35 81
79 36 86
79 37 23
79 38 75
79 39 72
79 40 36
79 41 37
79 42 86
79 43 64
79 44 97
79 45 48
79 46 33
79 47 11
79 48 77
79 49 36
79 50 74
79 51 67
79 52 29
79 53 73
79 54 42
79 55 75
79 56 35
79 57 61
79 58 62
79 59 26
79 60 29
79 61 17
79 62 11
79 63 24
79 64 20
79 65 88
79 66 89
79 67 96
79 68 32
79 69 68
79 70 35
79 71 45
79 72 46
79 73 36
79 74 60
79 75 31
79 76 94
79 77 58
79 78 58
79 79 67
79 80 55
79 81 66
79 82 52
79 83 7
79 84 93
79 85 26
79 86 26
79 87 52
79 88 90
79 89 72
79 90 16
79 91 42
79 92 33
79 93 19
79 94 40
79 95 92
79 96 100
79 97 28
79 98 98
79 99 25
79 100 67
80 1 5
80 2 72
80 3 49
80 4 51
80 5 54
80 6 14
80 7 82
80 8 38
80 9 24
80 10 45
80 11 44
80 12 57
80 13 65
80 14 59
80 15 11
80 16 59
80 17 47
80 18 11
80 19 61
80 20 64
80 21 57
80 22 54
80 23 76
80 24 85
80 25 50
80 26 68
80 27 31
80 28 30
80 29 85
80 30 44
80 31 36
80 32 36
80 33 36
80 34 36
80 35 13
80 36 77
80 37 75
80 38 39
80 39 76
80 40 47
80 41 69
80 42 20
80 43 62
80 44 39
80 45 34
80 46 8
80 47 76
80 48 11
80 49 41
80 50 45
80 51 61
80 52 43
80 53 69
80 54 38
80 55 61
80 56 76
80 57 16
80 58 75
80 59 74
80 60 90
80 61 33
80 62 42
80 63 28
80 64 66
80 65 52
80 66 46
80 67 59
80 68 38
80 69 59
80 70 72
80 71 55
80 72 19
80 73 55
80 74 19
80 75 15
80 76 36
80 77 95
80 78 42
80 79 69
80 80 24
80 81 72
80 82 81
80 83 12
80 84 67
80 85 28
80 86 62
80 87 39
80 88 31
80 89 38
80 90 20
80 91 54
80 92 19
80 93 41
80 94 14
80 95 74
80 96 59
80 97 34
80 98 79
80 99 79
80 100 72
81 1 63
81 2 35
81 3 13
81 4 57
81 5 74
81 6 40
81 7 19
81 8 37
81 9 47
81 10 27
81 11 69
81 12 47
81 13 22
81 14 21
81 15 30
81 16 30
81 17 50
81 18 33
81 19 43
81 20 27
81 21 43
81 22 39
81 23 28
81 24 44
81 25 28
81 26 49
81 27 51
81 28 13
81 29 36
81 30 21
81 31 13
81 32 56
81 33 23
81 34 9
81 35 9
81 36 9
81 37 9
81 38 45
81 39 23
81 40 44
81 41 43
81 42 27
81 43 37
81 44 16
81 45 54
81 46 90
81 47 76
81 48 59
81 49 57
81 50 38
81 51 47
81 52 74
81 53 56
81 54 19
81 55 78
81 56 16
81 57 26
81 58 84
81 59 20
81 60 56
81 61 19
81 62 45
81 63 43
81 64 27
81 65 70
81 66 53
81 67 54
81 68 66
81 69 36
81 70 77
81 71 58
81 72 37
81 73 39
81 74 84
81 75 48
81 76 26
81 77 39
81 78 62
81 79 28
81 80 53
81 81 74
81 82 38
81 83 34
81 84 21
81 85 27
81 86 44
81 87 11
81 88 28
81 89 59
81 90 69
81 91 52
81 92 37
81 93 71
81 94 43
81 95 73
81 96 51
81 97 50
81 98 47
81 99 44
81 100 75
82 1 32
82 2 41
82 3 48
82 4 47
82 5 61
82 6 56
82 7 64
82 8 18
82 9 16
82 10 69
82 11 19
82 12 46
82 13 80
82 14 35
82 15 39
82 16 48
82 17 57
82 18 59
82 19 18
82 20 34
82 21 69
82 22 77
82 23 24
82 24 78
82 25 16
82 26 20
82 27 28
82 28 59
82 29 72
82 30 18
82 31 34
82 32 55
82 33 38
82 34 52
82 35 16
82 36 60
82 37 35
82 38 35
82 39 35
82 40 35
82 41 64
82 42 90
82 43 63
82 44 91
82 45 107
82 46 45
82 47 96
82 48 76
82 49 10
82 50 21
82 51 90
82 52 65
82 53 115
82 54 53
82 55 17
82 56 25
82 57 96
82 58 17
82 59 96
82 60 81
82 61 4
82 62 97
82 63 41
82 64 98
82 65 61
82 66 87
82 67 75
82 68 15
82 69 33
82 70 43
82 71 16
82 72 45
82 73 8
82 74 94
82 75 104
82 76 113
82 77 6
82 78 73
82 79 59
82 80 53
82 81 42
82 82 53
82 83 86
82 84 15
82 85 111
82 86 68
82 87 83
82 88 92
82 89 61
82 90 88
82 91 65
82 92 32
82 93 95
82 94 32
82 95 44
82 96 43
82 97 103
82 98 67
82 99 30
82 100 45
83 1 59
83 2 45
83 3 26
83 4 112
83 5 118
83 6 54
83 7 111
83 8 22
83 9 69
83 10 22
83 11 95
83 12 67
83 13 43
83 14 70
83 15 35
83 16 76
83 17 64
83 18 42
83 19 64
83 20 49
83 21 68
83 22 25
83 23 44
83 24 83
83 25 85
83 26 37
83 27 92
83 28 27
83 29 27
83 30 39
83 31 68
83 32 78
83 33 10
83 34 44
83 35 61
83 36 52
83 37 65
83 38 6
83 39 70
83 40 48
83 41 48
83 42 48
83 43 48
83 44 22
83 45 87
83 46 84
83 47 46
83 48 86
83 49 55
83 50 79
83 51 25
83 52 61
83 53 38
83 54 37
83 55 13
83 56 86
83 57 20
83 58 41
83 59 50
83 60 71
83 61 42
83 62 79
83 63 48
83 64 61
83 65 86
83 66 20
83 67 85
83 68 83
83 69 100
83 70 43
83 71 43
83 72 33
83 73 74
83 74 56
83 75 54
83 76 61
83 77 42
83 78 68
83 79 81
83 80 55
83 81 26
83 82 65
83 83 29
83 84 16
83 85 46
83 86 105
83 87 42
83 88 77
83 89 34
83 90 83
83 91 91
83 92 22
83 93 78
83 94 38
83 95 68
83 96 40
83 97 36
83 98 46
83 99 16
83 100 61
84 1 11
84 2 47
84 3 22
84 4 83
84 5 67
84 6 32
84 7 88
84 8 88
84 9 80
84 10 70
84 11 39
84 12 17
84 13 62
84 14 85
84 15 51
84 16 15
84 17 48
84 18 54
84 19 20
84 20 78
84 21 55
84 22 87
84 23 9
84 24 86
84 25 50
84 26 47
84 27 18
84 28 56
84 29 32
84 30 25
84 31 46
84 32 50
84 33 44
84 34 47
84 35 69
84 36 70
84 37 37
84 38 59
84 39 17
84 40 21
84 41 70
84 42 38
84 43 22
84 44 22
84 45 22
84 46 22
84 47 42
84 48 93
84 49 78
84 50 70
84 51 100
84 52 51
84 53 91
84 54 50
84 55 35
84 56 13
84 57 64
84 58 38
84 59 104
84 60 33
84 61 16
84 62 37
84 63 86
84 64 16
84 65 91
84 66 66
84 67 36
84 68 95
84 69 21
84 70 95
84 71 76
84 72 99
84 73 60
84 74 22
84 75 25
84 76 62
84 77 37
84 78 50
84 79 39
84 80 68
84 81 88
84 82 100
84 83 29
84 84 50
84 85 65
84 86 38
84 87 16
84 88 49
84 89 101
84 90 18
84 91 97
84 92 51
84 93 87
84 94 96
84 95 40
84 96 87
84 97 52
84 98 54
84 99 67
84 100 28
85 1 44
85 2 12
85 3 84
85 4 35
85 5 36
85 6 26
85 7 75
85 8 59
85 9 7
85 10 104
85 11 106
85 12 71
85 13 93
85 14 22
85 15 43
85 16 45
85 17 94
85 18 60
85 19 12
85 20 60
85 21 45
85 22 43
85 23 75
85 24 49
85 25 80
85 26 18
85 27 95
85 28 65
85 29 48
85 30 84
85 31 84
85 32 40
85 33 93
85 34 31
85 35 26
85 36 43
85 37 66
85 38 75
85 39 6
85 40 43
85 41 58
85 42 54
85 43 65
85 44 11
85 45 70
85 46 49
85 47 49
85 48 49
85 49 49
85 50 58
85 51 10
85 52 40
85 53 55
85 54 26
85 55 42
85 56 15
85 57 67
85 58 96
85 59 85
85 60 72
85 61 70
85 62 41
85 63 59
85 64 82
85 65 62
85 66 25
85 67 86
85 68 14
85 69 39
85 70 90
85 71 10
85 72 67
85 73 12
85 74 41
85 75 33
85 76 40
85 77 78
85 78 62
85 79 54
85 80 71
85 81 41
85 82 82
85 83 70
85 84 46
85 85 44
85 86 91
85 87 61
85 88 28
85 89 51
85 90 73
85 91 37
85 92 43
85 93 82
85 94 44
85 95 47
85 96 11
85 97 14
85 98 57
85 99 4
85 100 41
86 1 61
86 2 82
86 3 60
86 4 44
86 5 82
86 6 53
86 7 86
86 8 57
86 9 62
86 10 44
86 11 46
86 12 84
86 13 32
86 14 44
86 15 46
86 16 56
86 17 70
86 18 68
86 19 68
86 20 9
86 21 28
86 22 80
86 23 32
86 24 51
86 25 93
86 26 31
86 27 44
86 28 43
86 29 80
86 30 9
86 31 47
86 32 33
86 33 14
86 34 35
86 35 54
86 36 21
86 37 68
86 38 59
86 39 69
86 40 35
86 41 55
86 42 82
86 43 42
86 44 51
86 45 40
86 46 19
86 47 87
86 48 24
86 49 37
86 50 37
86 51 37
86 52 37
86 53 23
86 54 48
86 55 48
86 56 39
86 57 53
86 58 23
86 59 44
86 60 36
86 61 65
86 62 48
86 63 47
86 64 34
86 65 59
86 66 19
86 67 47
86 68 34
86 69 41
86 70 50
86 71 44
86 72 25
86 73 60
86 74 49
86 75 27
86 76 48
86 77 47
86 78 60
86 79 20
86 80 44
86 81 25
86 82 45
86 83 44
86 84 21
86 85 54
86 86 48
86 87 48
86 88 58
86 89 58
86 90 31
86 91 26
86 92 11
86 93 33
86 94 7
86 95 66
86 96 47
86 97 55
86 98 17
86 99 43
86 100 52
87 1 21
87 2 40
87 3 10
87 4 45
87 5 56
87 6 25
87 7 16
87 8 42
87 9 48
87 10 48
87 11 28
87 12 22
87 13 48
87 14 35
87 15 46
87 16 58
87 17 63
87 18 46
87 19 56
87 20 35
87 21 34
87 22 45
87 23 47
87 24 13
87 25 40
87 26 14
87 27 28
87 28 57
87 29 40
87 30 24
87 31 51
87 32 40
87 33 48
87 34 41
87 35 45
87 36 25
87 37 71
87 38 66
87 39 104
87 40 64
87 41 38
87 42 77
87 43 57
87 44 53
87 45 34
87 46 48
87 47 42
87 48 75
87 49 71
87 50 50
87 51 66
87 52 64
87 53 64
87 54 64
87 55 64
87 56 53
87 57 95
87 58 75
87 59 81
87 60 106
87 61 50
87 62 96
87 63 63
87 64 21
87 65 4
87 66 77
87 67 51
87 68 112
87 69 43
87 70 8
87 71 32
87 72 93
87 73 4
87 74 96
87 75 74
87 76 23
87 77 99
87 78 30
87 79 99
87 80 73
87 81 97
87 82 69
87 83 14
87 84 28
87 85 56
87 86 29
87 87 50
87 88 27
87 89 81
87 90 98
87 91 109
87 92 16
87 93 62
87 94 65
87 95 46
87 96 28
87 97 53
87 98 98
87 99 9
87 100 106
88 1 60
88 2 88
88 3 98
88 4 51
88 5 90
88 6 59
88 7 47
88 8 80
88 9 29
88 10 45
88 11 25
88 12 94
88 13 49
88 14 34
88 15 35
88 16 71
88 17 55
88 18 9
88 19 110
88 20 115
88 21 67
88 22 103
88 23 20
88 24 55
88 25 37
88 26 98
88 27 65
88 28 26
88 29 67
88 30 43
88 31 57
88 32 73
88 33 48
88 34 76
88 35 32
88 36 98
88 37 61
88 38 78
88 39 60
88 40 26
88 41 40
88 42 97
88 43 26
88 44 42
88 45 33
88 46 82
88 47 94
88 48 28
88 49 57
88 50 77
88 51 56
88 52 74
88 53 12
88 54 83
88 55 56
88 56 56
88 57 56
88 58 56
88 59 56
88 60 54
88 61 84
88 62 32
88 63 26
88 64 74
88 65 32
88 66 55
88 67 121
88 68 102
88 69 49
88 70 64
88 71 13
88 72 64
88 73 101
88 74 90
88 75 22
88 76 105
88 77 33
88 78 32
88 79 116
88 80 44
88 81 77
88 82 40
88 83 85
88 84 79
88 85 38
88 86 99
88 87 80
88 88 93
88 89 100
88 90 73
88 91 111
88 92 44
88 93 10
88 94 5
88 95 114
88 96 51
88 97 66
88 98 61
88 99 81
88 100 60
89 1 90
89 2 102
89 3 3
89 4 47
89 5 58
89 6 58
89 7 57
89 8 42
89 9 48
89 10 97
89 11 57
89 12 81
89 13 70
89 14 88
89 15 18
89 16 79
89 17 84
89 18 72
89 19 87
89 20 84
89 21 99
89 22 23
89 23 13
89 24 89
89 25 13
89 26 90
89 27 61
89 28 100
89 29 42
89 30 47
89 31 87
89 32 42
89 33 82
89 34 81
89 35 75
89 36 76
89 37 88
89 38 83
89 39 45
89 40 87
89 41 78
89 42 69
89 43 110
89 44 73
89 45 74
89 46 79
89 47 50
89 48 87
89 49 21
89 50 2
89 51 69
89 52 41
89 53 15
89 54 68
89 55 46
89 56 82
89 57 31
89 58 56
89 59 56
89 60 56
89 61 56
89 62 33
89 63 61
89 64 81
89 65 7
89 66 43
89 67 62
89 68 42
89 69 29
89 70 102
89 71 81
89 72 25
89 73 40
89 74 36
89 75 43
89 76 81
89 77 74
89 78 30
89 79 84
89 80 43
89 81 16
89 82 98
89 83 53
89 84 56
89 85 50
89 86 81
89 87 83
89 88 21
89 89 80
89 90 62
89 91 84
89 92 84
89 93 61
89 94 94
89 95 21
89 96 16
89 97 30
89 98 95
89 99 26
89 100 59
90 1 41
90 2 58
90 3 47
90 4 93
90 5 82
90 6 26
90 7 26
90 8 61
90 9 65
90 10 35
90 11 48
90 12 30
90 13 85
90 14 34
90 15 63
90 16 56
90 17 65
90 18 9
90 19 53
90 20 68
90 21 50
90 22 83
90 23 74
90 24 77
90 25 42
90 26 37
90 27 83
90 28 18
90 29 72
90 30 36
90 31 86
90 32 52
90 33 36
90 34 63
90 35 30
90 36 69
90 37 56
90 38 72
90 39 64
90 40 85
90 41 59
90 42 54
90 43 79
90 44 76
90 45 61
90 46 93
90 47 56
90 48 53
90 49 48
90 50 43
90 51 49
90 52 34
90 53 57
90 54 65
90 55 28
90 56 47
90 57 20
90 58 8
90 59 68
90 60 25
90 61 17
90 62 17
90 63 17
90 64 17
90 65 62
90 66 88
90 67 61
90 68 88
90 69 104
90 70 42
90 71 94
90 72 74
90 73 13
90 74 20
90 75 88
90 76 63
90 77 112
90 78 51
90 79 16
90 80 22
90 81 93
90 82 17
90 83 93
90 84 78
90 85 7
90 86 94
90 87 39
90 88 95
90 89 59
90 90 85
90 91 73
90 92 13
90 93 30
90 94 41
90 95 13
90 96 42
90 97 6
90 98 92
90 99 102
90 100 111
91 1 8
91 2 72
91 3 57
91 4 51
91 5 40
91 6 50
91 7 84
91 8 14
91 9 108
91 10 66
91 11 80
91 12 90
91 13 59
91 14 86
91 15 62
91 16 30
91 17 94
91 18 29
91 19 41
91 20 42
91 21 100
91 22 66
91 23 27
91 24 43
91 25 57
91 26 42
91 27 26
91 28 109
91 29 116
91 30 52
91 31 109
91 32 20
91 33 67
91 34 20
91 35 93
91 36 64
91 37 42
91 38 68
91 39 33
91 40 75
91 41 62
91 42 40
91 43 61
91 44 48
91 45 93
91 46 46
91 47 66
91 48 51
91 49 6
91 50 37
91 51 42
91 52 86
91 53 54
91 54 68
91 55 27
91 56 47
91 57 78
91 58 37
91 59 43
91 60 40
91 61 16
91 62 84
91 63 16
91 64 34
91 65 34
91 66 34
91 67 34
91 68 21
91 69 51
91 70 49
91 71 40
91 72 57
91 73 23
91 74 48
91 75 35
91 76 62
91 77 45
91 78 47
91 79 31
91 80 63
91 81 16
91 82 43
91 83 32
91 84 44
91 85 47
91 86 48
91 87 28
91 88 57
91 89 52
91 90 23
91 91 52
91 92 49
91 93 63
91 94 22
91 95 40
91 96 22
91 97 45
91 98 41
91 99 22
91 100 52
92 1 49
92 2 51
92 3 61
92 4 55
92 5 30
92 6 29
92 7 8
92 8 29
92 9 9
92 10 69
92 11 44
92 12 58
92 13 17
92 14 46
92 15 55
92 16 19
92 17 44
92 18 12
92 19 44
92 20 56
92 21 22
92 22 15
92 23 38
92 24 50
92 25 45
92 26 26
92 27 18
92 28 49
92 29 36
92 30 42
92 31 61
92 32 66
92 33 47
92 34 59
92 35 31
92 36 32
92 37 43
92 38 51
92 39 17
92 40 37
92 41 18
92 42 27
92 43 54
92 44 42
92 45 24
92 46 53
92 47 36
92 48 52
92 49 42
92 50 47
92 51 27
92 52 51
92 53 14
92 54 22
92 55 53
92 56 16
92 57 65
92 58 19
92 59 41
92 60 71
92 61 30
92 62 35
92 63 39
92 64 12
92 65 78
92 66 8
92 67 30
92 68 30
92 69 30
92 70 30
92 71 53
92 72 29
92 73 19
92 74 64
92 75 52
92 76 18
92 77 41
92 78 66
92 79 71
92 80 64
92 81 76
92 82 64
92 83 65
92 84 49
92 85 60
92 86 37
92 87 46
92 88 64
92 89 40
92 90 46
92 91 64
92 92 37
92 93 52
92 94 39
92 95 19
92 96 32
92 97 44
92 98 55
92 99 43
92 100 27
93 1 45
93 2 18
93 3 56
93 4 76
93 5 63
93 6 66
93 7 66
93 8 60
93 9 4
93 10 41
93 11 58
93 12 23
93 13 36
93 14 59
93 15 65
93 16 45
93 17 22
93 18 31
93 19 51
93 20 31
93 21 38
93 22 34
93 23 85
93 24 40
93 25 24
93 26 67
93 27 68
93 28 78
93 29 34
93 30 48
93 31 20
93 32 18
93 33 64
93 34 58
93 35 68
93 36 21
93 37 73
93 38 48
93 39 64
93 40 41
93 41 37
93 42 27
93 43 65
93 44 33
93 45 26
93 46 86
93 47 10
93 48 19
93 49 22
93 50 67
93 51 36
93 52 20
93 53 15
93 54 8
93 55 56
93 56 34
93 57 52
93 58 84
93 59 44
93 60 64
93 61 25
93 62 45
93 63 46
93 64 7
93 65 30
93 66 26
93 67 17
93 68 53
93 69 23
93 70 13
93 71 13
93 72 13
93 73 13
93 74 79
93 75 27
93 76 17
93 77 85
93 78 58
93 79 42
93 80 49
93 81 91
93 82 90
93 83 87
93 84 99
93 85 89
93 86 74
93 87 75
93 88 83
93 89 58
93 90 59
93 91 86
93 92 48
93 93 67
93 94 82
93 95 39
93 96 78
93 97 43
93 98 19
93 99 8
93 100 66
94 1 77
94 2 68
94 3 38
94 4 64
94 5 42
94 6 73
94 7 98
94 8 79
94 9 78
94 10 86
94 11 85
94 12 30
94 13 67
94 14 84
94 15 49
94 16 11
94 17 82
94 18 77
94 19 70
94 20 23
94 21 25
94 22 76
94 23 38
94 24 62
94 25 48
94 26 109
94 27 65
94 28 50
94 29 92
94 30 86
94 31 104
94 32 57
94 33 74
94 34 21
94 35 36
94 36 88
94 37 64
94 38 77
94 39 26
94 40 89
94 41 71
94 42 90
94 43 58
94 44 40
94 45 50
94 46 91
94 47 56
94 48 48
94 49 112
94 50 17
94 51 43
94 52 18
94 53 93
94 54 38
94 55 31
94 56 12
94 57 33
94 58 74
94 59 59
94 60 78
94 61 109
94 62 71
94 63 86
94 64 53
94 65 42
94 66 77
94 67 36
94 68 39
94 69 44
94 70 18
94 71 84
94 72 12
94 73 37
94 74 37
94 75 37
94 76 37
94 77 23
94 78 88
94 79 93
94 80 33
94 81 79
94 82 66
94 83 75
94 84 12
94 85 82
94 86 59
94 87 18
94 88 14
94 89 75
94 90 30
94 91 61
94 92 67
94 93 65
94 94 63
94 95 76
94 96 42
94 97 82
94 98 85
94 99 38
94 100 82
95 1 93
95 2 105
95 3 39
95 4 63
95 5 49
95 6 87
95 7 74
95 8 65
95 9 81
95 10 24
95 11 55
95 12 69
95 13 76
95 14 18
95 15 72
95 16 36
95 17 36
95 18 53
95 19 112
95 20 63
95 21 66
95 22 32
95 23 85
95 24 92
95 25 26
95 26 77
95 27 40
95 28 83
95 29 18
95 30 53
95 31 58
95 32 37
95 33 47
95 34 16
95 35 62
95 36 36
95 37 93
95 38 79
95 39 53
95 40 80
95 41 77
95 42 91
95 43 55
95 44 57
95 45 12
95 46 79
95 47 83
95 48 53
95 49 36
95 50 48
95 51 68
95 52 17
95 53 86
95 54 67
95 55 97
95 56 30
95 57 85
95 58 85
95 59 91
95 60 71
95 61 80
95 62 51
95 63 35
95 64 10
95 65 39
95 66 66
95 67 50
95 68 85
95 69 65
95 70 44
95 71 17
95 72 72
95 73 54
95 74 80
95 75 39
95 76 60
95 77 60
95 78 60
95 79 60
95 80 51
95 81 64
95 82 39
95 83 74
95 84 82
95 85 19
95 86 71
95 87 65
95 88 36
95 89 33
95 90 79
95 91 57
95 92 92
95 93 41
95 94 28
95 95 5
95 96 72
95 97 32
95 98 71
95 99 61
95 100 30
96 1 71
96 2 35
96 3 72
96 4 37
96 5 62
96 6 56
96 7 22
96 8 22
96 9 21
96 10 11
96 11 19
96 12 22
96 13 81
96 14 83
96 15 91
96 16 31
96 17 61
96 18 33
96 19 37
96 20 39
96 21 30
96 22 62
96 23 27
96 24 89
96 25 51
96 26 56
96 27 66
96 28 48
96 29 63
96 30 46
96 31 13
96 32 86
96 33 18
96 34 20
96 35 45
96 36 84
96 37 65
96 38 9
96 39 35
96 40 35
96 41 19
96 42 35
96 43 88
96 44 95
96 45 31
96 46 92
96 47 19
96 48 60
96 49 10
96 50 69
96 51 44
96 52 44
96 53 48
96 54 9
96 55 75
96 56 38
96 57 16
96 58 40
96 59 48
96 60 70
96 61 25
96 62 43
96 63 28
96 64 21
96 65 21
96 66 36
96 67 81
96 68 31
96 69 31
96 70 45
96 71 15
96 72 27
96 73 52
96 74 70
96 75 32
96 76 32
96 77 85
96 78 46
96 79 37
96 80 37
96 81 37
96 82 37
96 83 48
96 84 33
96 85 23
96 86 60
96 87 52
96 88 13
96 89 41
96 90 61
96 91 68
96 92 59
96 93 71
96 94 58
96 95 64
96 96 43
96 97 56
96 98 33
96 99 45
96 100 60
97 1 40
97 2 43
97 3 61
97 4 39
97 5 46
97 6 41
97 7 23
97 8 37
97 9 40
97 10 51
97 11 38
97 12 27
97 13 42
97 14 13
97 15 53
97 16 71
97 17 61
97 18 65
97 19 62
97 20 55
97 21 2
97 22 35
97 23 52
97 24 18
97 25 41
97 26 55
97 27 64
97 28 41
97 29 25
97 30 35
97 31 46
97 32 32
97 33 33
97 34 33
97 35 81
97 36 35
97 37 19
97 38 61
97 39 65
97 40 72
97 41 30
97 42 42
97 43 24
97 44 18
97 45 59
97 46 58
97 47 68
97 48 24
97 49 71
97 50 43
97 51 59
97 52 39
97 53 38
97 54 23
97 55 60
97 56 29
97 57 22
97 58 81
97 59 15
97 60 16
97 61 27
97 62 61
97 63 38
97 64 21
97 65 20
97 66 4
97 67 53
97 68 29
97 69 46
97 70 79
97 71 39
97 72 60
97 73 25
97 74 34
97 75 39
97 76 44
97 77 41
97 78 52
97 79 55
97 80 28
97 81 56
97 82 43
97 83 43
97 84 43
97 85 43
97 86 20
97 87 48
97 88 51
97 89 35
97 90 52
97 91 27
97 92 43
97 93 33
97 94 68
97 95 51
97 96 44
97 97 31
97 98 57
97 99 19
97 100 49
98 1 38
98 2 38
98 3 53
98 4 43
98 5 22
98 6 63
98 7 48
98 8 28
98 9 48
98 10 50
98 11 62
98 12 16
98 13 47
98 14 28
98 15 49
98 16 47
98 17 25
98 18 58
98 19 45
98 20 45
98 21 55
98 22 61
98 23 27
98 24 29
98 25 11
98 26 33
98 27 11
98 28 69
98 29 50
98 30 52
98 31 13
98 32 44
98 33 52
98 34 18
98 35 39
98 36 6
98 37 49
98 38 53
98 39 28
98 40 20
98 41 42
98 42 45
98 43 47
98 44 32
98 45 22
98 46 51
98 47 39
98 48 48
98 49 56
98 50 60
98 51 50
98 52 53
98 53 38
98 54 31
98 55 49
98 56 47
98 57 12
98 58 41
98 59 12
98 60 32
98 61 55
98 62 43
98 63 28
98 64 54
98 65 40
98 66 48
98 67 45
98 68 48
98 69 29
98 70 57
98 71 20
98 72 27
98 73 51
98 74 21
98 75 55
98 76 10
98 77 50
98 78 24
98 79 23
98 80 30
98 81 74
98 82 69
98 83 52
98 84 63
98 85 63
98 86 63
98 87 63
98 88 63
98 89 51
98 90 37
98 91 67
98 92 35
98 93 14
98 94 59
98 95 15
98 96 54
98 97 109
98 98 92
98 99 53
98 100 61
99 1 16
99 2 57
99 3 91
99 4 76
99 5 4
99 6 94
99 7 16
99 8 25
99 9 103
99 10 27
99 11 69
99 12 23
99 13 68
99 14 62
99 15 30
99 16 88
99 17 69
99 18 77
99 19 86
99 20 57
99 21 97
99 22 49
99 23 18
99 24 16
99 25 102
99 26 49
99 27 49
99 28 51
99 29 73
99 30 47
99 31 72
99 32 91
99 33 15
99 34 39
99 35 40
99 36 41
99 37 51
99 38 25
99 39 38
99 40 81
99 41 62
99 42 69
99 43 56
99 44 81
99 45 27
99 46 77
99 47 70
99 48 63
99 49 70
99 50 67
99 51 89
99 52 15
99 53 19
99 54 71
99 55 27
99 56 79
99 57 58
99 58 85
99 59 26
99 60 33
99 61 80
99 62 30
99 63 67
99 64 81
99 65 58
99 66 61
99 67 70
99 68 77
99 69 28
99 70 70
99 71 60
99 72 53
99 73 97
99 74 61
99 75 67
99 76 68
99 77 62
99 78 96
99 79 33
99 80 83
99 81 66
99 82 26
99 83 62
99 84 25
99 85 50
99 86 26
99 87 61
99 88 31
99 89 31
99 90 31
99 91 31
99 92 32
99 93 72
99 94 90
99 95 8
99 96 54
99 97 69
99 98 54
99 99 23
99 100 102
100 1 81
100 2 14
100 3 35
100 4 46
100 5 43
100 6 81
100 7 78
100 8 41
100 9 84
100 10 55
100 11 25
100 12 100
100 13 65
100 14 55
100 15 62
100 16 90
100 17 94
100 18 27
100 19 81
100 20 63
100 21 91
100 22 87
100 23 67
100 24 96
100 25 9
100 26 26
100 27 40
100 28 96
100 29 23
100 30 68
100 31 43
100 32 57
100 33 53
100 34 103
100 35 82
100 36 36
100 37 29
100 38 72
100 39 76
100 40 34
100 41 59
100 42 36
100 43 90
100 44 23
100 45 65
100 46 62
100 47 62
100 48 17
100 49 46
100 50 72
100 51 51
100 52 91
100 53 81
100 54 76
100 55 54
100 56 48
100 57 90
100 58 24
100 59 73
100 60 31
100 61 90
100 62 63
100 63 44
100 64 61
100 65 38
100 66 74
100 67 48
100 68 81
100 69 70
100 70 93
100 71 56
100 72 65
100 73 86
100 74 85
100 75 69
100 76 95
100 77 59
100 78 53
100 79 30
100 80 52
100 81 87
100 82 42
100 83 92
100 84 58
100 85 23
100 86 72
100 87 43
100 88 67
100 89 82
100 90 49
100 91 36
100 92 36
100 93 36
100 94 36
100 95 48
100 96 42
100 97 70
100 98 29
100 99 19
100 100 60