100 5
87
30
56
77
58
90
83
28
91
10
92
5
6
30
54
77
41
18
97
85
33
6
76
94
43
78
85
71
88
4
88
79
76
29
82
92
45
42
43
18
14
86
47
74
26
87
34
22
19
81
13
20
93
3
85
88
2
44
26
52
33
91
52
90
55
19
30
90
48
54
57
76
31
85
68
36
30
39
3
80
76
66
63
43
88
81
98
84
7
13
29
75
81
73
7
16
26
80
58
24
0 1 43
0 2 51
0 3 20
0 4 24
0 5 46
0 6 77
0 7 29
0 8 30
0 9 68
0 10 56
0 11 37
0 12 72
0 13 87
0 14 50
0 15 58
0 16 76
0 17 67
0 18 38
0 19 38
0 20 20
0 21 39
0 22 79
0 23 55
0 24 63
0 25 65
0 26 10
0 27 83
0 28 35
0 29 67
0 30 86
0 31 32
0 32 25
0 33 48
0 34 47
0 35 91
0 36 36
0 37 5
0 38 69
0 39 76
0 40 39
0 41 37
0 42 21
0 43 46
0 44 28
0 45 66
0 46 9
0 47 71
0 48 55
0 49 48
0 50 38
0 51 44
0 52 30
0 53 19
0 54 74
0 55 19
0 56 16
0 57 40
0 58 16
0 59 22
0 60 74
0 61 64
0 62 49
0 63 75
0 64 47
0 65 71
0 66 75
0 67 8
0 68 54
0 69 51
0 70 80
0 71 67
0 72 18
0 73 64
0 74 56
0 75 45
0 76 47
0 77 61
0 78 12
0 79 47
0 80 59
0 81 79
0 82 30
0 83 36
0 84 26
0 85 35
0 86 62
0 87 27
0 88 70
0 89 42
0 90 13
0 91 50
0 92 79
0 93 54
0 94 21
0 95 27
0 96 68
0 97 9
0 98 79
0 99 47
0 100 42
1 1 42
1 2 42
1 3 42
1 4 60
1 5 95
1 6 94
1 7 64
1 8 74
1 9 7
1 10 51
1 11 52
1 12 40
1 13 77
1 14 67
1 15 39
1 16 41
1 17 52
1 18 58
1 19 3
1 20 49
1 21 89
1 22 52
1 23 91
1 24 102
1 25 19
1 26 82
1 27 37
1 28 33
1 29 74
1 30 24
1 31 56
1 32 18
1 33 30
1 34 80
1 35 65
1 36 74
1 37 79
1 38 45
1 39 77
1 40 84
1 41 18
1 42 51
1 43 77
1 44 61
1 45 63
1 46 49
1 47 67
1 48 39
1 49 78
1 50 10
1 51 45
1 52 70
1 53 41
1 54 48
1 55 93
1 56 60
1 57 39
1 58 89
1 59 94
1 60 62
1 61 89
1 62 89
1 63 58
1 64 56
1 65 32
1 66 44
1 67 45
1 68 31
1 69 32
1 70 81
1 71 43
1 72 68
1 73 42
1 74 52
1 75 71
1 76 51
1 77 73
1 78 64
1 79 76
1 80 53
1 81 81
1 82 43
1 83 26
1 84 36
1 85 53
1 86 44
1 87 78
1 88 63
1 89 25
1 90 53
1 91 33
1 92 82
1 93 91
1 94 81
1 95 29
1 96 105
1 97 95
1 98 61
1 99 26
1 100 85
2 1 47
2 2 77
2 3 38
2 4 38
2 5 38
2 6 38
2 7 84
2 8 49
2 9 40
2 10 23
2 11 48
2 12 52
2 13 8
2 14 5
2 15 44
2 16 57
2 17 36
2 18 55
2 19 69
2 20 30
2 21 50
2 22 51
2 23 45
2 24 43
2 25 18
2 26 42
2 27 58
2 28 56
2 29 58
2 30 45
2 31 40
2 32 24
2 33 61
2 34 16
2 35 44
2 36 65
2 37 33
2 38 16
2 39 39
2 40 42
2 41 74
2 42 34
2 43 30
2 44 43
2 45 54
2 46 44
2 47 23
2 48 18
2 49 33
2 50 20
2 51 42
2 52 24
2 53 46
2 54 33
2 55 37
2 56 13
2 57 31
2 58 42
2 59 7
2 60 50
2 61 35
2 62 40
2 63 25
2 64 38
2 65 37
2 66 63
2 67 45
2 68 26
2 69 60
2 70 32
2 71 46
2 72 56
2 73 30
2 74 39
2 75 38
2 76 63
2 77 47
2 78 19
2 79 43
2 80 55
2 81 31
2 82 49
2 83 50
2 84 31
2 85 23
2 86 37
2 87 54
2 88 18
2 89 11
2 90 29
2 91 23
2 92 36
2 93 4
2 94 51
2 95 40
2 96 39
2 97 54
2 98 59
2 99 69
2 100 45
3 1 13
3 2 42
3 3 31
3 4 64
3 5 40
3 6 18
3 7 18
3 8 18
3 9 18
3 10 56
3 11 49
3 12 30
3 13 43
3 14 68
3 15 62
3 16 28
3 17 17
3 18 37
3 19 77
3 20 56
3 21 73
3 22 85
3 23 16
3 24 70
3 25 59
3 26 34
3 27 27
3 28 9
3 29 54
3 30 72
3 31 69
3 32 78
3 33 63
3 34 36
3 35 38
3 36 75
3 37 6
3 38 57
3 39 79
3 40 19
3 41 9
3 42 19
3 43 22
3 44 90
3 45 16
3 46 36
3 47 46
3 48 42
3 49 64
3 50 3
3 51 37
3 52 53
3 53 8
3 54 35
3 55 27
3 56 56
3 57 24
3 58 17
3 59 27
3 60 51
3 61 33
3 62 25
3 63 43
3 64 32
3 65 43
3 66 6
3 67 49
3 68 31
3 69 82
3 70 30
3 71 41
3 72 78
3 73 51
3 74 43
3 75 72
3 76 41
3 77 58
3 78 18
3 79 80
3 80 34
3 81 16
3 82 30
3 83 75
3 84 11
3 85 69
3 86 70
3 87 45
3 88 20
3 89 52
3 90 49
3 91 38
3 92 26
3 93 18
3 94 2
3 95 38
3 96 25
3 97 68
3 98 22
3 99 47
3 100 74
4 1 74
4 2 85
4 3 55
4 4 9
4 5 42
4 6 34
4 7 82
4 8 20
4 9 33
4 10 33
4 11 33
4 12 33
4 13 43
4 14 36
4 15 16
4 16 33
4 17 58
4 18 90
4 19 42
4 20 41
4 21 77
4 22 67
4 23 50
4 24 87
4 25 102
4 26 57
4 27 72
4 28 90
4 29 75
4 30 34
4 31 47
4 32 24
4 33 42
4 34 93
4 35 66
4 36 77
4 37 75
4 38 24
4 39 97
4 40 43
4 41 81
4 42 100
4 43 31
4 44 32
4 45 50
4 46 48
4 47 106
4 48 37
4 49 10
4 50 81
4 51 83
4 52 50
4 53 43
4 54 36
4 55 60
4 56 33
4 57 75
4 58 15
4 59 84
4 60 64
4 61 51
4 62 51
4 63 59
4 64 23
4 65 33
4 66 83
4 67 12
4 68 3
4 69 46
4 70 20
4 71 15
4 72 87
4 73 70
4 74 63
4 75 90
4 76 61
4 77 82
4 78 90
4 79 18
4 80 68
4 81 54
4 82 94
4 83 74
4 84 24
4 85 71
4 86 68
4 87 49
4 88 58
4 89 75
4 90 22
4 91 57
4 92 73
4 93 88
4 94 45
4 95 49
4 96 27
4 97 41
4 98 74
4 99 40
4 100 84
5 1 41
5 2 13
5 3 60
5 4 93
5 5 59
5 6 22
5 7 35
5 8 79
5 9 7
5 10 94
5 11 47
5 12 55
5 13 55
5 14 55
5 15 55
5 16 21
5 17 40
5 18 40
5 19 45
5 20 28
5 21 76
5 22 37
5 23 28
5 24 50
5 25 82
5 26 62
5 27 85
5 28 98
5 29 29
5 30 79
5 31 74
5 32 45
5 33 13
5 34 24
5 35 51
5 36 70
5 37 83
5 38 83
5 39 75
5 40 50
5 41 39
5 42 88
5 43 20
5 44 71
5 45 93
5 46 4
5 47 14
5 48 17
5 49 16
5 50 103
5 51 5
5 52 31
5 53 61
5 54 53
5 55 67
5 56 15
5 57 43
5 58 63
5 59 10
5 60 48
5 61 23
5 62 70
5 63 37
5 64 18
5 65 40
5 66 61
5 67 19
5 68 31
5 69 56
5 70 21
5 71 36
5 72 16
5 73 47
5 74 19
5 75 92
5 76 39
5 77 54
5 78 89
5 79 62
5 80 56
5 81 85
5 82 39
5 83 68
5 84 22
5 85 92
5 86 44
5 87 14
5 88 41
5 89 82
5 90 18
5 91 74
5 92 79
5 93 44
5 94 34
5 95 65
5 96 61
5 97 46
5 98 38
5 99 6
5 100 13
6 1 53
6 2 34
6 3 80
6 4 11
6 5 42
6 6 78
6 7 87
6 8 85
6 9 52
6 10 17
6 11 56
6 12 27
6 13 94
6 14 15
6 15 45
6 16 45
6 17 45
6 18 45
6 19 47
6 20 7
6 21 18
6 22 12
6 23 46
6 24 77
6 25 31
6 26 21
6 27 19
6 28 80
6 29 60
6 30 65
6 31 75
6 32 7
6 33 68
6 34 43
6 35 19
6 36 45
6 37 11
6 38 67
6 39 84
6 40 57
6 41 82
6 42 56
6 43 18
6 44 50
6 45 62
6 46 15
6 47 45
6 48 67
6 49 37
6 50 26
6 51 28
6 52 33
6 53 80
6 54 33
6 55 52
6 56 29
6 57 28
6 58 70
6 59 17
6 60 44
6 61 51
6 62 26
6 63 17
6 64 43
6 65 42
6 66 7
6 67 25
6 68 23
6 69 50
6 70 51
6 71 33
6 72 25
6 73 50
6 74 60
6 75 17
6 76 63
6 77 49
6 78 78
6 79 20
6 80 34
6 81 70
6 82 49
6 83 24
6 84 62
6 85 54
6 86 54
6 87 23
6 88 71
6 89 21
6 90 33
6 91 17
6 92 77
6 93 19
6 94 73
6 95 66
6 96 57
6 97 5
6 98 42
6 99 30
6 100 41
7 1 24
7 2 36
7 3 19
7 4 21
7 5 29
7 6 59
7 7 37
7 8 62
7 9 79
7 10 63
7 11 95
7 12 70
7 13 22
7 14 23
7 15 50
7 16 74
7 17 32
7 18 27
7 19 27
7 20 27
7 21 27
7 22 40
7 23 46
7 24 53
7 25 53
7 26 48
7 27 96
7 28 53
7 29 26
7 30 62
7 31 63
7 32 43
7 33 75
7 34 89
7 35 43
7 36 63
7 37 75
7 38 60
7 39 30
7 40 32
7 41 29
7 42 48
7 43 79
7 44 62
7 45 65
7 46 60
7 47 17
7 48 84
7 49 28
7 50 67
7 51 87
7 52 23
7 53 18
7 54 39
7 55 39
7 56 94
7 57 27
7 58 9
7 59 66
7 60 69
7 61 47
7 62 29
7 63 25
7 64 49
7 65 20
7 66 60
7 67 1
7 68 69
7 69 49
7 70 39
7 71 36
7 72 48
7 73 24
7 74 19
7 75 68
7 76 13
7 77 18
7 78 32
7 79 24
7 80 16
7 81 78
7 82 56
7 83 48
7 84 78
7 85 50
7 86 66
7 87 77
7 88 16
7 89 57
7 90 42
7 91 82
7 92 60
7 93 10
7 94 57
7 95 63
7 96 37
7 97 54
7 98 65
7 99 21
7 100 41
8 1 59
8 2 73
8 3 33
8 4 34
8 5 18
8 6 28
8 7 58
8 8 25
8 9 72
8 10 34
8 11 20
8 12 57
8 13 80
8 14 63
8 15 29
8 16 20
8 17 63
8 18 8
8 19 83
8 20 38
8 21 41
8 22 41
8 23 41
8 24 41
8 25 56
8 26 51
8 27 32
8 28 46
8 29 45
8 30 34
8 31 42
8 32 8
8 33 84
8 34 54
8 35 58
8 36 18
8 37 8
8 38 89
8 39 36
8 40 48
8 41 92
8 42 116
8 43 83
8 44 91
8 45 93
8 46 29
8 47 59
8 48 28
8 49 77
8 50 81
8 51 25
8 52 85
8 53 37
8 54 20
8 55 106
8 56 89
8 57 108
8 58 112
8 59 5
8 60 106
8 61 94
8 62 63
8 63 97
8 64 65
8 65 91
8 66 68
8 67 44
8 68 93
8 69 83
8 70 93
8 71 44
8 72 84
8 73 105
8 74 63
8 75 45
8 76 115
8 77 75
8 78 85
8 79 106
8 80 105
8 81 93
8 82 91
8 83 108
8 84 23
8 85 98
8 86 49
8 87 14
8 88 43
8 89 77
8 90 19
8 91 87
8 92 36
8 93 104
8 94 11
8 95 96
8 96 92
8 97 94
8 98 49
8 99 98
8 100 59
9 1 31
9 2 85
9 3 77
9 4 39
9 5 83
9 6 60
9 7 64
9 8 102
9 9 93
9 10 66
9 11 69
9 12 23
9 13 112
9 14 97
9 15 62
9 16 20
9 17 87
9 18 96
9 19 85
9 20 70
9 21 99
9 22 11
9 23 110
9 24 58
9 25 58
9 26 58
9 27 58
9 28 43
9 29 53
9 30 33
9 31 50
9 32 31
9 33 27
9 34 46
9 35 22
9 36 64
9 37 39
9 38 18
9 39 52
9 40 67
9 41 50
9 42 38
9 43 62
9 44 66
9 45 54
9 46 38
9 47 26
9 48 39
9 49 61
9 50 39
9 51 43
9 52 59
9 53 11
9 54 64
9 55 36
9 56 50
9 57 66
9 58 45
9 59 31
9 60 57
9 61 58
9 62 71
9 63 48
9 64 25
9 65 58
9 66 74
9 67 25
9 68 42
9 69 2
9 70 25
9 71 36
9 72 61
9 73 26
9 74 55
9 75 53
9 76 55
9 77 27
9 78 24
9 79 49
9 80 14
9 81 69
9 82 39
9 83 36
9 84 44
9 85 24
9 86 41
9 87 53
9 88 65
9 89 32
9 90 55
9 91 27
9 92 64
9 93 56
9 94 18
9 95 33
9 96 57
9 97 59
9 98 67
9 99 29
9 100 64
10 1 38
10 2 50
10 3 30
10 4 40
10 5 17
10 6 43
10 7 41
10 8 73
10 9 11
10 10 25
10 11 40
10 12 41
10 13 52
10 14 17
10 15 50
10 16 55
10 17 28
10 18 35
10 19 60
10 20 48
10 21 31
10 22 30
10 23 59
10 24 30
10 25 59
10 26 57
10 27 28
10 28 28
10 29 28
10 30 28
10 31 54
10 32 7
10 33 26
10 34 15
10 35 53
10 36 86
10 37 18
10 38 54
10 39 16
10 40 27
10 41 60
10 42 63
10 43 73
10 44 10
10 45 67
10 46 40
10 47 19
10 48 48
10 49 13
10 50 68
10 51 85
10 52 54
10 53 81
10 54 54
10 55 15
10 56 51
10 57 60
10 58 17
10 59 43
10 60 65
10 61 40
10 62 28
10 63 31
10 64 37
10 65 78
10 66 36
10 67 54
10 68 26
10 69 27
10 70 70
10 71 20
10 72 45
10 73 50
10 74 29
10 75 15
10 76 45
10 77 39
10 78 6
10 79 28
10 80 22
10 81 49
10 82 54
10 83 34
10 84 23
10 85 52
10 86 63
10 87 20
10 88 65
10 89 52
10 90 76
10 91 21
10 92 32
10 93 68
10 94 47
10 95 22
10 96 60
10 97 56
10 98 52
10 99 26
10 100 69
11 1 21
11 2 36
11 3 18
11 4 76
11 5 22
11 6 73
11 7 65
11 8 58
11 9 4
11 10 40
11 11 28
11 12 40
11 13 24
11 14 39
11 15 22
11 16 18
11 17 29
11 18 57
11 19 40
11 20 64
11 21 79
11 22 61
11 23 95
11 24 71
11 25 25
11 26 20
11 27 53
11 28 72
11 29 35
11 30 26
11 31 26
11 32 26
11 33 26
11 34 16
11 35 38
11 36 30
11 37 41
11 38 16
11 39 60
11 40 39
11 41 48
11 42 52
11 43 24
11 44 65
11 45 41
11 46 54
11 47 77
11 48 17
11 49 69
11 50 90
11 51 85
11 52 66
11 53 43
11 54 40
11 55 58
11 56 11
11 57 36
11 58 79
11 59 39
11 60 59
11 61 65
11 62 53
11 63 59
11 64 77
11 65 62
11 66 87
11 67 89
11 68 56
11 69 79
11 70 53
11 71 72
11 72 98
11 73 13
11 74 71
11 75 32
11 76 23
11 77 67
11 78 83
11 79 57
11 80 61
11 81 77
11 82 86
11 83 49
11 84 24
11 85 79
11 86 44
11 87 90
11 88 68
11 89 61
11 90 74
11 91 44
11 92 72
11 93 30
11 94 91
11 95 44
11 96 40
11 97 27
11 98 83
11 99 48
11 100 44
12 1 28
12 2 87
12 3 45
12 4 92
12 5 61
12 6 89
12 7 7
12 8 80
12 9 6
12 10 22
12 11 40
12 12 67
12 13 45
12 14 91
12 15 31
12 16 47
12 17 72
12 18 71
12 19 70
12 20 44
12 21 43
12 22 86
12 23 51
12 24 11
12 25 52
12 26 36
12 27 47
12 28 60
12 29 77
12 30 59
12 31 42
12 32 88
12 33 46
12 34 46
12 35 46
12 36 46
12 37 46
12 38 62
12 39 42
12 40 59
12 41 34
12 42 19
12 43 55
12 44 28
12 45 73
12 46 40
12 47 38
12 48 10
12 49 90
12 50 62
12 51 58
12 52 85
12 53 79
12 54 48
12 55 51
12 56 8
12 57 27
12 58 85
12 59 49
12 60 67
12 61 76
12 62 14
12 63 89
12 64 47
12 65 74
12 66 91
12 67 43
12 68 38
12 69 60
12 70 59
12 71 94
12 72 48
12 73 12
12 74 79
12 75 88
12 76 34
12 77 50
12 78 26
12 79 49
12 80 40
12 81 78
12 82 21
12 83 79
12 84 67
12 85 60
12 86 48
12 87 48
12 88 38
12 89 29
12 90 86
12 91 27
12 92 16
12 93 52
12 94 3
12 95 31
12 96 73
12 97 76
12 98 56
12 99 78
12 100 51
13 1 83
13 2 80
13 3 7
13 4 57
13 5 63
13 6 82
13 7 80
13 8 31
13 9 77
13 10 53
13 11 57
13 12 42
13 13 62
13 14 7
13 15 59
13 16 66
13 17 90
13 18 36
13 19 45
13 20 38
13 21 48
13 22 73
13 23 36
13 24 74
13 25 54
13 26 5
13 27 44
13 28 84
13 29 43
13 30 9
13 31 39
13 32 79
13 33 18
13 34 81
13 35 59
13 36 50
13 37 50
13 38 50
13 39 50
13 40 40
13 41 48
13 42 55
13 43 55
13 44 49
13 45 97
13 46 56
13 47 81
13 48 58
13 49 51
13 50 97
13 51 84
13 52 49
13 53 13
13 54 70
13 55 57
13 56 31
13 57 30
13 58 7
13 59 57
13 60 75
13 61 67
13 62 79
13 63 62
13 64 33
13 65 41
13 66 73
13 67 5
13 68 55
13 69 78
13 70 22
13 71 12
13 72 19
13 73 22
13 74 89
13 75 18
13 76 39
13 77 43
13 78 39
13 79 65
13 80 2
13 81 39
13 82 53
13 83 11
13 84 31
13 85 30
13 86 54
13 87 20
13 88 16
13 89 26
13 90 51
13 91 36
13 92 26
13 93 40
13 94 35
13 95 47
13 96 4
13 97 52
13 98 34
13 99 82
13 100 27
14 1 40
14 2 77
14 3 51
14 4 39
14 5 71
14 6 44
14 7 57
14 8 17
14 9 79
14 10 30
14 11 20
14 12 27
14 13 76
14 14 10
14 15 70
14 16 69
14 17 47
14 18 17
14 19 50
14 20 45
14 21 39
14 22 26
14 23 21
14 24 4
14 25 35
14 26 25
14 27 67
14 28 24
14 29 50
14 30 75
14 31 73
14 32 87
14 33 58
14 34 11
14 35 38
14 36 37
14 37 81
14 38 21
14 39 32
14 40 32
14 41 32
14 42 32
14 43 97
14 44 71
14 45 59
14 46 64
14 47 86
14 48 66
14 49 61
14 50 38
14 51 71
14 52 64
14 53 24
14 54 51
14 55 83
14 56 25
14 57 45
14 58 64
14 59 63
14 60 47
14 61 35
14 62 25
14 63 40
14 64 65
14 65 45
14 66 48
14 67 58
14 68 7
14 69 69
14 70 32
14 71 54
14 72 71
14 73 39
14 74 26
14 75 51
14 76 52
14 77 77
14 78 42
14 79 19
14 80 59
14 81 72
14 82 30
14 83 37
14 84 7
14 85 31
14 86 30
14 87 60
14 88 19
14 89 58
14 90 50
14 91 50
14 92 27
14 93 30
14 94 42
14 95 10
14 96 68
14 97 32
14 98 30
14 99 40
14 100 22
15 1 35
15 2 60
15 3 61
15 4 35
15 5 61
15 6 32
15 7 63
15 8 61
15 9 14
15 10 39
15 11 52
15 12 65
15 13 64
15 14 23
15 15 61
15 16 45
15 17 45
15 18 37
15 19 47
15 20 14
15 21 40
15 22 45
15 23 72
15 24 16
15 25 25
15 26 34
15 27 36
15 28 53
15 29 16
15 30 56
15 31 49
15 32 24
15 33 41
15 34 65
15 35 52
15 36 28
15 37 25
15 38 59
15 39 23
15 40 65
15 41 51
15 42 30
15 43 30
15 44 30
15 45 30
15 46 5
15 47 59
15 48 50
15 49 62
15 50 13
15 51 59
15 52 60
15 53 62
15 54 73
15 55 44
15 56 77
15 57 54
15 58 16
15 59 87
15 60 61
15 61 52
15 62 79
15 63 86
15 64 60
15 65 54
15 66 56
15 67 40
15 68 28
15 69 18
15 70 66
15 71 45
15 72 41
15 73 60
15 74 36
15 75 41
15 76 77
15 77 60
15 78 83
15 79 86
15 80 40
15 81 78
15 82 59
15 83 58
15 84 86
15 85 29
15 86 67
15 87 34
15 88 12
15 89 65
15 90 72
15 91 60
15 92 44
15 93 68
15 94 81
15 95 40
15 96 13
15 97 82
15 98 43
15 99 77
15 100 72
16 1 69
16 2 69
16 3 54
16 4 75
16 5 19
16 6 82
16 7 31
16 8 23
16 9 14
16 10 70
16 11 30
16 12 51
16 13 11
16 14 81
16 15 28
16 16 82
16 17 61
16 18 79
16 19 19
16 20 75
16 21 24
16 22 6
16 23 48
16 24 58
16 25 29
16 26 78
16 27 28
16 28 40
16 29 72
16 30 67
16 31 56
16 32 40
16 33 25
16 34 85
16 35 60
16 36 29
16 37 34
16 38 54
16 39 59
16 40 57
16 41 63
16 42 64
16 43 26
16 44 85
16 45 35
16 46 35
16 47 35
16 48 35
16 49 26
16 50 72
16 51 57
16 52 72
16 53 21
16 54 42
16 55 69
16 56 59
16 57 86
16 58 52
16 59 71
16 60 45
16 61 24
16 62 88
16 63 59
16 64 74
16 65 78
16 66 70
16 67 52
16 68 31
16 69 36
16 70 58
16 71 24
16 72 37
16 73 68
16 74 24
16 75 60
16 76 51
16 77 50
16 78 61
16 79 61
16 80 47
16 81 72
16 82 74
16 83 63
16 84 64
16 85 39
16 86 65
16 87 86
16 88 11
16 89 57
16 90 17
16 91 19
16 92 52
16 93 72
16 94 41
16 95 57
16 96 65
16 97 71
16 98 37
16 99 19
16 100 64
17 1 29
17 2 79
17 3 53
17 4 48
17 5 60
17 6 32
17 7 56
17 8 40
17 9 78
17 10 36
17 11 46
17 12 22
17 13 73
17 14 50
17 15 30
17 16 27
17 17 72
17 18 51
17 19 79
17 20 45
17 21 76
17 22 22
17 23 65
17 24 15
17 25 29
17 26 26
17 27 54
17 28 41
17 29 82
17 30 18
17 31 35
17 32 56
17 33 56
17 34 60
17 35 30
17 36 44
17 37 71
17 38 38
17 39 20
17 40 54
17 41 39
17 42 36
17 43 46
17 44 67
17 45 44
17 46 49
17 47 73
17 48 35
17 49 35
17 50 35
17 51 35
17 52 49
17 53 43
17 54 23
17 55 38
17 56 38
17 57 39
17 58 34
17 59 10
17 60 52
17 61 23
17 62 26
17 63 17
17 64 35
17 65 39
17 66 10
17 67 37
17 68 38
17 69 20
17 70 54
17 71 54
17 72 71
17 73 111
17 74 95
17 75 100
17 76 80
17 77 52
17 78 116
17 79 50
17 80 99
17 81 120
17 82 26
17 83 42
17 84 41
17 85 36
17 86 129
17 87 31
17 88 37
17 89 91
17 90 81
17 91 80
17 92 46
17 93 61
17 94 85
17 95 39
17 96 78
17 97 35
17 98 100
17 99 67
17 100 44
18 1 67
18 2 83
18 3 13
18 4 53
18 5 85
18 6 22
18 7 32
18 8 47
18 9 50
18 10 20
18 11 114
18 12 67
18 13 81
18 14 114
18 15 85
18 16 87
18 17 111
18 18 47
18 19 92
18 20 48
18 21 117
18 22 72
18 23 36
18 24 70
18 25 97
18 26 47
18 27 88
18 28 101
18 29 52
18 30 64
18 31 92
18 32 91
18 33 68
18 34 66
18 35 28
18 36 44
18 37 83
18 38 59
18 39 106
18 40 30
18 41 43
18 42 90
18 43 114
18 44 89
18 45 52
18 46 46
18 47 86
18 48 32
18 49 118
18 50 37
18 51 73
18 52 73
18 53 73
18 54 73
18 55 31
18 56 73
18 57 57
18 58 73
18 59 23
18 60 36
18 61 70
18 62 56
18 63 87
18 64 52
18 65 67
18 66 41
18 67 26
18 68 86
18 69 57
18 70 69
18 71 85
18 72 87
18 73 27
18 74 74
18 75 88
18 76 37
18 77 77
18 78 41
18 79 14
18 80 56
18 81 43
18 82 31
18 83 27
18 84 48
18 85 55
18 86 40
18 87 48
18 88 53
18 89 62
18 90 52
18 91 62
18 92 11
18 93 34
18 94 68
18 95 36
18 96 46
18 97 43
18 98 42
18 99 20
18 100 55
19 1 22
19 2 20
19 3 45
19 4 22
19 5 42
19 6 68
19 7 40
19 8 25
19 9 65
19 10 73
19 11 36
19 12 70
19 13 65
19 14 65
19 15 34
19 16 22
19 17 54
19 18 39
19 19 17
19 20 45
19 21 62
19 22 42
19 23 43
19 24 55
19 25 32
19 26 47
19 27 30
19 28 70
19 29 39
19 30 69
19 31 55
19 32 63
19 33 17
19 34 26
19 35 26
19 36 39
19 37 24
19 38 53
19 39 38
19 40 4
19 41 33
19 42 43
19 43 56
19 44 71
19 45 75
19 46 45
19 47 95
19 48 77
19 49 36
19 50 11
19 51 63
19 52 58
19 53 52
19 54 21
19 55 21
19 56 21
19 57 21
19 58 38
19 59 49
19 60 55
19 61 56
19 62 47
19 63 95
19 64 57
19 65 80
19 66 60
19 67 51
19 68 97
19 69 83
19 70 47
19 71 95
19 72 79
19 73 109
19 74 97
19 75 68
19 76 53
19 77 88
19 78 106
19 79 64
19 80 102
19 81 70
19 82 15
19 83 71
19 84 69
19 85 35
19 86 55
19 87 75
19 88 52
19 89 45
19 90 37
19 91 42
19 92 90
19 93 47
19 94 72
19 95 30
19 96 7
19 97 90
19 98 34
19 99 65
19 100 69
20 1 44
20 2 9
20 3 63
20 4 48
20 5 15
20 6 33
20 7 43
20 8 68
20 9 67
20 10 55
20 11 10
20 12 68
20 13 80
20 14 32
20 15 84
20 16 67
20 17 93
20 18 11
20 19 49
20 20 83
20 21 66
20 22 17
20 23 73
20 24 76
20 25 70
20 26 29
20 27 83
20 28 6
20 29 53
20 30 7
20 31 96
20 32 30
20 33 93
20 34 82
20 35 78
20 36 25
20 37 55
20 38 16
20 39 61
20 40 44
20 41 53
20 42 37
20 43 26
20 44 50
20 45 71
20 46 48
20 47 83
20 48 99
20 49 72
20 50 116
20 51 91
20 52 43
20 53 22
20 54 70
20 55 87
20 56 41
20 57 45
20 58 45
20 59 45
20 60 45
20 61 50
20 62 81
20 63 63
20 64 79
20 65 40
20 66 17
20 67 76
20 68 51
20 69 94
20 70 59
20 71 58
20 72 32
20 73 41
20 74 81
20 75 53
20 76 55
20 77 79
20 78 91
20 79 83
20 80 68
20 81 56
20 82 81
20 83 70
20 84 69
20 85 56
20 86 26
20 87 86
20 88 24
20 89 69
20 90 89
20 91 14
20 92 13
20 93 31
20 94 30
20 95 98
20 96 19
20 97 17
20 98 64
20 99 63
20 100 55
21 1 23
21 2 32
21 3 55
21 4 13
21 5 55
21 6 9
21 7 70
21 8 44
21 9 31
21 10 37
21 11 53
21 12 18
21 13 22
21 14 63
21 15 12
21 16 23
21 17 25
21 18 33
21 19 12
21 20 84
21 21 50
21 22 50
21 23 83
21 24 54
21 25 63
21 26 80
21 27 25
21 28 61
21 29 35
21 30 86
21 31 54
21 32 6
21 33 51
21 34 70
21 35 29
21 36 62
21 37 71
21 38 30
21 39 38
21 40 62
21 41 69
21 42 38
21 43 35
21 44 9
21 45 21
21 46 56
21 47 28
21 48 75
21 49 25
21 50 28
21 51 66
21 52 83
21 53 71
21 54 38
21 55 17
21 56 60
21 57 14
21 58 87
21 59 29
21 60 42
21 61 42
21 62 42
21 63 42
21 64 47
21 65 12
21 66 26
21 67 20
21 68 48
21 69 83
21 70 21
21 71 54
21 72 23
21 73 25
21 74 69
21 75 64
21 76 45
21 77 60
21 78 52
21 79 84
21 80 63
21 81 31
21 82 16
21 83 95
21 84 89
21 85 12
21 86 62
21 87 17
21 88 40
21 89 60
21 90 18
21 91 52
21 92 1
21 93 22
21 94 75
21 95 58
21 96 73
21 97 78
21 98 35
21 99 73
21 100 71
22 1 27
22 2 61
22 3 59
22 4 58
22 5 48
22 6 30
22 7 61
22 8 47
22 9 67
22 10 10
22 11 48
22 12 70
22 13 32
22 14 30
22 15 86
22 16 48
22 17 50
22 18 79
22 19 82
22 20 59
22 21 74
22 22 81
22 23 40
22 24 62
22 25 18
22 26 28
22 27 26
22 28 41
22 29 17
22 30 67
22 31 24
22 32 68
22 33 27
22 34 59
22 35 63
22 36 57
22 37 53
22 38 63
22 39 57
22 40 34
22 41 66
22 42 41
22 43 8
22 44 48
22 45 38
22 46 34
22 47 72
22 48 60
22 49 29
22 50 41
22 51 16
22 52 79
22 53 77
22 54 62
22 55 17
22 56 86
22 57 80
22 58 54
22 59 35
22 60 74
22 61 32
22 62 76
22 63 26
22 64 26
22 65 26
22 66 26
22 67 42
22 68 81
22 69 65
22 70 81
22 71 34
22 72 31
22 73 77
22 74 58
22 75 95
22 76 60
22 77 68
22 78 41
22 79 36
22 80 89
22 81 60
22 82 68
22 83 88
22 84 94
22 85 84
22 86 81
22 87 63
22 88 39
22 89 60
22 90 67
22 91 65
22 92 15
22 93 86
22 94 34
22 95 70
22 96 89
22 97 28
22 98 23
22 99 45
22 100 44
23 1 95
23 2 33
23 3 4
23 4 70
23 5 75
23 6 44
23 7 35
23 8 25
23 9 50
23 10 25
23 11 65
23 12 6
23 13 73
23 14 55
23 15 45
23 16 40
23 17 48
23 18 25
23 19 22
23 20 74
23 21 14
23 22 13
23 23 38
23 24 19
23 25 17
23 26 78
23 27 62
23 28 51
23 29 79
23 30 51
23 31 71
23 32 79
23 33 12
23 34 58
23 35 48
23 36 83
23 37 66
23 38 16
23 39 63
23 40 61
23 41 42
23 42 51
23 43 65
23 44 17
23 45 47
23 46 62
23 47 78
23 48 34
23 49 37
23 50 23
23 51 33
23 52 63
23 53 29
23 54 73
23 55 38
23 56 15
23 57 55
23 58 82
23 59 58
23 60 24
23 61 26
23 62 68
23 63 5
23 64 83
23 65 43
23 66 44
23 67 44
23 68 44
23 69 44
23 70 4
23 71 58
23 72 50
23 73 61
23 74 14
23 75 61
23 76 59
23 77 62
23 78 72
23 79 43
23 80 78
23 81 55
23 82 17
23 83 87
23 84 62
23 85 85
23 86 88
23 87 76
23 88 62
23 89 100
23 90 85
23 91 64
23 92 53
23 93 70
23 94 16
23 95 75
23 96 68
23 97 40
23 98 54
23 99 74
23 100 57
24 1 50
24 2 42
24 3 47
24 4 89
24 5 52
24 6 77
24 7 29
24 8 6
24 9 93
24 10 39
24 11 69
24 12 72
24 13 49
24 14 10
24 15 68
24 16 47
24 17 19
24 18 39
24 19 46
24 20 70
24 21 72
24 22 59
24 23 6
24 24 73
24 25 85
24 26 38
24 27 89
24 28 72
24 29 94
24 30 16
24 31 51
24 32 83
24 33 68
24 34 15
24 35 72
24 36 80
24 37 71
24 38 35
24 39 83
24 40 11
24 41 58
24 42 13
24 43 98
24 44 36
24 45 96
24 46 84
24 47 83
24 48 29
24 49 56
24 50 12
24 51 64
24 52 47
24 53 58
24 54 42
24 55 26
24 56 54
24 57 71
24 58 53
24 59 88
24 60 102
24 61 72
24 62 120
24 63 95
24 64 48
24 65 21
24 66 75
24 67 87
24 68 46
24 69 48
24 70 48
24 71 48
24 72 48
24 73 6
24 74 50
24 75 40
24 76 52
24 77 7
24 78 56
24 79 50
24 80 53
24 81 64
24 82 34
24 83 69
24 84 48
24 85 8
24 86 77
24 87 52
24 88 77
24 89 78
24 90 67
24 91 53
24 92 91
24 93 77
24 94 57
24 95 46
24 96 27
24 97 71
24 98 65
24 99 28
24 100 74
25 1 32
25 2 25
25 3 93
25 4 76
25 5 97
25 6 101
25 7 19
25 8 94
25 9 80
25 10 59
25 11 92
25 12 49
25 13 80
25 14 54
25 15 29
25 16 81
25 17 77
25 18 79
25 19 41
25 20 76
25 21 94
25 22 52
25 23 31
25 24 101
25 25 61
25 26 81
25 27 92
25 28 90
25 29 82
25 30 75
25 31 94
25 32 11
25 33 90
25 34 39
25 35 4
25 36 29
25 37 72
25 38 17
25 39 72
25 40 22
25 41 94
25 42 9
25 43 89
25 44 79
25 45 87
25 46 34
25 47 87
25 48 43
25 49 15
25 50 69
25 51 68
25 52 31
25 53 80
25 54 46
25 55 53
25 56 89
25 57 81
25 58 60
25 59 56
25 60 16
25 61 100
25 62 81
25 63 47
25 64 21
25 65 73
25 66 80
25 67 73
25 68 66
25 69 84
25 70 5
25 71 99
25 72 47
25 73 47
25 74 47
25 75 47
25 76 38
25 77 18
25 78 25
25 79 24
25 80 39
25 81 78
25 82 25
25 83 52
25 84 31
25 85 22
25 86 68
25 87 60
25 88 36
25 89 63
25 90 50
25 91 82
25 92 65
25 93 38
25 94 22
25 95 94
25 96 86
25 97 74
25 98 10
25 99 42
25 100 78
26 1 22
26 2 55
26 3 40
26 4 42
26 5 57
26 6 54
26 7 38
26 8 62
26 9 65
26 10 61
26 11 55
26 12 36
26 13 54
26 14 75
26 15 23
26 16 46
26 17 10
26 18 15
26 19 43
26 20 61
26 21 36
26 22 48
26 23 53
26 24 61
26 25 25
26 26 14
26 27 58
26 28 20
26 29 68
26 30 48
26 31 46
26 32 49
26 33 33
26 34 51
26 35 43
26 36 67
26 37 26
26 38 45
26 39 17
26 40 62
26 41 46
26 42 28
26 43 23
26 44 62
26 45 49
26 46 68
26 47 38
26 48 65
26 49 31
26 50 55
26 51 26
26 52 30
26 53 26
26 54 43
26 55 33
26 56 71
26 57 7
26 58 24
26 59 49
26 60 46
26 61 49
26 62 20
26 63 40
26 64 62
26 65 38
26 66 31
26 67 50
26 68 50
26 69 39
26 70 36
26 71 56
26 72 40
26 73 48
26 74 64
26 75 24
26 76 24
26 77 24
26 78 24
26 79 11
26 80 61
26 81 50
26 82 63
26 83 11
26 84 53
26 85 61
26 86 59
26 87 75
26 88 44
26 89 74
26 90 50
26 91 15
26 92 86
26 93 59
26 94 80
26 95 86
26 96 78
26 97 64
26 98 94
26 99 78
26 100 57
27 1 57
27 2 32
27 3 58
27 4 96
27 5 49
27 6 63
27 7 44
27 8 49
27 9 77
27 10 61
27 11 86
27 12 88
27 13 47
27 14 79
27 15 57
27 16 65
27 17 92
27 18 22
27 19 69
27 20 33
27 21 16
27 22 66
27 23 77
27 24 59
27 25 52
27 26 72
27 27 84
27 28 44
27 29 18
27 30 82
27 31 44
27 32 84
27 33 71
27 34 66
27 35 72
27 36 50
27 37 74
27 38 22
27 39 87
27 40 37
27 41 30
27 42 20
27 43 76
27 44 38
27 45 48
27 46 19
27 47 84
27 48 35
27 49 87
27 50 61
27 51 84
27 52 11
27 53 77
27 54 16
27 55 13
27 56 44
27 57 62
27 58 37
27 59 85
27 60 29
27 61 43
27 62 72
27 63 69
27 64 63
27 65 42
27 66 33
27 67 86
27 68 56
27 69 21
27 70 42
27 71 46
27 72 54
27 73 59
27 74 70
27 75 62
27 76 33
27 77 87
27 78 40
27 79 40
27 80 40
27 81 40
27 82 45
27 83 20
27 84 0
27 85 17
27 86 39
27 87 61
27 88 13
27 89 28
27 90 31
27 91 6
27 92 43
27 93 40
27 94 35
27 95 40
27 96 26
27 97 58
27 98 42
27 99 29
27 100 21
28 1 69
28 2 62
28 3 55
28 4 28
28 5 28
28 6 59
28 7 47
28 8 66
28 9 49
28 10 4
28 11 25
28 12 72
28 13 55
28 14 70
28 15 75
28 16 37
28 17 70
28 18 68
28 19 27
28 20 60
28 21 56
28 22 55
28 23 44
28 24 28
28 25 58
28 26 45
28 27 64
28 28 11
28 29 45
28 30 67
28 31 29
28 32 27
28 33 83
28 34 45
28 35 49
28 36 76
28 37 79
28 38 56
28 39 70
28 40 77
28 41 40
28 42 60
28 43 15
28 44 29
28 45 24
28 46 40
28 47 19
28 48 64
28 49 22
28 50 66
28 51 29
28 52 58
28 53 60
28 54 56
28 55 52
28 56 60
28 57 55
28 58 33
28 59 63
28 60 39
28 61 5
28 62 48
28 63 35
28 64 30
28 65 68
28 66 57
28 67 28
28 68 38
28 69 17
28 70 76
28 71 74
28 72 60
28 73 20
28 74 84
28 75 77
28 76 51
28 77 34
28 78 71
28 79 33
28 80 73
28 81 23
28 82 23
28 83 23
28 84 23
28 85 89
28 86 53
28 87 45
28 88 45
28 89 80
28 90 75
28 91 43
28 92 36
28 93 50
28 94 51
28 95 31
28 96 54
28 97 76
28 98 6
28 99 34
28 100 45
29 1 7
29 2 40
29 3 50
29 4 46
29 5 54
29 6 65
29 7 66
29 8 61
29 9 69
29 10 20
29 11 83
29 12 103
29 13 49
29 14 65
29 15 49
29 16 35
29 17 60
29 18 62
29 19 69
29 20 52
29 21 28
29 22 59
29 23 77
29 24 21
29 25 45
29 26 5
29 27 23
29 28 40
29 29 64
29 30 30
29 31 55
29 32 55
29 33 59
29 34 29
29 35 22
29 36 52
29 37 18
29 38 71
29 39 42
29 40 38
29 41 48
29 42 25
29 43 45
29 44 50
29 45 68
29 46 33
29 47 53
29 48 25
29 49 66
29 50 54
29 51 20
29 52 31
29 53 61
29 54 57
29 55 70
29 56 33
29 57 67
29 58 34
29 59 54
29 60 27
29 61 37
29 62 18
29 63 45
29 64 41
29 65 75
29 66 12
29 67 27
29 68 44
29 69 45
29 70 54
29 71 20
29 72 48
29 73 59
29 74 30
29 75 31
29 76 58
29 77 46
29 78 31
29 79 34
29 80 61
29 81 33
29 82 56
29 83 61
29 84 29
29 85 29
29 86 29
29 87 29
29 88 90
29 89 75
29 90 59
29 91 68
29 92 78
29 93 51
29 94 65
29 95 32
29 96 79
29 97 62
29 98 16
29 99 39
29 100 76
30 1 36
30 2 34
30 3 12
30 4 31
30 5 69
30 6 74
30 7 11
30 8 20
30 9 41
30 10 87
30 11 57
30 12 44
30 13 56
30 14 59
30 15 117
30 16 37
30 17 44
30 18 61
30 19 44
30 20 66
30 21 70
30 22 49
30 23 62
30 24 47
30 25 46
30 26 71
30 27 31
30 28 50
30 29 22
30 30 5
30 31 48
30 32 56
30 33 46
30 34 37
30 35 51
30 36 64
30 37 23
30 38 3
30 39 68
30 40 28
30 41 63
30 42 59
30 43 58
30 44 52
30 45 46
30 46 61
30 47 34
30 48 66
30 49 17
30 50 33
30 51 4
30 52 56
30 53 33
30 54 41
30 55 11
30 56 64
30 57 37
30 58 66
30 59 46
30 60 63
30 61 31
30 62 58
30 63 31
30 64 22
30 65 39
30 66 41
30 67 21
30 68 64
30 69 13
30 70 23
30 71 56
30 72 50
30 73 42
30 74 24
30 75 27
30 76 68
30 77 51
30 78 37
30 79 37
30 80 59
30 81 52
30 82 41
30 83 50
30 84 52
30 85 37
30 86 68
30 87 19
30 88 19
30 89 19
30 90 19
30 91 76
30 92 22
30 93 37
30 94 21
30 95 73
30 96 97
30 97 25
30 98 58
30 99 8
30 100 42
31 1 67
31 2 74
31 3 70
31 4 47
31 5 55
31 6 83
31 7 51
31 8 11
31 9 19
31 10 91
31 11 91
31 12 90
31 13 31
31 14 66
31 15 94
31 16 34
31 17 103
31 18 68
31 19 93
31 20 7
31 21 49
31 22 41
31 23 65
31 24 65
31 25 86
31 26 54
31 27 20
31 28 76
31 29 89
31 30 24
31 31 52
31 32 20
31 33 41
31 34 44
31 35 77
31 36 27
31 37 73
31 38 68
31 39 65
31 40 45
31 41 40
31 42 47
31 43 28
31 44 86
31 45 36
31 46 26
31 47 55
31 48 8
31 49 39
31 50 64
31 51 78
31 52 51
31 53 69
31 54 43
31 55 81
31 56 72
31 57 10
31 58 49
31 59 67
31 60 74
31 61 81
31 62 35
31 63 78
31 64 43
31 65 61
31 66 32
31 67 53
31 68 5
31 69 58
31 70 59
31 71 89
31 72 30
31 73 42
31 74 44
31 75 51
31 76 70
31 77 34
31 78 66
31 79 60
31 80 15
31 81 34
31 82 76
31 83 36
31 84 13
31 85 41
31 86 77
31 87 26
31 88 73
31 89 64
31 90 46
31 91 46
31 92 46
31 93 46
31 94 81
31 95 28
31 96 42
31 97 26
31 98 79
31 99 100
31 100 29
32 1 61
32 2 14
32 3 47
32 4 69
32 5 78
32 6 75
32 7 47
32 8 58
32 9 85
32 10 51
32 11 14
32 12 24
32 13 92
32 14 93
32 15 93
32 16 36
32 17 70
32 18 98
32 19 32
32 20 107
32 21 74
32 22 96
32 23 12
32 24 115
32 25 48
32 26 72
32 27 72
32 28 89
32 29 61
32 30 26
32 31 83
32 32 97
32 33 23
32 34 60
32 35 27
32 36 45
32 37 52
32 38 85
32 39 33
32 40 80
32 41 76
32 42 72
32 43 52
32 44 44
32 45 52
32 46 36
32 47 93
32 48 41
32 49 29
32 50 63
32 51 11
32 52 44
32 53 66
32 54 86
32 55 57
32 56 72
32 57 48
32 58 89
32 59 76
32 60 17
32 61 53
32 62 75
32 63 77
32 64 89
32 65 43
32 66 86
32 67 42
32 68 68
32 69 31
32 70 55
32 71 13
32 72 66
32 73 65
32 74 97
32 75 36
32 76 50
32 77 51
32 78 59
32 79 78
32 80 41
32 81 71
32 82 67
32 83 18
32 84 32
32 85 81
32 86 29
32 87 11
32 88 49
32 89 84
32 90 31
32 91 75
32 92 71
32 93 53
32 94 53
32 95 53
32 96 53
32 97 40
32 98 32
32 99 41
32 100 39
33 1 46
33 2 90
33 3 40
33 4 68
33 5 42
33 6 38
33 7 84
33 8 74
33 9 45
33 10 79
33 11 66
33 12 98
33 13 82
33 14 50
33 15 35
33 16 110
33 17 101
33 18 88
33 19 19
33 20 55
33 21 91
33 22 77
33 23 93
33 24 20
33 25 94
33 26 42
33 27 92
33 28 79
33 29 103
33 30 107
33 31 4
33 32 102
33 33 92
33 34 57
33 35 91
33 36 65
33 37 87
33 38 66
33 39 42
33 40 89
33 41 78
33 42 90
33 43 38
33 44 79
33 45 100
33 46 59
33 47 43
33 48 112
33 49 71
33 50 80
33 51 103
33 52 103
33 53 89
33 54 90
33 55 105
33 56 26
33 57 93
33 58 45
33 59 13
33 60 41
33 61 71
33 62 14
33 63 85
33 64 34
33 65 99
33 66 8
33 67 90
33 68 88
33 69 88
33 70 50
33 71 93
33 72 59
33 73 31
33 74 83
33 75 72
33 76 35
33 77 78
33 78 57
33 79 60
33 80 98
33 81 89
33 82 60
33 83 66
33 84 18
33 85 108
33 86 95
33 87 63
33 88 14
33 89 89
33 90 95
33 91 81
33 92 65
33 93 96
33 94 11
33 95 106
33 96 53
33 97 53
33 98 53
33 99 53
33 100 98
34 1 45
34 2 55
34 3 41
34 4 93
34 5 108
34 6 43
34 7 66
34 8 32
34 9 60
34 10 70
34 11 85
34 12 90
34 13 44
34 14 64
34 15 86
34 16 48
34 17 26
34 18 41
34 19 89
34 20 94
34 21 100
34 22 55
34 23 82
34 24 104
34 25 23
34 26 115
34 27 93
34 28 101
34 29 31
34 30 125
34 31 87
34 32 59
34 33 67
34 34 48
34 35 60
34 36 49
34 37 41
34 38 67
34 39 35
34 40 47
34 41 23
34 42 9
34 43 47
34 44 52
34 45 46
34 46 32
34 47 47
34 48 61
34 49 20
34 50 8
34 51 68
34 52 27
34 53 58
34 54 59
34 55 59
34 56 50
34 57 49
34 58 61
34 59 37
34 60 62
34 61 12
34 62 33
34 63 6
34 64 51
34 65 32
34 66 43
34 67 12
34 68 61
34 69 37
34 70 62
34 71 45
34 72 59
34 73 36
34 74 55
34 75 35
34 76 24
34 77 42
34 78 38
34 79 17
34 80 60
34 81 14
34 82 20
34 83 55
34 84 48
34 85 38
34 86 22
34 87 26
34 88 67
34 89 53
34 90 41
34 91 35
34 92 63
34 93 55
34 94 39
34 95 45
34 96 52
34 97 38
34 98 66
34 99 15
34 100 15
35 1 15
35 2 15
35 3 83
35 4 53
35 5 42
35 6 46
35 7 73
35 8 64
35 9 43
35 10 27
35 11 53
35 12 47
35 13 20
35 14 44
35 15 70
35 16 8
35 17 26
35 18 35
35 19 4
35 20 43
35 21 51
35 22 38
35 23 44
35 24 55
35 25 66
35 26 53
35 27 59
35 28 29
35 29 73
35 30 101
35 31 54
35 32 59
35 33 87
35 34 44
35 35 70
35 36 45
35 37 91
35 38 53
35 39 79
35 40 31
35 41 4
35 42 96
35 43 41
35 44 71
35 45 74
35 46 51
35 47 12
35 48 70
35 49 49
35 50 21
35 51 39
35 52 48
35 53 72
35 54 73
35 55 61
35 56 8
35 57 74
35 58 87
35 59 39
35 60 90
35 61 73
35 62 96
35 63 17
35 64 53
35 65 85
35 66 70
35 67 17
35 68 74
35 69 82
35 70 73
35 71 35
35 72 85
35 73 11
35 74 60
35 75 13
35 76 100
35 77 37
35 78 98
35 79 86
35 80 84
35 81 31
35 82 58
35 83 13
35 84 66
35 85 49
35 86 59
35 87 43
35 88 29
35 89 56
35 90 73
35 91 54
35 92 89
35 93 104
35 94 74
35 95 122
35 96 97
35 97 49
35 98 23
35 99 77
35 100 89
36 1 46
36 2 50
36 3 50
36 4 50
36 5 50
36 6 37
36 7 30
36 8 12
36 9 28
36 10 29
36 11 51
36 12 24
36 13 26
36 14 42
36 15 8
36 16 42
36 17 32
36 18 25
36 19 47
36 20 24
36 21 55
36 22 48
36 23 41
36 24 31
36 25 68
36 26 58
36 27 47
36 28 35
36 29 17
36 30 51
36 31 56
36 32 56
36 33 58
36 34 52
36 35 47
36 36 62
36 37 36
36 38 37
36 39 63
36 40 56
36 41 35
36 42 53
36 43 27
36 44 28
36 45 69
36 46 19
36 47 44
36 48 50
36 49 28
36 50 16
36 51 44
36 52 40
36 53 7
36 54 27
36 55 22
36 56 49
36 57 53
36 58 34
36 59 24
36 60 51
36 61 62
36 62 19
36 63 64
36 64 51
36 65 76
36 66 21
36 67 32
36 68 68
36 69 47
36 70 23
36 71 60
36 72 55
36 73 52
36 74 25
36 75 70
36 76 21
36 77 35
36 78 18
36 79 76
36 80 21
36 81 73
36 82 65
36 83 57
36 84 4
36 85 40
36 86 29
36 87 40
36 88 23
36 89 38
36 90 21
36 91 19
36 92 29
36 93 57
36 94 39
36 95 63
36 96 78
36 97 61
36 98 95
36 99 70
36 100 24
37 1 21
37 2 52
37 3 73
37 4 34
37 5 26
37 6 26
37 7 26
37 8 26
37 9 46
37 10 33
37 11 13
37 12 28
37 13 37
37 14 48
37 15 24
37 16 16
37 17 43
37 18 14
37 19 33
37 20 27
37 21 33
37 22 37
37 23 14
37 24 46
37 25 38
37 26 39
37 27 33
37 28 58
37 29 50
37 30 42
37 31 41
37 32 20
37 33 47
37 34 50
37 35 54
37 36 68
37 37 46
37 38 48
37 39 63
37 40 31
37 41 44
37 42 55
37 43 56
37 44 24
37 45 25
37 46 49
37 47 55
37 48 47
37 49 20
37 50 21
37 51 39
37 52 15
37 53 44
37 54 18
37 55 53
37 56 34
37 57 33
37 58 20
37 59 37
37 60 35
37 61 8
37 62 53
37 63 28
37 64 35
37 65 23
37 66 35
37 67 30
37 68 69
37 69 44
37 70 33
37 71 66
37 72 38
37 73 50
37 74 63
37 75 27
37 76 45
37 77 35
37 78 70
37 79 47
37 80 12
37 81 44
37 82 59
37 83 28
37 84 52
37 85 56
37 86 29
37 87 26
37 88 44
37 89 57
37 90 23
37 91 18
37 92 22
37 93 19
37 94 41
37 95 11
37 96 58
37 97 35
37 98 35
37 99 57
37 100 66
38 1 69
38 2 42
38 3 8
38 4 47
38 5 25
38 6 71
38 7 36
38 8 25
38 9 25
38 10 25
38 11 25
38 12 48
38 13 8
38 14 12
38 15 9
38 16 44
38 17 72
38 18 8
38 19 40
38 20 22
38 21 14
38 22 54
38 23 52
38 24 41
38 25 46
38 26 37
38 27 69
38 28 49
38 29 24
38 30 10
38 31 80
38 32 74
38 33 67
38 34 17
38 35 39
38 36 71
38 37 47
38 38 77
38 39 51
38 40 71
38 41 26
38 42 83
38 43 56
38 44 20
38 45 79
38 46 77
38 47 49
38 48 15
38 49 57
38 50 84
38 51 23
38 52 61
38 53 27
38 54 8
38 55 59
38 56 69
38 57 53
38 58 46
38 59 64
38 60 76
38 61 36
38 62 9
38 63 76
38 64 37
38 65 75
38 66 66
38 67 62
38 68 64
38 69 47
38 70 68
38 71 26
38 72 78
38 73 29
38 74 30
38 75 12
38 76 68
38 77 35
38 78 44
38 79 12
38 80 76
38 81 35
38 82 79
38 83 55
38 84 76
38 85 19
38 86 69
38 87 21
38 88 13
38 89 41
38 90 54
38 91 30
38 92 77
38 93 22
38 94 35
38 95 66
38 96 62
38 97 55
38 98 34
38 99 29
38 100 79
39 1 53
39 2 26
39 3 39
39 4 50
39 5 52
39 6 52
39 7 62
39 8 57
39 9 33
39 10 79
39 11 32
39 12 32
39 13 32
39 14 32
39 15 23
39 16 31
39 17 27
39 18 35
39 19 25
39 20 67
39 21 34
39 22 50
39 23 45
39 24 22
39 25 66
39 26 53
39 27 22
39 28 68
39 29 48
39 30 78
39 31 69
39 32 49
39 33 34
39 34 91
39 35 81
39 36 66
39 37 25
39 38 32
39 39 69
39 40 72
39 41 70
39 42 35
39 43 72
39 44 48
39 45 70
39 46 57
39 47 24
39 48 86
39 49 67
39 50 56
39 51 13
39 52 56
39 53 75
39 54 73
39 55 39
39 56 54
39 57 77
39 58 31
39 59 71
39 60 28
39 61 92
39 62 60
39 63 38
39 64 59
39 65 76
39 66 5
39 67 45
39 68 79
39 69 15
39 70 27
39 71 40
39 72 45
39 73 12
39 74 106
39 75 61
39 76 73
39 77 106
39 78 77
39 79 80
39 80 103
39 81 41
39 82 84
39 83 43
39 84 109
39 85 66
39 86 28
39 87 64
39 88 91
39 89 41
39 90 81
39 91 93
39 92 46
39 93 57
39 94 84
39 95 85
39 96 60
39 97 58
39 98 20
39 99 37
39 100 76
40 1 51
40 2 98
40 3 25
40 4 38
40 5 84
40 6 106
40 7 84
40 8 47
40 9 38
40 10 79
40 11 25
40 12 110
40 13 32
40 14 65
40 15 65
40 16 65
40 17 65
40 18 56
40 19 10
40 20 29
40 21 17
40 22 56
40 23 89
40 24 20
40 25 56
40 26 16
40 27 30
40 28 70
40 29 68
40 30 53
40 31 57
40 32 54
40 33 85
40 34 61
40 35 25
40 36 12
40 37 95
40 38 91
40 39 84
40 40 8
40 41 54
40 42 88
40 43 52
40 44 93
40 45 46
40 46 88
40 47 17
40 48 97
40 49 72
40 50 12
40 51 95
40 52 92
40 53 65
40 54 27
40 55 80
40 56 83
40 57 72
40 58 21
40 59 47
40 60 52
40 61 30
40 62 13
40 63 47
40 64 39
40 65 5
40 66 28
40 67 24
40 68 50
40 69 56
40 70 36
40 71 22
40 72 54
40 73 65
40 74 21
40 75 67
40 76 54
40 77 78
40 78 19
40 79 33
40 80 69
40 81 49
40 82 20
40 83 60
40 84 58
40 85 53
40 86 26
40 87 70
40 88 19
40 89 38
40 90 16
40 91 78
40 92 22
40 93 75
40 94 66
40 95 60
40 96 6
40 97 41
40 98 26
40 99 42
40 100 26
41 1 40
41 2 24
41 3 17
41 4 31
41 5 58
41 6 41
41 7 66
41 8 80
41 9 61
41 10 97
41 11 73
41 12 26
41 13 19
41 14 55
41 15 73
41 16 35
41 17 28
41 18 28
41 19 28
41 20 28
41 21 34
41 22 63
41 23 45
41 24 61
41 25 23
41 26 26
41 27 58
41 28 39
41 29 75
41 30 41
41 31 51
41 32 24
41 33 22
41 34 69
41 35 40
41 36 54
41 37 68
41 38 74
41 39 65
41 40 68
41 41 51
41 42 29
41 43 65
41 44 16
41 45 30
41 46 85
41 47 27
41 48 74
41 49 36
41 50 81
41 51 28
41 52 28
41 53 65
41 54 57
41 55 24
41 56 35
41 57 43
41 58 13
41 59 39
41 60 33
41 61 35
41 62 21
41 63 45
41 64 26
41 65 63
41 66 7
41 67 69
41 68 53
41 69 46
41 70 36
41 71 44
41 72 29
41 73 18
41 74 72
41 75 18
41 76 17
41 77 37
41 78 18
41 79 22
41 80 73
41 81 61
41 82 47
41 83 75
41 84 46
41 85 69
41 86 74
41 87 10
41 88 53
41 89 49
41 90 79
41 91 65
41 92 16
41 93 62
41 94 57
41 95 42
41 96 47
41 97 61
41 98 14
41 99 45
41 100 58
42 1 76
42 2 29
42 3 34
42 4 25
42 5 33
42 6 60
42 7 25
42 8 69
42 9 41
42 10 16
42 11 51
42 12 78
42 13 56
42 14 24
42 15 24
42 16 66
42 17 10
42 18 79
42 19 45
42 20 40
42 21 40
42 22 40
42 23 40
42 24 43
42 25 60
42 26 41
42 27 57
42 28 31
42 29 21
42 30 53
42 31 29
42 32 72
42 33 38
42 34 39
42 35 12
42 36 29
42 37 59
42 38 30
42 39 42
42 40 58
42 41 69
42 42 62
42 43 56
42 44 40
42 45 20
42 46 65
42 47 15
42 48 22
42 49 76
42 50 25
42 51 80
42 52 26
42 53 77
42 54 34
42 55 16
42 56 66
42 57 46
42 58 26
42 59 24
42 60 43
42 61 14
42 62 28
42 63 23
42 64 74
42 65 45
42 66 61
42 67 12
42 68 35
42 69 32
42 70 61
42 71 24
42 72 9
42 73 34
42 74 59
42 75 32
42 76 33
42 77 42
42 78 34
42 79 47
42 80 4
42 81 55
42 82 32
42 83 90
42 84 26
42 85 48
42 86 85
42 87 59
42 88 44
42 89 79
42 90 47
42 91 65
42 92 11
42 93 87
42 94 31
42 95 22
42 96 28
42 97 83
42 98 5
42 99 77
42 100 77
43 1 51
43 2 23
43 3 58
43 4 48
43 5 46
43 6 34
43 7 18
43 8 6
43 9 42
43 10 33
43 11 75
43 12 16
43 13 52
43 14 82
43 15 80
43 16 92
43 17 61
43 18 16
43 19 44
43 20 38
43 21 89
43 22 13
43 23 40
43 24 40
43 25 40
43 26 40
43 27 65
43 28 75
43 29 55
43 30 71
43 31 52
43 32 12
43 33 67
43 34 32
43 35 85
43 36 55
43 37 33
43 38 16
43 39 51
43 40 59
43 41 35
43 42 27
43 43 57
43 44 79
43 45 76
43 46 40
43 47 22
43 48 3
43 49 82
43 50 35
43 51 6
43 52 80
43 53 21
43 54 101
43 55 5
43 56 91
43 57 37
43 58 12
43 59 84
43 60 27
43 61 29
43 62 22
43 63 61
43 64 22
43 65 10
43 66 30
43 67 85
43 68 69
43 69 66
43 70 30
43 71 72
43 72 16
43 73 86
43 74 61
43 75 44
43 76 53
43 77 64
43 78 13
43 79 36
43 80 80
43 81 6
43 82 12
43 83 41
43 84 29
43 85 7
43 86 94
43 87 65
43 88 65
43 89 95
43 90 66
43 91 80
43 92 94
43 93 26
43 94 73
43 95 48
43 96 99
43 97 70
43 98 23
43 99 67
43 100 76
44 1 44
44 2 66
44 3 81
44 4 31
44 5 55
44 6 76
44 7 86
44 8 49
44 9 51
44 10 21
44 11 37
44 12 73
44 13 42
44 14 89
44 15 33
44 16 22
44 17 69
44 18 97
44 19 68
44 20 32
44 21 34
44 22 78
44 23 11
44 24 99
44 25 40
44 26 58
44 27 58
44 28 58
44 29 58
44 30 3
44 31 53
44 32 44
44 33 56
44 34 9
44 35 58
44 36 53
44 37 56
44 38 67
44 39 37
44 40 72
44 41 50
44 42 11
44 43 81
44 44 56
44 45 80
44 46 82
44 47 70
44 48 56
44 49 94
44 50 80
44 51 59
44 52 48
44 53 30
44 54 61
44 55 90
44 56 57
44 57 44
44 58 66
44 59 71
44 60 52
44 61 55
44 62 47
44 63 85
44 64 52
44 65 58
44 66 32
44 67 44
44 68 67
44 69 50
44 70 72
44 71 74
44 72 53
44 73 48
44 74 39
44 75 54
44 76 17
44 77 38
44 78 58
44 79 19
44 80 24
44 81 73
44 82 35
44 83 44
44 84 66
44 85 70
44 86 47
44 87 62
44 88 67
44 89 45
44 90 52
44 91 6
44 92 36
44 93 21
44 94 36
44 95 28
44 96 55
44 97 22
44 98 57
44 99 37
44 100 51
45 1 50
45 2 49
45 3 51
45 4 51
45 5 52
45 6 35
45 7 55
45 8 30
45 9 8
45 10 45
45 11 27
45 12 20
45 13 58
45 14 47
45 15 23
45 16 28
45 17 24
45 18 66
45 19 66
45 20 58
45 21 30
45 22 80
45 23 69
45 24 41
45 25 30
45 26 61
45 27 40
45 28 64
45 29 13
45 30 13
45 31 13
45 32 13
45 33 64
45 34 34
45 35 21
45 36 27
45 37 55
45 38 60
45 39 23
45 40 18
45 41 37
45 42 26
45 43 27
45 44 37
45 45 52
45 46 20
45 47 16
45 48 43
45 49 21
45 50 30
45 51 32
45 52 52
45 53 50
45 54 52
45 55 46
45 56 38
45 57 56
45 58 32
45 59 67
45 60 80
45 61 53
45 62 43
45 63 78
45 64 39
45 65 50
45 66 54
45 67 70
45 68 28
45 69 35
45 70 58
45 71 46
45 72 22
45 73 36
45 74 18
45 75 37
45 76 37
45 77 47
45 78 16
45 79 65
45 80 36
45 81 24
45 82 33
45 83 52
45 84 22
45 85 22
45 86 56
45 87 19
45 88 31
45 89 17
45 90 39
45 91 19
45 92 84
45 93 42
45 94 47
45 95 81
45 96 53
45 97 55
45 98 78
45 99 31
45 100 60
46 1 27
46 2 84
46 3 46
46 4 6
46 5 43
46 6 73
46 7 21
46 8 65
46 9 71
46 10 36
46 11 31
46 12 58
46 13 61
46 14 38
46 15 31
46 16 7
46 17 13
46 18 49
46 19 26
46 20 73
46 21 20
46 22 36
46 23 69
46 24 80
46 25 77
46 26 45
46 27 11
46 28 53
46 29 21
46 30 86
46 31 23
46 32 38
46 33 38
46 34 38
46 35 38
46 36 51
46 37 21
46 38 6
46 39 15
46 40 44
46 41 62
46 42 11
46 43 26
46 44 29
46 45 12
46 46 40
46 47 40
46 48 41
46 49 34
46 50 23
46 51 55
46 52 37
46 53 26
46 54 20
46 55 66
46 56 60
46 57 56
46 58 31
46 59 32
46 60 60
46 61 41
46 62 68
46 63 64
46 64 59
46 65 35
46 66 76
46 67 44
46 68 35
46 69 65
46 70 69
46 71 35
46 72 20
46 73 56
46 74 53
46 75 25
46 76 31
46 77 24
46 78 41
46 79 33
46 80 31
46 81 72
46 82 29
46 83 64
46 84 84
46 85 42
46 86 25
46 87 93
46 88 53
46 89 69
46 90 85
46 91 85
46 92 72
46 93 72
46 94 87
46 95 21
46 96 79
46 97 28
46 98 9
46 99 23
46 100 60
47 1 8
47 2 68
47 3 16
47 4 83
47 5 11
47 6 77
47 7 70
47 8 75
47 9 39
47 10 77
47 11 46
47 12 18
47 13 65
47 14 56
47 15 19
47 16 68
47 17 39
47 18 43
47 19 81
47 20 72
47 21 48
47 22 48
47 23 4
47 24 91
47 25 77
47 26 50
47 27 13
47 28 76
47 29 77
47 30 64
47 31 54
47 32 78
47 33 13
47 34 89
47 35 36
47 36 36
47 37 36
47 38 36
47 39 47
47 40 82
47 41 64
47 42 80
47 43 37
47 44 23
47 45 77
47 46 55
47 47 95
47 48 60
47 49 63
47 50 36
47 51 39
47 52 85
47 53 56
47 54 61
47 55 84
47 56 93
47 57 84
47 58 75
47 59 56
47 60 32
47 61 84
47 62 36
47 63 30
47 64 102
47 65 17
47 66 88
47 67 38
47 68 100
47 69 9
47 70 38
47 71 84
47 72 61
47 73 9
47 74 48
47 75 62
47 76 14
47 77 44
47 78 49
47 79 97
47 80 88
47 81 39
47 82 100
47 83 48
47 84 100
47 85 62
47 86 33
47 87 22
47 88 30
47 89 51
47 90 25
47 91 22
47 92 53
47 93 22
47 94 34
47 95 14
47 96 41
47 97 22
47 98 83
47 99 39
47 100 45
48 1 80
48 2 52
48 3 52
48 4 76
48 5 33
48 6 59
48 7 25
48 8 83
48 9 43
48 10 8
48 11 40
48 12 72
48 13 19
48 14 65
48 15 70
48 16 37
48 17 28
48 18 56
48 19 58
48 20 37
48 21 29
48 22 10
48 23 10
48 24 46
48 25 24
48 26 71
48 27 21
48 28 38
48 29 70
48 30 78
48 31 79
48 32 47
48 33 8
48 34 50
48 35 24
48 36 84
48 37 22
48 38 36
48 39 36
48 40 36
48 41 36
48 42 53
48 43 28
48 44 12
48 45 23
48 46 45
48 47 56
48 48 19
48 49 18
48 50 36
48 51 16
48 52 32
48 53 33
48 54 41
48 55 30
48 56 15
48 57 47
48 58 32
48 59 31
48 60 28
48 61 58
48 62 53
48 63 49
48 64 39
48 65 29
48 66 53
48 67 41
48 68 62
48 69 70
48 70 52
48 71 42
48 72 71
48 73 36
48 74 42
48 75 57
48 76 64
48 77 28
48 78 25
48 79 51
48 80 45
48 81 18
48 82 37
48 83 25
48 84 34
48 85 39
48 86 23
48 87 37
48 88 15
48 89 45
48 90 31
48 91 39
48 92 56
48 93 15
48 94 25
48 95 65
48 96 10
48 97 23
48 98 26
48 99 34
48 100 10
49 1 87
49 2 50
49 3 53
49 4 86
49 5 57
49 6 64
49 7 83
49 8 27
49 9 64
49 10 34
49 11 89
49 12 55
49 13 8
49 14 52
49 15 73
49 16 29
49 17 64
49 18 74
49 19 32
49 20 40
49 21 64
49 22 70
49 23 40
49 24 37
49 25 7
49 26 22
49 27 58
49 28 31
49 29 78
49 30 23
49 31 29
49 32 68
49 33 86
49 34 73
49 35 39
49 36 19
49 37 62
49 38 14
49 39 90
49 40 28
49 41 45
49 42 45
49 43 45
49 44 45
49 45 21
49 46 36
49 47 35
49 48 41
49 49 26
49 50 72
49 51 40
49 52 57
49 53 50
49 54 29
49 55 73
49 56 58
49 57 25
49 58 75
49 59 55
49 60 85
49 61 77
49 62 55
49 63 40
49 64 98
49 65 87
49 66 71
49 67 28
49 68 38
49 69 74
49 70 79
49 71 73
49 72 28
49 73 77
49 74 52
49 75 72
49 76 63
49 77 26
49 78 92
49 79 70
49 80 62
49 81 20
49 82 60
49 83 76
49 84 52
49 85 56
49 86 63
49 87 61
49 88 58
49 89 57
49 90 72
49 91 45
49 92 72
49 93 80
49 94 47
49 95 28
49 96 69
49 97 38
49 98 90
49 99 58
49 100 50
50 1 69
50 2 32
50 3 62
50 4 42
50 5 88
50 6 46
50 7 51
50 8 31
50 9 84
50 10 57
50 11 33
50 12 35
50 13 81
50 14 56
50 15 90
50 16 53
50 17 87
50 18 19
50 19 75
50 20 8
50 21 33
50 22 28
50 23 65
50 24 51
50 25 92
50 26 29
50 27 46
50 28 63
50 29 66
50 30 71
50 31 40
50 32 51
50 33 79
50 34 39
50 35 11
50 36 62
50 37 29
50 38 35
50 39 55
50 40 78
50 41 48
50 42 53
50 43 81
50 44 46
50 45 46
50 46 46
50 47 46
50 48 90
50 49 67
50 50 54
50 51 60
50 52 79
50 53 59
50 54 57
50 55 31
50 56 69
50 57 58
50 58 16
50 59 43
50 60 76
50 61 23
50 62 31
50 63 23
50 64 19
50 65 59
50 66 65
50 67 23
50 68 32
50 69 49
50 70 79
50 71 58
50 72 53
50 73 44
50 74 68
50 75 112
50 76 46
50 77 74
50 78 84
50 79 41
50 80 83
50 81 32
50 82 75
50 83 32
50 84 67
50 85 65
50 86 37
50 87 37
50 88 65
50 89 42
50 90 40
50 91 66
50 92 34
50 93 47
50 94 43
50 95 46
50 96 66
50 97 45
50 98 58
50 99 14
50 100 29
51 1 72
51 2 3
51 3 16
51 4 33
51 5 29
51 6 6
51 7 88
51 8 58
51 9 58
51 10 89
51 11 60
51 12 71
51 13 87
51 14 24
51 15 67
51 16 42
51 17 92
51 18 62
51 19 14
51 20 59
51 21 73
51 22 37
51 23 63
51 24 76
51 25 28
51 26 47
51 27 69
51 28 78
51 29 43
51 30 43
51 31 14
51 32 29
51 33 65
51 34 35
51 35 82
51 36 29
51 37 23
51 38 66
51 39 90
51 40 69
51 41 33
51 42 25
51 43 69
51 44 8
51 45 93
51 46 35
51 47 50
51 48 50
51 49 50
51 50 50
51 51 51
51 52 8
51 53 25
51 54 15
51 55 51
51 56 84
51 57 18
51 58 53
51 59 18
51 60 26
51 61 67
51 62 64
51 63 48
51 64 56
51 65 50
51 66 82
51 67 59
51 68 25
51 69 11
51 70 92
51 71 87
51 72 80
51 73 6
51 74 49
51 75 84
51 76 53
51 77 89
51 78 45
51 79 84
51 80 20
51 81 93
51 82 68
51 83 11
51 84 92
51 85 88
51 86 62
51 87 22
51 88 76
51 89 79
51 90 51
51 91 25
51 92 39
51 93 66
51 94 26
51 95 57
51 96 45
51 97 46
51 98 45
51 99 82
51 100 37
52 1 7
52 2 66
52 3 27
52 4 69
52 5 56
52 6 53
52 7 54
52 8 40
52 9 58
52 10 36
52 11 70
52 12 24
52 13 37
52 14 10
52 15 62
52 16 39
52 17 36
52 18 16
52 19 67
52 20 42
52 21 71
52 22 44
52 23 68
52 24 26
52 25 60
52 26 24
52 27 23
52 28 33
52 29 46
52 30 29
52 31 71
52 32 11
52 33 26
52 34 55
52 35 52
52 36 49
52 37 24
52 38 34
52 39 69
52 40 45
52 41 30
52 42 44
52 43 51
52 44 45
52 45 42
52 46 56
52 47 48
52 48 41
52 49 69
52 50 25
52 51 25
52 52 25
52 53 25
52 54 48
52 55 12
52 56 8
52 57 9
52 58 44
52 59 68
52 60 6
52 61 35
52 62 24
52 63 11
52 64 49
52 65 47
52 66 40
52 67 42
52 68 32
52 69 64
52 70 45
52 71 24
52 72 13
52 73 75
52 74 69
52 75 63
52 76 22
52 77 36
52 78 67
52 79 45
52 80 74
52 81 56
52 82 67
52 83 29
52 84 80
52 85 51
52 86 25
52 87 74
52 88 74
52 89 44
52 90 15
52 91 62
52 92 62
52 93 34
52 94 27
52 95 28
52 96 49
52 97 29
52 98 39
52 99 38
52 100 29
53 1 38
53 2 67
53 3 20
53 4 64
53 5 38
53 6 33
53 7 89
53 8 27
53 9 14
53 10 54
53 11 5
53 12 30
53 13 77
53 14 79
53 15 60
53 16 81
53 17 54
53 18 86
53 19 83
53 20 10
53 21 60
53 22 65
53 23 86
53 24 82
53 25 33
53 26 79
53 27 56
53 28 59
53 29 45
53 30 65
53 31 11
53 32 61
53 33 69
53 34 93
53 35 39
53 36 49
53 37 39
53 38 50
53 39 76
53 40 40
53 41 78
53 42 54
53 43 3
53 44 46
53 45 87
53 46 43
53 47 7
53 48 42
53 49 82
53 50 18
53 51 85
53 52 60
53 53 54
53 54 54
53 55 54
53 56 54
53 57 34
53 58 30
53 59 13
53 60 29
53 61 26
53 62 52
53 63 26
53 64 29
53 65 43
53 66 8
53 67 46
53 68 34
53 69 22
53 70 50
53 71 28
53 72 57
53 73 51
53 74 43
53 75 32
53 76 71
53 77 60
53 78 48
53 79 34
53 80 17
53 81 52
53 82 59
53 83 56
53 84 55
53 85 53
53 86 48
53 87 61
53 88 38
53 89 35
53 90 66
53 91 55
53 92 35
53 93 12
53 94 43
53 95 50
53 96 24
53 97 46
53 98 43
53 99 36
53 100 48
54 1 30
54 2 54
54 3 17
54 4 54
54 5 50
54 6 21
54 7 56
54 8 57
54 9 34
54 10 27
54 11 59
54 12 67
54 13 31
54 14 65
54 15 60
54 16 64
54 17 33
54 18 20
54 19 55
54 20 37
54 21 21
54 22 46
54 23 57
54 24 41
54 25 39
54 26 56
54 27 32
54 28 42
54 29 29
54 30 67
54 31 35
54 32 66
54 33 53
54 34 58
54 35 13
54 36 27
54 37 29
54 38 34
54 39 19
54 40 48
54 41 33
54 42 9
54 43 27
54 44 43
54 45 52
54 46 66
54 47 71
54 48 47
54 49 91
54 50 71
54 51 31
54 52 16
54 53 57
54 54 59
54 55 48
54 56 17
54 57 17
54 58 17
54 59 17
54 60 78
54 61 68
54 62 50
54 63 62
54 64 66
54 65 39
54 66 58
54 67 22
54 68 73
54 69 53
54 70 9
54 71 26
54 72 63
54 73 36
54 74 25
54 75 7
54 76 33
54 77 65
54 78 67
54 79 20
54 80 15
54 81 29
54 82 78
54 83 44
54 84 33
54 85 58
54 86 48
54 87 106
54 88 26
54 89 79
54 90 64
54 91 23
54 92 82
54 93 18
54 94 55
54 95 17
54 96 61
54 97 46
54 98 17
54 99 26
54 100 71
55 1 51
55 2 23
55 3 73
55 4 21
55 5 60
55 6 33
55 7 59
55 8 46
55 9 37
55 10 10
55 11 41
55 12 17
55 13 31
55 14 59
55 15 66
55 16 33
55 17 63
55 18 59
55 19 60
55 20 36
55 21 16
55 22 52
55 23 33
55 24 24
55 25 43
55 26 54
55 27 37
55 28 41
55 29 53
55 30 35
55 31 41
55 32 33
55 33 63
55 34 37
55 35 62
55 36 50
55 37 55
55 38 15
55 39 23
55 40 33
55 41 31
55 42 16
55 43 48
55 44 34
55 45 12
55 46 25
55 47 40
55 48 53
55 49 64
55 50 68
55 51 44
55 52 87
55 53 69
55 54 31
55 55 19
55 56 56
55 57 56
55 58 50
55 59 14
55 60 14
55 61 14
55 62 14
55 63 3
55 64 51
55 65 43
55 66 54
55 67 11
55 68 60
55 69 52
55 70 57
55 71 65
55 72 36
55 73 72
55 74 51
55 75 12
55 76 81
55 77 56
55 78 81
55 79 81
55 80 69
55 81 54
55 82 95
55 83 81
55 84 61
55 85 46
55 86 31
55 87 63
55 88 89
55 89 59
55 90 41
55 91 68
55 92 69
55 93 55
55 94 56
55 95 44
55 96 86
55 97 54
55 98 59
55 99 30
55 100 46
56 1 69
56 2 50
56 3 71
56 4 73
56 5 55
56 6 73
56 7 54
56 8 84
56 9 44
56 10 83
56 11 53
56 12 52
56 13 77
56 14 88
56 15 92
56 16 32
56 17 62
56 18 72
56 19 29
56 20 74
56 21 62
56 22 78
56 23 20
56 24 34
56 25 68
56 26 51
56 27 12
56 28 58
56 29 65
56 30 55
56 31 32
56 32 69
56 33 18
56 34 46
56 35 16
56 36 81
56 37 29
56 38 79
56 39 67
56 40 67
56 41 13
56 42 40
56 43 19
56 44 47
56 45 30
56 46 49
56 47 32
56 48 13
56 49 38
56 50 56
56 51 48
56 52 73
56 53 85
56 54 59
56 55 103
56 56 80
56 57 34
56 58 12
56 59 62
56 60 72
56 61 42
56 62 31
56 63 31
56 64 31
56 65 31
56 66 63
56 67 21
56 68 17
56 69 13
56 70 56
56 71 71
56 72 11
56 73 31
56 74 23
56 75 23
56 76 41
56 77 49
56 78 53
56 79 28
56 80 28
56 81 58
56 82 31
56 83 16
56 84 19
56 85 66
56 86 65
56 87 64
56 88 34
56 89 43
56 90 68
56 91 30
56 92 78
56 93 71
56 94 66
56 95 29
56 96 87
56 97 51
56 98 38
56 99 68
56 100 80
57 1 41
57 2 30
57 3 67
57 4 59
57 5 33
57 6 22
57 7 13
57 8 49
57 9 24
57 10 38
57 11 24
57 12 31
57 13 24
57 14 72
57 15 16
57 16 59
57 17 34
57 18 61
57 19 29
57 20 44
57 21 33
57 22 45
57 23 51
57 24 19
57 25 113
57 26 64
57 27 80
57 28 113
57 29 84
57 30 85
57 31 110
57 32 47
57 33 91
57 34 46
57 35 116
57 36 70
57 37 35
57 38 67
57 39 98
57 40 45
57 41 88
57 42 100
57 43 52
57 44 63
57 45 91
57 46 89
57 47 67
57 48 64
57 49 26
57 50 42
57 51 81
57 52 58
57 53 105
57 54 27
57 55 44
57 56 91
57 57 113
57 58 90
57 59 53
57 60 44
57 61 84
57 62 32
57 63 117
57 64 35
57 65 72
57 66 72
57 67 72
57 68 72
57 69 97
57 70 80
57 71 65
57 72 73
57 73 86
57 74 58
57 75 70
57 76 39
57 77 82
57 78 69
57 79 23
57 80 46
57 81 83
57 82 37
57 83 41
57 84 18
57 85 33
57 86 73
57 87 79
57 88 10
57 89 26
57 90 48
57 91 92
57 92 64
57 93 50
57 94 57
57 95 66
57 96 123
57 97 43
57 98 88
57 99 83
57 100 43
58 1 96
58 2 24
58 3 74
58 4 37
58 5 78
58 6 66
58 7 35
58 8 45
58 9 79
58 10 56
58 11 43
58 12 80
58 13 40
58 14 61
58 15 52
58 16 60
58 17 65
58 18 51
58 19 25
58 20 38
58 21 5
58 22 77
58 23 20
58 24 95
58 25 60
58 26 70
58 27 80
58 28 35
58 29 65
58 30 17
58 31 23
58 32 22
58 33 45
58 34 14
58 35 64
58 36 19
58 37 70
58 38 24
58 39 63
58 40 62
58 41 61
58 42 48
58 43 65
58 44 52
58 45 28
58 46 63
58 47 43
58 48 6
58 49 53
58 50 35
58 51 33
58 52 71
58 53 60
58 54 33
58 55 40
58 56 12
58 57 80
58 58 74
58 59 57
58 60 16
58 61 82
58 62 76
58 63 54
58 64 39
58 65 72
58 66 27
58 67 77
58 68 26
58 69 26
58 70 26
58 71 26
58 72 11
58 73 44
58 74 35
58 75 46
58 76 11
58 77 58
58 78 44
58 79 50
58 80 58
58 81 29
58 82 67
58 83 47
58 84 10
58 85 73
58 86 50
58 87 76
58 88 74
58 89 61
58 90 47
58 91 90
58 92 77
58 93 59
58 94 40
58 95 26
58 96 61
58 97 81
58 98 59
58 99 41
58 100 65
59 1 62
59 2 57
59 3 52
59 4 38
59 5 82
59 6 55
59 7 53
59 8 23
59 9 46
59 10 65
59 11 44
59 12 63
59 13 65
59 14 50
59 15 65
59 16 49
59 17 76
59 18 38
59 19 75
59 20 53
59 21 45
59 22 73
59 23 81
59 24 87
59 25 24
59 26 70
59 27 36
59 28 55
59 29 43
59 30 76
59 31 49
59 32 107
59 33 65
59 34 61
59 35 48
59 36 103
59 37 70
59 38 47
59 39 50
59 40 100
59 41 66
59 42 109
59 43 70
59 44 106
59 45 23
59 46 93
59 47 17
59 48 44
59 49 42
59 50 84
59 51 67
59 52 111
59 53 48
59 54 65
59 55 80
59 56 84
59 57 90
59 58 60
59 59 65
59 60 96
59 61 50
59 62 12
59 63 75
59 64 15
59 65 42
59 66 73
59 67 97
59 68 62
59 69 63
59 70 99
59 71 65
59 72 65
59 73 65
59 74 65
59 75 78
59 76 51
59 77 38
59 78 44
59 79 68
59 80 59
59 81 41
59 82 21
59 83 53
59 84 43
59 85 15
59 86 38
59 87 64
59 88 12
59 89 20
59 90 31
59 91 9
59 92 44
59 93 49
59 94 36
59 95 40
59 96 49
59 97 64
59 98 47
59 99 53
59 100 33
60 1 67
60 2 97
60 3 48
60 4 58
60 5 81
60 6 38
60 7 67
60 8 42
60 9 72
60 10 26
60 11 52
60 12 61
60 13 39
60 14 27
60 15 49
60 16 28
60 17 36
60 18 51
60 19 27
60 20 35
60 21 32
60 22 34
60 23 63
60 24 25
60 25 35
60 26 18
60 27 31
60 28 51
60 29 16
60 30 67
60 31 25
60 32 69
60 33 85
60 34 39
60 35 65
60 36 22
60 37 26
60 38 29
60 39 44
60 40 14
60 41 71
60 42 26
60 43 72
60 44 25
60 45 63
60 46 67
60 47 61
60 48 54
60 49 67
60 50 59
60 51 34
60 52 70
60 53 45
60 54 12
60 55 51
60 56 41
60 57 38
60 58 76
60 59 64
60 60 33
60 61 45
60 62 14
60 63 83
60 64 81
60 65 64
60 66 14
60 67 88
60 68 83
60 69 58
60 70 37
60 71 78
60 72 29
60 73 80
60 74 31
60 75 31
60 76 31
60 77 31
60 78 14
60 79 52
60 80 39
60 81 53
60 82 2
60 83 47
60 84 50
60 85 47
60 86 66
60 87 33
60 88 62
60 89 40
60 90 3
60 91 73
60 92 47
60 93 69
60 94 74
60 95 67
60 96 55
60 97 84
60 98 69
60 99 49
60 100 50
61 1 20
61 2 51
61 3 84
61 4 47
61 5 53
61 6 55
61 7 70
61 8 45
61 9 44
61 10 49
61 11 74
61 12 43
61 13 48
61 14 30
61 15 34
61 16 57
61 17 40
61 18 70
61 19 68
61 20 43
61 21 72
61 22 44
61 23 80
61 24 35
61 25 79
61 26 41
61 27 45
61 28 65
61 29 81
61 30 81
61 31 31
61 32 65
61 33 47
61 34 49
61 35 23
61 36 14
61 37 99
61 38 58
61 39 66
61 40 99
61 41 70
61 42 75
61 43 96
61 44 34
61 45 77
61 46 40
61 47 102
61 48 63
61 49 21
61 50 60
61 51 83
61 52 37
61 53 74
61 54 86
61 55 39
61 56 52
61 57 77
61 58 81
61 59 53
61 60 51
61 61 15
61 62 32
61 63 70
61 64 44
61 65 91
61 66 24
61 67 32
61 68 77
61 69 99
61 70 78
61 71 42
61 72 32
61 73 74
61 74 18
61 75 103
61 76 31
61 77 58
61 78 58
61 79 58
61 80 58
61 81 7
61 82 54
61 83 44
61 84 56
61 85 6
61 86 54
61 87 54
61 88 54
61 89 69
61 90 38
61 91 70
61 92 47
61 93 9
61 94 80
61 95 54
61 96 77
61 97 81
61 98 71
61 99 58
61 100 91
62 1 76
62 2 56
62 3 51
62 4 28
62 5 58
62 6 90
62 7 53
62 8 48
62 9 63
62 10 73
62 11 48
62 12 52
62 13 49
62 14 82
62 15 48
62 16 55
62 17 33
62 18 40
62 19 64
62 20 48
62 21 74
62 22 74
62 23 50
62 24 76
62 25 51
62 26 85
62 27 42
62 28 84
62 29 47
62 30 52
62 31 73
62 32 87
62 33 89
62 34 34
62 35 73
62 36 47
62 37 57
62 38 28
62 39 15
62 40 79
62 41 96
62 42 53
62 43 53
62 44 37
62 45 91
62 46 61
62 47 39
62 48 39
62 49 89
62 50 58
62 51 97
62 52 60
62 53 94
62 54 17
62 55 82
62 56 7
62 57 36
62 58 34
62 59 72
62 60 56
62 61 100
62 62 36
62 63 53
62 64 70
62 65 73
62 66 78
62 67 48
62 68 55
62 69 86
62 70 44
62 71 5
62 72 65
62 73 23
62 74 38
62 75 62
62 76 85
62 77 54
62 78 55
62 79 89
62 80 53
62 81 53
62 82 53
62 83 53
62 84 37
62 85 38
62 86 19
62 87 36
62 88 27
62 89 42
62 90 32
62 91 22
62 92 50
62 93 16
62 94 38
62 95 24
62 96 23
62 97 48
62 98 21
62 99 49
62 100 48
63 1 48
63 2 40
63 3 62
63 4 51
63 5 38
63 6 43
63 7 10
63 8 42
63 9 60
63 10 47
63 11 64
63 12 43
63 13 56
63 14 54
63 15 28
63 16 45
63 17 56
63 18 47
63 19 26
63 20 22
63 21 35
63 22 41
63 23 16
63 24 52
63 25 45
63 26 26
63 27 55
63 28 21
63 29 57
63 30 10
63 31 56
63 32 41
63 33 20
63 34 47
63 35 55
63 36 59
63 37 22
63 38 41
63 39 43
63 40 28
63 41 35
63 42 36
63 43 55
63 44 27
63 45 28
63 46 9
63 47 20
63 48 62
63 49 12
63 50 65
63 51 13
63 52 83
63 53 13
63 54 78
63 55 69
63 56 76
63 57 35
63 58 77
63 59 42
63 60 14
63 61 63
63 62 57
63 63 20
63 64 70
63 65 37
63 66 42
63 67 79
63 68 71
63 69 49
63 70 46
63 71 7
63 72 90
63 73 75
63 74 47
63 75 17
63 76 72
63 77 74
63 78 63
63 79 55
63 80 76
63 81 13
63 82 89
63 83 36
63 84 36
63 85 36
63 86 36
63 87 49
63 88 82
63 89 64
63 90 81
63 91 39
63 92 20
63 93 77
63 94 53
63 95 95
63 96 60
63 97 61
63 98 34
63 99 40
63 100 84
64 1 55
64 2 58
64 3 82
64 4 93
64 5 84
64 6 72
64 7 53
64 8 29
64 9 85
64 10 36
64 11 27
64 12 101
64 13 14
64 14 90
64 15 34
64 16 100
64 17 9
64 18 36
64 19 85
64 20 58
64 21 5
64 22 46
64 23 63
64 24 12
64 25 42
64 26 48
64 27 97
64 28 87
64 29 37
64 30 100
64 31 46
64 32 99
64 33 47
64 34 98
64 35 12
64 36 62
64 37 52
64 38 90
64 39 72
64 40 63
64 41 63
64 42 83
64 43 48
64 44 15
64 45 28
64 46 54
64 47 62
64 48 76
64 49 16
64 50 27
64 51 78
64 52 28
64 53 65
64 54 21
64 55 94
64 56 21
64 57 93
64 58 75
64 59 90
64 60 22
64 61 88
64 62 32
64 63 9
64 64 62
64 65 70
64 66 36
64 67 86
64 68 42
64 69 53
64 70 86
64 71 81
64 72 65
64 73 54
64 74 25
64 75 99
64 76 74
64 77 35
64 78 32
64 79 60
64 80 71
64 81 71
64 82 72
64 83 78
64 84 17
64 85 99
64 86 48
64 87 48
64 88 48
64 89 48
64 90 69
64 91 63
64 92 44
64 93 57
64 94 57
64 95 34
64 96 53
64 97 16
64 98 69
64 99 46
64 100 11
65 1 18
65 2 55
65 3 38
65 4 19
65 5 14
65 6 35
65 7 62
65 8 62
65 9 28
65 10 18
65 11 24
65 12 72
65 13 36
65 14 28
65 15 58
65 16 42
65 17 98
65 18 23
65 19 75
65 20 58
65 21 15
65 22 75
65 23 23
65 24 49
65 25 8
65 26 54
65 27 39
65 28 14
65 29 19
65 30 68
65 31 49
65 32 15
65 33 70
65 34 13
65 35 59
65 36 26
65 37 58
65 38 39
65 39 32
65 40 13
65 41 43
65 42 26
65 43 54
65 44 13
65 45 74
65 46 7
65 47 51
65 48 59
65 49 22
65 50 21
65 51 31
65 52 57
65 53 36
65 54 26
65 55 49
65 56 51
65 57 40
65 58 36
65 59 58
65 60 32
65 61 36
65 62 29
65 63 65
65 64 30
65 65 63
65 66 53
65 67 52
65 68 9
65 69 29
65 70 34
65 71 31
65 72 14
65 73 42
65 74 28
65 75 15
65 76 22
65 77 45
65 78 47
65 79 60
65 80 68
65 81 50
65 82 86
65 83 66
65 84 25
65 85 21
65 86 51
65 87 61
65 88 43
65 89 15
65 90 15
65 91 15
65 92 15
65 93 58
65 94 7
65 95 27
65 96 13
65 97 57
65 98 87
65 99 17
65 100 54
66 1 12
66 2 29
66 3 66
66 4 67
66 5 54
66 6 53
66 7 51
66 8 82
66 9 57
66 10 20
66 11 8
66 12 92
66 13 88
66 14 82
66 15 12
66 16 54
66 17 86
66 18 48
66 19 92
66 20 50
66 21 86
66 22 14
66 23 97
66 24 71
66 25 16
66 26 92
66 27 92
66 28 63
66 29 27
66 30 80
66 31 81
66 32 53
66 33 19
66 34 35
66 35 68
66 36 20
66 37 59
66 38 40
66 39 48
66 40 40
66 41 86
66 42 38
66 43 83
66 44 58
66 45 87
66 46 26
66 47 69
66 48 18
66 49 64
66 50 77
66 51 71
66 52 92
66 53 50
66 54 53
66 55 30
66 56 24
66 57 46
66 58 46
66 59 34
66 60 28
66 61 47
66 62 52
66 63 52
66 64 30
66 65 48
66 66 46
66 67 40
66 68 42
66 69 39
66 70 34
66 71 27
66 72 27
66 73 55
66 74 10
66 75 7
66 76 40
66 77 33
66 78 34
66 79 7
66 80 41
66 81 51
66 82 44
66 83 48
66 84 49
66 85 65
66 86 48
66 87 23
66 88 41
66 89 39
66 90 53
66 91 51
66 92 10
66 93 10
66 94 10
66 95 10
66 96 78
66 97 66
66 98 49
66 99 59
66 100 66
67 1 42
67 2 56
67 3 21
67 4 71
67 5 51
67 6 6
67 7 27
67 8 63
67 9 33
67 10 23
67 11 10
67 12 29
67 13 63
67 14 65
67 15 21
67 16 18
67 17 32
67 18 77
67 19 45
67 20 36
67 21 54
67 22 51
67 23 105
67 24 30
67 25 77
67 26 67
67 27 25
67 28 80
67 29 21
67 30 58
67 31 17
67 32 60
67 33 48
67 34 20
67 35 26
67 36 68
67 37 48
67 38 24
67 39 70
67 40 21
67 41 56
67 42 33
67 43 55
67 44 49
67 45 35
67 46 14
67 47 37
67 48 17
67 49 59
67 50 5
67 51 79
67 52 15
67 53 60
67 54 69
67 55 22
67 56 22
67 57 27
67 58 64
67 59 51
67 60 59
67 61 84
67 62 22
67 63 61
67 64 79
67 65 85
67 66 95
67 67 47
67 68 92
67 69 48
67 70 73
67 71 37
67 72 62
67 73 19
67 74 73
67 75 73
67 76 104
67 77 44
67 78 57
67 79 54
67 80 64
67 81 85
67 82 48
67 83 78
67 84 70
67 85 19
67 86 36
67 87 88
67 88 28
67 89 9
67 90 55
67 91 91
67 92 34
67 93 83
67 94 75
67 95 61
67 96 61
67 97 61
67 98 61
67 99 87
67 100 55
68 1 45
68 2 47
68 3 77
68 4 68
68 5 45
68 6 31
68 7 54
68 8 50
68 9 24
68 10 48
68 11 74
68 12 7
68 13 30
68 14 37
68 15 3
68 16 44
68 17 52
68 18 39
68 19 46
68 20 58
68 21 68
68 22 57
68 23 62
68 24 27
68 25 77
68 26 103
68 27 57
68 28 59
68 29 91
68 30 48
68 31 72
68 32 47
68 33 82
68 34 36
68 35 59
68 36 71
68 37 48
68 38 37
68 39 49
68 40 27
68 41 46
68 42 51
68 43 37
68 44 31
68 45 41
68 46 30
68 47 73
68 48 32
68 49 42
68 50 9
68 51 33
68 52 58
68 53 23
68 54 72
68 55 35
68 56 79
68 57 84
68 58 49
68 59 23
68 60 9
68 61 64
68 62 46
68 63 72
68 64 4
68 65 56
68 66 17
68 67 63
68 68 31
68 69 58
68 70 54
68 71 55
68 72 46
68 73 57
68 74 48
68 75 29
68 76 56
68 77 36
68 78 3
68 79 51
68 80 27
68 81 25
68 82 63
68 83 52
68 84 29
68 85 31
68 86 18
68 87 72
68 88 67
68 89 54
68 90 24
68 91 77
68 92 69
68 93 45
68 94 36
68 95 64
68 96 33
68 97 69
68 98 17
68 99 17
68 100 17
69 1 17
69 2 60
69 3 61
69 4 41
69 5 56
69 6 48
69 7 26
69 8 52
69 9 17
69 10 70
69 11 42
69 12 20
69 13 7
69 14 46
69 15 45
69 16 19
69 17 23
69 18 42
69 19 64
69 20 61
69 21 37
69 22 23
69 23 17
69 24 69
69 25 27
69 26 21
69 27 64
69 28 34
69 29 92
69 30 19
69 31 75
69 32 48
69 33 5
69 34 72
69 35 29
69 36 40
69 37 7
69 38 49
69 39 29
69 40 13
69 41 15
69 42 69
69 43 53
69 44 4
69 45 71
69 46 10
69 47 64
69 48 21
69 49 63
69 50 30
69 51 32
69 52 19
69 53 51
69 54 36
69 55 49
69 56 23
69 57 70
69 58 8
69 59 40
69 60 49
69 61 27
69 62 25
69 63 37
69 64 52
69 65 44
69 66 40
69 67 46
69 68 36
69 69 38
69 70 38
69 71 61
69 72 46
69 73 20
69 74 43
69 75 54
69 76 31
69 77 49
69 78 49
69 79 33
69 80 22
69 81 36
69 82 53
69 83 17
69 84 9
69 85 30
69 86 23
69 87 35
69 88 4
69 89 50
69 90 41
69 91 40
69 92 54
69 93 57
69 94 69
69 95 46
69 96 14
69 97 41
69 98 33
69 99 63
69 100 41
70 1 16
70 2 16
70 3 16
70 4 16
70 5 52
70 6 17
70 7 7
70 8 11
70 9 46
70 10 66
70 11 7
70 12 30
70 13 25
70 14 13
70 15 43
70 16 44
70 17 43
70 18 36
70 19 27
70 20 59
70 21 38
70 22 22
70 23 16
70 24 69
70 25 64
70 26 60
70 27 28
70 28 35
70 29 64
70 30 40
70 31 72
70 32 62
70 33 63
70 34 31
70 35 79
70 36 48
70 37 32
70 38 69
70 39 73
70 40 39
70 41 20
70 42 60
70 43 57
70 44 30
70 45 27
70 46 23
70 47 45
70 48 29
70 49 35
70 50 34
70 51 25
70 52 34
70 53 66
70 54 14
70 55 59
70 56 42
70 57 64
70 58 18
70 59 46
70 60 31
70 61 40
70 62 61
70 63 59
70 64 68
70 65 27
70 66 33
70 67 25
70 68 7
70 69 46
70 70 46
70 71 10
70 72 33
70 73 40
70 74 76
70 75 18
70 76 60
70 77 18
70 78 94
70 79 40
70 80 93
70 81 79
70 82 82
70 83 28
70 84 50
70 85 5
70 86 62
70 87 45
70 88 61
70 89 45
70 90 21
70 91 53
70 92 65
70 93 58
70 94 88
70 95 99
70 96 65
70 97 118
70 98 95
70 99 49
70 100 14
71 1 77
71 2 80
71 3 51
71 4 44
71 5 44
71 6 44
71 7 44
71 8 54
71 9 73
71 10 53
71 11 69
71 12 42
71 13 8
71 14 65
71 15 36
71 16 84
71 17 51
71 18 42
71 19 17
71 20 41
71 21 66
71 22 38
71 23 39
71 24 64
71 25 80
71 26 74
71 27 53
71 28 35
71 29 10
71 30 78
71 31 28
71 32 11
71 33 84
71 34 14
71 35 92
71 36 17
71 37 89
71 38 27
71 39 17
71 40 79
71 41 40
71 42 18
71 43 28
71 44 56
71 45 9
71 46 23
71 47 31
71 48 85
71 49 72
71 50 18
71 51 87
71 52 29
71 53 83
71 54 33
71 55 82
71 56 9
71 57 48
71 58 33
71 59 72
71 60 53
71 61 56
71 62 44
71 63 77
71 64 29
71 65 24
71 66 36
71 67 36
71 68 45
71 69 59
71 70 56
71 71 56
71 72 33
71 73 67
71 74 51
71 75 92
71 76 84
71 77 61
71 78 104
71 79 66
71 80 100
71 81 18
71 82 88
71 83 11
71 84 39
71 85 39
71 86 79
71 87 61
71 88 106
71 89 42
71 90 59
71 91 76
71 92 79
71 93 84
71 94 54
71 95 59
71 96 92
71 97 48
71 98 6
71 99 69
71 100 20
72 1 41
72 2 68
72 3 91
72 4 60
72 5 57
72 6 95
72 7 59
72 8 59
72 9 59
72 10 59
72 11 48
72 12 14
72 13 6
72 14 11
72 15 43
72 16 67
72 17 7
72 18 33
72 19 25
72 20 10
72 21 47
72 22 45
72 23 40
72 24 41
72 25 30
72 26 62
72 27 43
72 28 24
72 29 15
72 30 73
72 31 67
72 32 61
72 33 24
72 34 34
72 35 65
72 36 44
72 37 72
72 38 57
72 39 65
72 40 31
72 41 78
72 42 49
72 43 27
72 44 72
72 45 72
72 46 42
72 47 15
72 48 60
72 49 60
72 50 32
72 51 28
72 52 28
72 53 47
72 54 30
72 55 37
72 56 38
72 57 27
72 58 38
72 59 66
72 60 18
72 61 62
72 62 47
72 63 68
72 64 14
72 65 50
72 66 27
72 67 43
72 68 59
72 69 56
72 70 71
72 71 31
72 72 38
72 73 20
72 74 3
72 75 43
72 76 51
72 77 13
72 78 34
72 79 39
72 80 45
72 81 55
72 82 22
72 83 53
72 84 88
72 85 30
72 86 79
72 87 89
72 88 46
72 89 47
72 90 77
72 91 74
72 92 55
72 93 50
72 94 12
72 95 26
72 96 66
72 97 44
72 98 92
72 99 14
72 100 41
73 1 83
73 2 99
73 3 86
73 4 50
73 5 29
73 6 69
73 7 26
73 8 104
73 9 22
73 10 57
73 11 57
73 12 57
73 13 57
73 14 39
73 15 64
73 16 45
73 17 62
73 18 27
73 19 22
73 20 58
73 21 36
73 22 76
73 23 42
73 24 47
73 25 20
73 26 27
73 27 67
73 28 38
73 29 49
73 30 66
73 31 74
73 32 66
73 33 64
73 34 47
73 35 24
73 36 67
73 37 17
73 38 26
73 39 83
73 40 23
73 41 78
73 42 31
73 43 82
73 44 28
73 45 23
73 46 68
73 47 52
73 48 22
73 49 32
73 50 45
73 51 10
73 52 34
73 53 30
73 54 79
73 55 69
73 56 23
73 57 81
73 58 30
73 59 81
73 60 29
73 61 80
73 62 17
73 63 44
73 64 44
73 65 74
73 66 63
73 67 45
73 68 50
73 69 66
73 70 34
73 71 13
73 72 23
73 73 49
73 74 45
73 75 60
73 76 44
73 77 48
73 78 18
73 79 71
73 80 46
73 81 85
73 82 71
73 83 50
73 84 62
73 85 32
73 86 23
73 87 71
73 88 22
73 89 67
73 90 60
73 91 53
73 92 2
73 93 37
73 94 33
73 95 35
73 96 18
73 97 36
73 98 20
73 99 20
73 100 24
74 1 54
74 2 39
74 3 59
74 4 73
74 5 58
74 6 89
74 7 66
74 8 20
74 9 23
74 10 48
74 11 69
74 12 35
74 13 21
74 14 21
74 15 21
74 16 21
74 17 30
74 18 26
74 19 27
74 20 31
74 21 32
74 22 73
74 23 31
74 24 53
74 25 40
74 26 23
74 27 69
74 28 57
74 29 29
74 30 67
74 31 51
74 32 81
74 33 69
74 34 45
74 35 30
74 36 94
74 37 84
74 38 71
74 39 19
74 40 38
74 41 74
74 42 70
74 43 76
74 44 32
74 45 77
74 46 42
74 47 77
74 48 62
74 49 17
74 50 90
74 51 73
74 52 59
74 53 13
74 54 63
74 55 74
74 56 48
74 57 46
74 58 54
74 59 60
74 60 48
74 61 54
74 62 63
74 63 41
74 64 63
74 65 69
74 66 41
74 67 80
74 68 74
74 69 90
74 70 14
74 71 72
74 72 15
74 73 60
74 74 55
74 75 46
74 76 88
74 77 54
74 78 63
74 79 10
74 80 26
74 81 37
74 82 76
74 83 37
74 84 50
74 85 18
74 86 68
74 87 87
74 88 37
74 89 29
74 90 91
74 91 9
74 92 85
74 93 86
74 94 57
74 95 31
74 96 67
74 97 52
74 98 54
74 99 42
74 100 21
75 1 14
75 2 48
75 3 41
75 4 83
75 5 11
75 6 57
75 7 90
75 8 89
75 9 99
75 10 66
75 11 25
75 12 49
75 13 42
75 14 98
75 15 5
75 16 49
75 17 49
75 18 49
75 19 49
75 20 89
75 21 81
75 22 63
75 23 74
75 24 77
75 25 44
75 26 70
75 27 35
75 28 85
75 29 66
75 30 21
75 31 36
75 32 75
75 33 45
75 34 38
75 35 6
75 36 41
75 37 77
75 38 80
75 39 8
75 40 11
75 41 35
75 42 91
75 43 56
75 44 36
75 45 66
75 46 52
75 47 119
75 48 29
75 49 91
75 50 69
75 51 32
75 52 95
75 53 9
75 54 60
75 55 29
75 56 74
75 57 53
75 58 22
75 59 39
75 60 83
75 61 62
75 62 33
75 63 84
75 64 34
75 65 69
75 66 46
75 67 68
75 68 52
75 69 50
75 70 11
75 71 47
75 72 10
75 73 74
75 74 19
75 75 94
75 76 28
75 77 67
75 78 78
75 79 13
75 80 37
75 81 40
75 82 78
75 83 66
75 84 69
75 85 39
75 86 55
75 87 89
75 88 104
75 89 24
75 90 13
75 91 51
75 92 87
75 93 54
75 94 38
75 95 52
75 96 42
75 97 46
75 98 19
75 99 21
75 100 43
76 1 21
76 2 7
76 3 45
76 4 33
76 5 22
76 6 16
76 7 37
76 8 53
76 9 55
76 10 58
76 11 43
76 12 77
76 13 60
76 14 27
76 15 29
76 16 49
76 17 52
76 18 50
76 19 4
76 20 4
76 21 4
76 22 4
76 23 61
76 24 7
76 25 26
76 26 10
76 27 59
76 28 87
76 29 14
76 30 51
76 31 7
76 32 29
76 33 63
76 34 65
76 35 56
76 36 48
76 37 48
76 38 79
76 39 52
76 40 15
76 41 5
76 42 88
76 43 85
76 44 81
76 45 17
76 46 54
76 47 85
76 48 42
76 49 92
76 50 56
76 51 84
76 52 11
76 53 98
76 54 69
76 55 22
76 56 89
76 57 92
76 58 61
76 59 29
76 60 80
76 61 79
76 62 51
76 63 13
76 64 29
76 65 66
76 66 15
76 67 56
76 68 35
76 69 46
76 70 35
76 71 86
76 72 35
76 73 80
76 74 53
76 75 83
76 76 28
76 77 65
76 78 23
76 79 61
76 80 78
76 81 73
76 82 89
76 83 47
76 84 48
76 85 32
76 86 23
76 87 61
76 88 59
76 89 31
76 90 17
76 91 35
76 92 60
76 93 78
76 94 38
76 95 72
76 96 41
76 97 35
76 98 53
76 99 63
76 100 21
77 1 39
77 2 56
77 3 71
77 4 30
77 5 31
77 6 18
77 7 26
77 8 55
77 9 23
77 10 69
77 11 34
77 12 22
77 13 56
77 14 78
77 15 63
77 16 31
77 17 18
77 18 61
77 19 11
77 20 80
77 21 38
77 22 38
77 23 38
77 24 38
77 25 38
77 26 61
77 27 12
77 28 32
77 29 18
77 30 61
77 31 92
77 32 22
77 33 59
77 34 12
77 35 34
77 36 71
77 37 72
77 38 58
77 39 57
77 40 56
77 41 87
77 42 61
77 43 22
77 44 13
77 45 97
77 46 93
77 47 87
77 48 13
77 49 58
77 50 91
77 51 50
77 52 97
77 53 49
77 54 91
77 55 12
77 56 102
77 57 76
77 58 17
77 59 97
77 60 97
77 61 68
77 62 32
77 63 85
77 64 86
77 65 58
77 66 20
77 67 38
77 68 73
77 69 20
77 70 64
77 71 43
77 72 53
77 73 43
77 74 91
77 75 43
77 76 88
77 77 62
77 78 92
77 79 31
77 80 74
77 81 18
77 82 69
77 83 81
77 84 75
77 85 97
77 86 55
77 87 57
77 88 34
77 89 29
77 90 64
77 91 68
77 92 38
77 93 21
77 94 29
77 95 69
77 96 87
77 97 45
77 98 73
77 99 47
77 100 46
78 1 65
78 2 69
78 3 38
78 4 27
78 5 55
78 6 57
78 7 36
78 8 28
78 9 11
78 10 9
78 11 45
78 12 24
78 13 70
78 14 21
78 15 39
78 16 70
78 17 77
78 18 79
78 19 48
78 20 7
78 21 49
78 22 25
78 23 83
78 24 23
78 25 35
78 26 35
78 27 35
78 28 35
78 29 91
78 30 39
78 31 47
78 32 34
78 33 86
78 34 99
78 35 36
78 36 57
78 37 27
78 38 53
78 39 61
78 40 76
78 41 82
78 42 35
78 43 55
78 44 77
78 45 40
78 46 20
78 47 35
78 48 81
78 49 86
78 50 91
78 51 50
78 52 73
78 53 95
78 54 16
78 55 106
78 56 89
78 57 92
78 58 29
78 59 116
78 60 78
78 61 55
78 62 88
78 63 109
78 64 67
78 65 57
78 66 96
78 67 84
78 68 61
78 69 20
78 70 21
78 71 76
78 72 19
78 73 65
78 74 11
78 75 60
78 76 12
78 77 101
78 78 45
78 79 81
78 80 35
78 81 75
78 82 56
78 83 62
78 84 56
78 85 66
78 86 99
78 87 98
78 88 89
78 89 49
78 90 40
78 91 62
78 92 46
78 93 85
78 94 44
78 95 43
78 96 20
78 97 68
78 98 57
78 99 70
78 100 52
79 1 100
79 2 62
79 3 15
79 4 85
79 5 40
79 6 41
79 7 22
79 8 23
79 9 48
79 10 16
79 11 4
79 12 42
79 13 33
79 14 27
79 15 11
79 16 38
79 17 52
79 18 50
79 19 53
79 20 45
79 21 72
79 22 54
79 23 25
79 24 34
79 25 45
79 26 52
79 27 50
79 28 4
79 29 4
79 30 4
79 31 4
79 32 73
79 33 75
79 34 56
79 35 70
79 36 61
79 37 25
79 38 66
79 39 29
79 40 83
79 41 56
79 42 24
79 43 20
79 44 59
79 45 51
79 46 32
79 47 14
79 48 48
79 49 76
79 50 75
79 51 28
79 52 10
79 53 15
79 54 84
79 55 41
79 56 18
79 57 72
79 58 33
79 59 107
79 60 11
79 61 89
79 62 50
79 63 15
79 64 86
79 65 15
79 66 41
79 67 19
79 68 64
79 69 34
79 70 3
79 71 30
79 72 82
79 73 63
79 74 17
79 75 84
79 76 24
79 77 73
79 78 36
79 79 72
79 80 32
79 81 45
79 82 8
79 83 56
79 84 28
79 85 64
79 86 24
79 87 85
79 88 19
79 89 49
79 90 60
79 91 12
79 92 35
79 93 44
79 94 67
79 95 59
79 96 53
79 97 49
79 98 49
79 99 89
79 100 94
80 1 28
80 2 29
80 3 43
80 4 69
80 5 46
80 6 71
80 7 104
80 8 56
80 9 48
80 10 20
80 11 18
80 12 42
80 13 22
80 14 10
80 15 48
80 16 36
80 17 21
80 18 19
80 19 35
80 20 55
80 21 58
80 22 58
80 23 41
80 24 78
80 25 62
80 26 30
80 27 28
80 28 52
80 29 50
80 30 53
80 31 5
80 32 5
80 33 5
80 34 5
80 35 26
80 36 49
80 37 51
80 38 55
80 39 37
80 40 85
80 41 55
80 42 74
80 43 61
80 44 46
80 45 90
80 46 74
80 47 37
80 48 91
80 49 72
80 50 101
80 51 93
80 52 68
80 53 53
80 54 115
80 55 103
80 56 86
80 57 38
80 58 53
80 59 88
80 60 94
80 61 86
80 62 15
80 63 92
80 64 63
80 65 81
80 66 79
80 67 34
80 68 108
80 69 80
80 70 79
80 71 37
80 72 73
80 73 92
80 74 69
80 75 68
80 76 78
80 77 77
80 78 70
80 79 74
80 80 87
80 81 62
80 82 87
80 83 79
80 84 64
80 85 99
80 86 98
80 87 112
80 88 38
80 89 93
80 90 32
80 91 80
80 92 60
80 93 48
80 94 106
80 95 77
80 96 87
80 97 32
80 98 50
80 99 45
80 100 101
81 1 61
81 2 71
81 3 24
81 4 90
81 5 109
81 6 59
81 7 40
81 8 50
81 9 89
81 10 14
81 11 42
81 12 57
81 13 37
81 14 49
81 15 9
81 16 66
81 17 51
81 18 73
81 19 56
81 20 23
81 21 59
81 22 61
81 23 71
81 24 97
81 25 102
81 26 59
81 27 122
81 28 103
81 29 59
81 30 17
81 31 87
81 32 76
81 33 64
81 34 49
81 35 49
81 36 49
81 37 49
81 38 76
81 39 22
81 40 36
81 41 20
81 42 73
81 43 95
81 44 24
81 45 55
81 46 9
81 47 41
81 48 64
81 49 73
81 50 70
81 51 43
81 52 53
81 53 81
81 54 48
81 55 8
81 56 19
81 57 87
81 58 88
81 59 88
81 60 32
81 61 65
81 62 92
81 63 31
81 64 101
81 65 70
81 66 90
81 67 10
81 68 109
81 69 75
81 70 37
81 71 91
81 72 102
81 73 66
81 74 43
81 75 90
81 76 83
81 77 57
81 78 3
81 79 24
81 80 73
81 81 1
81 82 62
81 83 23
81 84 54
81 85 24
81 86 95
81 87 40
81 88 83
81 89 46
81 90 82
81 91 42
81 92 66
81 93 38
81 94 65
81 95 90
81 96 87
81 97 92
81 98 49
81 99 46
81 100 47
82 1 34
82 2 74
82 3 54
82 4 37
82 5 5
82 6 50
82 7 60
82 8 77
82 9 46
82 10 87
82 11 52
82 12 27
82 13 66
82 14 47
82 15 37
82 16 33
82 17 22
82 18 71
82 19 28
82 20 36
82 21 71
82 22 65
82 23 50
82 24 39
82 25 17
82 26 83
82 27 64
82 28 37
82 29 27
82 30 62
82 31 63
82 32 56
82 33 56
82 34 66
82 35 23
82 36 83
82 37 31
82 38 31
82 39 31
82 40 31
82 41 54
82 42 54
82 43 35
82 44 50
82 45 42
82 46 29
82 47 46
82 48 13
82 49 64
82 50 34
82 51 23
82 52 6
82 53 39
82 54 44
82 55 16
82 56 29
82 57 42
82 58 59
82 59 55
82 60 44
82 61 31
82 62 21
82 63 62
82 64 20
82 65 26
82 66 62
82 67 36
82 68 84
82 69 25
82 70 70
82 71 48
82 72 9
82 73 64
82 74 36
82 75 40
82 76 8
82 77 42
82 78 28
82 79 20
82 80 9
82 81 64
82 82 49
82 83 6
82 84 66
82 85 6
82 86 61
82 87 14
82 88 60
82 89 31
82 90 26
82 91 27
82 92 50
82 93 41
82 94 41
82 95 26
82 96 63
82 97 10
82 98 37
82 99 44
82 100 34
83 1 22
83 2 36
83 3 44
83 4 38
83 5 34
83 6 47
83 7 30
83 8 71
83 9 72
83 10 26
83 11 40
83 12 22
83 13 52
83 14 24
83 15 59
83 16 81
83 17 34
83 18 31
83 19 62
83 20 45
83 21 47
83 22 22
83 23 9
83 24 30
83 25 20
83 26 30
83 27 9
83 28 51
83 29 39
83 30 45
83 31 60
83 32 58
83 33 75
83 34 51
83 35 12
83 36 36
83 37 36
83 38 65
83 39 38
83 40 16
83 41 16
83 42 16
83 43 16
83 44 62
83 45 85
83 46 66
83 47 82
83 48 51
83 49 7
83 50 78
83 51 48
83 52 97
83 53 64
83 54 51
83 55 29
83 56 50
83 57 77
83 58 50
83 59 45
83 60 74
83 61 93
83 62 87
83 63 58
83 64 38
83 65 16
83 66 90
83 67 40
83 68 13
83 69 96
83 70 3
83 71 102
83 72 20
83 73 102
83 74 20
83 75 28
83 76 91
83 77 43
83 78 12
83 79 39
83 80 68
83 81 15
83 82 29
83 83 44
83 84 98
83 85 84
83 86 29
83 87 100
83 88 41
83 89 95
83 90 46
83 91 95
83 92 8
83 93 61
83 94 39
83 95 83
83 96 59
83 97 68
83 98 53
83 99 89
83 100 40
84 1 28
84 2 42
84 3 39
84 4 57
84 5 70
84 6 68
84 7 69
84 8 42
84 9 77
84 10 64
84 11 105
84 12 95
84 13 56
84 14 60
84 15 55
84 16 52
84 17 51
84 18 94
84 19 99
84 20 60
84 21 63
84 22 90
84 23 54
84 24 13
84 25 35
84 26 20
84 27 51
84 28 36
84 29 8
84 30 29
84 31 40
84 32 55
84 33 68
84 34 71
84 35 44
84 36 91
84 37 73
84 38 34
84 39 15
84 40 60
84 41 56
84 42 51
84 43 17
84 44 17
84 45 17
84 46 17
84 47 47
84 48 40
84 49 20
84 50 36
84 51 37
84 52 41
84 53 32
84 54 12
84 55 50
84 56 20
84 57 29
84 58 20
84 59 33
84 60 39
84 61 12
84 62 40
84 63 39
84 64 46
84 65 41
84 66 53
84 67 44
84 68 35
84 69 48
84 70 16
84 71 39
84 72 54
84 73 48
84 74 73
84 75 39
84 76 56
84 77 57
84 78 23
84 79 50
84 80 49
84 81 50
84 82 18
84 83 28
84 84 37
84 85 34
84 86 7
84 87 51
84 88 39
84 89 21
84 90 53
84 91 13
84 92 51
84 93 1
84 94 50
84 95 42
84 96 14
84 97 39
84 98 46
84 99 50
84 100 28
85 1 32
85 2 49
85 3 19
85 4 41
85 5 44
85 6 47
85 7 18
85 8 33
85 9 31
85 10 23
85 11 31
85 12 45
85 13 17
85 14 58
85 15 58
85 16 29
85 17 47
85 18 8
85 19 49
85 20 12
85 21 50
85 22 69
85 23 21
85 24 17
85 25 47
85 26 40
85 27 39
85 28 59
85 29 54
85 30 30
85 31 45
85 32 79
85 33 45
85 34 89
85 35 43
85 36 15
85 37 63
85 38 98
85 39 60
85 40 23
85 41 40
85 42 84
85 43 12
85 44 98
85 45 50
85 46 60
85 47 60
85 48 60
85 49 60
85 50 35
85 51 38
85 52 20
85 53 36
85 54 25
85 55 43
85 56 33
85 57 24
85 58 51
85 59 16
85 60 40
85 61 25
85 62 22
85 63 49
85 64 23
85 65 50
85 66 50
85 67 49
85 68 40
85 69 64
85 70 52
85 71 39
85 72 43
85 73 9
85 74 43
85 75 62
85 76 47
85 77 63
85 78 44
85 79 56
85 80 53
85 81 29
85 82 45
85 83 58
85 84 47
85 85 27
85 86 21
85 87 35
85 88 42
85 89 18
85 90 53
85 91 46
85 92 27
85 93 55
85 94 23
85 95 58
85 96 11
85 97 57
85 98 41
85 99 22
85 100 48
86 1 57
86 2 61
86 3 21
86 4 43
86 5 43
86 6 29
86 7 34
86 8 34
86 9 56
86 10 29
86 11 43
86 12 23
86 13 22
86 14 21
86 15 56
86 16 22
86 17 60
86 18 51
86 19 41
86 20 58
86 21 14
86 22 39
86 23 4
86 24 58
86 25 60
86 26 13
86 27 20
86 28 43
86 29 28
86 30 36
86 31 51
86 32 40
86 33 53
86 34 37
86 35 15
86 36 43
86 37 59
86 38 52
86 39 79
86 40 90
86 41 61
86 42 109
86 43 86
86 44 40
86 45 10
86 46 68
86 47 75
86 48 45
86 49 36
86 50 36
86 51 36
86 52 36
86 53 71
86 54 62
86 55 44
86 56 56
86 57 60
86 58 37
86 59 52
86 60 16
86 61 68
86 62 46
86 63 8
86 64 21
86 65 57
86 66 35
86 67 19
86 68 13
86 69 32
86 70 61
86 71 62
86 72 26
86 73 19
86 74 27
86 75 72
86 76 38
86 77 31
86 78 56
86 79 46
86 80 100
86 81 26
86 82 74
86 83 61
86 84 18
86 85 75
86 86 23
86 87 52
86 88 10
86 89 55
86 90 42
86 91 17
86 92 20
86 93 67
86 94 47
86 95 18
86 96 69
86 97 15
86 98 57
86 99 27
86 100 56
87 1 43
87 2 31
87 3 14
87 4 40
87 5 24
87 6 54
87 7 9
87 8 74
87 9 9
87 10 54
87 11 62
87 12 23
87 13 20
87 14 28
87 15 58
87 16 47
87 17 52
87 18 34
87 19 36
87 20 73
87 21 85
87 22 12
87 23 22
87 24 32
87 25 70
87 26 39
87 27 54
87 28 96
87 29 47
87 30 39
87 31 72
87 32 63
87 33 43
87 34 85
87 35 6
87 36 62
87 37 23
87 38 63
87 39 44
87 40 90
87 41 10
87 42 44
87 43 85
87 44 97
87 45 89
87 46 53
87 47 28
87 48 65
87 49 29
87 50 103
87 51 17
87 52 56
87 53 56
87 54 56
87 55 56
87 56 74
87 57 79
87 58 60
87 59 74
87 60 62
87 61 22
87 62 70
87 63 34
87 64 87
87 65 60
87 66 29
87 67 22
87 68 60
87 69 56
87 70 37
87 71 18
87 72 53
87 73 81
87 74 79
87 75 30
87 76 11
87 77 13
87 78 88
87 79 43
87 80 15
87 81 77
87 82 30
87 83 109
87 84 7
87 85 93
87 86 47
87 87 18
87 88 90
87 89 16
87 90 38
87 91 24
87 92 67
87 93 33
87 94 6
87 95 34
87 96 87
87 97 69
87 98 20
87 99 89
87 100 28
88 1 78
88 2 39
88 3 77
88 4 30
88 5 49
88 6 12
88 7 61
88 8 32
88 9 67
88 10 29
88 11 89
88 12 24
88 13 48
88 14 60
88 15 12
88 16 40
88 17 50
88 18 70
88 19 63
88 20 53
88 21 54
88 22 54
88 23 93
88 24 97
88 25 33
88 26 33
88 27 47
88 28 69
88 29 49
88 30 76
88 31 106
88 32 59
88 33 55
88 34 87
88 35 66
88 36 33
88 37 98
88 38 27
88 39 59
88 40 16
88 41 8
88 42 34
88 43 51
88 44 50
88 45 71
88 46 80
88 47 53
88 48 99
88 49 78
88 50 34
88 51 10
88 52 62
88 53 67
88 54 45
88 55 26
88 56 26
88 57 26
88 58 26
88 59 42
88 60 53
88 61 33
88 62 50
88 63 30
88 64 28
88 65 46
88 66 23
88 67 64
88 68 31
88 69 36
88 70 12
88 71 27
88 72 53
88 73 24
88 74 41
88 75 52
88 76 61
88 77 54
88 78 56
88 79 41
88 80 24
88 81 58
88 82 9
88 83 28
88 84 69
88 85 33
88 86 75
88 87 30
88 88 70
88 89 41
88 90 17
88 91 59
88 92 47
88 93 34
88 94 20
88 95 36
88 96 21
88 97 29
88 98 17
88 99 66
88 100 55
89 1 15
89 2 68
89 3 18
89 4 67
89 5 15
89 6 66
89 7 26
89 8 30
89 9 38
89 10 60
89 11 54
89 12 36
89 13 39
89 14 58
89 15 22
89 16 26
89 17 32
89 18 44
89 19 31
89 20 46
89 21 37
89 22 36
89 23 21
89 24 58
89 25 33
89 26 73
89 27 65
89 28 38
89 29 52
89 30 23
89 31 40
89 32 18
89 33 66
89 34 72
89 35 28
89 36 32
89 37 58
89 38 33
89 39 23
89 40 65
89 41 35
89 42 32
89 43 18
89 44 56
89 45 60
89 46 62
89 47 70
89 48 97
89 49 102
89 50 60
89 51 123
89 52 103
89 53 59
89 54 17
89 55 87
89 56 77
89 57 64
89 58 49
89 59 49
89 60 49
89 61 49
89 62 70
89 63 67
89 64 48
89 65 61
89 66 58
89 67 31
89 68 57
89 69 20
89 70 74
89 71 49
89 72 15
89 73 17
89 74 56
89 75 42
89 76 23
89 77 13
89 78 39
89 79 67
89 80 66
89 81 27
89 82 15
89 83 21
89 84 76
89 85 37
89 86 24
89 87 63
89 88 39
89 89 101
89 90 19
89 91 80
89 92 55
89 93 14
89 94 79
89 95 20
89 96 46
89 97 11
89 98 57
89 99 37
89 100 10
90 1 22
90 2 72
90 3 54
90 4 14
90 5 74
90 6 16
90 7 63
90 8 29
90 9 62
90 10 37
90 11 36
90 12 10
90 13 47
90 14 26
90 15 57
90 16 16
90 17 78
90 18 10
90 19 50
90 20 59
90 21 18
90 22 26
90 23 35
90 24 60
90 25 51
90 26 50
90 27 41
90 28 41
90 29 79
90 30 87
90 31 19
90 32 25
90 33 35
90 34 68
90 35 40
90 36 61
90 37 98
90 38 49
90 39 43
90 40 76
90 41 62
90 42 38
90 43 88
90 44 13
90 45 59
90 46 17
90 47 31
90 48 81
90 49 58
90 50 50
90 51 77
90 52 88
90 53 60
90 54 106
90 55 84
90 56 38
90 57 11
90 58 66
90 59 74
90 60 44
90 61 34
90 62 34
90 63 34
90 64 34
90 65 64
90 66 78
90 67 58
90 68 74
90 69 52
90 70 8
90 71 70
90 72 36
90 73 88
90 74 57
90 75 37
90 76 18
90 77 51
90 78 64
90 79 39
90 80 31
90 81 61
90 82 83
90 83 79
90 84 44
90 85 25
90 86 3
90 87 84
90 88 36
90 89 1
90 90 84
90 91 17
90 92 101
90 93 7
90 94 94
90 95 34
90 96 15
90 97 86
90 98 30
90 99 25
90 100 26
91 1 63
91 2 19
91 3 15
91 4 33
91 5 88
91 6 73
91 7 18
91 8 90
91 9 29
91 10 83
91 11 37
91 12 82
91 13 16
91 14 50
91 15 25
91 16 69
91 17 45
91 18 63
91 19 39
91 20 84
91 21 27
91 22 35
91 23 47
91 24 26
91 25 44
91 26 57
91 27 64
91 28 61
91 29 43
91 30 63
91 31 54
91 32 95
91 33 92
91 34 42
91 35 46
91 36 46
91 37 57
91 38 45
91 39 82
91 40 99
91 41 55
91 42 55
91 43 84
91 44 56
91 45 19
91 46 92
91 47 36
91 48 46
91 49 10
91 50 54
91 51 84
91 52 22
91 53 54
91 54 28
91 55 36
91 56 60
91 57 49
91 58 30
91 59 30
91 60 59
91 61 29
91 62 59
91 63 56
91 64 28
91 65 28
91 66 28
91 67 28
91 68 89
91 69 50
91 70 44
91 71 43
91 72 80
91 73 77
91 74 41
91 75 37
91 76 47
91 77 50
91 78 34
91 79 56
91 80 77
91 81 7
91 82 36
91 83 48
91 84 10
91 85 36
91 86 47
91 87 50
91 88 57
91 89 68
91 90 64
91 91 62
91 92 72
91 93 16
91 94 85
91 95 101
91 96 67
91 97 51
91 98 99
91 99 56
91 100 68
92 1 59
92 2 90
92 3 45
92 4 59
92 5 78
92 6 58
92 7 43
92 8 41
92 9 20
92 10 55
92 11 42
92 12 44
92 13 21
92 14 46
92 15 20
92 16 81
92 17 34
92 18 53
92 19 4
92 20 44
92 21 57
92 22 34
92 23 68
92 24 43
92 25 86
92 26 89
92 27 61
92 28 29
92 29 14
92 30 64
92 31 45
92 32 76
92 33 12
92 34 35
92 35 46
92 36 81
92 37 29
92 38 39
92 39 41
92 40 94
92 41 54
92 42 17
92 43 97
92 44 56
92 45 39
92 46 64
92 47 83
92 48 80
92 49 82
92 50 36
92 51 89
92 52 62
92 53 30
92 54 79
92 55 49
92 56 51
92 57 89
92 58 97
92 59 61
92 60 117
92 61 96
92 62 50
92 63 12
92 64 78
92 65 77
92 66 55
92 67 43
92 68 43
92 69 43
92 70 43
92 71 109
92 72 95
92 73 80
92 74 88
92 75 97
92 76 62
92 77 85
92 78 53
92 79 98
92 80 83
92 81 37
92 82 56
92 83 94
92 84 53
92 85 55
92 86 26
92 87 48
92 88 88
92 89 94
92 90 12
92 91 29
92 92 53
92 93 107
92 94 75
92 95 55
92 96 72
92 97 70
92 98 137
92 99 47
92 100 103
93 1 87
93 2 52
93 3 111
93 4 24
93 5 78
93 6 48
93 7 92
93 8 72
93 9 41
93 10 58
93 11 94
93 12 72
93 13 53
93 14 95
93 15 53
93 16 77
93 17 65
93 18 76
93 19 70
93 20 66
93 21 31
93 22 53
93 23 15
93 24 91
93 25 34
93 26 110
93 27 46
93 28 87
93 29 97
93 30 28
93 31 53
93 32 50
93 33 96
93 34 82
93 35 89
93 36 44
93 37 70
93 38 100
93 39 121
93 40 38
93 41 19
93 42 68
93 43 106
93 44 77
93 45 73
93 46 133
93 47 85
93 48 74
93 49 107
93 50 101
93 51 72
93 52 122
93 53 36
93 54 97
93 55 54
93 56 26
93 57 116
93 58 38
93 59 83
93 60 102
93 61 64
93 62 59
93 63 79
93 64 54
93 65 11
93 66 34
93 67 38
93 68 67
93 69 35
93 70 18
93 71 18
93 72 18
93 73 18
93 74 63
93 75 50
93 76 32
93 77 44
93 78 52
93 79 41
93 80 40
93 81 4
93 82 56
93 83 34
93 84 13
93 85 20
93 86 48
93 87 30
93 88 6
93 89 26
93 90 28
93 91 50
93 92 49
93 93 38
93 94 31
93 95 32
93 96 60
93 97 30
93 98 37
93 99 49
93 100 49
94 1 88
94 2 33
94 3 62
94 4 62
94 5 20
94 6 63
94 7 36
94 8 54
94 9 9
94 10 43
94 11 42
94 12 26
94 13 10
94 14 55
94 15 38
94 16 18
94 17 57
94 18 8
94 19 48
94 20 16
94 21 47
94 22 45
94 23 19
94 24 26
94 25 36
94 26 34
94 27 42
94 28 16
94 29 62
94 30 8
94 31 51
94 32 57
94 33 35
94 34 9
94 35 22
94 36 47
94 37 34
94 38 45
94 39 32
94 40 24
94 41 62
94 42 73
94 43 14
94 44 31
94 45 19
94 46 64
94 47 28
94 48 46
94 49 84
94 50 36
94 51 26
94 52 60
94 53 55
94 54 43
94 55 73
94 56 13
94 57 57
94 58 26
94 59 32
94 60 67
94 61 19
94 62 34
94 63 53
94 64 37
94 65 39
94 66 51
94 67 61
94 68 65
94 69 72
94 70 70
94 71 26
94 72 93
94 73 44
94 74 44
94 75 44
94 76 44
94 77 47
94 78 7
94 79 17
94 80 12
94 81 45
94 82 76
94 83 13
94 84 45
94 85 21
94 86 17
94 87 59
94 88 56
94 89 41
94 90 51
94 91 42
94 92 74
94 93 54
94 94 26
94 95 11
94 96 85
94 97 79
94 98 71
94 99 12
94 100 41
95 1 75
95 2 51
95 3 80
95 4 47
95 5 75
95 6 25
95 7 85
95 8 60
95 9 15
95 10 84
95 11 80
95 12 53
95 13 15
95 14 68
95 15 71
95 16 43
95 17 27
95 18 35
95 19 57
95 20 29
95 21 49
95 22 44
95 23 37
95 24 44
95 25 74
95 26 30
95 27 74
95 28 57
95 29 80
95 30 14
95 31 62
95 32 15
95 33 54
95 34 64
95 35 59
95 36 83
95 37 43
95 38 49
95 39 18
95 40 14
95 41 47
95 42 61
95 43 25
95 44 32
95 45 27
95 46 57
95 47 76
95 48 30
95 49 58
95 50 29
95 51 46
95 52 43
95 53 21
95 54 22
95 55 11
95 56 45
95 57 69
95 58 29
95 59 60
95 60 60
95 61 64
95 62 72
95 63 25
95 64 66
95 65 18
95 66 26
95 67 66
95 68 39
95 69 96
95 70 83
95 71 48
95 72 19
95 73 73
95 74 47
95 75 66
95 76 25
95 77 25
95 78 25
95 79 25
95 80 41
95 81 24
95 82 6
95 83 22
95 84 34
95 85 56
95 86 18
95 87 27
95 88 36
95 89 3
95 90 43
95 91 36
95 92 30
95 93 43
95 94 25
95 95 57
95 96 45
95 97 35
95 98 25
95 99 69
95 100 61
96 1 52
96 2 30
96 3 23
96 4 55
96 5 51
96 6 62
96 7 58
96 8 56
96 9 41
96 10 68
96 11 40
96 12 33
96 13 65
96 14 62
96 15 35
96 16 12
96 17 49
96 18 52
96 19 24
96 20 39
96 21 35
96 22 38
96 23 41
96 24 30
96 25 46
96 26 18
96 27 46
96 28 55
96 29 16
96 30 56
96 31 51
96 32 65
96 33 11
96 34 46
96 35 32
96 36 36
96 37 48
96 38 46
96 39 64
96 40 28
96 41 39
96 42 17
96 43 8
96 44 33
96 45 52
96 46 13
96 47 45
96 48 42
96 49 42
96 50 61
96 51 12
96 52 48
96 53 11
96 54 47
96 55 54
96 56 8
96 57 9
96 58 30
96 59 36
96 60 51
96 61 42
96 62 43
96 63 47
96 64 44
96 65 59
96 66 37
96 67 47
96 68 3
96 69 25
96 70 47
96 71 46
96 72 9
96 73 56
96 74 11
96 75 33
96 76 38
96 77 70
96 78 32
96 79 21
96 80 21
96 81 21
96 82 21
96 83 53
96 84 63
96 85 43
96 86 59
96 87 40
96 88 18
96 89 55
96 90 24
96 91 73
96 92 42
96 93 32
96 94 5
96 95 38
96 96 55
96 97 27
96 98 33
96 99 53
96 100 69
97 1 64
97 2 47
97 3 31
97 4 12
97 5 69
97 6 22
97 7 16
97 8 73
97 9 25
97 10 88
97 11 18
97 12 79
97 13 38
97 14 7
97 15 71
97 16 36
97 17 29
97 18 17
97 19 48
97 20 17
97 21 18
97 22 20
97 23 74
97 24 61
97 25 7
97 26 76
97 27 17
97 28 72
97 29 23
97 30 71
97 31 20
97 32 37
97 33 28
97 34 61
97 35 46
97 36 48
97 37 34
97 38 69
97 39 19
97 40 29
97 41 39
97 42 33
97 43 33
97 44 47
97 45 49
97 46 46
97 47 32
97 48 57
97 49 40
97 50 81
97 51 77
97 52 35
97 53 46
97 54 31
97 55 48
97 56 30
97 57 70
97 58 85
97 59 40
97 60 40
97 61 69
97 62 44
97 63 19
97 64 77
97 65 30
97 66 38
97 67 6
97 68 51
97 69 70
97 70 21
97 71 41
97 72 52
97 73 12
97 74 78
97 75 44
97 76 78
97 77 17
97 78 27
97 79 44
97 80 68
97 81 34
97 82 20
97 83 20
97 84 20
97 85 20
97 86 48
97 87 28
97 88 41
97 89 36
97 90 53
97 91 95
97 92 38
97 93 70
97 94 36
97 95 40
97 96 85
97 97 77
97 98 51
97 99 76
97 100 67
98 1 99
98 2 80
98 3 45
98 4 31
98 5 111
98 6 103
98 7 92
98 8 15
98 9 59
98 10 96
98 11 73
98 12 98
98 13 26
98 14 97
98 15 35
98 16 98
98 17 82
98 18 11
98 19 108
98 20 95
98 21 77
98 22 32
98 23 84
98 24 94
98 25 67
98 26 43
98 27 59
98 28 80
98 29 44
98 30 72
98 31 65
98 32 60
98 33 66
98 34 91
98 35 55
98 36 98
98 37 82
98 38 106
98 39 32
98 40 87
98 41 11
98 42 78
98 43 77
98 44 67
98 45 107
98 46 69
98 47 75
98 48 30
98 49 39
98 50 59
98 51 87
98 52 51
98 53 44
98 54 7
98 55 83
98 56 102
98 57 54
98 58 62
98 59 50
98 60 68
98 61 22
98 62 40
98 63 48
98 64 15
98 65 51
98 66 86
98 67 9
98 68 85
98 69 69
98 70 85
98 71 98
98 72 14
98 73 90
98 74 40
98 75 31
98 76 84
98 77 57
98 78 36
98 79 13
98 80 71
98 81 85
98 82 43
98 83 66
98 84 80
98 85 53
98 86 53
98 87 53
98 88 53
98 89 17
98 90 37
98 91 33
98 92 41
98 93 20
98 94 66
98 95 40
98 96 53
98 97 51
98 98 27
98 99 69
98 100 53
99 1 19
99 2 73
99 3 52
99 4 80
99 5 74
99 6 56
99 7 41
99 8 94
99 9 82
99 10 66
99 11 31
99 12 32
99 13 68
99 14 78
99 15 68
99 16 34
99 17 72
99 18 54
99 19 66
99 20 58
99 21 29
99 22 87
99 23 64
99 24 57
99 25 19
99 26 54
99 27 71
99 28 48
99 29 57
99 30 62
99 31 56
99 32 59
99 33 53
99 34 72
99 35 41
99 36 72
99 37 61
99 38 45
99 39 78
99 40 80
99 41 91
99 42 20
99 43 72
99 44 27
99 45 59
99 46 45
99 47 35
99 48 85
99 49 56
99 50 68
99 51 14
99 52 32
99 53 27
99 54 81
99 55 42
99 56 62
99 57 27
99 58 70
99 59 88
99 60 39
99 61 30
99 62 29
99 63 74
99 64 31
99 65 22
99 66 38
99 67 31
99 68 19
99 69 56
99 70 27
99 71 70
99 72 36
99 73 60
99 74 87
99 75 19
99 76 69
99 77 26
99 78 4
99 79 55
99 80 69
99 81 21
99 82 26
99 83 75
99 84 65
99 85 26
99 86 63
99 87 55
99 88 31
99 89 31
99 90 31
99 91 31
99 92 10
99 93 50
99 94 45
99 95 54
99 96 20
99 97 69
99 98 52
99 99 63
99 100 63
100 1 39
100 2 79
100 3 60
100 4 21
100 5 84
100 6 62
100 7 89
100 8 86
100 9 68
100 10 53
100 11 103
100 12 89
100 13 70
100 14 42
100 15 39
100 16 73
100 17 91
100 18 69
100 19 32
100 20 77
100 21 66
100 22 65
100 23 65
100 24 40
100 25 95
100 26 64
100 27 66
100 28 31
100 29 56
100 30 77
100 31 57
100 32 69
100 33 74
100 34 63
100 35 71
100 36 62
100 37 85
100 38 50
100 39 84
100 40 63
100 41 56
100 42 85
100 43 92
100 44 100
100 45 33
100 46 82
100 47 37
100 48 68
100 49 44
100 50 31
100 51 92
100 52 67
100 53 80
100 54 26
100 55 45
100 56 29
100 57 93
100 58 54
100 59 74
100 60 34
100 61 80
100 62 97
100 63 50
100 64 24
100 65 39
100 66 86
100 67 30
100 68 34
100 69 50
100 70 42
100 71 17
100 72 58
100 73 32
100 74 79
100 75 33
100 76 65
100 77 98
100 78 26
100 79 77
100 80 38
100 81 17
100 82 58
100 83 81
100 84 33
100 85 30
100 86 87
100 87 77
100 88 37
100 89 64
100 90 98
100 91 65
100 92 65
100 93 65
100 94 65
100 95 78
100 96 25
100 97 35
100 98 21
100 99 74
100 100 92