10 2
82
30
4
22
2
41
22
34
62
10
0 1 41
0 2 86
0 3 2
0 4 4
0 5 98
0 6 28
0 7 66
0 8 49
0 9 93
0 10 38
1 0 4
1 2 60
1 3 61
1 4 49
1 5 18
1 6 57
1 7 16
1 8 98
1 9 44
1 10 32
2 0 42
2 1 3
2 3 92
2 4 35
2 5 15
2 6 14
2 7 46
2 8 48
2 9 33
2 10 53
3 0 51
3 1 46
3 2 24
3 4 34
3 5 95
3 6 31
3 7 8
3 8 40
3 9 52
3 10 62
4 0 76
4 1 19
4 2 70
4 3 28
4 5 27
4 6 73
4 7 45
4 8 1
4 9 5
4 10 98
5 0 44
5 1 12
5 2 11
5 3 71
5 4 15
5 6 14
5 7 91
5 8 55
5 9 52
5 10 54
6 0 38
6 1 25
6 2 21
6 3 37
6 4 86
6 5 32
6 7 53
6 8 16
6 9 16
6 10 73
7 0 6
7 1 57
7 2 96
7 3 73
7 4 88
7 5 45
7 6 90
7 8 19
7 9 1
7 10 78
8 0 11
8 1 96
8 2 34
8 3 94
8 4 18
8 5 7
8 6 22
8 7 29
8 9 11
8 10 51
9 0 56
9 1 79
9 2 92
9 3 78
9 4 76
9 5 15
9 6 46
9 7 20
9 8 35
9 10 45
10 0 38
10 1 62
10 2 18
10 3 85
10 4 1
10 5 73
10 6 30
10 7 73
10 8 90
10 9 56