10 2
74
20
96
59
53
77
55
32
55
17
0 1 22
0 2 19
0 3 9
0 4 34
0 5 86
0 6 25
0 7 39
0 8 50
0 9 51
0 10 96
1 0 22
1 2 39
1 3 10
1 4 87
1 5 48
1 6 16
1 7 53
1 8 57
1 9 75
1 10 12
2 0 37
2 1 35
2 3 10
2 4 96
2 5 85
2 6 9
2 7 21
2 8 24
2 9 11
2 10 63
3 0 4
3 1 35
3 2 54
3 4 29
3 5 95
3 6 71
3 7 88
3 8 5
3 9 76
3 10 77
4 0 80
4 1 17
4 2 83
4 3 60
4 5 47
4 6 35
4 7 79
4 8 76
4 9 43
4 10 75
5 0 48
5 1 17
5 2 67
5 3 7
5 4 89
5 6 66
5 7 90
5 8 82
5 9 25
5 10 45
6 0 85
6 1 78
6 2 48
6 3 9
6 4 25
6 5 56
6 7 47
6 8 87
6 9 79
6 10 32
7 0 27
7 1 63
7 2 10
7 3 93
7 4 77
7 5 21
7 6 71
7 8 16
7 9 87
7 10 54
8 0 56
8 1 53
8 2 82
8 3 50
8 4 62
8 5 75
8 6 33
8 7 78
8 9 91
8 10 54
9 0 11
9 1 4
9 2 51
9 3 79
9 4 58
9 5 47
9 6 68
9 7 31
9 8 15
9 10 68
10 0 55
10 1 90
10 2 51
10 3 60
10 4 43
10 5 67
10 6 25
10 7 76
10 8 92
10 9 99