10 2
26
26
24
63
49
35
9
85
94
13
0 1 55
0 2 43
0 3 29
0 4 1
0 5 92
0 6 73
0 7 47
0 8 3
0 9 27
0 10 42
1 1 12
1 2 91
1 3 26
1 4 20
1 5 20
1 6 9
1 7 68
1 8 15
1 9 64
1 10 28
2 1 46
2 2 7
2 3 1
2 4 40
2 5 7
2 6 6
2 7 40
2 8 83
2 9 11
2 10 69
3 1 64
3 2 18
3 3 50
3 4 20
3 5 78
3 6 32
3 7 86
3 8 41
3 9 52
3 10 69
4 1 8
4 2 6
4 3 18
4 4 19
4 5 2
4 6 38
4 7 20
4 8 48
4 9 23
4 10 23
5 1 75
5 2 61
5 3 72
5 4 82
5 5 68
5 6 91
5 7 32
5 8 74
5 9 92
5 10 67
6 1 78
6 2 21
6 3 68
6 4 24
6 5 92
6 6 37
6 7 4
6 8 32
6 9 57
6 10 65
7 1 22
7 2 1
7 3 56
7 4 1
7 5 89
7 6 34
7 7 75
7 8 82
7 9 30
7 10 73
8 1 49
8 2 29
8 3 80
8 4 80
8 5 62
8 6 4
8 7 62
8 8 93
8 9 78
8 10 47
9 1 76
9 2 21
9 3 9
9 4 84
9 5 96
9 6 36
9 7 9
9 8 25
9 9 14
9 10 97
10 1 63
10 2 17
10 3 97
10 4 44
10 5 33
10 6 82
10 7 74
10 8 51
10 9 68
10 10 59