10 2
93
29
9
32
14
39
44
22
21
11
0 1 44
0 2 26
0 3 8
0 4 77
0 5 96
0 6 39
0 7 86
0 8 38
0 9 76
0 10 39
1 1 6
1 2 92
1 3 3
1 4 42
1 5 68
1 6 70
1 7 78
1 8 53
1 9 24
1 10 6
2 1 18
2 2 54
2 3 94
2 4 36
2 5 87
2 6 37
2 7 20
2 8 57
2 9 77
2 10 8
3 1 4
3 2 39
3 3 80
3 4 80
3 5 66
3 6 6
3 7 53
3 8 65
3 9 2
3 10 64
4 1 59
4 2 65
4 3 8
4 4 26
4 5 70
4 6 40
4 7 14
4 8 62
4 9 10
4 10 54
5 1 27
5 2 24
5 3 76
5 4 98
5 5 53
5 6 8
5 7 27
5 8 35
5 9 37
5 10 82
6 1 73
6 2 48
6 3 82
6 4 34
6 5 38
6 6 58
6 7 41
6 8 94
6 9 76
6 10 21
7 1 84
7 2 92
7 3 86
7 4 6
7 5 63
7 6 42
7 7 12
7 8 60
7 9 57
7 10 52
8 1 45
8 2 79
8 3 46
8 4 66
8 5 29
8 6 56
8 7 81
8 8 70
8 9 3
8 10 75
9 1 86
9 2 64
9 3 46
9 4 55
9 5 56
9 6 94
9 7 37
9 8 21
9 9 79
9 10 83
10 1 69
10 2 1
10 3 62
10 4 1
10 5 59
10 6 25
10 7 41
10 8 68
10 9 85
10 10 32