10 2
55
33
41
46
22
94
18
64
18
8
0 1 81
0 2 88
0 3 34
0 4 18
0 5 2
0 6 98
0 7 15
0 8 78
0 9 35
0 10 85
1 1 98
1 2 77
1 3 59
1 4 66
1 5 91
1 6 76
1 7 57
1 8 64
1 9 93
1 10 96
2 1 3
2 2 76
2 3 88
2 4 81
2 5 82
2 6 57
2 7 12
2 8 26
2 9 22
2 10 68
3 1 18
3 2 15
3 3 33
3 4 19
3 5 19
3 6 42
3 7 95
3 8 27
3 9 27
3 10 58
4 1 68
4 2 2
4 3 78
4 4 83
4 5 68
4 6 9
4 7 23
4 8 96
4 9 93
4 10 58
5 1 37
5 2 80
5 3 48
5 4 2
5 5 69
5 6 27
5 7 4
5 8 7
5 9 89
5 10 34
6 1 1
6 2 15
6 3 65
6 4 46
6 5 58
6 6 66
6 7 84
6 8 18
6 9 15
6 10 3
7 1 58
7 2 66
7 3 22
7 4 44
7 5 50
7 6 52
7 7 37
7 8 67
7 9 57
7 10 45
8 1 73
8 2 38
8 3 55
8 4 67
8 5 40
8 6 33
8 7 71
8 8 27
8 9 81
8 10 91
9 1 81
9 2 66
9 3 57
9 4 37
9 5 75
9 6 63
9 7 69
9 8 17
9 9 23
9 10 50
10 1 10
10 2 65
10 3 55
10 4 99
10 5 7
10 6 92
10 7 3
10 8 38
10 9 55
10 10 66