100 2
7
17
12
90
88
73
20
95
29
20
33
28
36
64
30
63
56
29
81
96
59
90
99
64
15
60
1
1
98
49
19
85
38
88
33
14
66
57
99
54
53
50
43
71
20
4
16
60
34
7
72
38
15
23
1
93
5
63
77
34
42
79
50
18
43
14
26
85
81
46
68
53
8
89
97
97
23
88
80
64
27
9
82
4
56
39
78
5
34
79
85
4
61
95
56
98
43
17
30
60
0 1 50
0 2 96
0 3 22
0 4 79
0 5 30
0 6 75
0 7 10
0 8 24
0 9 60
0 10 76
0 11 82
0 12 38
0 13 60
0 14 75
0 15 7
0 16 66
0 17 26
0 18 78
0 19 81
0 20 4
0 21 73
0 22 17
0 23 11
0 24 78
0 25 13
0 26 46
0 27 21
0 28 43
0 29 71
0 30 58
0 31 44
0 32 99
0 33 12
0 34 80
0 35 80
0 36 44
0 37 12
0 38 30
0 39 57
0 40 59
0 41 41
0 42 97
0 43 1
0 44 70
0 45 43
0 46 47
0 47 82
0 48 71
0 49 80
0 50 63
0 51 8
0 52 12
0 53 76
0 54 25
0 55 36
0 56 85
0 57 84
0 58 42
0 59 10
0 60 91
0 61 10
0 62 97
0 63 56
0 64 70
0 65 51
0 66 5
0 67 29
0 68 11
0 69 39
0 70 33
0 71 91
0 72 12
0 73 42
0 74 68
0 75 38
0 76 34
0 77 19
0 78 7
0 79 86
0 80 78
0 81 75
0 82 87
0 83 10
0 84 55
0 85 54
0 86 80
0 87 33
0 88 53
0 89 54
0 90 1
0 91 16
0 92 3
0 93 46
0 94 84
0 95 77
0 96 53
0 97 79
0 98 2
0 99 20
0 100 60
1 1 35
1 2 23
1 3 96
1 4 80
1 5 73
1 6 4
1 7 56
1 8 19
1 9 64
1 10 24
1 11 97
1 12 82
1 13 17
1 14 4
1 15 85
1 16 88
1 17 87
1 18 19
1 19 98
1 20 6
1 21 61
1 22 65
1 23 72
1 24 29
1 25 98
1 26 27
1 27 84
1 28 73
1 29 80
1 30 87
1 31 27
1 32 84
1 33 59
1 34 63
1 35 56
1 36 30
1 37 72
1 38 17
1 39 99
1 40 29
1 41 32
1 42 18
1 43 23
1 44 19
1 45 20
1 46 20
1 47 33
1 48 53
1 49 64
1 50 50
1 51 92
1 52 98
1 53 71
1 54 41
1 55 89
1 56 58
1 57 10
1 58 16
1 59 59
1 60 3
1 61 16
1 62 85
1 63 33
1 64 28
1 65 22
1 66 13
1 67 11
1 68 9
1 69 31
1 70 20
1 71 15
1 72 5
1 73 82
1 74 5
1 75 83
1 76 69
1 77 67
1 78 88
1 79 99
1 80 83
1 81 52
1 82 80
1 83 55
1 84 16
1 85 65
1 86 61
1 87 38
1 88 90
1 89 52
1 90 41
1 91 42
1 92 39
1 93 35
1 94 78
1 95 48
1 96 42
1 97 13
1 98 17
1 99 37
1 100 8
2 1 13
2 2 24
2 3 67
2 4 97
2 5 61
2 6 57
2 7 76
2 8 27
2 9 92
2 10 90
2 11 21
2 12 68
2 13 21
2 14 97
2 15 73
2 16 51
2 17 74
2 18 48
2 19 85
2 20 57
2 21 47
2 22 59
2 23 21
2 24 96
2 25 92
2 26 27
2 27 90
2 28 51
2 29 72
2 30 68
2 31 25
2 32 54
2 33 34
2 34 90
2 35 5
2 36 66
2 37 52
2 38 69
2 39 98
2 40 65
2 41 80
2 42 78
2 43 25
2 44 52
2 45 68
2 46 46
2 47 26
2 48 38
2 49 68
2 50 91
2 51 21
2 52 91
2 53 91
2 54 76
2 55 69
2 56 22
2 57 10
2 58 90
2 59 82
2 60 48
2 61 70
2 62 33
2 63 36
2 64 56
2 65 8
2 66 25
2 67 58
2 68 55
2 69 65
2 70 18
2 71 31
2 72 35
2 73 46
2 74 10
2 75 72
2 76 27
2 77 56
2 78 94
2 79 77
2 80 58
2 81 28
2 82 97
2 83 63
2 84 46
2 85 87
2 86 44
2 87 81
2 88 67
2 89 16
2 90 23
2 91 83
2 92 71
2 93 24
2 94 72
2 95 61
2 96 66
2 97 91
2 98 17
2 99 41
2 100 38
3 1 23
3 2 61
3 3 19
3 4 34
3 5 78
3 6 86
3 7 20
3 8 10
3 9 86
3 10 81
3 11 47
3 12 61
3 13 38
3 14 61
3 15 9
3 16 86
3 17 74
3 18 76
3 19 77
3 20 1
3 21 42
3 22 86
3 23 84
3 24 48
3 25 40
3 26 86
3 27 20
3 28 8
3 29 21
3 30 17
3 31 38
3 32 91
3 33 85
3 34 75
3 35 92
3 36 45
3 37 65
3 38 97
3 39 91
3 40 33
3 41 59
3 42 96
3 43 49
3 44 83
3 45 41
3 46 40
3 47 6
3 48 11
3 49 74
3 50 89
3 51 86
3 52 9
3 53 65
3 54 13
3 55 33
3 56 53
3 57 97
3 58 41
3 59 30
3 60 75
3 61 61
3 62 58
3 63 68
3 64 13
3 65 4
3 66 84
3 67 12
3 68 65
3 69 35
3 70 5
3 71 59
3 72 71
3 73 87
3 74 49
3 75 73
3 76 45
3 77 29
3 78 10
3 79 89
3 80 92
3 81 62
3 82 86
3 83 49
3 84 15
3 85 52
3 86 55
3 87 39
3 88 67
3 89 96
3 90 23
3 91 18
3 92 15
3 93 94
3 94 88
3 95 69
3 96 79
3 97 69
3 98 36
3 99 22
3 100 17
4 1 87
4 2 39
4 3 39
4 4 59
4 5 72
4 6 16
4 7 86
4 8 39
4 9 39
4 10 95
4 11 19
4 12 55
4 13 90
4 14 72
4 15 90
4 16 62
4 17 14
4 18 63
4 19 26
4 20 82
4 21 27
4 22 85
4 23 50
4 24 4
4 25 53
4 26 76
4 27 78
4 28 71
4 29 9
4 30 22
4 31 55
4 32 25
4 33 76
4 34 13
4 35 68
4 36 51
4 37 75
4 38 55
4 39 67
4 40 42
4 41 38
4 42 64
4 43 45
4 44 12
4 45 34
4 46 90
4 47 85
4 48 95
4 49 55
4 50 70
4 51 15
4 52 22
4 53 94
4 54 33
4 55 14
4 56 63
4 57 5
4 58 84
4 59 67
4 60 67
4 61 5
4 62 50
4 63 18
4 64 18
4 65 74
4 66 77
4 67 2
4 68 13
4 69 14
4 70 2
4 71 11
4 72 99
4 73 75
4 74 14
4 75 25
4 76 89
4 77 61
4 78 25
4 79 96
4 80 73
4 81 33
4 82 58
4 83 46
4 84 60
4 85 51
4 86 11
4 87 68
4 88 73
4 89 36
4 90 96
4 91 89
4 92 7
4 93 51
4 94 97
4 95 37
4 96 56
4 97 93
4 98 80
4 99 6
4 100 61
5 1 25
5 2 25
5 3 43
5 4 29
5 5 65
5 6 67
5 7 33
5 8 32
5 9 33
5 10 17
5 11 48
5 12 56
5 13 35
5 14 31
5 15 19
5 16 23
5 17 48
5 18 87
5 19 37
5 20 71
5 21 16
5 22 36
5 23 93
5 24 88
5 25 61
5 26 49
5 27 51
5 28 2
5 29 46
5 30 27
5 31 73
5 32 93
5 33 85
5 34 45
5 35 94
5 36 88
5 37 63
5 38 36
5 39 97
5 40 34
5 41 80
5 42 58
5 43 36
5 44 61
5 45 52
5 46 8
5 47 86
5 48 28
5 49 35
5 50 51
5 51 32
5 52 1
5 53 59
5 54 59
5 55 28
5 56 46
5 57 39
5 58 94
5 59 61
5 60 22
5 61 65
5 62 44
5 63 7
5 64 38
5 65 16
5 66 73
5 67 43
5 68 22
5 69 55
5 70 69
5 71 78
5 72 72
5 73 21
5 74 25
5 75 19
5 76 65
5 77 60
5 78 84
5 79 62
5 80 1
5 81 51
5 82 46
5 83 7
5 84 78
5 85 54
5 86 34
5 87 97
5 88 18
5 89 90
5 90 64
5 91 69
5 92 83
5 93 40
5 94 51
5 95 86
5 96 82
5 97 6
5 98 85
5 99 62
5 100 1
6 1 81
6 2 16
6 3 28
6 4 16
6 5 30
6 6 47
6 7 35
6 8 36
6 9 96
6 10 73
6 11 38
6 12 34
6 13 97
6 14 4
6 15 30
6 16 52
6 17 79
6 18 78
6 19 79
6 20 1
6 21 53
6 22 51
6 23 10
6 24 53
6 25 90
6 26 33
6 27 52
6 28 28
6 29 71
6 30 67
6 31 23
6 32 10
6 33 66
6 34 10
6 35 85
6 36 83
6 37 72
6 38 3
6 39 68
6 40 30
6 41 78
6 42 75
6 43 92
6 44 45
6 45 33
6 46 89
6 47 97
6 48 42
6 49 50
6 50 63
6 51 2
6 52 70
6 53 52
6 54 72
6 55 51
6 56 44
6 57 63
6 58 53
6 59 24
6 60 76
6 61 79
6 62 41
6 63 3
6 64 18
6 65 54
6 66 8
6 67 53
6 68 81
6 69 20
6 70 37
6 71 51
6 72 48
6 73 76
6 74 6
6 75 32
6 76 93
6 77 1
6 78 85
6 79 79
6 80 64
6 81 87
6 82 74
6 83 51
6 84 66
6 85 73
6 86 44
6 87 83
6 88 12
6 89 77
6 90 90
6 91 53
6 92 52
6 93 78
6 94 4
6 95 32
6 96 30
6 97 50
6 98 26
6 99 59
6 100 11
7 1 35
7 2 30
7 3 94
7 4 8
7 5 70
7 6 92
7 7 31
7 8 58
7 9 19
7 10 66
7 11 28
7 12 47
7 13 49
7 14 71
7 15 12
7 16 31
7 17 3
7 18 82
7 19 31
7 20 86
7 21 40
7 22 42
7 23 90
7 24 41
7 25 61
7 26 12
7 27 68
7 28 59
7 29 77
7 30 26
7 31 10
7 32 31
7 33 1
7 34 85
7 35 29
7 36 88
7 37 9
7 38 79
7 39 51
7 40 97
7 41 93
7 42 30
7 43 60
7 44 53
7 45 2
7 46 18
7 47 17
7 48 87
7 49 38
7 50 10
7 51 76
7 52 87
7 53 57
7 54 79
7 55 94
7 56 62
7 57 62
7 58 57
7 59 40
7 60 83
7 61 90
7 62 62
7 63 2
7 64 37
7 65 20
7 66 28
7 67 89
7 68 83
7 69 4
7 70 32
7 71 31
7 72 47
7 73 39
7 74 63
7 75 31
7 76 60
7 77 67
7 78 46
7 79 81
7 80 6
7 81 38
7 82 44
7 83 2
7 84 16
7 85 93
7 86 44
7 87 51
7 88 33
7 89 8
7 90 89
7 91 71
7 92 64
7 93 46
7 94 7
7 95 11
7 96 3
7 97 23
7 98 3
7 99 46
7 100 63
8 1 14
8 2 17
8 3 82
8 4 21
8 5 96
8 6 69
8 7 7
8 8 19
8 9 74
8 10 98
8 11 21
8 12 42
8 13 97
8 14 95
8 15 7
8 16 11
8 17 85
8 18 97
8 19 13
8 20 99
8 21 35
8 22 8
8 23 17
8 24 95
8 25 65
8 26 90
8 27 26
8 28 4
8 29 71
8 30 39
8 31 70
8 32 91
8 33 94
8 34 94
8 35 38
8 36 94
8 37 84
8 38 30
8 39 63
8 40 6
8 41 13
8 42 37
8 43 39
8 44 23
8 45 33
8 46 92
8 47 95
8 48 80
8 49 60
8 50 11
8 51 42
8 52 55
8 53 70
8 54 90
8 55 30
8 56 50
8 57 42
8 58 15
8 59 15
8 60 15
8 61 10
8 62 73
8 63 54
8 64 35
8 65 85
8 66 99
8 67 54
8 68 17
8 69 27
8 70 27
8 71 51
8 72 59
8 73 20
8 74 31
8 75 44
8 76 63
8 77 19
8 78 60
8 79 63
8 80 36
8 81 83
8 82 71
8 83 65
8 84 82
8 85 87
8 86 39
8 87 93
8 88 79
8 89 69
8 90 40
8 91 46
8 92 53
8 93 1
8 94 32
8 95 89
8 96 24
8 97 30
8 98 79
8 99 78
8 100 48
9 1 40
9 2 2
9 3 17
9 4 93
9 5 32
9 6 63
9 7 68
9 8 12
9 9 93
9 10 34
9 11 97
9 12 54
9 13 26
9 14 64
9 15 38
9 16 64
9 17 64
9 18 77
9 19 87
9 20 90
9 21 85
9 22 24
9 23 67
9 24 44
9 25 20
9 26 54
9 27 82
9 28 76
9 29 92
9 30 52
9 31 38
9 32 5
9 33 94
9 34 5
9 35 39
9 36 56
9 37 46
9 38 40
9 39 78
9 40 21
9 41 91
9 42 43
9 43 71
9 44 55
9 45 38
9 46 48
9 47 39
9 48 27
9 49 64
9 50 26
9 51 16
9 52 87
9 53 55
9 54 3
9 55 40
9 56 49
9 57 53
9 58 94
9 59 67
9 60 54
9 61 91
9 62 96
9 63 10
9 64 66
9 65 99
9 66 38
9 67 45
9 68 17
9 69 39
9 70 6
9 71 21
9 72 67
9 73 33
9 74 47
9 75 62
9 76 46
9 77 82
9 78 64
9 79 75
9 80 62
9 81 63
9 82 79
9 83 12
9 84 93
9 85 18
9 86 68
9 87 95
9 88 42
9 89 16
9 90 49
9 91 94
9 92 29
9 93 79
9 94 89
9 95 26
9 96 17
9 97 92
9 98 88
9 99 43
9 100 36
10 1 58
10 2 85
10 3 89
10 4 40
10 5 64
10 6 37
10 7 60
10 8 88
10 9 28
10 10 38
10 11 12
10 12 53
10 13 73
10 14 51
10 15 77
10 16 29
10 17 71
10 18 68
10 19 45
10 20 94
10 21 20
10 22 37
10 23 23
10 24 43
10 25 23
10 26 34
10 27 61
10 28 16
10 29 17
10 30 96
10 31 29
10 32 99
10 33 18
10 34 34
10 35 50
10 36 74
10 37 16
10 38 70
10 39 99
10 40 5
10 41 75
10 42 22
10 43 22
10 44 8
10 45 50
10 46 44
10 47 59
10 48 67
10 49 7
10 50 81
10 51 69
10 52 1
10 53 45
10 54 95
10 55 85
10 56 74
10 57 86
10 58 18
10 59 79
10 60 19
10 61 52
10 62 79
10 63 94
10 64 40
10 65 71
10 66 55
10 67 70
10 68 67
10 69 17
10 70 19
10 71 6
10 72 96
10 73 37
10 74 80
10 75 71
10 76 33
10 77 35
10 78 23
10 79 94
10 80 10
10 81 43
10 82 2
10 83 82
10 84 17
10 85 62
10 86 23
10 87 10
10 88 3
10 89 61
10 90 90
10 91 86
10 92 48
10 93 77
10 94 7
10 95 92
10 96 52
10 97 29
10 98 37
10 99 93
10 100 60
11 1 13
11 2 9
11 3 24
11 4 97
11 5 86
11 6 60
11 7 29
11 8 83
11 9 65
11 10 56
11 11 89
11 12 6
11 13 54
11 14 82
11 15 97
11 16 48
11 17 35
11 18 51
11 19 20
11 20 35
11 21 73
11 22 45
11 23 7
11 24 44
11 25 54
11 26 70
11 27 79
11 28 25
11 29 39
11 30 5
11 31 89
11 32 49
11 33 43
11 34 97
11 35 58
11 36 72
11 37 38
11 38 40
11 39 90
11 40 81
11 41 29
11 42 7
11 43 17
11 44 1
11 45 62
11 46 24
11 47 70
11 48 77
11 49 21
11 50 38
11 51 98
11 52 22
11 53 5
11 54 66
11 55 3
11 56 26
11 57 45
11 58 11
11 59 24
11 60 24
11 61 33
11 62 20
11 63 1
11 64 69
11 65 56
11 66 52
11 67 11
11 68 32
11 69 98
11 70 80
11 71 28
11 72 19
11 73 89
11 74 33
11 75 32
11 76 25
11 77 93
11 78 35
11 79 87
11 80 95
11 81 82
11 82 29
11 83 44
11 84 89
11 85 73
11 86 43
11 87 75
11 88 57
11 89 8
11 90 39
11 91 92
11 92 54
11 93 8
11 94 48
11 95 58
11 96 22
11 97 65
11 98 54
11 99 41
11 100 42
12 1 2
12 2 67
12 3 97
12 4 15
12 5 32
12 6 65
12 7 33
12 8 24
12 9 49
12 10 22
12 11 53
12 12 1
12 13 56
12 14 10
12 15 71
12 16 49
12 17 36
12 18 91
12 19 15
12 20 57
12 21 36
12 22 13
12 23 83
12 24 70
12 25 48
12 26 10
12 27 11
12 28 27
12 29 14
12 30 4
12 31 61
12 32 11
12 33 77
12 34 40
12 35 4
12 36 98
12 37 79
12 38 32
12 39 29
12 40 46
12 41 2
12 42 3
12 43 25
12 44 84
12 45 20
12 46 54
12 47 22
12 48 34
12 49 6
12 50 97
12 51 20
12 52 36
12 53 51
12 54 72
12 55 92
12 56 91
12 57 68
12 58 50
12 59 53
12 60 83
12 61 14
12 62 16
12 63 13
12 64 90
12 65 51
12 66 80
12 67 66
12 68 50
12 69 49
12 70 98
12 71 31
12 72 38
12 73 60
12 74 92
12 75 55
12 76 52
12 77 73
12 78 8
12 79 28
12 80 31
12 81 80
12 82 88
12 83 25
12 84 41
12 85 20
12 86 19
12 87 79
12 88 8
12 89 88
12 90 77
12 91 29
12 92 60
12 93 17
12 94 30
12 95 7
12 96 20
12 97 3
12 98 25
12 99 27
12 100 32
13 1 34
13 2 12
13 3 11
13 4 84
13 5 71
13 6 32
13 7 39
13 8 80
13 9 91
13 10 38
13 11 39
13 12 15
13 13 3
13 14 58
13 15 86
13 16 2
13 17 14
13 18 56
13 19 78
13 20 85
13 21 80
13 22 53
13 23 45
13 24 25
13 25 18
13 26 34
13 27 90
13 28 85
13 29 40
13 30 17
13 31 62
13 32 50
13 33 42
13 34 35
13 35 74
13 36 38
13 37 8
13 38 22
13 39 50
13 40 9
13 41 29
13 42 31
13 43 65
13 44 78
13 45 52
13 46 85
13 47 97
13 48 98
13 49 28
13 50 33
13 51 44
13 52 56
13 53 98
13 54 32
13 55 86
13 56 60
13 57 94
13 58 52
13 59 29
13 60 88
13 61 30
13 62 45
13 63 11
13 64 62
13 65 25
13 66 95
13 67 45
13 68 42
13 69 79
13 70 15
13 71 77
13 72 32
13 73 45
13 74 89
13 75 95
13 76 49
13 77 96
13 78 4
13 79 55
13 80 98
13 81 44
13 82 12
13 83 72
13 84 92
13 85 37
13 86 1
13 87 94
13 88 26
13 89 34
13 90 58
13 91 90
13 92 3
13 93 24
13 94 40
13 95 55
13 96 68
13 97 55
13 98 88
13 99 48
13 100 49
14 1 60
14 2 93
14 3 23
14 4 22
14 5 91
14 6 14
14 7 69
14 8 26
14 9 63
14 10 50
14 11 96
14 12 6
14 13 70
14 14 48
14 15 94
14 16 94
14 17 73
14 18 67
14 19 33
14 20 18
14 21 26
14 22 83
14 23 77
14 24 12
14 25 5
14 26 1
14 27 26
14 28 43
14 29 53
14 30 45
14 31 13
14 32 53
14 33 69
14 34 52
14 35 30
14 36 94
14 37 62
14 38 80
14 39 53
14 40 23
14 41 67
14 42 51
14 43 52
14 44 88
14 45 22
14 46 40
14 47 53
14 48 45
14 49 2
14 50 30
14 51 58
14 52 98
14 53 19
14 54 32
14 55 37
14 56 83
14 57 14
14 58 72
14 59 61
14 60 9
14 61 21
14 62 17
14 63 16
14 64 14
14 65 32
14 66 33
14 67 5
14 68 64
14 69 66
14 70 29
14 71 33
14 72 97
14 73 48
14 74 38
14 75 5
14 76 50
14 77 67
14 78 76
14 79 54
14 80 99
14 81 70
14 82 20
14 83 95
14 84 88
14 85 13
14 86 46
14 87 29
14 88 68
14 89 92
14 90 45
14 91 94
14 92 33
14 93 22
14 94 28
14 95 84
14 96 49
14 97 7
14 98 33
14 99 96
14 100 3
15 1 39
15 2 36
15 3 12
15 4 85
15 5 51
15 6 36
15 7 65
15 8 89
15 9 85
15 10 53
15 11 27
15 12 61
15 13 35
15 14 69
15 15 29
15 16 31
15 17 37
15 18 5
15 19 33
15 20 81
15 21 50
15 22 92
15 23 19
15 24 59
15 25 22
15 26 78
15 27 37
15 28 39
15 29 80
15 30 44
15 31 28
15 32 44
15 33 81
15 34 99
15 35 86
15 36 99
15 37 60
15 38 54
15 39 76
15 40 92
15 41 74
15 42 33
15 43 33
15 44 96
15 45 40
15 46 87
15 47 43
15 48 74
15 49 69
15 50 26
15 51 46
15 52 37
15 53 97
15 54 82
15 55 48
15 56 45
15 57 60
15 58 87
15 59 21
15 60 93
15 61 65
15 62 89
15 63 12
15 64 10
15 65 11
15 66 13
15 67 46
15 68 40
15 69 35
15 70 77
15 71 63
15 72 51
15 73 95
15 74 46
15 75 99
15 76 17
15 77 62
15 78 87
15 79 62
15 80 83
15 81 33
15 82 30
15 83 5
15 84 39
15 85 19
15 86 40
15 87 93
15 88 7
15 89 92
15 90 88
15 91 67
15 92 2
15 93 49
15 94 2
15 95 50
15 96 70
15 97 34
15 98 50
15 99 85
15 100 31
16 1 49
16 2 58
16 3 90
16 4 87
16 5 16
16 6 7
16 7 53
16 8 74
16 9 16
16 10 44
16 11 75
16 12 96
16 13 49
16 14 49
16 15 14
16 16 55
16 17 82
16 18 21
16 19 74
16 20 26
16 21 5
16 22 86
16 23 1
16 24 76
16 25 11
16 26 48
16 27 64
16 28 24
16 29 34
16 30 38
16 31 3
16 32 18
16 33 15
16 34 23
16 35 1
16 36 26
16 37 88
16 38 54
16 39 35
16 40 36
16 41 14
16 42 11
16 43 2
16 44 23
16 45 78
16 46 60
16 47 68
16 48 34
16 49 67
16 50 64
16 51 2
16 52 28
16 53 13
16 54 22
16 55 73
16 56 96
16 57 73
16 58 38
16 59 68
16 60 35
16 61 93
16 62 31
16 63 52
16 64 34
16 65 94
16 66 12
16 67 62
16 68 46
16 69 59
16 70 10
16 71 81
16 72 16
16 73 49
16 74 8
16 75 51
16 76 75
16 77 41
16 78 74
16 79 72
16 80 70
16 81 12
16 82 36
16 83 97
16 84 11
16 85 44
16 86 72
16 87 5
16 88 88
16 89 96
16 90 17
16 91 79
16 92 90
16 93 7
16 94 89
16 95 81
16 96 68
16 97 21
16 98 56
16 99 31
16 100 30
17 1 75
17 2 31
17 3 24
17 4 60
17 5 94
17 6 39
17 7 26
17 8 29
17 9 69
17 10 91
17 11 43
17 12 4
17 13 98
17 14 37
17 15 30
17 16 82
17 17 37
17 18 66
17 19 27
17 20 70
17 21 77
17 22 85
17 23 96
17 24 12
17 25 29
17 26 9
17 27 6
17 28 86
17 29 61
17 30 69
17 31 36
17 32 8
17 33 48
17 34 56
17 35 54
17 36 35
17 37 23
17 38 69
17 39 35
17 40 11
17 41 56
17 42 33
17 43 36
17 44 31
17 45 50
17 46 7
17 47 94
17 48 90
17 49 1
17 50 32
17 51 74
17 52 7
17 53 3
17 54 40
17 55 18
17 56 95
17 57 78
17 58 78
17 59 19
17 60 71
17 61 48
17 62 91
17 63 13
17 64 75
17 65 74
17 66 70
17 67 48
17 68 30
17 69 64
17 70 62
17 71 62
17 72 92
17 73 66
17 74 15
17 75 11
17 76 19
17 77 22
17 78 21
17 79 61
17 80 38
17 81 36
17 82 90
17 83 73
17 84 12
17 85 63
17 86 55
17 87 7
17 88 83
17 89 96
17 90 11
17 91 15
17 92 6
17 93 23
17 94 39
17 95 74
17 96 27
17 97 31
17 98 64
17 99 78
17 100 1
18 1 95
18 2 25
18 3 98
18 4 83
18 5 12
18 6 67
18 7 86
18 8 5
18 9 99
18 10 75
18 11 59
18 12 57
18 13 49
18 14 67
18 15 58
18 16 98
18 17 85
18 18 80
18 19 39
18 20 45
18 21 21
18 22 86
18 23 63
18 24 90
18 25 18
18 26 65
18 27 51
18 28 59
18 29 76
18 30 79
18 31 23
18 32 90
18 33 37
18 34 68
18 35 67
18 36 87
18 37 97
18 38 7
18 39 50
18 40 46
18 41 34
18 42 25
18 43 9
18 44 80
18 45 84
18 46 62
18 47 16
18 48 32
18 49 47
18 50 25
18 51 51
18 52 16
18 53 3
18 54 9
18 55 49
18 56 1
18 57 24
18 58 26
18 59 53
18 60 51
18 61 15
18 62 53
18 63 60
18 64 91
18 65 3
18 66 57
18 67 57
18 68 75
18 69 21
18 70 25
18 71 90
18 72 32
18 73 44
18 74 64
18 75 23
18 76 87
18 77 56
18 78 53
18 79 50
18 80 31
18 81 18
18 82 65
18 83 10
18 84 64
18 85 28
18 86 95
18 87 78
18 88 89
18 89 96
18 90 11
18 91 17
18 92 87
18 93 12
18 94 64
18 95 54
18 96 54
18 97 29
18 98 75
18 99 60
18 100 50
19 1 27
19 2 40
19 3 31
19 4 21
19 5 48
19 6 80
19 7 58
19 8 32
19 9 30
19 10 3
19 11 32
19 12 98
19 13 25
19 14 6
19 15 73
19 16 62
19 17 22
19 18 85
19 19 5
19 20 54
19 21 31
19 22 99
19 23 85
19 24 42
19 25 28
19 26 58
19 27 42
19 28 60
19 29 71
19 30 17
19 31 97
19 32 28
19 33 61
19 34 87
19 35 56
19 36 47
19 37 10
19 38 33
19 39 35
19 40 70
19 41 27
19 42 75
19 43 39
19 44 6
19 45 77
19 46 6
19 47 96
19 48 90
19 49 9
19 50 63
19 51 2
19 52 11
19 53 52
19 54 58
19 55 6
19 56 85
19 57 18
19 58 93
19 59 59
19 60 64
19 61 26
19 62 45
19 63 30
19 64 17
19 65 90
19 66 47
19 67 20
19 68 81
19 69 98
19 70 68
19 71 75
19 72 99
19 73 44
19 74 76
19 75 76
19 76 65
19 77 46
19 78 85
19 79 24
19 80 19
19 81 97
19 82 62
19 83 61
19 84 69
19 85 24
19 86 86
19 87 13
19 88 11
19 89 73
19 90 93
19 91 2
19 92 50
19 93 89
19 94 12
19 95 61
19 96 98
19 97 48
19 98 63
19 99 67
19 100 51
20 1 83
20 2 87
20 3 42
20 4 15
20 5 43
20 6 95
20 7 49
20 8 74
20 9 93
20 10 33
20 11 26
20 12 2
20 13 57
20 14 23
20 15 51
20 16 79
20 17 71
20 18 30
20 19 5
20 20 29
20 21 47
20 22 19
20 23 61
20 24 16
20 25 26
20 26 23
20 27 76
20 28 72
20 29 33
20 30 78
20 31 83
20 32 71
20 33 43
20 34 8
20 35 40
20 36 37
20 37 54
20 38 63
20 39 16
20 40 38
20 41 41
20 42 11
20 43 11
20 44 76
20 45 1
20 46 10
20 47 25
20 48 2
20 49 32
20 50 18
20 51 72
20 52 76
20 53 18
20 54 82
20 55 39
20 56 7
20 57 81
20 58 41
20 59 75
20 60 35
20 61 97
20 62 2
20 63 1
20 64 40
20 65 34
20 66 69
20 67 63
20 68 53
20 69 65
20 70 77
20 71 89
20 72 16
20 73 12
20 74 86
20 75 78
20 76 79
20 77 61
20 78 59
20 79 76
20 80 15
20 81 59
20 82 46
20 83 89
20 84 89
20 85 31
20 86 72
20 87 13
20 88 59
20 89 92
20 90 23
20 91 2
20 92 77
20 93 77
20 94 74
20 95 81
20 96 19
20 97 88
20 98 48
20 99 34
20 100 92
21 1 98
21 2 23
21 3 9
21 4 92
21 5 65
21 6 94
21 7 44
21 8 47
21 9 9
21 10 2
21 11 56
21 12 91
21 13 67
21 14 12
21 15 40
21 16 49
21 17 65
21 18 97
21 19 97
21 20 11
21 21 40
21 22 73
21 23 54
21 24 82
21 25 6
21 26 10
21 27 76
21 28 27
21 29 8
21 30 80
21 31 32
21 32 44
21 33 31
21 34 96
21 35 60
21 36 64
21 37 72
21 38 85
21 39 63
21 40 75
21 41 2
21 42 79
21 43 10
21 44 37
21 45 83
21 46 92
21 47 70
21 48 91
21 49 23
21 50 85
21 51 50
21 52 32
21 53 38
21 54 34
21 55 27
21 56 43
21 57 9
21 58 2
21 59 1
21 60 72
21 61 41
21 62 72
21 63 62
21 64 74
21 65 6
21 66 13
21 67 66
21 68 51
21 69 16
21 70 37
21 71 91
21 72 26
21 73 60
21 74 59
21 75 12
21 76 86
21 77 21
21 78 75
21 79 97
21 80 2
21 81 62
21 82 67
21 83 85
21 84 40
21 85 17
21 86 92
21 87 10
21 88 94
21 89 77
21 90 97
21 91 24
21 92 6
21 93 2
21 94 31
21 95 54
21 96 61
21 97 23
21 98 1
21 99 49
21 100 75
22 1 71
22 2 59
22 3 14
22 4 82
22 5 98
22 6 41
22 7 28
22 8 34
22 9 47
22 10 95
22 11 57
22 12 31
22 13 74
22 14 87
22 15 68
22 16 6
22 17 95
22 18 43
22 19 13
22 20 80
22 21 79
22 22 34
22 23 8
22 24 77
22 25 85
22 26 77
22 27 86
22 28 46
22 29 15
22 30 8
22 31 96
22 32 65
22 33 65
22 34 23
22 35 43
22 36 87
22 37 28
22 38 38
22 39 45
22 40 3
22 41 25
22 42 42
22 43 53
22 44 22
22 45 88
22 46 44
22 47 47
22 48 51
22 49 16
22 50 47
22 51 13
22 52 67
22 53 57
22 54 61
22 55 19
22 56 52
22 57 85
22 58 94
22 59 30
22 60 69
22 61 23
22 62 9
22 63 43
22 64 53
22 65 14
22 66 12
22 67 69
22 68 2
22 69 36
22 70 1
22 71 91
22 72 42
22 73 33
22 74 51
22 75 72
22 76 33
22 77 15
22 78 34
22 79 25
22 80 28
22 81 3
22 82 36
22 83 57
22 84 88
22 85 52
22 86 11
22 87 37
22 88 98
22 89 4
22 90 77
22 91 92
22 92 69
22 93 45
22 94 99
22 95 95
22 96 52
22 97 53
22 98 56
22 99 89
22 100 18
23 1 90
23 2 89
23 3 27
23 4 24
23 5 13
23 6 35
23 7 99
23 8 65
23 9 83
23 10 7
23 11 87
23 12 55
23 13 2
23 14 96
23 15 64
23 16 4
23 17 29
23 18 32
23 19 72
23 20 81
23 21 75
23 22 15
23 23 6
23 24 24
23 25 95
23 26 66
23 27 74
23 28 20
23 29 60
23 30 34
23 31 1
23 32 76
23 33 24
23 34 80
23 35 69
23 36 26
23 37 33
23 38 95
23 39 25
23 40 47
23 41 96
23 42 82
23 43 66
23 44 39
23 45 26
23 46 13
23 47 5
23 48 49
23 49 35
23 50 20
23 51 57
23 52 57
23 53 25
23 54 44
23 55 41
23 56 67
23 57 74
23 58 2
23 59 34
23 60 21
23 61 4
23 62 46
23 63 90
23 64 61
23 65 27
23 66 49
23 67 96
23 68 50
23 69 91
23 70 21
23 71 32
23 72 5
23 73 49
23 74 95
23 75 89
23 76 88
23 77 77
23 78 7
23 79 80
23 80 38
23 81 72
23 82 64
23 83 82
23 84 63
23 85 1
23 86 7
23 87 13
23 88 69
23 89 9
23 90 80
23 91 18
23 92 90
23 93 72
23 94 62
23 95 99
23 96 41
23 97 41
23 98 64
23 99 74
23 100 75
24 1 33
24 2 93
24 3 37
24 4 3
24 5 44
24 6 86
24 7 50
24 8 39
24 9 16
24 10 33
24 11 65
24 12 55
24 13 41
24 14 19
24 15 58
24 16 51
24 17 62
24 18 11
24 19 85
24 20 36
24 21 26
24 22 94
24 23 71
24 24 90
24 25 14
24 26 50
24 27 69
24 28 43
24 29 40
24 30 28
24 31 98
24 32 48
24 33 94
24 34 10
24 35 93
24 36 12
24 37 55
24 38 7
24 39 80
24 40 92
24 41 69
24 42 84
24 43 20
24 44 87
24 45 73
24 46 79
24 47 65
24 48 50
24 49 5
24 50 71
24 51 33
24 52 10
24 53 13
24 54 9
24 55 75
24 56 45
24 57 18
24 58 12
24 59 7
24 60 21
24 61 27
24 62 65
24 63 7
24 64 90
24 65 71
24 66 15
24 67 49
24 68 24
24 69 49
24 70 92
24 71 92
24 72 96
24 73 86
24 74 99
24 75 51
24 76 63
24 77 60
24 78 59
24 79 38
24 80 86
24 81 1
24 82 63
24 83 37
24 84 59
24 85 37
24 86 43
24 87 11
24 88 85
24 89 87
24 90 74
24 91 23
24 92 42
24 93 98
24 94 20
24 95 34
24 96 21
24 97 24
24 98 45
24 99 36
24 100 59
25 1 18
25 2 95
25 3 93
25 4 89
25 5 70
25 6 43
25 7 19
25 8 34
25 9 53
25 10 74
25 11 14
25 12 49
25 13 54
25 14 78
25 15 79
25 16 98
25 17 80
25 18 57
25 19 9
25 20 45
25 21 58
25 22 9
25 23 95
25 24 59
25 25 37
25 26 77
25 27 19
25 28 32
25 29 71
25 30 30
25 31 59
25 32 44
25 33 13
25 34 61
25 35 44
25 36 74
25 37 89
25 38 62
25 39 89
25 40 70
25 41 53
25 42 13
25 43 53
25 44 91
25 45 20
25 46 15
25 47 37
25 48 41
25 49 85
25 50 78
25 51 31
25 52 63
25 53 2
25 54 55
25 55 90
25 56 77
25 57 99
25 58 91
25 59 90
25 60 56
25 61 96
25 62 35
25 63 43
25 64 7
25 65 12
25 66 45
25 67 68
25 68 57
25 69 52
25 70 17
25 71 40
25 72 71
25 73 95
25 74 24
25 75 19
25 76 42
25 77 21
25 78 44
25 79 96
25 80 96
25 81 80
25 82 55
25 83 52
25 84 11
25 85 5
25 86 5
25 87 97
25 88 2
25 89 67
25 90 91
25 91 53
25 92 20
25 93 18
25 94 41
25 95 77
25 96 32
25 97 87
25 98 48
25 99 82
25 100 56
26 1 89
26 2 20
26 3 2
26 4 22
26 5 49
26 6 77
26 7 20
26 8 49
26 9 59
26 10 82
26 11 1
26 12 93
26 13 31
26 14 52
26 15 33
26 16 89
26 17 28
26 18 32
26 19 44
26 20 89
26 21 92
26 22 69
26 23 86
26 24 85
26 25 46
26 26 36
26 27 2
26 28 47
26 29 53
26 30 86
26 31 53
26 32 39
26 33 48
26 34 83
26 35 54
26 36 2
26 37 35
26 38 39
26 39 72
26 40 50
26 41 24
26 42 4
26 43 79
26 44 47
26 45 6
26 46 3
26 47 28
26 48 95
26 49 34
26 50 21
26 51 44
26 52 4
26 53 71
26 54 78
26 55 31
26 56 1
26 57 22
26 58 76
26 59 4
26 60 4
26 61 21
26 62 35
26 63 73
26 64 48
26 65 95
26 66 3
26 67 81
26 68 65
26 69 53
26 70 6
26 71 70
26 72 97
26 73 39
26 74 80
26 75 43
26 76 23
26 77 15
26 78 77
26 79 37
26 80 2
26 81 68
26 82 95
26 83 45
26 84 49
26 85 33
26 86 23
26 87 48
26 88 65
26 89 13
26 90 16
26 91 29
26 92 87
26 93 56
26 94 51
26 95 11
26 96 98
26 97 95
26 98 12
26 99 2
26 100 89
27 1 14
27 2 29
27 3 36
27 4 76
27 5 72
27 6 16
27 7 87
27 8 5
27 9 6
27 10 49
27 11 54
27 12 60
27 13 1
27 14 78
27 15 47
27 16 75
27 17 12
27 18 18
27 19 16
27 20 57
27 21 54
27 22 24
27 23 27
27 24 72
27 25 26
27 26 28
27 27 85
27 28 67
27 29 43
27 30 35
27 31 16
27 32 91
27 33 9
27 34 17
27 35 44
27 36 76
27 37 52
27 38 27
27 39 74
27 40 32
27 41 99
27 42 71
27 43 93
27 44 74
27 45 45
27 46 58
27 47 5
27 48 21
27 49 47
27 50 39
27 51 17
27 52 95
27 53 16
27 54 3
27 55 77
27 56 42
27 57 47
27 58 76
27 59 10
27 60 27
27 61 91
27 62 40
27 63 98
27 64 68
27 65 37
27 66 63
27 67 47
27 68 4
27 69 44
27 70 6
27 71 34
27 72 48
27 73 3
27 74 22
27 75 38
27 76 36
27 77 78
27 78 29
27 79 12
27 80 91
27 81 46
27 82 55
27 83 53
27 84 46
27 85 70
27 86 95
27 87 92
27 88 7
27 89 50
27 90 55
27 91 84
27 92 6
27 93 14
27 94 27
27 95 12
27 96 26
27 97 66
27 98 5
27 99 5
27 100 12
28 1 47
28 2 41
28 3 27
28 4 66
28 5 39
28 6 96
28 7 64
28 8 65
28 9 32
28 10 23
28 11 87
28 12 45
28 13 2
28 14 99
28 15 39
28 16 52
28 17 61
28 18 66
28 19 1
28 20 65
28 21 36
28 22 36
28 23 9
28 24 33
28 25 63
28 26 56
28 27 8
28 28 25
28 29 74
28 30 29
28 31 31
28 32 89
28 33 48
28 34 23
28 35 30
28 36 59
28 37 60
28 38 43
28 39 69
28 40 20
28 41 17
28 42 51
28 43 96
28 44 11
28 45 29
28 46 52
28 47 13
28 48 9
28 49 42
28 50 37
28 51 71
28 52 4
28 53 67
28 54 71
28 55 8
28 56 52
28 57 75
28 58 29
28 59 63
28 60 41
28 61 25
28 62 41
28 63 17
28 64 70
28 65 4
28 66 62
28 67 79
28 68 27
28 69 48
28 70 84
28 71 43
28 72 82
28 73 40
28 74 5
28 75 73
28 76 84
28 77 82
28 78 87
28 79 97
28 80 81
28 81 18
28 82 84
28 83 85
28 84 94
28 85 34
28 86 29
28 87 55
28 88 50
28 89 15
28 90 93
28 91 12
28 92 81
28 93 87
28 94 72
28 95 85
28 96 81
28 97 96
28 98 43
28 99 31
28 100 46
29 1 11
29 2 82
29 3 7
29 4 93
29 5 18
29 6 96
29 7 34
29 8 48
29 9 95
29 10 87
29 11 96
29 12 70
29 13 13
29 14 21
29 15 78
29 16 79
29 17 16
29 18 28
29 19 54
29 20 7
29 21 19
29 22 50
29 23 72
29 24 28
29 25 5
29 26 36
29 27 78
29 28 30
29 29 46
29 30 96
29 31 76
29 32 5
29 33 48
29 34 9
29 35 82
29 36 21
29 37 7
29 38 35
29 39 89
29 40 5
29 41 33
29 42 92
29 43 83
29 44 12
29 45 76
29 46 39
29 47 94
29 48 7
29 49 6
29 50 93
29 51 7
29 52 25
29 53 27
29 54 92
29 55 83
29 56 68
29 57 56
29 58 62
29 59 82
29 60 23
29 61 30
29 62 47
29 63 65
29 64 68
29 65 73
29 66 78
29 67 79
29 68 40
29 69 90
29 70 43
29 71 92
29 72 32
29 73 44
29 74 78
29 75 72
29 76 54
29 77 15
29 78 46
29 79 59
29 80 92
29 81 36
29 82 24
29 83 32
29 84 97
29 85 72
29 86 15
29 87 73
29 88 87
29 89 28
29 90 87
29 91 59
29 92 53
29 93 94
29 94 63
29 95 14
29 96 64
29 97 80
29 98 91
29 99 61
29 100 74
30 1 75
30 2 96
30 3 47
30 4 39
30 5 49
30 6 82
30 7 43
30 8 90
30 9 39
30 10 4
30 11 84
30 12 32
30 13 47
30 14 2
30 15 63
30 16 70
30 17 28
30 18 13
30 19 88
30 20 79
30 21 71
30 22 71
30 23 18
30 24 50
30 25 92
30 26 50
30 27 75
30 28 6
30 29 57
30 30 1
30 31 10
30 32 95
30 33 9
30 34 63
30 35 35
30 36 62
30 37 8
30 38 62
30 39 5
30 40 26
30 41 41
30 42 84
30 43 89
30 44 57
30 45 26
30 46 74
30 47 87
30 48 8
30 49 41
30 50 88
30 51 49
30 52 90
30 53 95
30 54 2
30 55 11
30 56 40
30 57 91
30 58 18
30 59 60
30 60 93
30 61 24
30 62 23
30 63 41
30 64 13
30 65 56
30 66 44
30 67 81
30 68 10
30 69 76
30 70 72
30 71 18
30 72 85
30 73 31
30 74 35
30 75 35
30 76 25
30 77 53
30 78 76
30 79 21
30 80 24
30 81 30
30 82 92
30 83 50
30 84 34
30 85 63
30 86 55
30 87 97
30 88 6
30 89 5
30 90 87
30 91 26
30 92 46
30 93 32
30 94 62
30 95 40
30 96 37
30 97 97
30 98 85
30 99 40
30 100 5
31 1 56
31 2 76
31 3 14
31 4 35
31 5 1
31 6 19
31 7 86
31 8 26
31 9 26
31 10 29
31 11 87
31 12 59
31 13 43
31 14 82
31 15 53
31 16 26
31 17 2
31 18 15
31 19 94
31 20 36
31 21 16
31 22 91
31 23 23
31 24 80
31 25 14
31 26 58
31 27 38
31 28 58
31 29 19
31 30 97
31 31 96
31 32 11
31 33 5
31 34 35
31 35 79
31 36 14
31 37 99
31 38 54
31 39 75
31 40 21
31 41 34
31 42 70
31 43 32
31 44 40
31 45 6
31 46 6
31 47 47
31 48 5
31 49 2
31 50 71
31 51 67
31 52 54
31 53 74
31 54 70
31 55 87
31 56 45
31 57 8
31 58 33
31 59 93
31 60 62
31 61 34
31 62 59
31 63 34
31 64 48
31 65 91
31 66 92
31 67 68
31 68 49
31 69 3
31 70 75
31 71 5
31 72 77
31 73 25
31 74 54
31 75 10
31 76 70
31 77 6
31 78 50
31 79 62
31 80 99
31 81 26
31 82 73
31 83 43
31 84 59
31 85 83
31 86 92
31 87 52
31 88 89
31 89 88
31 90 44
31 91 16
31 92 80
31 93 17
31 94 44
31 95 69
31 96 86
31 97 26
31 98 41
31 99 96
31 100 62
32 1 22
32 2 8
32 3 97
32 4 35
32 5 25
32 6 85
32 7 63
32 8 7
32 9 71
32 10 46
32 11 86
32 12 40
32 13 9
32 14 8
32 15 8
32 16 59
32 17 43
32 18 96
32 19 81
32 20 88
32 21 58
32 22 35
32 23 25
32 24 43
32 25 96
32 26 79
32 27 76
32 28 63
32 29 75
32 30 55
32 31 82
32 32 97
32 33 88
32 34 64
32 35 96
32 36 69
32 37 14
32 38 39
32 39 79
32 40 3
32 41 28
32 42 15
32 43 81
32 44 73
32 45 31
32 46 5
32 47 78
32 48 93
32 49 30
32 50 14
32 51 70
32 52 21
32 53 27
32 54 36
32 55 61
32 56 19
32 57 37
32 58 52
32 59 4
32 60 20
32 61 91
32 62 45
32 63 74
32 64 62
32 65 45
32 66 1
32 67 84
32 68 43
32 69 15
32 70 67
32 71 63
32 72 25
32 73 24
32 74 3
32 75 82
32 76 58
32 77 74
32 78 70
32 79 91
32 80 96
32 81 43
32 82 59
32 83 52
32 84 31
32 85 15
32 86 42
32 87 46
32 88 25
32 89 95
32 90 50
32 91 26
32 92 18
32 93 80
32 94 85
32 95 51
32 96 35
32 97 52
32 98 19
32 99 5
32 100 71
33 1 8
33 2 14
33 3 29
33 4 7
33 5 28
33 6 88
33 7 72
33 8 11
33 9 95
33 10 3
33 11 78
33 12 50
33 13 84
33 14 53
33 15 97
33 16 11
33 17 30
33 18 71
33 19 40
33 20 13
33 21 43
33 22 70
33 23 87
33 24 8
33 25 69
33 26 36
33 27 93
33 28 14
33 29 68
33 30 53
33 31 13
33 32 99
33 33 76
33 34 88
33 35 87
33 36 13
33 37 94
33 38 34
33 39 68
33 40 25
33 41 97
33 42 68
33 43 86
33 44 60
33 45 98
33 46 81
33 47 58
33 48 33
33 49 3
33 50 88
33 51 23
33 52 73
33 53 61
33 54 72
33 55 22
33 56 81
33 57 82
33 58 96
33 59 56
33 60 18
33 61 10
33 62 55
33 63 15
33 64 96
33 65 26
33 66 52
33 67 81
33 68 86
33 69 26
33 70 72
33 71 94
33 72 10
33 73 41
33 74 19
33 75 79
33 76 70
33 77 67
33 78 5
33 79 61
33 80 73
33 81 55
33 82 53
33 83 88
33 84 85
33 85 87
33 86 79
33 87 26
33 88 14
33 89 54
33 90 21
33 91 47
33 92 24
33 93 68
33 94 58
33 95 7
33 96 77
33 97 51
33 98 94
33 99 54
33 100 27
34 1 88
34 2 25
34 3 43
34 4 17
34 5 53
34 6 76
34 7 76
34 8 47
34 9 50
34 10 39
34 11 28
34 12 16
34 13 25
34 14 8
34 15 25
34 16 21
34 17 58
34 18 4
34 19 7
34 20 46
34 21 99
34 22 95
34 23 63
34 24 89
34 25 71
34 26 63
34 27 90
34 28 34
34 29 39
34 30 21
34 31 80
34 32 3
34 33 35
34 34 15
34 35 9
34 36 87
34 37 14
34 38 94
34 39 49
34 40 67
34 41 98
34 42 47
34 43 33
34 44 98
34 45 82
34 46 46
34 47 41
34 48 28
34 49 10
34 50 87
34 51 18
34 52 87
34 53 92
34 54 99
34 55 28
34 56 80
34 57 60
34 58 6
34 59 11
34 60 94
34 61 17
34 62 22
34 63 87
34 64 41
34 65 96
34 66 29
34 67 58
34 68 58
34 69 12
34 70 26
34 71 27
34 72 4
34 73 1
34 74 2
34 75 35
34 76 10
34 77 64
34 78 17
34 79 91
34 80 16
34 81 2
34 82 12
34 83 73
34 84 38
34 85 43
34 86 64
34 87 25
34 88 53
34 89 83
34 90 41
34 91 64
34 92 14
34 93 98
34 94 98
34 95 29
34 96 67
34 97 70
34 98 53
34 99 76
34 100 33
35 1 93
35 2 69
35 3 58
35 4 87
35 5 31
35 6 29
35 7 53
35 8 90
35 9 33
35 10 59
35 11 42
35 12 33
35 13 15
35 14 34
35 15 92
35 16 90
35 17 34
35 18 20
35 19 5
35 20 59
35 21 25
35 22 26
35 23 15
35 24 11
35 25 9
35 26 73
35 27 15
35 28 50
35 29 80
35 30 30
35 31 7
35 32 20
35 33 31
35 34 2
35 35 22
35 36 36
35 37 25
35 38 94
35 39 31
35 40 35
35 41 38
35 42 7
35 43 8
35 44 61
35 45 30
35 46 55
35 47 25
35 48 51
35 49 61
35 50 87
35 51 24
35 52 49
35 53 71
35 54 64
35 55 82
35 56 62
35 57 5
35 58 47
35 59 70
35 60 88
35 61 36
35 62 47
35 63 4
35 64 45
35 65 11
35 66 16
35 67 29
35 68 38
35 69 6
35 70 27
35 71 90
35 72 86
35 73 59
35 74 58
35 75 16
35 76 40
35 77 28
35 78 25
35 79 72
35 80 59
35 81 29
35 82 52
35 83 47
35 84 56
35 85 34
35 86 99
35 87 87
35 88 88
35 89 44
35 90 80
35 91 33
35 92 12
35 93 84
35 94 98
35 95 18
35 96 78
35 97 68
35 98 67
35 99 32
35 100 62
36 1 47
36 2 29
36 3 18
36 4 97
36 5 66
36 6 82
36 7 66
36 8 96
36 9 90
36 10 39
36 11 66
36 12 8
36 13 35
36 14 39
36 15 38
36 16 24
36 17 69
36 18 89
36 19 87
36 20 37
36 21 16
36 22 25
36 23 95
36 24 21
36 25 90
36 26 54
36 27 2
36 28 51
36 29 13
36 30 25
36 31 21
36 32 90
36 33 96
36 34 37
36 35 3
36 36 71
36 37 15
36 38 94
36 39 50
36 40 58
36 41 10
36 42 69
36 43 11
36 44 4
36 45 68
36 46 21
36 47 8
36 48 90
36 49 93
36 50 17
36 51 51
36 52 57
36 53 48
36 54 97
36 55 49
36 56 33
36 57 79
36 58 69
36 59 6
36 60 61
36 61 89
36 62 14
36 63 66
36 64 12
36 65 19
36 66 75
36 67 84
36 68 5
36 69 79
36 70 65
36 71 16
36 72 12
36 73 25
36 74 12
36 75 93
36 76 32
36 77 93
36 78 7
36 79 60
36 80 87
36 81 94
36 82 95
36 83 59
36 84 63
36 85 33
36 86 39
36 87 91
36 88 99
36 89 92
36 90 85
36 91 44
36 92 43
36 93 3
36 94 10
36 95 97
36 96 81
36 97 6
36 98 17
36 99 82
36 100 24
37 1 72
37 2 7
37 3 32
37 4 79
37 5 91
37 6 27
37 7 48
37 8 64
37 9 98
37 10 43
37 11 61
37 12 27
37 13 96
37 14 48
37 15 81
37 16 29
37 17 51
37 18 10
37 19 93
37 20 73
37 21 31
37 22 12
37 23 35
37 24 11
37 25 30
37 26 27
37 27 77
37 28 82
37 29 21
37 30 16
37 31 29
37 32 17
37 33 32
37 34 45
37 35 90
37 36 90
37 37 7
37 38 55
37 39 47
37 40 17
37 41 43
37 42 58
37 43 55
37 44 92
37 45 7
37 46 21
37 47 74
37 48 71
37 49 56
37 50 96
37 51 80
37 52 77
37 53 81
37 54 48
37 55 14
37 56 17
37 57 79
37 58 88
37 59 87
37 60 2
37 61 33
37 62 5
37 63 6
37 64 40
37 65 23
37 66 31
37 67 13
37 68 74
37 69 51
37 70 86
37 71 68
37 72 18
37 73 79
37 74 31
37 75 18
37 76 33
37 77 70
37 78 41
37 79 29
37 80 8
37 81 16
37 82 1
37 83 29
37 84 73
37 85 7
37 86 79
37 87 25
37 88 89
37 89 60
37 90 81
37 91 56
37 92 37
37 93 2
37 94 66
37 95 50
37 96 43
37 97 13
37 98 85
37 99 17
37 100 41
38 1 93
38 2 28
38 3 67
38 4 79
38 5 87
38 6 99
38 7 39
38 8 46
38 9 7
38 10 20
38 11 43
38 12 51
38 13 54
38 14 83
38 15 7
38 16 17
38 17 88
38 18 19
38 19 36
38 20 92
38 21 50
38 22 8
38 23 9
38 24 29
38 25 93
38 26 42
38 27 18
38 28 19
38 29 70
38 30 46
38 31 34
38 32 98
38 33 81
38 34 13
38 35 59
38 36 65
38 37 85
38 38 43
38 39 25
38 40 90
38 41 58
38 42 34
38 43 18
38 44 95
38 45 67
38 46 77
38 47 79
38 48 70
38 49 17
38 50 97
38 51 92
38 52 5
38 53 52
38 54 21
38 55 31
38 56 24
38 57 69
38 58 1
38 59 83
38 60 25
38 61 29
38 62 4
38 63 44
38 64 38
38 65 36
38 66 72
38 67 52
38 68 50
38 69 38
38 70 84
38 71 69
38 72 53
38 73 60
38 74 34
38 75 58
38 76 59
38 77 88
38 78 66
38 79 55
38 80 97
38 81 24
38 82 80
38 83 34
38 84 82
38 85 35
38 86 74
38 87 9
38 88 7
38 89 96
38 90 6
38 91 80
38 92 51
38 93 19
38 94 75
38 95 6
38 96 58
38 97 73
38 98 88
38 99 29
38 100 35
39 1 39
39 2 57
39 3 84
39 4 22
39 5 99
39 6 36
39 7 44
39 8 22
39 9 4
39 10 93
39 11 65
39 12 58
39 13 63
39 14 37
39 15 84
39 16 47
39 17 76
39 18 55
39 19 68
39 20 62
39 21 1
39 22 26
39 23 39
39 24 85
39 25 21
39 26 76
39 27 79
39 28 2
39 29 62
39 30 16
39 31 47
39 32 11
39 33 69
39 34 83
39 35 38
39 36 70
39 37 62
39 38 25
39 39 84
39 40 23
39 41 76
39 42 94
39 43 22
39 44 97
39 45 53
39 46 14
39 47 13
39 48 44
39 49 3
39 50 55
39 51 49
39 52 96
39 53 49
39 54 29
39 55 92
39 56 14
39 57 4
39 58 5
39 59 61
39 60 56
39 61 98
39 62 20
39 63 17
39 64 85
39 65 2
39 66 43
39 67 66
39 68 96
39 69 95
39 70 44
39 71 49
39 72 63
39 73 98
39 74 49
39 75 47
39 76 29
39 77 1
39 78 18
39 79 47
39 80 46
39 81 87
39 82 64
39 83 12
39 84 56
39 85 43
39 86 45
39 87 93
39 88 76
39 89 99
39 90 34
39 91 94
39 92 54
39 93 96
39 94 19
39 95 26
39 96 56
39 97 55
39 98 63
39 99 52
39 100 63
40 1 31
40 2 66
40 3 71
40 4 54
40 5 18
40 6 46
40 7 76
40 8 7
40 9 48
40 10 46
40 11 77
40 12 49
40 13 22
40 14 65
40 15 9
40 16 31
40 17 56
40 18 47
40 19 81
40 20 94
40 21 80
40 22 48
40 23 9
40 24 88
40 25 71
40 26 24
40 27 74
40 28 55
40 29 55
40 30 70
40 31 40
40 32 11
40 33 87
40 34 93
40 35 4
40 36 65
40 37 89
40 38 64
40 39 15
40 40 74
40 41 98
40 42 41
40 43 42
40 44 58
40 45 64
40 46 98
40 47 27
40 48 54
40 49 12
40 50 85
40 51 18
40 52 63
40 53 72
40 54 68
40 55 85
40 56 44
40 57 33
40 58 72
40 59 93
40 60 6
40 61 83
40 62 84
40 63 8
40 64 93
40 65 35
40 66 5
40 67 7
40 68 71
40 69 39
40 70 90
40 71 96
40 72 27
40 73 4
40 74 66
40 75 99
40 76 41
40 77 47
40 78 73
40 79 29
40 80 6
40 81 83
40 82 19
40 83 18
40 84 47
40 85 30
40 86 62
40 87 9
40 88 66
40 89 88
40 90 38
40 91 35
40 92 12
40 93 22
40 94 11
40 95 28
40 96 10
40 97 76
40 98 44
40 99 18
40 100 74
41 1 73
41 2 9
41 3 17
41 4 18
41 5 29
41 6 63
41 7 14
41 8 29
41 9 30
41 10 69
41 11 45
41 12 91
41 13 57
41 14 22
41 15 54
41 16 62
41 17 65
41 18 3
41 19 48
41 20 62
41 21 7
41 22 80
41 23 87
41 24 17
41 25 48
41 26 68
41 27 96
41 28 94
41 29 52
41 30 2
41 31 60
41 32 14
41 33 5
41 34 4
41 35 16
41 36 88
41 37 42
41 38 66
41 39 29
41 40 14
41 41 45
41 42 85
41 43 81
41 44 94
41 45 98
41 46 28
41 47 75
41 48 13
41 49 34
41 50 4
41 51 78
41 52 2
41 53 52
41 54 85
41 55 49
41 56 16
41 57 90
41 58 16
41 59 36
41 60 3
41 61 15
41 62 87
41 63 67
41 64 72
41 65 29
41 66 18
41 67 59
41 68 48
41 69 26
41 70 68
41 71 32
41 72 77
41 73 31
41 74 29
41 75 38
41 76 40
41 77 38
41 78 10
41 79 34
41 80 66
41 81 87
41 82 88
41 83 11
41 84 72
41 85 78
41 86 35
41 87 20
41 88 35
41 89 37
41 90 35
41 91 90
41 92 44
41 93 70
41 94 63
41 95 42
41 96 11
41 97 52
41 98 93
41 99 33
41 100 83
42 1 25
42 2 10
42 3 83
42 4 43
42 5 74
42 6 59
42 7 4
42 8 12
42 9 66
42 10 10
42 11 32
42 12 4
42 13 34
42 14 9
42 15 91
42 16 31
42 17 98
42 18 21
42 19 56
42 20 70
42 21 30
42 22 61
42 23 65
42 24 8
42 25 79
42 26 92
42 27 13
42 28 16
42 29 97
42 30 54
42 31 18
42 32 75
42 33 59
42 34 49
42 35 55
42 36 95
42 37 12
42 38 11
42 39 89
42 40 99
42 41 76
42 42 84
42 43 74
42 44 64
42 45 62
42 46 5
42 47 72
42 48 2
42 49 33
42 50 98
42 51 79
42 52 16
42 53 88
42 54 12
42 55 39
42 56 71
42 57 93
42 58 2
42 59 21
42 60 18
42 61 11
42 62 38
42 63 42
42 64 52
42 65 16
42 66 28
42 67 24
42 68 9
42 69 52
42 70 90
42 71 95
42 72 43
42 73 87
42 74 88
42 75 78
42 76 52
42 77 98
42 78 47
42 79 25
42 80 40
42 81 70
42 82 3
42 83 33
42 84 14
42 85 57
42 86 2
42 87 61
42 88 54
42 89 71
42 90 98
42 91 18
42 92 20
42 93 58
42 94 16
42 95 36
42 96 31
42 97 44
42 98 75
42 99 39
42 100 50
43 1 88
43 2 94
43 3 2
43 4 80
43 5 48
43 6 27
43 7 10
43 8 83
43 9 72
43 10 41
43 11 35
43 12 82
43 13 44
43 14 80
43 15 68
43 16 49
43 17 60
43 18 73
43 19 55
43 20 43
43 21 8
43 22 85
43 23 14
43 24 55
43 25 65
43 26 94
43 27 31
43 28 35
43 29 32
43 30 99
43 31 53
43 32 43
43 33 59
43 34 49
43 35 5
43 36 45
43 37 18
43 38 37
43 39 94
43 40 18
43 41 46
43 42 65
43 43 22
43 44 4
43 45 78
43 46 52
43 47 77
43 48 3
43 49 1
43 50 22
43 51 79
43 52 6
43 53 68
43 54 79
43 55 9
43 56 77
43 57 51
43 58 68
43 59 58
43 60 14
43 61 57
43 62 69
43 63 52
43 64 70
43 65 68
43 66 23
43 67 12
43 68 52
43 69 71
43 70 60
43 71 51
43 72 25
43 73 23
43 74 46
43 75 19
43 76 40
43 77 70
43 78 14
43 79 88
43 80 95
43 81 69
43 82 78
43 83 80
43 84 81
43 85 11
43 86 67
43 87 14
43 88 32
43 89 86
43 90 95
43 91 30
43 92 57
43 93 49
43 94 33
43 95 57
43 96 51
43 97 46
43 98 98
43 99 43
43 100 18
44 1 7
44 2 79
44 3 38
44 4 87
44 5 10
44 6 93
44 7 55
44 8 10
44 9 39
44 10 88
44 11 47
44 12 81
44 13 80
44 14 84
44 15 8
44 16 10
44 17 84
44 18 96
44 19 11
44 20 8
44 21 42
44 22 76
44 23 30
44 24 1
44 25 22
44 26 2
44 27 97
44 28 72
44 29 23
44 30 37
44 31 86
44 32 75
44 33 33
44 34 93
44 35 56
44 36 64
44 37 91
44 38 59
44 39 55
44 40 63
44 41 99
44 42 86
44 43 22
44 44 36
44 45 24
44 46 66
44 47 58
44 48 72
44 49 61
44 50 39
44 51 1
44 52 52
44 53 33
44 54 69
44 55 2
44 56 52
44 57 29
44 58 58
44 59 22
44 60 50
44 61 59
44 62 40
44 63 63
44 64 79
44 65 36
44 66 34
44 67 15
44 68 33
44 69 78
44 70 43
44 71 48
44 72 48
44 73 74
44 74 13
44 75 15
44 76 64
44 77 99
44 78 73
44 79 95
44 80 49
44 81 56
44 82 89
44 83 14
44 84 79
44 85 37
44 86 6
44 87 38
44 88 9
44 89 26
44 90 50
44 91 32
44 92 75
44 93 22
44 94 37
44 95 85
44 96 85
44 97 28
44 98 46
44 99 90
44 100 57
45 1 60
45 2 35
45 3 13
45 4 86
45 5 68
45 6 32
45 7 4
45 8 19
45 9 97
45 10 3
45 11 26
45 12 67
45 13 15
45 14 71
45 15 12
45 16 5
45 17 81
45 18 28
45 19 50
45 20 95
45 21 47
45 22 90
45 23 51
45 24 39
45 25 88
45 26 93
45 27 93
45 28 69
45 29 69
45 30 88
45 31 62
45 32 17
45 33 40
45 34 1
45 35 65
45 36 64
45 37 34
45 38 44
45 39 87
45 40 27
45 41 82
45 42 20
45 43 71
45 44 53
45 45 3
45 46 86
45 47 96
45 48 17
45 49 42
45 50 50
45 51 62
45 52 29
45 53 27
45 54 68
45 55 81
45 56 73
45 57 24
45 58 57
45 59 49
45 60 20
45 61 81
45 62 65
45 63 31
45 64 72
45 65 31
45 66 23
45 67 18
45 68 84
45 69 70
45 70 74
45 71 82
45 72 46
45 73 11
45 74 80
45 75 78
45 76 23
45 77 32
45 78 93
45 79 51
45 80 79
45 81 83
45 82 49
45 83 91
45 84 89
45 85 12
45 86 57
45 87 10
45 88 52
45 89 53
45 90 42
45 91 48
45 92 13
45 93 80
45 94 75
45 95 65
45 96 55
45 97 12
45 98 32
45 99 44
45 100 30
46 1 51
46 2 34
46 3 77
46 4 73
46 5 79
46 6 58
46 7 13
46 8 59
46 9 69
46 10 48
46 11 52
46 12 27
46 13 24
46 14 48
46 15 4
46 16 49
46 17 2
46 18 79
46 19 98
46 20 64
46 21 51
46 22 54
46 23 20
46 24 4
46 25 88
46 26 78
46 27 53
46 28 57
46 29 34
46 30 76
46 31 4
46 32 61
46 33 23
46 34 94
46 35 63
46 36 55
46 37 17
46 38 10
46 39 51
46 40 55
46 41 34
46 42 48
46 43 20
46 44 97
46 45 11
46 46 60
46 47 98
46 48 87
46 49 70
46 50 45
46 51 30
46 52 55
46 53 11
46 54 3
46 55 33
46 56 92
46 57 16
46 58 33
46 59 96
46 60 75
46 61 23
46 62 42
46 63 71
46 64 57
46 65 24
46 66 16
46 67 70
46 68 80
46 69 68
46 70 53
46 71 15
46 72 51
46 73 80
46 74 62
46 75 6
46 76 28
46 77 91
46 78 11
46 79 10
46 80 91
46 81 45
46 82 65
46 83 36
46 84 4
46 85 33
46 86 85
46 87 1
46 88 62
46 89 53
46 90 53
46 91 19
46 92 77
46 93 84
46 94 36
46 95 5
46 96 57
46 97 35
46 98 77
46 99 25
46 100 27
47 1 77
47 2 48
47 3 21
47 4 3
47 5 72
47 6 8
47 7 17
47 8 84
47 9 79
47 10 85
47 11 3
47 12 77
47 13 8
47 14 95
47 15 54
47 16 51
47 17 75
47 18 19
47 19 77
47 20 7
47 21 44
47 22 38
47 23 7
47 24 98
47 25 62
47 26 17
47 27 58
47 28 65
47 29 26
47 30 21
47 31 96
47 32 31
47 33 64
47 34 24
47 35 65
47 36 92
47 37 30
47 38 32
47 39 89
47 40 68
47 41 41
47 42 18
47 43 77
47 44 42
47 45 87
47 46 85
47 47 45
47 48 7
47 49 41
47 50 29
47 51 32
47 52 42
47 53 64
47 54 50
47 55 70
47 56 33
47 57 63
47 58 67
47 59 76
47 60 55
47 61 83
47 62 55
47 63 13
47 64 26
47 65 99
47 66 29
47 67 80
47 68 42
47 69 62
47 70 29
47 71 76
47 72 14
47 73 84
47 74 86
47 75 40
47 76 38
47 77 97
47 78 88
47 79 35
47 80 39
47 81 32
47 82 88
47 83 40
47 84 46
47 85 56
47 86 92
47 87 12
47 88 43
47 89 5
47 90 27
47 91 46
47 92 45
47 93 22
47 94 64
47 95 85
47 96 5
47 97 54
47 98 67
47 99 95
47 100 67
48 1 40
48 2 30
48 3 33
48 4 40
48 5 15
48 6 3
48 7 65
48 8 10
48 9 38
48 10 14
48 11 15
48 12 86
48 13 78
48 14 56
48 15 66
48 16 30
48 17 33
48 18 26
48 19 45
48 20 74
48 21 58
48 22 43
48 23 95
48 24 33
48 25 95
48 26 17
48 27 8
48 28 28
48 29 33
48 30 84
48 31 31
48 32 27
48 33 32
48 34 28
48 35 62
48 36 90
48 37 56
48 38 34
48 39 77
48 40 18
48 41 79
48 42 77
48 43 68
48 44 2
48 45 38
48 46 74
48 47 3
48 48 40
48 49 32
48 50 23
48 51 93
48 52 59
48 53 87
48 54 21
48 55 90
48 56 78
48 57 18
48 58 46
48 59 61
48 60 64
48 61 19
48 62 84
48 63 1
48 64 17
48 65 7
48 66 46
48 67 84
48 68 15
48 69 98
48 70 1
48 71 36
48 72 4
48 73 94
48 74 21
48 75 31
48 76 41
48 77 72
48 78 66
48 79 18
48 80 15
48 81 82
48 82 82
48 83 15
48 84 15
48 85 4
48 86 39
48 87 9
48 88 55
48 89 74
48 90 72
48 91 59
48 92 5
48 93 81
48 94 24
48 95 78
48 96 63
48 97 98
48 98 68
48 99 79
48 100 96
49 1 88
49 2 14
49 3 43
49 4 71
49 5 56
49 6 29
49 7 78
49 8 24
49 9 16
49 10 77
49 11 38
49 12 65
49 13 42
49 14 10
49 15 76
49 16 14
49 17 13
49 18 66
49 19 13
49 20 88
49 21 33
49 22 40
49 23 29
49 24 28
49 25 88
49 26 44
49 27 67
49 28 75
49 29 37
49 30 69
49 31 4
49 32 11
49 33 97
49 34 98
49 35 28
49 36 37
49 37 19
49 38 89
49 39 25
49 40 85
49 41 98
49 42 31
49 43 44
49 44 40
49 45 92
49 46 76
49 47 78
49 48 52
49 49 89
49 50 61
49 51 54
49 52 62
49 53 49
49 54 82
49 55 57
49 56 51
49 57 96
49 58 32
49 59 85
49 60 33
49 61 25
49 62 80
49 63 82
49 64 20
49 65 51
49 66 13
49 67 61
49 68 49
49 69 13
49 70 66
49 71 64
49 72 40
49 73 8
49 74 53
49 75 44
49 76 2
49 77 44
49 78 25
49 79 34
49 80 73
49 81 43
49 82 62
49 83 20
49 84 96
49 85 9
49 86 99
49 87 19
49 88 73
49 89 6
49 90 12
49 91 74
49 92 17
49 93 25
49 94 66
49 95 40
49 96 86
49 97 11
49 98 7
49 99 47
49 100 71
50 1 60
50 2 83
50 3 9
50 4 46
50 5 92
50 6 48
50 7 61
50 8 69
50 9 2
50 10 75
50 11 56
50 12 22
50 13 47
50 14 3
50 15 30
50 16 36
50 17 91
50 18 84
50 19 68
50 20 37
50 21 53
50 22 29
50 23 96
50 24 87
50 25 16
50 26 88
50 27 68
50 28 65
50 29 69
50 30 6
50 31 78
50 32 61
50 33 69
50 34 46
50 35 3
50 36 65
50 37 71
50 38 87
50 39 29
50 40 46
50 41 9
50 42 2
50 43 23
50 44 9
50 45 47
50 46 58
50 47 89
50 48 10
50 49 81
50 50 46
50 51 11
50 52 57
50 53 16
50 54 21
50 55 81
50 56 22
50 57 68
50 58 24
50 59 39
50 60 77
50 61 19
50 62 28
50 63 12
50 64 51
50 65 98
50 66 4
50 67 73
50 68 2
50 69 7
50 70 70
50 71 55
50 72 28
50 73 10
50 74 73
50 75 98
50 76 66
50 77 63
50 78 42
50 79 65
50 80 59
50 81 4
50 82 71
50 83 78
50 84 98
50 85 16
50 86 87
50 87 37
50 88 90
50 89 91
50 90 95
50 91 57
50 92 19
50 93 12
50 94 86
50 95 74
50 96 86
50 97 92
50 98 10
50 99 98
50 100 31
51 1 49
51 2 68
51 3 21
51 4 9
51 5 81
51 6 90
51 7 11
51 8 20
51 9 27
51 10 13
51 11 57
51 12 55
51 13 31
51 14 79
51 15 93
51 16 76
51 17 95
51 18 61
51 19 46
51 20 64
51 21 51
51 22 47
51 23 72
51 24 77
51 25 85
51 26 15
51 27 66
51 28 86
51 29 72
51 30 57
51 31 3
51 32 68
51 33 93
51 34 52
51 35 41
51 36 46
51 37 51
51 38 46
51 39 80
51 40 56
51 41 87
51 42 63
51 43 17
51 44 75
51 45 49
51 46 34
51 47 13
51 48 90
51 49 80
51 50 71
51 51 71
51 52 69
51 53 5
51 54 87
51 55 47
51 56 11
51 57 53
51 58 95
51 59 52
51 60 26
51 61 57
51 62 70
51 63 6
51 64 49
51 65 27
51 66 81
51 67 54
51 68 88
51 69 99
51 70 97
51 71 80
51 72 72
51 73 16
51 74 30
51 75 14
51 76 5
51 77 90
51 78 37
51 79 6
51 80 68
51 81 21
51 82 83
51 83 73
51 84 34
51 85 89
51 86 71
51 87 14
51 88 82
51 89 54
51 90 65
51 91 50
51 92 34
51 93 50
51 94 45
51 95 45
51 96 59
51 97 9
51 98 7
51 99 2
51 100 16
52 1 53
52 2 36
52 3 69
52 4 3
52 5 5
52 6 40
52 7 9
52 8 51
52 9 57
52 10 37
52 11 88
52 12 38
52 13 49
52 14 68
52 15 78
52 16 44
52 17 69
52 18 55
52 19 35
52 20 33
52 21 75
52 22 75
52 23 55
52 24 97
52 25 18
52 26 35
52 27 18
52 28 10
52 29 65
52 30 11
52 31 51
52 32 59
52 33 89
52 34 18
52 35 73
52 36 16
52 37 32
52 38 1
52 39 69
52 40 64
52 41 47
52 42 42
52 43 77
52 44 1
52 45 21
52 46 50
52 47 62
52 48 45
52 49 44
52 50 24
52 51 46
52 52 30
52 53 9
52 54 38
52 55 46
52 56 42
52 57 57
52 58 72
52 59 84
52 60 5
52 61 56
52 62 62
52 63 30
52 64 10
52 65 35
52 66 85
52 67 99
52 68 47
52 69 82
52 70 15
52 71 9
52 72 35
52 73 88
52 74 13
52 75 17
52 76 7
52 77 79
52 78 58
52 79 28
52 80 12
52 81 86
52 82 32
52 83 99
52 84 74
52 85 70
52 86 95
52 87 20
52 88 72
52 89 53
52 90 49
52 91 7
52 92 32
52 93 46
52 94 5
52 95 23
52 96 64
52 97 18
52 98 59
52 99 1
52 100 58
53 1 73
53 2 30
53 3 24
53 4 36
53 5 58
53 6 54
53 7 28
53 8 56
53 9 62
53 10 29
53 11 47
53 12 8
53 13 84
53 14 76
53 15 1
53 16 6
53 17 26
53 18 48
53 19 20
53 20 80
53 21 99
53 22 4
53 23 81
53 24 69
53 25 63
53 26 72
53 27 95
53 28 78
53 29 86
53 30 99
53 31 18
53 32 6
53 33 17
53 34 97
53 35 93
53 36 67
53 37 6
53 38 65
53 39 88
53 40 8
53 41 45
53 42 53
53 43 57
53 44 2
53 45 30
53 46 93
53 47 36
53 48 92
53 49 65
53 50 75
53 51 17
53 52 74
53 53 16
53 54 76
53 55 89
53 56 21
53 57 48
53 58 49
53 59 24
53 60 16
53 61 60
53 62 29
53 63 89
53 64 26
53 65 73
53 66 92
53 67 51
53 68 18
53 69 10
53 70 80
53 71 72
53 72 96
53 73 36
53 74 77
53 75 1
53 76 43
53 77 76
53 78 34
53 79 54
53 80 35
53 81 18
53 82 56
53 83 72
53 84 22
53 85 22
53 86 74
53 87 33
53 88 35
53 89 20
53 90 32
53 91 45
53 92 33
53 93 53
53 94 93
53 95 49
53 96 30
53 97 14
53 98 3
53 99 41
53 100 70
54 1 50
54 2 73
54 3 47
54 4 58
54 5 57
54 6 4
54 7 14
54 8 26
54 9 20
54 10 6
54 11 26
54 12 80
54 13 7
54 14 84
54 15 3
54 16 70
54 17 30
54 18 18
54 19 27
54 20 83
54 21 42
54 22 96
54 23 50
54 24 48
54 25 25
54 26 3
54 27 87
54 28 85
54 29 65
54 30 80
54 31 97
54 32 35
54 33 63
54 34 97
54 35 99
54 36 97
54 37 40
54 38 14
54 39 27
54 40 41
54 41 82
54 42 89
54 43 5
54 44 68
54 45 35
54 46 80
54 47 3
54 48 2
54 49 79
54 50 90
54 51 32
54 52 73
54 53 7
54 54 45
54 55 4
54 56 50
54 57 32
54 58 77
54 59 35
54 60 55
54 61 75
54 62 37
54 63 82
54 64 23
54 65 84
54 66 85
54 67 36
54 68 92
54 69 45
54 70 79
54 71 80
54 72 2
54 73 36
54 74 20
54 75 47
54 76 74
54 77 61
54 78 17
54 79 78
54 80 63
54 81 9
54 82 23
54 83 77
54 84 94
54 85 90
54 86 39
54 87 69
54 88 78
54 89 16
54 90 5
54 91 51
54 92 45
54 93 68
54 94 13
54 95 6
54 96 69
54 97 55
54 98 76
54 99 30
54 100 41
55 1 65
55 2 62
55 3 99
55 4 70
55 5 43
55 6 68
55 7 51
55 8 94
55 9 53
55 10 36
55 11 46
55 12 55
55 13 69
55 14 64
55 15 69
55 16 87
55 17 44
55 18 91
55 19 60
55 20 59
55 21 95
55 22 7
55 23 83
55 24 5
55 25 84
55 26 75
55 27 84
55 28 60
55 29 94
55 30 68
55 31 87
55 32 45
55 33 87
55 34 8
55 35 69
55 36 66
55 37 8
55 38 24
55 39 5
55 40 51
55 41 76
55 42 53
55 43 23
55 44 23
55 45 13
55 46 2
55 47 31
55 48 8
55 49 30
55 50 7
55 51 11
55 52 72
55 53 55
55 54 71
55 55 16
55 56 4
55 57 41
55 58 91
55 59 72
55 60 73
55 61 50
55 62 7
55 63 43
55 64 37
55 65 50
55 66 47
55 67 89
55 68 89
55 69 73
55 70 16
55 71 92
55 72 56
55 73 16
55 74 99
55 75 29
55 76 42
55 77 35
55 78 87
55 79 28
55 80 82
55 81 5
55 82 44
55 83 75
55 84 21
55 85 62
55 86 81
55 87 65
55 88 81
55 89 76
55 90 34
55 91 68
55 92 15
55 93 67
55 94 50
55 95 92
55 96 90
55 97 2
55 98 9
55 99 12
55 100 6
56 1 96
56 2 75
56 3 98
56 4 47
56 5 16
56 6 88
56 7 82
56 8 56
56 9 8
56 10 48
56 11 95
56 12 97
56 13 45
56 14 95
56 15 63
56 16 95
56 17 33
56 18 25
56 19 53
56 20 1
56 21 70
56 22 85
56 23 31
56 24 63
56 25 87
56 26 66
56 27 92
56 28 4
56 29 24
56 30 50
56 31 90
56 32 73
56 33 64
56 34 61
56 35 73
56 36 75
56 37 96
56 38 2
56 39 88
56 40 97
56 41 4
56 42 37
56 43 32
56 44 7
56 45 69
56 46 38
56 47 30
56 48 39
56 49 51
56 50 60
56 51 40
56 52 24
56 53 32
56 54 22
56 55 7
56 56 43
56 57 34
56 58 56
56 59 65
56 60 76
56 61 41
56 62 41
56 63 63
56 64 30
56 65 20
56 66 12
56 67 44
56 68 66
56 69 99
56 70 89
56 71 9
56 72 74
56 73 79
56 74 98
56 75 43
56 76 7
56 77 21
56 78 30
56 79 8
56 80 3
56 81 71
56 82 39
56 83 34
56 84 57
56 85 5
56 86 9
56 87 14
56 88 22
56 89 80
56 90 48
56 91 54
56 92 70
56 93 96
56 94 79
56 95 80
56 96 89
56 97 3
56 98 37
56 99 62
56 100 34
57 1 68
57 2 51
57 3 30
57 4 67
57 5 79
57 6 58
57 7 80
57 8 34
57 9 25
57 10 44
57 11 87
57 12 59
57 13 26
57 14 13
57 15 12
57 16 36
57 17 7
57 18 20
57 19 71
57 20 84
57 21 27
57 22 35
57 23 70
57 24 45
57 25 23
57 26 40
57 27 78
57 28 46
57 29 57
57 30 26
57 31 51
57 32 2
57 33 21
57 34 59
57 35 62
57 36 94
57 37 81
57 38 54
57 39 37
57 40 15
57 41 64
57 42 37
57 43 24
57 44 74
57 45 38
57 46 68
57 47 73
57 48 26
57 49 45
57 50 63
57 51 42
57 52 94
57 53 3
57 54 84
57 55 50
57 56 37
57 57 59
57 58 3
57 59 7
57 60 94
57 61 28
57 62 25
57 63 44
57 64 3
57 65 57
57 66 80
57 67 88
57 68 84
57 69 60
57 70 99
57 71 12
57 72 5
57 73 25
57 74 30
57 75 90
57 76 72
57 77 80
57 78 85
57 79 72
57 80 12
57 81 47
57 82 27
57 83 51
57 84 83
57 85 54
57 86 23
57 87 47
57 88 4
57 89 48
57 90 67
57 91 1
57 92 16
57 93 20
57 94 57
57 95 70
57 96 58
57 97 33
57 98 18
57 99 44
57 100 31
58 1 2
58 2 56
58 3 54
58 4 49
58 5 87
58 6 36
58 7 30
58 8 84
58 9 15
58 10 87
58 11 36
58 12 13
58 13 29
58 14 68
58 15 13
58 16 8
58 17 58
58 18 76
58 19 52
58 20 92
58 21 9
58 22 92
58 23 29
58 24 35
58 25 37
58 26 45
58 27 21
58 28 40
58 29 5
58 30 45
58 31 19
58 32 5
58 33 53
58 34 35
58 35 47
58 36 95
58 37 94
58 38 10
58 39 53
58 40 83
58 41 28
58 42 36
58 43 22
58 44 87
58 45 54
58 46 57
58 47 53
58 48 71
58 49 60
58 50 84
58 51 59
58 52 51
58 53 74
58 54 2
58 55 6
58 56 11
58 57 19
58 58 70
58 59 82
58 60 95
58 61 51
58 62 96
58 63 76
58 64 47
58 65 11
58 66 85
58 67 11
58 68 1
58 69 52
58 70 97
58 71 42
58 72 14
58 73 25
58 74 98
58 75 49
58 76 50
58 77 41
58 78 79
58 79 74
58 80 58
58 81 7
58 82 24
58 83 95
58 84 71
58 85 95
58 86 31
58 87 97
58 88 4
58 89 40
58 90 2
58 91 10
58 92 50
58 93 8
58 94 21
58 95 65
58 96 55
58 97 88
58 98 11
58 99 1
58 100 46
59 1 44
59 2 26
59 3 19
59 4 13
59 5 42
59 6 8
59 7 80
59 8 80
59 9 23
59 10 58
59 11 26
59 12 13
59 13 88
59 14 34
59 15 54
59 16 65
59 17 80
59 18 57
59 19 88
59 20 99
59 21 18
59 22 69
59 23 94
59 24 48
59 25 25
59 26 41
59 27 4
59 28 74
59 29 34
59 30 85
59 31 36
59 32 29
59 33 74
59 34 63
59 35 72
59 36 89
59 37 59
59 38 51
59 39 15
59 40 81
59 41 21
59 42 76
59 43 18
59 44 21
59 45 18
59 46 15
59 47 16
59 48 47
59 49 92
59 50 62
59 51 77
59 52 92
59 53 16
59 54 77
59 55 82
59 56 17
59 57 76
59 58 71
59 59 14
59 60 39
59 61 4
59 62 45
59 63 25
59 64 50
59 65 39
59 66 91
59 67 28
59 68 37
59 69 89
59 70 22
59 71 50
59 72 97
59 73 96
59 74 15
59 75 87
59 76 49
59 77 42
59 78 62
59 79 6
59 80 7
59 81 63
59 82 14
59 83 93
59 84 26
59 85 23
59 86 6
59 87 8
59 88 19
59 89 91
59 90 58
59 91 10
59 92 37
59 93 85
59 94 43
59 95 70
59 96 15
59 97 77
59 98 9
59 99 27
59 100 2
60 1 72
60 2 10
60 3 98
60 4 19
60 5 26
60 6 69
60 7 43
60 8 63
60 9 69
60 10 65
60 11 79
60 12 22
60 13 14
60 14 65
60 15 81
60 16 58
60 17 58
60 18 79
60 19 29
60 20 29
60 21 27
60 22 46
60 23 14
60 24 19
60 25 35
60 26 29
60 27 51
60 28 60
60 29 82
60 30 76
60 31 67
60 32 14
60 33 62
60 34 77
60 35 25
60 36 72
60 37 44
60 38 69
60 39 13
60 40 64
60 41 40
60 42 80
60 43 45
60 44 82
60 45 94
60 46 16
60 47 23
60 48 38
60 49 63
60 50 46
60 51 20
60 52 21
60 53 53
60 54 5
60 55 26
60 56 45
60 57 90
60 58 25
60 59 49
60 60 82
60 61 20
60 62 1
60 63 29
60 64 68
60 65 68
60 66 10
60 67 50
60 68 70
60 69 25
60 70 59
60 71 94
60 72 62
60 73 15
60 74 65
60 75 54
60 76 94
60 77 77
60 78 44
60 79 9
60 80 41
60 81 72
60 82 95
60 83 49
60 84 46
60 85 41
60 86 29
60 87 21
60 88 44
60 89 29
60 90 80
60 91 52
60 92 97
60 93 13
60 94 66
60 95 88
60 96 85
60 97 4
60 98 13
60 99 44
60 100 64
61 1 99
61 2 88
61 3 97
61 4 91
61 5 4
61 6 18
61 7 73
61 8 93
61 9 44
61 10 73
61 11 55
61 12 53
61 13 67
61 14 83
61 15 99
61 16 30
61 17 48
61 18 49
61 19 58
61 20 8
61 21 93
61 22 53
61 23 22
61 24 36
61 25 12
61 26 39
61 27 67
61 28 45
61 29 52
61 30 21
61 31 87
61 32 67
61 33 17
61 34 2
61 35 71
61 36 28
61 37 58
61 38 26
61 39 15
61 40 49
61 41 30
61 42 49
61 43 44
61 44 27
61 45 19
61 46 60
61 47 15
61 48 33
61 49 51
61 50 73
61 51 93
61 52 44
61 53 68
61 54 97
61 55 99
61 56 52
61 57 90
61 58 98
61 59 42
61 60 84
61 61 85
61 62 35
61 63 55
61 64 60
61 65 7
61 66 79
61 67 66
61 68 85
61 69 50
61 70 93
61 71 45
61 72 99
61 73 79
61 74 69
61 75 60
61 76 55
61 77 35
61 78 76
61 79 72
61 80 71
61 81 75
61 82 30
61 83 39
61 84 69
61 85 53
61 86 25
61 87 19
61 88 31
61 89 29
61 90 29
61 91 83
61 92 43
61 93 8
61 94 63
61 95 28
61 96 70
61 97 35
61 98 72
61 99 75
61 100 28
62 1 28
62 2 29
62 3 36
62 4 74
62 5 97
62 6 18
62 7 13
62 8 61
62 9 12
62 10 46
62 11 37
62 12 15
62 13 74
62 14 22
62 15 89
62 16 58
62 17 44
62 18 63
62 19 43
62 20 14
62 21 27
62 22 32
62 23 27
62 24 90
62 25 30
62 26 99
62 27 97
62 28 60
62 29 34
62 30 74
62 31 11
62 32 4
62 33 33
62 34 51
62 35 79
62 36 36
62 37 50
62 38 49
62 39 57
62 40 91
62 41 25
62 42 3
62 43 66
62 44 90
62 45 48
62 46 97
62 47 38
62 48 90
62 49 41
62 50 23
62 51 33
62 52 64
62 53 33
62 54 74
62 55 3
62 56 56
62 57 7
62 58 77
62 59 54
62 60 10
62 61 45
62 62 11
62 63 48
62 64 3
62 65 27
62 66 20
62 67 1
62 68 46
62 69 37
62 70 50
62 71 49
62 72 29
62 73 39
62 74 83
62 75 56
62 76 78
62 77 36
62 78 78
62 79 53
62 80 47
62 81 66
62 82 44
62 83 89
62 84 89
62 85 75
62 86 69
62 87 83
62 88 44
62 89 12
62 90 17
62 91 63
62 92 4
62 93 67
62 94 76
62 95 85
62 96 43
62 97 11
62 98 99
62 99 49
62 100 64
63 1 90
63 2 13
63 3 74
63 4 57
63 5 29
63 6 42
63 7 73
63 8 99
63 9 29
63 10 60
63 11 67
63 12 80
63 13 90
63 14 28
63 15 73
63 16 43
63 17 55
63 18 76
63 19 73
63 20 78
63 21 7
63 22 93
63 23 68
63 24 11
63 25 85
63 26 73
63 27 16
63 28 39
63 29 78
63 30 57
63 31 12
63 32 12
63 33 27
63 34 90
63 35 88
63 36 68
63 37 3
63 38 89
63 39 27
63 40 17
63 41 3
63 42 56
63 43 81
63 44 53
63 45 31
63 46 42
63 47 23
63 48 35
63 49 7
63 50 97
63 51 52
63 52 91
63 53 81
63 54 99
63 55 16
63 56 9
63 57 19
63 58 89
63 59 62
63 60 24
63 61 62
63 62 72
63 63 94
63 64 17
63 65 27
63 66 13
63 67 77
63 68 57
63 69 51
63 70 68
63 71 99
63 72 26
63 73 90
63 74 19
63 75 24
63 76 24
63 77 84
63 78 10
63 79 15
63 80 88
63 81 88
63 82 96
63 83 86
63 84 59
63 85 89
63 86 66
63 87 81
63 88 41
63 89 2
63 90 11
63 91 29
63 92 35
63 93 74
63 94 69
63 95 33
63 96 87
63 97 30
63 98 32
63 99 8
63 100 41
64 1 59
64 2 4
64 3 3
64 4 76
64 5 58
64 6 74
64 7 5
64 8 12
64 9 74
64 10 67
64 11 2
64 12 37
64 13 63
64 14 12
64 15 30
64 16 3
64 17 73
64 18 65
64 19 74
64 20 22
64 21 97
64 22 80
64 23 53
64 24 92
64 25 8
64 26 21
64 27 40
64 28 77
64 29 2
64 30 40
64 31 55
64 32 41
64 33 41
64 34 71
64 35 7
64 36 25
64 37 91
64 38 94
64 39 51
64 40 11
64 41 16
64 42 69
64 43 87
64 44 68
64 45 97
64 46 60
64 47 64
64 48 10
64 49 59
64 50 47
64 51 17
64 52 33
64 53 65
64 54 4
64 55 67
64 56 6
64 57 85
64 58 60
64 59 81
64 60 69
64 61 91
64 62 98
64 63 9
64 64 8
64 65 41
64 66 20
64 67 74
64 68 22
64 69 56
64 70 23
64 71 20
64 72 31
64 73 87
64 74 54
64 75 6
64 76 87
64 77 26
64 78 78
64 79 93
64 80 64
64 81 75
64 82 14
64 83 7
64 84 48
64 85 53
64 86 29
64 87 24
64 88 76
64 89 45
64 90 30
64 91 65
64 92 56
64 93 42
64 94 6
64 95 19
64 96 62
64 97 27
64 98 17
64 99 7
64 100 86
65 1 64
65 2 67
65 3 41
65 4 17
65 5 95
65 6 32
65 7 45
65 8 55
65 9 57
65 10 60
65 11 61
65 12 83
65 13 10
65 14 80
65 15 90
65 16 63
65 17 12
65 18 4
65 19 43
65 20 22
65 21 99
65 22 77
65 23 66
65 24 43
65 25 26
65 26 16
65 27 3
65 28 90
65 29 71
65 30 22
65 31 53
65 32 64
65 33 50
65 34 93
65 35 26
65 36 67
65 37 15
65 38 70
65 39 85
65 40 34
65 41 45
65 42 23
65 43 31
65 44 79
65 45 64
65 46 64
65 47 61
65 48 43
65 49 68
65 50 51
65 51 6
65 52 81
65 53 40
65 54 21
65 55 84
65 56 37
65 57 22
65 58 65
65 59 23
65 60 21
65 61 82
65 62 33
65 63 50
65 64 57
65 65 69
65 66 14
65 67 96
65 68 73
65 69 67
65 70 12
65 71 77
65 72 1
65 73 43
65 74 71
65 75 40
65 76 53
65 77 79
65 78 42
65 79 48
65 80 12
65 81 76
65 82 31
65 83 34
65 84 56
65 85 75
65 86 32
65 87 65
65 88 26
65 89 20
65 90 80
65 91 43
65 92 89
65 93 51
65 94 98
65 95 3
65 96 17
65 97 55
65 98 43
65 99 80
65 100 17
66 1 62
66 2 12
66 3 42
66 4 44
66 5 32
66 6 25
66 7 72
66 8 84
66 9 4
66 10 7
66 11 47
66 12 88
66 13 20
66 14 11
66 15 19
66 16 56
66 17 62
66 18 76
66 19 64
66 20 20
66 21 39
66 22 15
66 23 54
66 24 39
66 25 94
66 26 13
66 27 77
66 28 35
66 29 55
66 30 89
66 31 86
66 32 40
66 33 51
66 34 15
66 35 16
66 36 62
66 37 47
66 38 65
66 39 20
66 40 8
66 41 99
66 42 14
66 43 46
66 44 2
66 45 30
66 46 86
66 47 51
66 48 33
66 49 81
66 50 16
66 51 22
66 52 44
66 53 22
66 54 55
66 55 22
66 56 30
66 57 99
66 58 28
66 59 95
66 60 42
66 61 72
66 62 59
66 63 60
66 64 48
66 65 61
66 66 88
66 67 37
66 68 98
66 69 71
66 70 69
66 71 8
66 72 91
66 73 88
66 74 13
66 75 68
66 76 78
66 77 10
66 78 12
66 79 59
66 80 24
66 81 5
66 82 31
66 83 95
66 84 97
66 85 66
66 86 69
66 87 96
66 88 76
66 89 24
66 90 56
66 91 13
66 92 52
66 93 94
66 94 56
66 95 52
66 96 48
66 97 69
66 98 86
66 99 46
66 100 47
67 1 25
67 2 1
67 3 95
67 4 23
67 5 57
67 6 8
67 7 53
67 8 57
67 9 55
67 10 96
67 11 86
67 12 57
67 13 39
67 14 38
67 15 96
67 16 57
67 17 38
67 18 16
67 19 73
67 20 96
67 21 93
67 22 50
67 23 87
67 24 92
67 25 22
67 26 74
67 27 16
67 28 92
67 29 19
67 30 90
67 31 24
67 32 55
67 33 27
67 34 6
67 35 21
67 36 35
67 37 70
67 38 99
67 39 49
67 40 35
67 41 69
67 42 83
67 43 52
67 44 79
67 45 92
67 46 3
67 47 2
67 48 5
67 49 76
67 50 22
67 51 93
67 52 19
67 53 49
67 54 90
67 55 76
67 56 29
67 57 23
67 58 18
67 59 70
67 60 55
67 61 82
67 62 78
67 63 75
67 64 38
67 65 49
67 66 65
67 67 99
67 68 1
67 69 54
67 70 28
67 71 94
67 72 82
67 73 30
67 74 27
67 75 9
67 76 16
67 77 96
67 78 87
67 79 16
67 80 78
67 81 35
67 82 78
67 83 14
67 84 54
67 85 99
67 86 74
67 87 25
67 88 41
67 89 24
67 90 96
67 91 37
67 92 93
67 93 86
67 94 29
67 95 19
67 96 74
67 97 81
67 98 60
67 99 61
67 100 3
68 1 77
68 2 90
68 3 65
68 4 5
68 5 50
68 6 74
68 7 28
68 8 15
68 9 46
68 10 46
68 11 40
68 12 71
68 13 96
68 14 32
68 15 73
68 16 99
68 17 86
68 18 3
68 19 76
68 20 27
68 21 7
68 22 95
68 23 87
68 24 78
68 25 62
68 26 47
68 27 73
68 28 17
68 29 73
68 30 59
68 31 37
68 32 65
68 33 71
68 34 30
68 35 93
68 36 9
68 37 78
68 38 30
68 39 80
68 40 94
68 41 12
68 42 82
68 43 55
68 44 88
68 45 23
68 46 99
68 47 20
68 48 79
68 49 68
68 50 57
68 51 15
68 52 16
68 53 82
68 54 75
68 55 36
68 56 44
68 57 52
68 58 87
68 59 32
68 60 51
68 61 44
68 62 29
68 63 76
68 64 5
68 65 30
68 66 32
68 67 44
68 68 93
68 69 55
68 70 45
68 71 77
68 72 42
68 73 39
68 74 78
68 75 93
68 76 66
68 77 21
68 78 26
68 79 26
68 80 39
68 81 62
68 82 40
68 83 48
68 84 86
68 85 81
68 86 3
68 87 40
68 88 16
68 89 96
68 90 5
68 91 71
68 92 46
68 93 34
68 94 38
68 95 37
68 96 88
68 97 25
68 98 89
68 99 28
68 100 3
69 1 52
69 2 33
69 3 80
69 4 42
69 5 40
69 6 2
69 7 13
69 8 21
69 9 74
69 10 22
69 11 77
69 12 96
69 13 93
69 14 16
69 15 41
69 16 35
69 17 45
69 18 64
69 19 48
69 20 21
69 21 39
69 22 70
69 23 74
69 24 31
69 25 28
69 26 95
69 27 28
69 28 54
69 29 4
69 30 12
69 31 85
69 32 57
69 33 28
69 34 39
69 35 39
69 36 18
69 37 69
69 38 23
69 39 52
69 40 33
69 41 67
69 42 68
69 43 89
69 44 67
69 45 1
69 46 46
69 47 82
69 48 78
69 49 93
69 50 58
69 51 2
69 52 62
69 53 81
69 54 73
69 55 94
69 56 16
69 57 9
69 58 39
69 59 81
69 60 95
69 61 38
69 62 95
69 63 97
69 64 35
69 65 67
69 66 29
69 67 45
69 68 11
69 69 98
69 70 50
69 71 95
69 72 64
69 73 9
69 74 58
69 75 49
69 76 34
69 77 17
69 78 73
69 79 83
69 80 17
69 81 99
69 82 11
69 83 15
69 84 86
69 85 55
69 86 65
69 87 7
69 88 16
69 89 19
69 90 43
69 91 60
69 92 48
69 93 16
69 94 5
69 95 9
69 96 33
69 97 3
69 98 2
69 99 55
69 100 90
70 1 69
70 2 99
70 3 6
70 4 15
70 5 54
70 6 46
70 7 92
70 8 4
70 9 24
70 10 32
70 11 45
70 12 88
70 13 54
70 14 98
70 15 63
70 16 12
70 17 28
70 18 70
70 19 16
70 20 27
70 21 89
70 22 49
70 23 66
70 24 36
70 25 26
70 26 91
70 27 17
70 28 94
70 29 32
70 30 55
70 31 60
70 32 3
70 33 69
70 34 7
70 35 44
70 36 93
70 37 53
70 38 8
70 39 27
70 40 28
70 41 25
70 42 19
70 43 56
70 44 18
70 45 84
70 46 33
70 47 63
70 48 6
70 49 48
70 50 77
70 51 84
70 52 61
70 53 2
70 54 63
70 55 76
70 56 91
70 57 27
70 58 47
70 59 71
70 60 23
70 61 1
70 62 49
70 63 61
70 64 89
70 65 14
70 66 54
70 67 79
70 68 79
70 69 71
70 70 50
70 71 56
70 72 8
70 73 82
70 74 30
70 75 59
70 76 54
70 77 43
70 78 83
70 79 89
70 80 52
70 81 71
70 82 28
70 83 58
70 84 15
70 85 73
70 86 20
70 87 84
70 88 46
70 89 51
70 90 50
70 91 32
70 92 34
70 93 22
70 94 48
70 95 57
70 96 60
70 97 28
70 98 79
70 99 85
70 100 58
71 1 8
71 2 15
71 3 33
71 4 21
71 5 4
71 6 82
71 7 76
71 8 58
71 9 28
71 10 4
71 11 94
71 12 41
71 13 46
71 14 9
71 15 68
71 16 51
71 17 33
71 18 90
71 19 64
71 20 78
71 21 56
71 22 26
71 23 78
71 24 94
71 25 54
71 26 63
71 27 23
71 28 61
71 29 61
71 30 46
71 31 96
71 32 32
71 33 75
71 34 74
71 35 68
71 36 74
71 37 53
71 38 36
71 39 21
71 40 69
71 41 51
71 42 14
71 43 12
71 44 33
71 45 49
71 46 98
71 47 35
71 48 14
71 49 39
71 50 75
71 51 45
71 52 82
71 53 26
71 54 9
71 55 43
71 56 33
71 57 50
71 58 45
71 59 77
71 60 5
71 61 44
71 62 71
71 63 14
71 64 58
71 65 29
71 66 25
71 67 6
71 68 90
71 69 85
71 70 31
71 71 59
71 72 54
71 73 82
71 74 34
71 75 32
71 76 71
71 77 81
71 78 50
71 79 63
71 80 83
71 81 10
71 82 36
71 83 88
71 84 69
71 85 89
71 86 33
71 87 6
71 88 33
71 89 90
71 90 49
71 91 24
71 92 43
71 93 81
71 94 31
71 95 26
71 96 30
71 97 65
71 98 67
71 99 91
71 100 29
72 1 54
72 2 29
72 3 35
72 4 71
72 5 93
72 6 89
72 7 49
72 8 87
72 9 28
72 10 9
72 11 59
72 12 83
72 13 33
72 14 19
72 15 60
72 16 18
72 17 21
72 18 8
72 19 88
72 20 67
72 21 65
72 22 80
72 23 56
72 24 32
72 25 81
72 26 97
72 27 77
72 28 46
72 29 55
72 30 95
72 31 8
72 32 4
72 33 63
72 34 34
72 35 96
72 36 30
72 37 98
72 38 55
72 39 16
72 40 5
72 41 26
72 42 96
72 43 7
72 44 72
72 45 91
72 46 5
72 47 69
72 48 18
72 49 60
72 50 71
72 51 2
72 52 68
72 53 55
72 54 36
72 55 6
72 56 13
72 57 89
72 58 54
72 59 51
72 60 90
72 61 46
72 62 82
72 63 18
72 64 91
72 65 86
72 66 96
72 67 64
72 68 23
72 69 26
72 70 16
72 71 69
72 72 75
72 73 95
72 74 75
72 75 61
72 76 77
72 77 55
72 78 33
72 79 83
72 80 66
72 81 69
72 82 76
72 83 12
72 84 14
72 85 86
72 86 69
72 87 77
72 88 14
72 89 32
72 90 82
72 91 95
72 92 91
72 93 68
72 94 12
72 95 78
72 96 32
72 97 40
72 98 90
72 99 19
72 100 31
73 1 27
73 2 79
73 3 82
73 4 53
73 5 86
73 6 46
73 7 6
73 8 40
73 9 41
73 10 67
73 11 83
73 12 64
73 13 30
73 14 4
73 15 51
73 16 56
73 17 10
73 18 24
73 19 5
73 20 33
73 21 62
73 22 22
73 23 10
73 24 93
73 25 94
73 26 44
73 27 65
73 28 56
73 29 64
73 30 91
73 31 66
73 32 98
73 33 25
73 34 80
73 35 94
73 36 32
73 37 79
73 38 37
73 39 81
73 40 90
73 41 22
73 42 44
73 43 87
73 44 3
73 45 52
73 46 59
73 47 41
73 48 13
73 49 84
73 50 66
73 51 96
73 52 9
73 53 53
73 54 37
73 55 78
73 56 96
73 57 83
73 58 30
73 59 98
73 60 10
73 61 20
73 62 57
73 63 20
73 64 65
73 65 92
73 66 6
73 67 91
73 68 74
73 69 19
73 70 87
73 71 39
73 72 51
73 73 58
73 74 37
73 75 17
73 76 39
73 77 30
73 78 43
73 79 90
73 80 95
73 81 45
73 82 53
73 83 24
73 84 67
73 85 82
73 86 79
73 87 78
73 88 86
73 89 59
73 90 63
73 91 84
73 92 93
73 93 36
73 94 33
73 95 69
73 96 20
73 97 13
73 98 97
73 99 54
73 100 94
74 1 53
74 2 85
74 3 8
74 4 1
74 5 20
74 6 77
74 7 2
74 8 60
74 9 54
74 10 18
74 11 85
74 12 99
74 13 76
74 14 88
74 15 78
74 16 45
74 17 88
74 18 52
74 19 11
74 20 70
74 21 63
74 22 19
74 23 75
74 24 61
74 25 95
74 26 65
74 27 20
74 28 95
74 29 71
74 30 24
74 31 48
74 32 64
74 33 79
74 34 90
74 35 25
74 36 62
74 37 70
74 38 39
74 39 35
74 40 47
74 41 12
74 42 9
74 43 24
74 44 40
74 45 83
74 46 26
74 47 45
74 48 80
74 49 81
74 50 95
74 51 94
74 52 96
74 53 21
74 54 7
74 55 85
74 56 52
74 57 38
74 58 74
74 59 48
74 60 38
74 61 11
74 62 51
74 63 75
74 64 2
74 65 78
74 66 8
74 67 25
74 68 25
74 69 11
74 70 67
74 71 16
74 72 48
74 73 91
74 74 67
74 75 86
74 76 85
74 77 20
74 78 37
74 79 73
74 80 19
74 81 7
74 82 70
74 83 18
74 84 71
74 85 12
74 86 26
74 87 2
74 88 11
74 89 43
74 90 74
74 91 13
74 92 34
74 93 8
74 94 8
74 95 47
74 96 94
74 97 29
74 98 30
74 99 29
74 100 28
75 1 95
75 2 63
75 3 42
75 4 11
75 5 60
75 6 2
75 7 10
75 8 98
75 9 49
75 10 67
75 11 54
75 12 46
75 13 2
75 14 67
75 15 70
75 16 75
75 17 16
75 18 96
75 19 82
75 20 46
75 21 88
75 22 78
75 23 96
75 24 58
75 25 90
75 26 11
75 27 30
75 28 59
75 29 10
75 30 40
75 31 2
75 32 28
75 33 81
75 34 78
75 35 13
75 36 84
75 37 88
75 38 11
75 39 48
75 40 53
75 41 13
75 42 47
75 43 23
75 44 85
75 45 98
75 46 39
75 47 10
75 48 44
75 49 58
75 50 63
75 51 69
75 52 67
75 53 86
75 54 81
75 55 60
75 56 91
75 57 84
75 58 35
75 59 73
75 60 53
75 61 41
75 62 61
75 63 85
75 64 82
75 65 78
75 66 20
75 67 44
75 68 91
75 69 27
75 70 72
75 71 25
75 72 5
75 73 38
75 74 9
75 75 14
75 76 65
75 77 20
75 78 2
75 79 13
75 80 81
75 81 15
75 82 96
75 83 3
75 84 33
75 85 44
75 86 68
75 87 96
75 88 37
75 89 46
75 90 16
75 91 46
75 92 54
75 93 42
75 94 1
75 95 88
75 96 40
75 97 21
75 98 12
75 99 61
75 100 92
76 1 69
76 2 14
76 3 32
76 4 75
76 5 22
76 6 51
76 7 80
76 8 34
76 9 74
76 10 34
76 11 74
76 12 26
76 13 76
76 14 42
76 15 22
76 16 98
76 17 50
76 18 19
76 19 85
76 20 92
76 21 88
76 22 53
76 23 70
76 24 5
76 25 65
76 26 17
76 27 24
76 28 23
76 29 68
76 30 38
76 31 45
76 32 90
76 33 59
76 34 50
76 35 73
76 36 50
76 37 93
76 38 57
76 39 83
76 40 42
76 41 33
76 42 15
76 43 2
76 44 48
76 45 83
76 46 57
76 47 23
76 48 64
76 49 62
76 50 94
76 51 10
76 52 30
76 53 69
76 54 1
76 55 92
76 56 9
76 57 35
76 58 15
76 59 48
76 60 66
76 61 47
76 62 32
76 63 3
76 64 68
76 65 59
76 66 86
76 67 90
76 68 44
76 69 83
76 70 47
76 71 21
76 72 88
76 73 38
76 74 51
76 75 55
76 76 26
76 77 89
76 78 54
76 79 89
76 80 18
76 81 34
76 82 35
76 83 30
76 84 50
76 85 30
76 86 41
76 87 59
76 88 29
76 89 18
76 90 39
76 91 79
76 92 81
76 93 27
76 94 93
76 95 52
76 96 93
76 97 60
76 98 25
76 99 24
76 100 29
77 1 80
77 2 84
77 3 82
77 4 28
77 5 52
77 6 56
77 7 52
77 8 79
77 9 56
77 10 9
77 11 85
77 12 23
77 13 57
77 14 54
77 15 83
77 16 11
77 17 5
77 18 91
77 19 86
77 20 60
77 21 17
77 22 69
77 23 11
77 24 80
77 25 66
77 26 78
77 27 19
77 28 35
77 29 63
77 30 90
77 31 41
77 32 85
77 33 75
77 34 61
77 35 33
77 36 62
77 37 90
77 38 31
77 39 54
77 40 64
77 41 38
77 42 35
77 43 22
77 44 47
77 45 44
77 46 19
77 47 16
77 48 53
77 49 3
77 50 72
77 51 18
77 52 9
77 53 43
77 54 74
77 55 20
77 56 3
77 57 28
77 58 10
77 59 4
77 60 70
77 61 79
77 62 12
77 63 38
77 64 26
77 65 50
77 66 44
77 67 16
77 68 51
77 69 70
77 70 8
77 71 19
77 72 7
77 73 21
77 74 45
77 75 66
77 76 26
77 77 4
77 78 73
77 79 7
77 80 24
77 81 93
77 82 79
77 83 27
77 84 21
77 85 59
77 86 70
77 87 41
77 88 88
77 89 35
77 90 45
77 91 1
77 92 94
77 93 82
77 94 59
77 95 86
77 96 72
77 97 46
77 98 71
77 99 19
77 100 93
78 1 70
78 2 36
78 3 47
78 4 28
78 5 64
78 6 38
78 7 38
78 8 69
78 9 96
78 10 62
78 11 61
78 12 84
78 13 65
78 14 63
78 15 52
78 16 3
78 17 36
78 18 44
78 19 91
78 20 67
78 21 52
78 22 46
78 23 24
78 24 42
78 25 34
78 26 58
78 27 49
78 28 35
78 29 57
78 30 39
78 31 46
78 32 49
78 33 32
78 34 84
78 35 14
78 36 26
78 37 92
78 38 93
78 39 64
78 40 88
78 41 89
78 42 60
78 43 98
78 44 31
78 45 52
78 46 1
78 47 27
78 48 74
78 49 16
78 50 51
78 51 24
78 52 50
78 53 60
78 54 71
78 55 6
78 56 34
78 57 4
78 58 34
78 59 38
78 60 44
78 61 70
78 62 34
78 63 85
78 64 14
78 65 19
78 66 86
78 67 57
78 68 20
78 69 96
78 70 44
78 71 23
78 72 34
78 73 97
78 74 52
78 75 25
78 76 97
78 77 22
78 78 35
78 79 30
78 80 62
78 81 65
78 82 23
78 83 62
78 84 3
78 85 77
78 86 50
78 87 20
78 88 87
78 89 33
78 90 6
78 91 1
78 92 34
78 93 76
78 94 68
78 95 1
78 96 35
78 97 52
78 98 93
78 99 90
78 100 57
79 1 87
79 2 34
79 3 45
79 4 84
79 5 8
79 6 78
79 7 46
79 8 59
79 9 88
79 10 48
79 11 34
79 12 56
79 13 49
79 14 73
79 15 16
79 16 14
79 17 70
79 18 9
79 19 14
79 20 71
79 21 13
79 22 65
79 23 99
79 24 13
79 25 60
79 26 27
79 27 5
79 28 69
79 29 5
79 30 81
79 31 29
79 32 44
79 33 57
79 34 13
79 35 5
79 36 24
79 37 3
79 38 60
79 39 39
79 40 75
79 41 71
79 42 17
79 43 56
79 44 41
79 45 37
79 46 38
79 47 86
79 48 62
79 49 74
79 50 47
79 51 86
79 52 4
79 53 3
79 54 86
79 55 54
79 56 85
79 57 23
79 58 69
79 59 52
79 60 88
79 61 95
79 62 11
79 63 64
79 64 86
79 65 25
79 66 57
79 67 83
79 68 70
79 69 14
79 70 80
79 71 51
79 72 42
79 73 52
79 74 68
79 75 54
79 76 71
79 77 67
79 78 15
79 79 25
79 80 38
79 81 5
79 82 58
79 83 51
79 84 67
79 85 57
79 86 78
79 87 67
79 88 65
79 89 10
79 90 72
79 91 61
79 92 92
79 93 64
79 94 87
79 95 49
79 96 67
79 97 99
79 98 47
79 99 71
79 100 39
80 1 75
80 2 58
80 3 4
80 4 42
80 5 77
80 6 34
80 7 77
80 8 5
80 9 5
80 10 16
80 11 25
80 12 81
80 13 44
80 14 29
80 15 26
80 16 43
80 17 64
80 18 62
80 19 56
80 20 19
80 21 30
80 22 21
80 23 90
80 24 38
80 25 38
80 26 15
80 27 67
80 28 51
80 29 9
80 30 45
80 31 25
80 32 26
80 33 75
80 34 70
80 35 28
80 36 75
80 37 81
80 38 23
80 39 75
80 40 95
80 41 69
80 42 82
80 43 19
80 44 68
80 45 81
80 46 57
80 47 80
80 48 50
80 49 47
80 50 1
80 51 94
80 52 54
80 53 70
80 54 92
80 55 42
80 56 8
80 57 95
80 58 23
80 59 37
80 60 96
80 61 86
80 62 60
80 63 13
80 64 12
80 65 53
80 66 98
80 67 55
80 68 75
80 69 1
80 70 21
80 71 18
80 72 81
80 73 5
80 74 44
80 75 49
80 76 71
80 77 87
80 78 20
80 79 20
80 80 43
80 81 39
80 82 70
80 83 33
80 84 64
80 85 50
80 86 59
80 87 30
80 88 55
80 89 84
80 90 19
80 91 16
80 92 37
80 93 61
80 94 23
80 95 36
80 96 12
80 97 33
80 98 11
80 99 9
80 100 47
81 1 28
81 2 82
81 3 22
81 4 37
81 5 83
81 6 21
81 7 12
81 8 69
81 9 55
81 10 50
81 11 55
81 12 17
81 13 3
81 14 78
81 15 43
81 16 27
81 17 59
81 18 54
81 19 99
81 20 19
81 21 50
81 22 24
81 23 23
81 24 23
81 25 4
81 26 97
81 27 96
81 28 12
81 29 65
81 30 37
81 31 32
81 32 15
81 33 1
81 34 55
81 35 37
81 36 38
81 37 31
81 38 48
81 39 86
81 40 4
81 41 51
81 42 73
81 43 71
81 44 98
81 45 81
81 46 92
81 47 9
81 48 36
81 49 38
81 50 71
81 51 42
81 52 45
81 53 60
81 54 97
81 55 12
81 56 26
81 57 38
81 58 5
81 59 73
81 60 68
81 61 91
81 62 76
81 63 25
81 64 9
81 65 15
81 66 52
81 67 45
81 68 60
81 69 3
81 70 39
81 71 70
81 72 42
81 73 71
81 74 44
81 75 82
81 76 50
81 77 55
81 78 77
81 79 50
81 80 62
81 81 47
81 82 40
81 83 44
81 84 61
81 85 87
81 86 68
81 87 29
81 88 51
81 89 5
81 90 35
81 91 86
81 92 96
81 93 82
81 94 44
81 95 35
81 96 84
81 97 28
81 98 33
81 99 3
81 100 32
82 1 10
82 2 93
82 3 48
82 4 95
82 5 69
82 6 37
82 7 36
82 8 75
82 9 26
82 10 13
82 11 89
82 12 99
82 13 11
82 14 21
82 15 67
82 16 4
82 17 63
82 18 45
82 19 65
82 20 99
82 21 83
82 22 76
82 23 45
82 24 81
82 25 2
82 26 14
82 27 20
82 28 82
82 29 48
82 30 21
82 31 76
82 32 10
82 33 26
82 34 47
82 35 34
82 36 51
82 37 1
82 38 78
82 39 83
82 40 87
82 41 60
82 42 9
82 43 58
82 44 48
82 45 48
82 46 28
82 47 31
82 48 15
82 49 27
82 50 37
82 51 98
82 52 10
82 53 35
82 54 49
82 55 86
82 56 2
82 57 38
82 58 35
82 59 78
82 60 77
82 61 65
82 62 81
82 63 56
82 64 72
82 65 34
82 66 73
82 67 35
82 68 78
82 69 99
82 70 57
82 71 59
82 72 33
82 73 18
82 74 63
82 75 84
82 76 42
82 77 84
82 78 13
82 79 99
82 80 90
82 81 6
82 82 6
82 83 55
82 84 24
82 85 17
82 86 28
82 87 17
82 88 78
82 89 89
82 90 74
82 91 99
82 92 3
82 93 30
82 94 65
82 95 27
82 96 70
82 97 67
82 98 32
82 99 59
82 100 29
83 1 27
83 2 41
83 3 24
83 4 50
83 5 64
83 6 69
83 7 58
83 8 53
83 9 95
83 10 19
83 11 57
83 12 41
83 13 84
83 14 43
83 15 51
83 16 81
83 17 20
83 18 41
83 19 22
83 20 10
83 21 80
83 22 13
83 23 80
83 24 46
83 25 69
83 26 60
83 27 33
83 28 24
83 29 35
83 30 11
83 31 30
83 32 81
83 33 13
83 34 20
83 35 67
83 36 84
83 37 74
83 38 50
83 39 16
83 40 42
83 41 94
83 42 58
83 43 6
83 44 22
83 45 76
83 46 59
83 47 33
83 48 63
83 49 55
83 50 9
83 51 85
83 52 67
83 53 95
83 54 15
83 55 14
83 56 85
83 57 87
83 58 13
83 59 92
83 60 93
83 61 95
83 62 54
83 63 23
83 64 50
83 65 44
83 66 5
83 67 30
83 68 1
83 69 76
83 70 37
83 71 72
83 72 67
83 73 39
83 74 94
83 75 91
83 76 57
83 77 12
83 78 92
83 79 36
83 80 12
83 81 45
83 82 97
83 83 93
83 84 55
83 85 71
83 86 17
83 87 6
83 88 57
83 89 10
83 90 53
83 91 14
83 92 25
83 93 30
83 94 7
83 95 51
83 96 15
83 97 99
83 98 19
83 99 20
83 100 29
84 1 21
84 2 23
84 3 83
84 4 58
84 5 70
84 6 62
84 7 70
84 8 16
84 9 21
84 10 89
84 11 24
84 12 86
84 13 3
84 14 73
84 15 60
84 16 70
84 17 55
84 18 17
84 19 99
84 20 38
84 21 76
84 22 44
84 23 46
84 24 19
84 25 14
84 26 50
84 27 32
84 28 15
84 29 38
84 30 65
84 31 3
84 32 89
84 33 53
84 34 38
84 35 66
84 36 56
84 37 31
84 38 46
84 39 61
84 40 31
84 41 32
84 42 61
84 43 69
84 44 54
84 45 69
84 46 9
84 47 31
84 48 17
84 49 21
84 50 57
84 51 49
84 52 49
84 53 15
84 54 2
84 55 4
84 56 7
84 57 46
84 58 14
84 59 70
84 60 35
84 61 87
84 62 27
84 63 16
84 64 60
84 65 25
84 66 79
84 67 71
84 68 9
84 69 2
84 70 67
84 71 90
84 72 49
84 73 18
84 74 23
84 75 77
84 76 78
84 77 13
84 78 17
84 79 67
84 80 99
84 81 37
84 82 77
84 83 70
84 84 58
84 85 29
84 86 83
84 87 14
84 88 71
84 89 2
84 90 14
84 91 3
84 92 35
84 93 47
84 94 60
84 95 3
84 96 14
84 97 86
84 98 4
84 99 21
84 100 84
85 1 37
85 2 41
85 3 36
85 4 64
85 5 41
85 6 75
85 7 97
85 8 57
85 9 88
85 10 97
85 11 70
85 12 80
85 13 88
85 14 52
85 15 74
85 16 43
85 17 68
85 18 98
85 19 54
85 20 65
85 21 66
85 22 73
85 23 78
85 24 41
85 25 78
85 26 81
85 27 87
85 28 13
85 29 21
85 30 60
85 31 98
85 32 12
85 33 81
85 34 94
85 35 5
85 36 3
85 37 57
85 38 47
85 39 99
85 40 82
85 41 76
85 42 63
85 43 95
85 44 13
85 45 53
85 46 85
85 47 65
85 48 23
85 49 99
85 50 61
85 51 86
85 52 6
85 53 71
85 54 20
85 55 19
85 56 4
85 57 22
85 58 87
85 59 27
85 60 98
85 61 59
85 62 28
85 63 41
85 64 10
85 65 69
85 66 51
85 67 31
85 68 42
85 69 90
85 70 91
85 71 79
85 72 60
85 73 72
85 74 82
85 75 1
85 76 44
85 77 83
85 78 33
85 79 44
85 80 89
85 81 72
85 82 36
85 83 18
85 84 81
85 85 66
85 86 85
85 87 74
85 88 3
85 89 23
85 90 88
85 91 87
85 92 30
85 93 96
85 94 13
85 95 46
85 96 43
85 97 2
85 98 68
85 99 77
85 100 20
86 1 95
86 2 59
86 3 44
86 4 91
86 5 4
86 6 53
86 7 10
86 8 83
86 9 88
86 10 64
86 11 57
86 12 87
86 13 7
86 14 41
86 15 5
86 16 22
86 17 56
86 18 81
86 19 27
86 20 12
86 21 12
86 22 39
86 23 49
86 24 75
86 25 14
86 26 64
86 27 58
86 28 57
86 29 21
86 30 74
86 31 71
86 32 12
86 33 50
86 34 86
86 35 9
86 36 24
86 37 12
86 38 28
86 39 48
86 40 5
86 41 63
86 42 45
86 43 45
86 44 60
86 45 30
86 46 44
86 47 80
86 48 15
86 49 11
86 50 74
86 51 71
86 52 55
86 53 89
86 54 92
86 55 5
86 56 87
86 57 26
86 58 67
86 59 9
86 60 36
86 61 64
86 62 98
86 63 35
86 64 77
86 65 70
86 66 49
86 67 55
86 68 92
86 69 58
86 70 28
86 71 16
86 72 12
86 73 20
86 74 21
86 75 91
86 76 26
86 77 98
86 78 51
86 79 67
86 80 31
86 81 55
86 82 36
86 83 55
86 84 37
86 85 9
86 86 83
86 87 47
86 88 10
86 89 27
86 90 46
86 91 37
86 92 9
86 93 12
86 94 20
86 95 86
86 96 91
86 97 81
86 98 10
86 99 90
86 100 19
87 1 97
87 2 49
87 3 44
87 4 80
87 5 66
87 6 82
87 7 82
87 8 50
87 9 40
87 10 30
87 11 67
87 12 79
87 13 43
87 14 37
87 15 59
87 16 20
87 17 17
87 18 5
87 19 5
87 20 11
87 21 76
87 22 52
87 23 20
87 24 93
87 25 12
87 26 31
87 27 96
87 28 26
87 29 83
87 30 47
87 31 58
87 32 94
87 33 79
87 34 90
87 35 15
87 36 75
87 37 71
87 38 89
87 39 95
87 40 8
87 41 77
87 42 78
87 43 83
87 44 50
87 45 80
87 46 72
87 47 14
87 48 51
87 49 2
87 50 34
87 51 12
87 52 22
87 53 21
87 54 34
87 55 53
87 56 3
87 57 93
87 58 26
87 59 28
87 60 75
87 61 90
87 62 45
87 63 80
87 64 38
87 65 83
87 66 42
87 67 56
87 68 50
87 69 6
87 70 21
87 71 22
87 72 16
87 73 70
87 74 73
87 75 21
87 76 2
87 77 44
87 78 44
87 79 42
87 80 58
87 81 46
87 82 83
87 83 55
87 84 21
87 85 72
87 86 71
87 87 10
87 88 63
87 89 33
87 90 53
87 91 49
87 92 22
87 93 11
87 94 64
87 95 43
87 96 38
87 97 68
87 98 18
87 99 43
87 100 26
88 1 33
88 2 19
88 3 17
88 4 86
88 5 10
88 6 65
88 7 38
88 8 75
88 9 59
88 10 65
88 11 43
88 12 73
88 13 20
88 14 62
88 15 28
88 16 76
88 17 30
88 18 13
88 19 56
88 20 83
88 21 72
88 22 29
88 23 40
88 24 3
88 25 30
88 26 40
88 27 6
88 28 86
88 29 34
88 30 34
88 31 57
88 32 58
88 33 88
88 34 1
88 35 58
88 36 57
88 37 23
88 38 17
88 39 6
88 40 64
88 41 27
88 42 36
88 43 40
88 44 33
88 45 30
88 46 67
88 47 55
88 48 72
88 49 53
88 50 93
88 51 3
88 52 75
88 53 49
88 54 47
88 55 3
88 56 47
88 57 95
88 58 88
88 59 37
88 60 91
88 61 43
88 62 41
88 63 66
88 64 84
88 65 96
88 66 17
88 67 8
88 68 98
88 69 20
88 70 14
88 71 79
88 72 14
88 73 18
88 74 70
88 75 58
88 76 29
88 77 90
88 78 94
88 79 8
88 80 89
88 81 56
88 82 77
88 83 52
88 84 86
88 85 47
88 86 91
88 87 20
88 88 35
88 89 71
88 90 48
88 91 74
88 92 49
88 93 17
88 94 65
88 95 1
88 96 62
88 97 9
88 98 16
88 99 17
88 100 94
89 1 72
89 2 11
89 3 87
89 4 17
89 5 35
89 6 5
89 7 7
89 8 44
89 9 83
89 10 81
89 11 90
89 12 57
89 13 10
89 14 33
89 15 19
89 16 42
89 17 1
89 18 79
89 19 43
89 20 33
89 21 92
89 22 98
89 23 60
89 24 30
89 25 13
89 26 97
89 27 35
89 28 89
89 29 2
89 30 34
89 31 6
89 32 37
89 33 97
89 34 3
89 35 80
89 36 86
89 37 44
89 38 50
89 39 76
89 40 25
89 41 20
89 42 94
89 43 58
89 44 3
89 45 99
89 46 77
89 47 16
89 48 13
89 49 45
89 50 12
89 51 1
89 52 54
89 53 47
89 54 54
89 55 27
89 56 51
89 57 86
89 58 96
89 59 6
89 60 22
89 61 47
89 62 22
89 63 20
89 64 39
89 65 70
89 66 30
89 67 79
89 68 76
89 69 89
89 70 14
89 71 43
89 72 68
89 73 32
89 74 27
89 75 34
89 76 95
89 77 67
89 78 49
89 79 17
89 80 90
89 81 21
89 82 31
89 83 38
89 84 69
89 85 26
89 86 50
89 87 67
89 88 45
89 89 53
89 90 78
89 91 62
89 92 45
89 93 63
89 94 44
89 95 54
89 96 58
89 97 30
89 98 61
89 99 76
89 100 45
90 1 4
90 2 31
90 3 46
90 4 52
90 5 87
90 6 64
90 7 41
90 8 31
90 9 94
90 10 14
90 11 7
90 12 55
90 13 11
90 14 12
90 15 12
90 16 26
90 17 3
90 18 56
90 19 88
90 20 8
90 21 86
90 22 19
90 23 70
90 24 35
90 25 44
90 26 59
90 27 93
90 28 19
90 29 26
90 30 97
90 31 95
90 32 1
90 33 2
90 34 79
90 35 53
90 36 80
90 37 72
90 38 81
90 39 27
90 40 43
90 41 1
90 42 80
90 43 18
90 44 88
90 45 35
90 46 73
90 47 64
90 48 43
90 49 55
90 50 25
90 51 38
90 52 31
90 53 53
90 54 4
90 55 54
90 56 92
90 57 73
90 58 22
90 59 71
90 60 52
90 61 62
90 62 84
90 63 33
90 64 29
90 65 31
90 66 31
90 67 77
90 68 96
90 69 23
90 70 58
90 71 75
90 72 82
90 73 28
90 74 68
90 75 34
90 76 28
90 77 27
90 78 31
90 79 96
90 80 52
90 81 72
90 82 7
90 83 45
90 84 88
90 85 87
90 86 22
90 87 33
90 88 42
90 89 73
90 90 31
90 91 51
90 92 78
90 93 7
90 94 19
90 95 11
90 96 45
90 97 26
90 98 47
90 99 49
90 100 91
91 1 13
91 2 15
91 3 16
91 4 43
91 5 66
91 6 43
91 7 18
91 8 9
91 9 60
91 10 38
91 11 9
91 12 18
91 13 49
91 14 11
91 15 58
91 16 59
91 17 23
91 18 83
91 19 66
91 20 42
91 21 16
91 22 12
91 23 47
91 24 98
91 25 41
91 26 40
91 27 71
91 28 66
91 29 46
91 30 63
91 31 95
91 32 54
91 33 20
91 34 66
91 35 75
91 36 68
91 37 64
91 38 48
91 39 5
91 40 42
91 41 26
91 42 80
91 43 19
91 44 58
91 45 34
91 46 97
91 47 17
91 48 69
91 49 40
91 50 46
91 51 20
91 52 14
91 53 4
91 54 37
91 55 17
91 56 50
91 57 73
91 58 3
91 59 64
91 60 86
91 61 1
91 62 52
91 63 94
91 64 83
91 65 21
91 66 14
91 67 19
91 68 23
91 69 53
91 70 40
91 71 10
91 72 56
91 73 77
91 74 56
91 75 37
91 76 44
91 77 62
91 78 35
91 79 74
91 80 75
91 81 3
91 82 84
91 83 69
91 84 94
91 85 53
91 86 75
91 87 46
91 88 84
91 89 2
91 90 42
91 91 47
91 92 65
91 93 45
91 94 38
91 95 43
91 96 65
91 97 14
91 98 85
91 99 94
91 100 57
92 1 18
92 2 70
92 3 42
92 4 25
92 5 54
92 6 86
92 7 90
92 8 17
92 9 51
92 10 89
92 11 75
92 12 31
92 13 90
92 14 77
92 15 37
92 16 26
92 17 13
92 18 11
92 19 45
92 20 37
92 21 65
92 22 26
92 23 49
92 24 35
92 25 48
92 26 99
92 27 70
92 28 16
92 29 69
92 30 85
92 31 47
92 32 57
92 33 78
92 34 27
92 35 39
92 36 91
92 37 60
92 38 87
92 39 7
92 40 91
92 41 70
92 42 75
92 43 82
92 44 76
92 45 50
92 46 99
92 47 29
92 48 30
92 49 75
92 50 16
92 51 28
92 52 47
92 53 93
92 54 7
92 55 61
92 56 20
92 57 50
92 58 51
92 59 1
92 60 27
92 61 26
92 62 96
92 63 35
92 64 88
92 65 43
92 66 63
92 67 14
92 68 41
92 69 35
92 70 53
92 71 56
92 72 4
92 73 2
92 74 25
92 75 51
92 76 6
92 77 14
92 78 85
92 79 42
92 80 65
92 81 14
92 82 6
92 83 29
92 84 99
92 85 74
92 86 36
92 87 15
92 88 66
92 89 54
92 90 34
92 91 42
92 92 97
92 93 75
92 94 71
92 95 86
92 96 78
92 97 90
92 98 18
92 99 2
92 100 62
93 1 67
93 2 5
93 3 50
93 4 40
93 5 2
93 6 13
93 7 65
93 8 77
93 9 55
93 10 84
93 11 70
93 12 53
93 13 40
93 14 33
93 15 43
93 16 77
93 17 56
93 18 11
93 19 62
93 20 90
93 21 54
93 22 99
93 23 59
93 24 55
93 25 34
93 26 85
93 27 24
93 28 99
93 29 50
93 30 56
93 31 74
93 32 2
93 33 47
93 34 37
93 35 19
93 36 34
93 37 51
93 38 14
93 39 33
93 40 14
93 41 81
93 42 22
93 43 3
93 44 87
93 45 99
93 46 87
93 47 67
93 48 65
93 49 72
93 50 39
93 51 55
93 52 43
93 53 57
93 54 15
93 55 88
93 56 84
93 57 47
93 58 86
93 59 6
93 60 2
93 61 72
93 62 62
93 63 34
93 64 89
93 65 36
93 66 98
93 67 14
93 68 34
93 69 44
93 70 86
93 71 40
93 72 93
93 73 86
93 74 39
93 75 24
93 76 96
93 77 1
93 78 76
93 79 23
93 80 50
93 81 62
93 82 61
93 83 82
93 84 74
93 85 80
93 86 93
93 87 61
93 88 71
93 89 29
93 90 39
93 91 67
93 92 61
93 93 32
93 94 55
93 95 36
93 96 62
93 97 56
93 98 74
93 99 86
93 100 9
94 1 61
94 2 23
94 3 34
94 4 49
94 5 44
94 6 18
94 7 15
94 8 40
94 9 12
94 10 21
94 11 15
94 12 33
94 13 9
94 14 47
94 15 38
94 16 1
94 17 50
94 18 69
94 19 18
94 20 30
94 21 79
94 22 99
94 23 85
94 24 67
94 25 42
94 26 28
94 27 46
94 28 89
94 29 88
94 30 99
94 31 13
94 32 86
94 33 11
94 34 83
94 35 80
94 36 36
94 37 13
94 38 96
94 39 16
94 40 52
94 41 37
94 42 78
94 43 85
94 44 36
94 45 96
94 46 18
94 47 83
94 48 9
94 49 63
94 50 58
94 51 24
94 52 53
94 53 9
94 54 39
94 55 37
94 56 13
94 57 35
94 58 86
94 59 89
94 60 60
94 61 77
94 62 61
94 63 96
94 64 47
94 65 1
94 66 76
94 67 41
94 68 99
94 69 79
94 70 42
94 71 17
94 72 16
94 73 44
94 74 19
94 75 50
94 76 71
94 77 70
94 78 49
94 79 14
94 80 75
94 81 28
94 82 75
94 83 19
94 84 8
94 85 98
94 86 5
94 87 43
94 88 16
94 89 34
94 90 95
94 91 49
94 92 97
94 93 92
94 94 80
94 95 87
94 96 69
94 97 43
94 98 97
94 99 94
94 100 60
95 1 31
95 2 61
95 3 38
95 4 81
95 5 81
95 6 21
95 7 99
95 8 63
95 9 47
95 10 72
95 11 87
95 12 97
95 13 63
95 14 16
95 15 78
95 16 77
95 17 68
95 18 50
95 19 38
95 20 93
95 21 15
95 22 95
95 23 34
95 24 56
95 25 6
95 26 85
95 27 29
95 28 20
95 29 52
95 30 59
95 31 70
95 32 57
95 33 63
95 34 30
95 35 95
95 36 84
95 37 44
95 38 23
95 39 30
95 40 72
95 41 22
95 42 64
95 43 32
95 44 3
95 45 74
95 46 91
95 47 59
95 48 20
95 49 72
95 50 87
95 51 49
95 52 80
95 53 28
95 54 50
95 55 6
95 56 14
95 57 67
95 58 39
95 59 75
95 60 71
95 61 18
95 62 50
95 63 55
95 64 36
95 65 11
95 66 77
95 67 10
95 68 38
95 69 25
95 70 23
95 71 96
95 72 28
95 73 31
95 74 88
95 75 48
95 76 69
95 77 8
95 78 14
95 79 73
95 80 86
95 81 87
95 82 60
95 83 2
95 84 53
95 85 20
95 86 77
95 87 73
95 88 73
95 89 99
95 90 16
95 91 77
95 92 45
95 93 90
95 94 28
95 95 89
95 96 24
95 97 14
95 98 96
95 99 7
95 100 54
96 1 31
96 2 89
96 3 86
96 4 52
96 5 30
96 6 29
96 7 17
96 8 38
96 9 6
96 10 67
96 11 62
96 12 47
96 13 61
96 14 20
96 15 93
96 16 50
96 17 11
96 18 11
96 19 27
96 20 1
96 21 31
96 22 65
96 23 87
96 24 74
96 25 35
96 26 81
96 27 7
96 28 61
96 29 43
96 30 5
96 31 91
96 32 48
96 33 42
96 34 27
96 35 31
96 36 52
96 37 71
96 38 30
96 39 78
96 40 80
96 41 42
96 42 31
96 43 44
96 44 34
96 45 16
96 46 50
96 47 61
96 48 70
96 49 89
96 50 22
96 51 97
96 52 62
96 53 17
96 54 94
96 55 57
96 56 2
96 57 79
96 58 99
96 59 67
96 60 6
96 61 7
96 62 68
96 63 87
96 64 43
96 65 91
96 66 12
96 67 90
96 68 76
96 69 68
96 70 17
96 71 84
96 72 56
96 73 90
96 74 36
96 75 21
96 76 56
96 77 61
96 78 26
96 79 7
96 80 88
96 81 45
96 82 60
96 83 85
96 84 80
96 85 43
96 86 92
96 87 63
96 88 94
96 89 76
96 90 76
96 91 25
96 92 79
96 93 42
96 94 90
96 95 26
96 96 98
96 97 35
96 98 46
96 99 70
96 100 6
97 1 37
97 2 44
97 3 22
97 4 36
97 5 5
97 6 96
97 7 61
97 8 84
97 9 84
97 10 40
97 11 11
97 12 10
97 13 67
97 14 43
97 15 84
97 16 6
97 17 50
97 18 8
97 19 47
97 20 79
97 21 96
97 22 8
97 23 61
97 24 25
97 25 1
97 26 45
97 27 48
97 28 86
97 29 59
97 30 80
97 31 28
97 32 3
97 33 31
97 34 75
97 35 56
97 36 36
97 37 34
97 38 6
97 39 31
97 40 45
97 41 69
97 42 86
97 43 38
97 44 77
97 45 34
97 46 16
97 47 51
97 48 72
97 49 10
97 50 40
97 51 30
97 52 69
97 53 71
97 54 43
97 55 30
97 56 82
97 57 57
97 58 90
97 59 94
97 60 1
97 61 30
97 62 20
97 63 21
97 64 83
97 65 89
97 66 53
97 67 18
97 68 79
97 69 60
97 70 46
97 71 46
97 72 68
97 73 70
97 74 99
97 75 54
97 76 28
97 77 34
97 78 60
97 79 59
97 80 74
97 81 93
97 82 65
97 83 27
97 84 38
97 85 57
97 86 32
97 87 31
97 88 82
97 89 41
97 90 45
97 91 50
97 92 75
97 93 32
97 94 74
97 95 17
97 96 46
97 97 54
97 98 47
97 99 16
97 100 81
98 1 95
98 2 51
98 3 20
98 4 15
98 5 63
98 6 13
98 7 95
98 8 49
98 9 54
98 10 69
98 11 34
98 12 50
98 13 41
98 14 92
98 15 12
98 16 49
98 17 51
98 18 97
98 19 46
98 20 63
98 21 92
98 22 46
98 23 55
98 24 88
98 25 38
98 26 43
98 27 42
98 28 47
98 29 56
98 30 57
98 31 2
98 32 50
98 33 75
98 34 78
98 35 97
98 36 85
98 37 59
98 38 84
98 39 51
98 40 69
98 41 86
98 42 24
98 43 29
98 44 43
98 45 81
98 46 7
98 47 31
98 48 97
98 49 76
98 50 25
98 51 43
98 52 80
98 53 70
98 54 16
98 55 97
98 56 27
98 57 27
98 58 93
98 59 40
98 60 18
98 61 41
98 62 90
98 63 8
98 64 86
98 65 74
98 66 79
98 67 44
98 68 74
98 69 10
98 70 36
98 71 53
98 72 78
98 73 41
98 74 37
98 75 12
98 76 12
98 77 60
98 78 11
98 79 32
98 80 93
98 81 32
98 82 55
98 83 60
98 84 31
98 85 62
98 86 1
98 87 65
98 88 40
98 89 45
98 90 19
98 91 53
98 92 99
98 93 67
98 94 63
98 95 44
98 96 81
98 97 15
98 98 30
98 99 27
98 100 40
99 1 57
99 2 4
99 3 81
99 4 10
99 5 74
99 6 80
99 7 14
99 8 77
99 9 74
99 10 61
99 11 59
99 12 70
99 13 38
99 14 15
99 15 32
99 16 53
99 17 81
99 18 81
99 19 20
99 20 80
99 21 40
99 22 95
99 23 37
99 24 50
99 25 76
99 26 31
99 27 19
99 28 90
99 29 67
99 30 11
99 31 39
99 32 70
99 33 15
99 34 74
99 35 87
99 36 74
99 37 90
99 38 76
99 39 70
99 40 33
99 41 41
99 42 43
99 43 59
99 44 96
99 45 56
99 46 83
99 47 68
99 48 99
99 49 2
99 50 11
99 51 36
99 52 14
99 53 35
99 54 31
99 55 57
99 56 12
99 57 33
99 58 73
99 59 99
99 60 30
99 61 16
99 62 36
99 63 60
99 64 97
99 65 91
99 66 13
99 67 26
99 68 77
99 69 48
99 70 53
99 71 45
99 72 77
99 73 77
99 74 81
99 75 35
99 76 1
99 77 62
99 78 16
99 79 64
99 80 44
99 81 62
99 82 4
99 83 76
99 84 50
99 85 87
99 86 35
99 87 67
99 88 93
99 89 31
99 90 3
99 91 85
99 92 4
99 93 30
99 94 72
99 95 38
99 96 36
99 97 78
99 98 33
99 99 59
99 100 4
100 1 31
100 2 60
100 3 30
100 4 76
100 5 27
100 6 45
100 7 81
100 8 58
100 9 94
100 10 74
100 11 35
100 12 4
100 13 12
100 14 59
100 15 83
100 16 33
100 17 88
100 18 56
100 19 60
100 20 25
100 21 22
100 22 84
100 23 13
100 24 3
100 25 12
100 26 21
100 27 56
100 28 93
100 29 34
100 30 25
100 31 74
100 32 2
100 33 51
100 34 5
100 35 14
100 36 91
100 37 51
100 38 87
100 39 34
100 40 6
100 41 18
100 42 93
100 43 95
100 44 24
100 45 56
100 46 21
100 47 84
100 48 32
100 49 13
100 50 7
100 51 74
100 52 71
100 53 93
100 54 59
100 55 49
100 56 32
100 57 48
100 58 83
100 59 59
100 60 55
100 61 71
100 62 32
100 63 99
100 64 2
100 65 45
100 66 44
100 67 58
100 68 15
100 69 31
100 70 31
100 71 84
100 72 45
100 73 37
100 74 90
100 75 86
100 76 16
100 77 86
100 78 41
100 79 11
100 80 98
100 81 6
100 82 21
100 83 88
100 84 20
100 85 31
100 86 81
100 87 30
100 88 8
100 89 13
100 90 64
100 91 79
100 92 74
100 93 9
100 94 55
100 95 77
100 96 35
100 97 81
100 98 35
100 99 22
100 100 53