100 2
63
22
91
49
41
79
34
44
96
16
19
20
79
61
3
50
60
97
87
65
13
51
19
48
61
21
68
80
95
24
26
92
7
84
69
42
94
70
97
5
3
54
90
27
4
70
95
19
37
52
95
4
8
97
95
46
13
2
85
85
48
21
15
71
66
97
9
6
6
13
82
62
25
79
96
12
44
61
79
79
27
3
75
45
23
63
4
52
69
73
11
3
14
51
38
77
19
85
22
56
0 1 72
0 2 56
0 3 3
0 4 40
0 5 17
0 6 52
0 7 60
0 8 8
0 9 19
0 10 83
0 11 20
0 12 75
0 13 31
0 14 80
0 15 92
0 16 99
0 17 30
0 18 5
0 19 30
0 20 55
0 21 88
0 22 73
0 23 21
0 24 45
0 25 64
0 26 81
0 27 42
0 28 8
0 29 63
0 30 38
0 31 56
0 32 75
0 33 66
0 34 93
0 35 7
0 36 39
0 37 49
0 38 17
0 39 98
0 40 70
0 41 70
0 42 2
0 43 95
0 44 98
0 45 91
0 46 97
0 47 93
0 48 62
0 49 36
0 50 77
0 51 30
0 52 21
0 53 63
0 54 35
0 55 34
0 56 74
0 57 59
0 58 53
0 59 75
0 60 39
0 61 84
0 62 61
0 63 97
0 64 18
0 65 41
0 66 28
0 67 74
0 68 26
0 69 36
0 70 7
0 71 31
0 72 80
0 73 11
0 74 16
0 75 80
0 76 78
0 77 21
0 78 70
0 79 45
0 80 96
0 81 16
0 82 25
0 83 13
0 84 87
0 85 54
0 86 1
0 87 57
0 88 75
0 89 50
0 90 13
0 91 48
0 92 41
0 93 11
0 94 79
0 95 1
0 96 25
0 97 69
0 98 54
0 99 22
0 100 42
1 1 30
1 2 21
1 3 5
1 4 99
1 5 12
1 6 4
1 7 99
1 8 67
1 9 58
1 10 29
1 11 90
1 12 61
1 13 38
1 14 65
1 15 37
1 16 72
1 17 5
1 18 70
1 19 50
1 20 35
1 21 40
1 22 70
1 23 55
1 24 26
1 25 22
1 26 63
1 27 8
1 28 83
1 29 97
1 30 49
1 31 85
1 32 43
1 33 56
1 34 87
1 35 66
1 36 53
1 37 73
1 38 40
1 39 59
1 40 32
1 41 19
1 42 54
1 43 97
1 44 55
1 45 80
1 46 67
1 47 64
1 48 79
1 49 65
1 50 14
1 51 35
1 52 71
1 53 58
1 54 91
1 55 70
1 56 45
1 57 24
1 58 67
1 59 63
1 60 28
1 61 49
1 62 98
1 63 11
1 64 35
1 65 83
1 66 26
1 67 18
1 68 54
1 69 50
1 70 1
1 71 69
1 72 75
1 73 24
1 74 28
1 75 51
1 76 20
1 77 87
1 78 46
1 79 5
1 80 6
1 81 66
1 82 1
1 83 16
1 84 30
1 85 46
1 86 71
1 87 26
1 88 63
1 89 52
1 90 42
1 91 66
1 92 19
1 93 37
1 94 50
1 95 70
1 96 33
1 97 1
1 98 45
1 99 98
1 100 56
2 1 24
2 2 70
2 3 2
2 4 86
2 5 73
2 6 80
2 7 5
2 8 61
2 9 77
2 10 54
2 11 74
2 12 4
2 13 54
2 14 15
2 15 58
2 16 19
2 17 92
2 18 71
2 19 34
2 20 23
2 21 60
2 22 2
2 23 69
2 24 48
2 25 28
2 26 14
2 27 88
2 28 4
2 29 44
2 30 4
2 31 58
2 32 90
2 33 27
2 34 60
2 35 51
2 36 93
2 37 44
2 38 61
2 39 10
2 40 1
2 41 84
2 42 32
2 43 25
2 44 36
2 45 91
2 46 21
2 47 45
2 48 63
2 49 13
2 50 69
2 51 46
2 52 70
2 53 64
2 54 81
2 55 27
2 56 66
2 57 66
2 58 38
2 59 38
2 60 82
2 61 81
2 62 2
2 63 24
2 64 50
2 65 51
2 66 54
2 67 38
2 68 85
2 69 38
2 70 31
2 71 66
2 72 70
2 73 13
2 74 61
2 75 30
2 76 39
2 77 11
2 78 43
2 79 63
2 80 56
2 81 85
2 82 4
2 83 69
2 84 35
2 85 2
2 86 93
2 87 70
2 88 35
2 89 20
2 90 71
2 91 88
2 92 97
2 93 97
2 94 21
2 95 18
2 96 62
2 97 51
2 98 10
2 99 39
2 100 99
3 1 26
3 2 24
3 3 9
3 4 80
3 5 42
3 6 83
3 7 58
3 8 30
3 9 77
3 10 66
3 11 35
3 12 62
3 13 84
3 14 7
3 15 28
3 16 58
3 17 26
3 18 33
3 19 77
3 20 37
3 21 48
3 22 69
3 23 26
3 24 98
3 25 51
3 26 82
3 27 40
3 28 46
3 29 23
3 30 23
3 31 44
3 32 16
3 33 48
3 34 59
3 35 77
3 36 99
3 37 25
3 38 78
3 39 72
3 40 55
3 41 20
3 42 61
3 43 38
3 44 78
3 45 7
3 46 73
3 47 97
3 48 46
3 49 99
3 50 37
3 51 78
3 52 40
3 53 35
3 54 64
3 55 62
3 56 71
3 57 33
3 58 42
3 59 44
3 60 76
3 61 46
3 62 45
3 63 14
3 64 99
3 65 39
3 66 42
3 67 52
3 68 67
3 69 19
3 70 55
3 71 15
3 72 92
3 73 18
3 74 62
3 75 90
3 76 37
3 77 33
3 78 32
3 79 28
3 80 53
3 81 50
3 82 8
3 83 2
3 84 11
3 85 96
3 86 92
3 87 71
3 88 80
3 89 37
3 90 29
3 91 36
3 92 14
3 93 63
3 94 87
3 95 9
3 96 21
3 97 48
3 98 83
3 99 68
3 100 66
4 1 66
4 2 77
4 3 17
4 4 47
4 5 41
4 6 43
4 7 64
4 8 99
4 9 30
4 10 32
4 11 74
4 12 79
4 13 65
4 14 93
4 15 1
4 16 66
4 17 57
4 18 8
4 19 19
4 20 75
4 21 31
4 22 97
4 23 47
4 24 91
4 25 28
4 26 69
4 27 72
4 28 87
4 29 16
4 30 73
4 31 7
4 32 81
4 33 92
4 34 78
4 35 28
4 36 21
4 37 73
4 38 12
4 39 22
4 40 58
4 41 2
4 42 73
4 43 92
4 44 2
4 45 87
4 46 93
4 47 33
4 48 30
4 49 29
4 50 2
4 51 97
4 52 97
4 53 7
4 54 64
4 55 47
4 56 6
4 57 71
4 58 88
4 59 17
4 60 57
4 61 77
4 62 94
4 63 97
4 64 49
4 65 99
4 66 38
4 67 97
4 68 69
4 69 15
4 70 7
4 71 27
4 72 59
4 73 67
4 74 11
4 75 57
4 76 52
4 77 83
4 78 70
4 79 30
4 80 17
4 81 9
4 82 32
4 83 76
4 84 17
4 85 75
4 86 62
4 87 53
4 88 38
4 89 82
4 90 8
4 91 17
4 92 59
4 93 10
4 94 75
4 95 25
4 96 21
4 97 30
4 98 72
4 99 26
4 100 84
5 1 15
5 2 30
5 3 17
5 4 2
5 5 3
5 6 6
5 7 55
5 8 82
5 9 72
5 10 81
5 11 17
5 12 61
5 13 76
5 14 42
5 15 49
5 16 15
5 17 60
5 18 24
5 19 35
5 20 69
5 21 19
5 22 72
5 23 6
5 24 6
5 25 38
5 26 27
5 27 41
5 28 67
5 29 74
5 30 43
5 31 13
5 32 13
5 33 98
5 34 70
5 35 89
5 36 19
5 37 39
5 38 53
5 39 36
5 40 88
5 41 48
5 42 30
5 43 59
5 44 41
5 45 27
5 46 72
5 47 87
5 48 70
5 49 81
5 50 31
5 51 77
5 52 64
5 53 72
5 54 8
5 55 10
5 56 9
5 57 58
5 58 61
5 59 61
5 60 14
5 61 7
5 62 67
5 63 3
5 64 95
5 65 34
5 66 93
5 67 27
5 68 64
5 69 29
5 70 72
5 71 4
5 72 6
5 73 60
5 74 9
5 75 74
5 76 15
5 77 45
5 78 49
5 79 71
5 80 59
5 81 89
5 82 13
5 83 46
5 84 91
5 85 68
5 86 83
5 87 49
5 88 82
5 89 26
5 90 6
5 91 89
5 92 78
5 93 3
5 94 11
5 95 7
5 96 25
5 97 20
5 98 26
5 99 10
5 100 21
6 1 75
6 2 10
6 3 28
6 4 34
6 5 89
6 6 69
6 7 94
6 8 80
6 9 45
6 10 90
6 11 98
6 12 63
6 13 73
6 14 37
6 15 8
6 16 67
6 17 82
6 18 31
6 19 41
6 20 40
6 21 63
6 22 21
6 23 13
6 24 40
6 25 74
6 26 24
6 27 14
6 28 41
6 29 8
6 30 22
6 31 11
6 32 84
6 33 2
6 34 72
6 35 34
6 36 33
6 37 1
6 38 3
6 39 18
6 40 90
6 41 42
6 42 39
6 43 58
6 44 51
6 45 55
6 46 73
6 47 60
6 48 26
6 49 86
6 50 15
6 51 25
6 52 78
6 53 71
6 54 15
6 55 21
6 56 92
6 57 48
6 58 97
6 59 17
6 60 18
6 61 58
6 62 20
6 63 74
6 64 41
6 65 54
6 66 34
6 67 60
6 68 33
6 69 47
6 70 92
6 71 86
6 72 82
6 73 18
6 74 47
6 75 94
6 76 44
6 77 52
6 78 82
6 79 65
6 80 40
6 81 11
6 82 71
6 83 69
6 84 76
6 85 73
6 86 39
6 87 97
6 88 12
6 89 6
6 90 52
6 91 48
6 92 19
6 93 63
6 94 2
6 95 6
6 96 55
6 97 50
6 98 94
6 99 37
6 100 29
7 1 50
7 2 28
7 3 41
7 4 34
7 5 87
7 6 50
7 7 82
7 8 78
7 9 97
7 10 95
7 11 70
7 12 59
7 13 60
7 14 93
7 15 37
7 16 68
7 17 10
7 18 37
7 19 55
7 20 37
7 21 47
7 22 48
7 23 7
7 24 30
7 25 59
7 26 17
7 27 46
7 28 62
7 29 11
7 30 78
7 31 27
7 32 7
7 33 55
7 34 31
7 35 23
7 36 40
7 37 33
7 38 87
7 39 3
7 40 57
7 41 36
7 42 39
7 43 90
7 44 93
7 45 79
7 46 5
7 47 22
7 48 55
7 49 27
7 50 92
7 51 80
7 52 64
7 53 9
7 54 38
7 55 25
7 56 50
7 57 45
7 58 81
7 59 35
7 60 15
7 61 58
7 62 23
7 63 39
7 64 9
7 65 97
7 66 75
7 67 38
7 68 20
7 69 12
7 70 20
7 71 31
7 72 81
7 73 28
7 74 96
7 75 99
7 76 45
7 77 88
7 78 50
7 79 38
7 80 53
7 81 32
7 82 66
7 83 25
7 84 53
7 85 9
7 86 74
7 87 56
7 88 86
7 89 40
7 90 9
7 91 15
7 92 74
7 93 7
7 94 60
7 95 20
7 96 55
7 97 30
7 98 94
7 99 69
7 100 50
8 1 73
8 2 39
8 3 5
8 4 22
8 5 25
8 6 80
8 7 66
8 8 28
8 9 93
8 10 89
8 11 27
8 12 24
8 13 63
8 14 13
8 15 20
8 16 17
8 17 24
8 18 37
8 19 56
8 20 85
8 21 71
8 22 53
8 23 11
8 24 56
8 25 50
8 26 92
8 27 75
8 28 13
8 29 27
8 30 24
8 31 72
8 32 68
8 33 87
8 34 88
8 35 15
8 36 97
8 37 25
8 38 13
8 39 29
8 40 45
8 41 75
8 42 23
8 43 79
8 44 6
8 45 3
8 46 34
8 47 79
8 48 74
8 49 11
8 50 27
8 51 56
8 52 81
8 53 56
8 54 23
8 55 40
8 56 99
8 57 25
8 58 1
8 59 52
8 60 88
8 61 4
8 62 56
8 63 21
8 64 13
8 65 29
8 66 54
8 67 64
8 68 46
8 69 84
8 70 15
8 71 86
8 72 70
8 73 1
8 74 78
8 75 42
8 76 18
8 77 27
8 78 63
8 79 24
8 80 83
8 81 88
8 82 24
8 83 89
8 84 61
8 85 24
8 86 85
8 87 42
8 88 25
8 89 57
8 90 57
8 91 25
8 92 45
8 93 96
8 94 31
8 95 59
8 96 49
8 97 95
8 98 33
8 99 91
8 100 95
9 1 77
9 2 50
9 3 99
9 4 11
9 5 66
9 6 14
9 7 75
9 8 94
9 9 54
9 10 36
9 11 55
9 12 26
9 13 63
9 14 3
9 15 77
9 16 23
9 17 5
9 18 41
9 19 93
9 20 21
9 21 47
9 22 30
9 23 3
9 24 48
9 25 66
9 26 6
9 27 54
9 28 86
9 29 55
9 30 11
9 31 76
9 32 29
9 33 21
9 34 99
9 35 13
9 36 39
9 37 70
9 38 94
9 39 27
9 40 41
9 41 36
9 42 31
9 43 66
9 44 37
9 45 34
9 46 68
9 47 70
9 48 85
9 49 96
9 50 12
9 51 97
9 52 91
9 53 41
9 54 46
9 55 50
9 56 14
9 57 34
9 58 3
9 59 8
9 60 61
9 61 60
9 62 69
9 63 86
9 64 97
9 65 44
9 66 72
9 67 84
9 68 29
9 69 19
9 70 25
9 71 1
9 72 78
9 73 73
9 74 54
9 75 73
9 76 51
9 77 98
9 78 22
9 79 9
9 80 78
9 81 9
9 82 13
9 83 64
9 84 24
9 85 56
9 86 94
9 87 9
9 88 67
9 89 19
9 90 29
9 91 13
9 92 26
9 93 49
9 94 11
9 95 83
9 96 96
9 97 9
9 98 67
9 99 72
9 100 13
10 1 14
10 2 27
10 3 60
10 4 59
10 5 22
10 6 49
10 7 64
10 8 49
10 9 64
10 10 56
10 11 21
10 12 21
10 13 54
10 14 5
10 15 99
10 16 96
10 17 75
10 18 31
10 19 56
10 20 3
10 21 14
10 22 78
10 23 90
10 24 21
10 25 95
10 26 16
10 27 75
10 28 20
10 29 64
10 30 70
10 31 59
10 32 67
10 33 61
10 34 62
10 35 20
10 36 18
10 37 45
10 38 73
10 39 92
10 40 11
10 41 14
10 42 55
10 43 10
10 44 83
10 45 44
10 46 91
10 47 56
10 48 94
10 49 46
10 50 78
10 51 13
10 52 20
10 53 1
10 54 80
10 55 36
10 56 97
10 57 79
10 58 97
10 59 53
10 60 64
10 61 44
10 62 35
10 63 14
10 64 91
10 65 81
10 66 59
10 67 48
10 68 62
10 69 60
10 70 85
10 71 42
10 72 32
10 73 96
10 74 37
10 75 88
10 76 1
10 77 47
10 78 6
10 79 87
10 80 61
10 81 19
10 82 84
10 83 99
10 84 45
10 85 25
10 86 57
10 87 55
10 88 51
10 89 17
10 90 84
10 91 51
10 92 49
10 93 1
10 94 19
10 95 6
10 96 85
10 97 85
10 98 1
10 99 2
10 100 37
11 1 92
11 2 22
11 3 65
11 4 30
11 5 9
11 6 91
11 7 63
11 8 33
11 9 62
11 10 98
11 11 48
11 12 75
11 13 28
11 14 56
11 15 99
11 16 74
11 17 95
11 18 55
11 19 17
11 20 60
11 21 47
11 22 49
11 23 81
11 24 25
11 25 50
11 26 69
11 27 58
11 28 81
11 29 55
11 30 24
11 31 10
11 32 36
11 33 93
11 34 32
11 35 62
11 36 77
11 37 8
11 38 14
11 39 39
11 40 48
11 41 54
11 42 57
11 43 32
11 44 76
11 45 30
11 46 14
11 47 1
11 48 84
11 49 99
11 50 86
11 51 12
11 52 56
11 53 4
11 54 14
11 55 2
11 56 80
11 57 85
11 58 2
11 59 87
11 60 35
11 61 56
11 62 14
11 63 51
11 64 89
11 65 50
11 66 57
11 67 7
11 68 29
11 69 53
11 70 16
11 71 74
11 72 96
11 73 77
11 74 12
11 75 28
11 76 70
11 77 72
11 78 76
11 79 92
11 80 55
11 81 20
11 82 91
11 83 65
11 84 63
11 85 8
11 86 86
11 87 86
11 88 24
11 89 22
11 90 10
11 91 75
11 92 17
11 93 37
11 94 85
11 95 68
11 96 80
11 97 22
11 98 33
11 99 1
11 100 92
12 1 37
12 2 61
12 3 63
12 4 17
12 5 27
12 6 80
12 7 98
12 8 56
12 9 6
12 10 7
12 11 55
12 12 19
12 13 37
12 14 23
12 15 28
12 16 12
12 17 60
12 18 84
12 19 57
12 20 27
12 21 29
12 22 2
12 23 31
12 24 66
12 25 58
12 26 92
12 27 18
12 28 67
12 29 69
12 30 76
12 31 40
12 32 91
12 33 75
12 34 36
12 35 75
12 36 95
12 37 92
12 38 92
12 39 90
12 40 48
12 41 16
12 42 64
12 43 52
12 44 43
12 45 93
12 46 65
12 47 89
12 48 44
12 49 54
12 50 63
12 51 50
12 52 41
12 53 58
12 54 18
12 55 26
12 56 10
12 57 20
12 58 14
12 59 48
12 60 63
12 61 59
12 62 64
12 63 68
12 64 90
12 65 87
12 66 50
12 67 68
12 68 40
12 69 32
12 70 62
12 71 26
12 72 30
12 73 38
12 74 53
12 75 47
12 76 54
12 77 50
12 78 12
12 79 2
12 80 25
12 81 96
12 82 67
12 83 93
12 84 87
12 85 66
12 86 56
12 87 58
12 88 74
12 89 40
12 90 2
12 91 30
12 92 77
12 93 91
12 94 28
12 95 63
12 96 56
12 97 50
12 98 86
12 99 42
12 100 2
13 1 29
13 2 3
13 3 12
13 4 59
13 5 1
13 6 19
13 7 12
13 8 42
13 9 89
13 10 84
13 11 28
13 12 81
13 13 63
13 14 41
13 15 6
13 16 90
13 17 44
13 18 78
13 19 83
13 20 8
13 21 31
13 22 6
13 23 82
13 24 99
13 25 5
13 26 26
13 27 14
13 28 41
13 29 13
13 30 41
13 31 9
13 32 53
13 33 14
13 34 61
13 35 61
13 36 50
13 37 16
13 38 8
13 39 96
13 40 61
13 41 24
13 42 69
13 43 41
13 44 76
13 45 3
13 46 67
13 47 94
13 48 55
13 49 61
13 50 39
13 51 74
13 52 39
13 53 56
13 54 51
13 55 5
13 56 75
13 57 21
13 58 23
13 59 83
13 60 83
13 61 79
13 62 18
13 63 11
13 64 53
13 65 98
13 66 29
13 67 61
13 68 71
13 69 86
13 70 88
13 71 64
13 72 42
13 73 84
13 74 50
13 75 40
13 76 89
13 77 72
13 78 24
13 79 45
13 80 54
13 81 94
13 82 89
13 83 1
13 84 38
13 85 99
13 86 70
13 87 77
13 88 6
13 89 29
13 90 34
13 91 16
13 92 31
13 93 61
13 94 83
13 95 55
13 96 61
13 97 76
13 98 96
13 99 97
13 100 78
14 1 82
14 2 58
14 3 55
14 4 81
14 5 90
14 6 76
14 7 42
14 8 89
14 9 41
14 10 29
14 11 27
14 12 48
14 13 15
14 14 19
14 15 19
14 16 35
14 17 44
14 18 14
14 19 22
14 20 99
14 21 80
14 22 27
14 23 39
14 24 74
14 25 55
14 26 45
14 27 23
14 28 8
14 29 28
14 30 71
14 31 75
14 32 45
14 33 98
14 34 7
14 35 1
14 36 92
14 37 79
14 38 81
14 39 51
14 40 34
14 41 38
14 42 28
14 43 65
14 44 41
14 45 97
14 46 91
14 47 54
14 48 14
14 49 1
14 50 6
14 51 48
14 52 54
14 53 27
14 54 50
14 55 7
14 56 60
14 57 15
14 58 50
14 59 88
14 60 7
14 61 51
14 62 29
14 63 78
14 64 21
14 65 58
14 66 3
14 67 22
14 68 1
14 69 90
14 70 31
14 71 32
14 72 91
14 73 35
14 74 41
14 75 15
14 76 35
14 77 98
14 78 97
14 79 19
14 80 37
14 81 26
14 82 12
14 83 19
14 84 13
14 85 72
14 86 8
14 87 35
14 88 63
14 89 65
14 90 56
14 91 26
14 92 27
14 93 98
14 94 10
14 95 16
14 96 41
14 97 41
14 98 33
14 99 73
14 100 4
15 1 90
15 2 74
15 3 28
15 4 2
15 5 13
15 6 40
15 7 13
15 8 93
15 9 59
15 10 49
15 11 51
15 12 35
15 13 20
15 14 30
15 15 54
15 16 35
15 17 48
15 18 17
15 19 37
15 20 42
15 21 12
15 22 3
15 23 77
15 24 64
15 25 2
15 26 83
15 27 42
15 28 94
15 29 32
15 30 94
15 31 2
15 32 79
15 33 15
15 34 78
15 35 12
15 36 9
15 37 32
15 38 69
15 39 51
15 40 91
15 41 5
15 42 41
15 43 48
15 44 9
15 45 55
15 46 43
15 47 85
15 48 41
15 49 63
15 50 54
15 51 30
15 52 51
15 53 30
15 54 73
15 55 68
15 56 15
15 57 66
15 58 23
15 59 29
15 60 23
15 61 4
15 62 88
15 63 24
15 64 13
15 65 24
15 66 5
15 67 70
15 68 73
15 69 46
15 70 98
15 71 51
15 72 76
15 73 22
15 74 65
15 75 31
15 76 82
15 77 54
15 78 50
15 79 41
15 80 38
15 81 46
15 82 33
15 83 94
15 84 65
15 85 99
15 86 29
15 87 70
15 88 80
15 89 1
15 90 79
15 91 95
15 92 78
15 93 94
15 94 32
15 95 87
15 96 97
15 97 44
15 98 46
15 99 15
15 100 77
16 1 70
16 2 82
16 3 32
16 4 8
16 5 30
16 6 29
16 7 41
16 8 96
16 9 47
16 10 52
16 11 22
16 12 15
16 13 28
16 14 15
16 15 5
16 16 97
16 17 59
16 18 99
16 19 97
16 20 2
16 21 91
16 22 31
16 23 24
16 24 46
16 25 94
16 26 32
16 27 94
16 28 52
16 29 35
16 30 24
16 31 59
16 32 91
16 33 83
16 34 16
16 35 80
16 36 74
16 37 25
16 38 80
16 39 96
16 40 72
16 41 22
16 42 24
16 43 71
16 44 8
16 45 32
16 46 64
16 47 80
16 48 70
16 49 12
16 50 75
16 51 56
16 52 73
16 53 86
16 54 40
16 55 22
16 56 10
16 57 56
16 58 57
16 59 23
16 60 37
16 61 77
16 62 62
16 63 23
16 64 5
16 65 83
16 66 41
16 67 15
16 68 34
16 69 91
16 70 76
16 71 24
16 72 87
16 73 42
16 74 7
16 75 44
16 76 76
16 77 68
16 78 86
16 79 63
16 80 17
16 81 97
16 82 80
16 83 80
16 84 8
16 85 87
16 86 88
16 87 8
16 88 71
16 89 18
16 90 64
16 91 71
16 92 90
16 93 22
16 94 80
16 95 12
16 96 3
16 97 37
16 98 8
16 99 83
16 100 22
17 1 97
17 2 8
17 3 2
17 4 42
17 5 41
17 6 62
17 7 70
17 8 16
17 9 32
17 10 3
17 11 45
17 12 11
17 13 33
17 14 51
17 15 49
17 16 71
17 17 28
17 18 77
17 19 13
17 20 86
17 21 28
17 22 45
17 23 56
17 24 31
17 25 9
17 26 24
17 27 52
17 28 91
17 29 26
17 30 13
17 31 7
17 32 99
17 33 5
17 34 54
17 35 4
17 36 76
17 37 84
17 38 3
17 39 39
17 40 91
17 41 12
17 42 59
17 43 32
17 44 59
17 45 60
17 46 25
17 47 38
17 48 10
17 49 26
17 50 55
17 51 25
17 52 37
17 53 43
17 54 98
17 55 52
17 56 99
17 57 52
17 58 52
17 59 59
17 60 46
17 61 88
17 62 62
17 63 92
17 64 69
17 65 51
17 66 99
17 67 97
17 68 82
17 69 31
17 70 97
17 71 17
17 72 3
17 73 35
17 74 16
17 75 44
17 76 34
17 77 57
17 78 16
17 79 49
17 80 73
17 81 82
17 82 54
17 83 76
17 84 90
17 85 89
17 86 12
17 87 82
17 88 1
17 89 68
17 90 63
17 91 50
17 92 25
17 93 3
17 94 27
17 95 48
17 96 91
17 97 97
17 98 34
17 99 47
17 100 78
18 1 43
18 2 7
18 3 43
18 4 80
18 5 73
18 6 39
18 7 52
18 8 52
18 9 48
18 10 5
18 11 88
18 12 98
18 13 32
18 14 12
18 15 44
18 16 30
18 17 92
18 18 19
18 19 58
18 20 49
18 21 68
18 22 4
18 23 39
18 24 93
18 25 74
18 26 20
18 27 93
18 28 6
18 29 78
18 30 49
18 31 19
18 32 93
18 33 59
18 34 39
18 35 83
18 36 36
18 37 19
18 38 43
18 39 64
18 40 41
18 41 33
18 42 67
18 43 65
18 44 94
18 45 51
18 46 50
18 47 1
18 48 97
18 49 27
18 50 47
18 51 96
18 52 31
18 53 61
18 54 70
18 55 64
18 56 68
18 57 40
18 58 53
18 59 76
18 60 35
18 61 95
18 62 9
18 63 42
18 64 6
18 65 25
18 66 92
18 67 57
18 68 90
18 69 1
18 70 54
18 71 13
18 72 12
18 73 22
18 74 56
18 75 63
18 76 52
18 77 20
18 78 58
18 79 83
18 80 36
18 81 39
18 82 62
18 83 87
18 84 17
18 85 32
18 86 63
18 87 57
18 88 79
18 89 51
18 90 28
18 91 19
18 92 49
18 93 46
18 94 32
18 95 39
18 96 52
18 97 73
18 98 60
18 99 31
18 100 87
19 1 24
19 2 78
19 3 19
19 4 55
19 5 45
19 6 89
19 7 62
19 8 50
19 9 3
19 10 67
19 11 36
19 12 84
19 13 24
19 14 70
19 15 33
19 16 71
19 17 24
19 18 58
19 19 13
19 20 67
19 21 66
19 22 55
19 23 4
19 24 32
19 25 31
19 26 44
19 27 57
19 28 38
19 29 52
19 30 66
19 31 61
19 32 14
19 33 39
19 34 64
19 35 2
19 36 43
19 37 42
19 38 65
19 39 71
19 40 59
19 41 65
19 42 19
19 43 65
19 44 72
19 45 44
19 46 24
19 47 46
19 48 70
19 49 1
19 50 42
19 51 6
19 52 61
19 53 71
19 54 40
19 55 86
19 56 85
19 57 23
19 58 35
19 59 47
19 60 34
19 61 14
19 62 7
19 63 1
19 64 68
19 65 98
19 66 97
19 67 67
19 68 91
19 69 35
19 70 26
19 71 97
19 72 3
19 73 41
19 74 66
19 75 94
19 76 83
19 77 37
19 78 22
19 79 24
19 80 3
19 81 22
19 82 63
19 83 58
19 84 74
19 85 58
19 86 8
19 87 43
19 88 94
19 89 82
19 90 87
19 91 42
19 92 94
19 93 8
19 94 13
19 95 66
19 96 56
19 97 81
19 98 1
19 99 39
19 100 22
20 1 49
20 2 33
20 3 81
20 4 66
20 5 83
20 6 4
20 7 75
20 8 85
20 9 15
20 10 14
20 11 69
20 12 24
20 13 27
20 14 60
20 15 85
20 16 44
20 17 32
20 18 56
20 19 41
20 20 72
20 21 75
20 22 94
20 23 84
20 24 54
20 25 89
20 26 96
20 27 57
20 28 90
20 29 48
20 30 36
20 31 41
20 32 3
20 33 11
20 34 1
20 35 78
20 36 81
20 37 92
20 38 92
20 39 20
20 40 18
20 41 47
20 42 48
20 43 73
20 44 11
20 45 35
20 46 38
20 47 91
20 48 16
20 49 30
20 50 97
20 51 13
20 52 26
20 53 24
20 54 42
20 55 49
20 56 33
20 57 9
20 58 94
20 59 95
20 60 47
20 61 15
20 62 89
20 63 66
20 64 15
20 65 72
20 66 24
20 67 75
20 68 66
20 69 58
20 70 16
20 71 14
20 72 91
20 73 51
20 74 28
20 75 66
20 76 77
20 77 82
20 78 64
20 79 16
20 80 26
20 81 55
20 82 82
20 83 73
20 84 70
20 85 85
20 86 8
20 87 41
20 88 82
20 89 38
20 90 44
20 91 99
20 92 14
20 93 83
20 94 24
20 95 51
20 96 37
20 97 68
20 98 92
20 99 24
20 100 92
21 1 95
21 2 19
21 3 60
21 4 68
21 5 62
21 6 31
21 7 59
21 8 41
21 9 32
21 10 1
21 11 31
21 12 16
21 13 91
21 14 45
21 15 41
21 16 80
21 17 19
21 18 86
21 19 83
21 20 20
21 21 69
21 22 95
21 23 59
21 24 47
21 25 62
21 26 24
21 27 59
21 28 98
21 29 33
21 30 74
21 31 71
21 32 35
21 33 27
21 34 97
21 35 23
21 36 79
21 37 9
21 38 53
21 39 2
21 40 67
21 41 80
21 42 19
21 43 85
21 44 88
21 45 25
21 46 99
21 47 2
21 48 15
21 49 74
21 50 11
21 51 84
21 52 2
21 53 8
21 54 75
21 55 37
21 56 47
21 57 30
21 58 20
21 59 11
21 60 91
21 61 51
21 62 32
21 63 91
21 64 87
21 65 62
21 66 51
21 67 5
21 68 63
21 69 28
21 70 53
21 71 95
21 72 21
21 73 50
21 74 30
21 75 29
21 76 8
21 77 10
21 78 97
21 79 12
21 80 55
21 81 79
21 82 28
21 83 92
21 84 24
21 85 35
21 86 52
21 87 12
21 88 54
21 89 71
21 90 14
21 91 54
21 92 8
21 93 38
21 94 96
21 95 25
21 96 2
21 97 64
21 98 11
21 99 23
21 100 10
22 1 8
22 2 55
22 3 48
22 4 56
22 5 35
22 6 90
22 7 58
22 8 18
22 9 27
22 10 38
22 11 93
22 12 79
22 13 70
22 14 60
22 15 14
22 16 39
22 17 11
22 18 49
22 19 66
22 20 1
22 21 54
22 22 22
22 23 51
22 24 65
22 25 78
22 26 20
22 27 63
22 28 30
22 29 22
22 30 17
22 31 55
22 32 46
22 33 36
22 34 61
22 35 53
22 36 59
22 37 35
22 38 91
22 39 84
22 40 45
22 41 17
22 42 81
22 43 24
22 44 30
22 45 70
22 46 11
22 47 21
22 48 79
22 49 52
22 50 62
22 51 92
22 52 99
22 53 3
22 54 60
22 55 33
22 56 4
22 57 36
22 58 91
22 59 50
22 60 8
22 61 94
22 62 74
22 63 22
22 64 47
22 65 50
22 66 90
22 67 9
22 68 90
22 69 34
22 70 41
22 71 34
22 72 37
22 73 97
22 74 70
22 75 17
22 76 39
22 77 38
22 78 98
22 79 70
22 80 89
22 81 66
22 82 74
22 83 65
22 84 64
22 85 61
22 86 47
22 87 27
22 88 57
22 89 33
22 90 93
22 91 56
22 92 14
22 93 25
22 94 19
22 95 39
22 96 66
22 97 67
22 98 56
22 99 97
22 100 41
23 1 2
23 2 24
23 3 3
23 4 82
23 5 4
23 6 12
23 7 34
23 8 66
23 9 81
23 10 69
23 11 28
23 12 76
23 13 40
23 14 50
23 15 22
23 16 52
23 17 7
23 18 54
23 19 31
23 20 78
23 21 94
23 22 31
23 23 48
23 24 66
23 25 27
23 26 87
23 27 15
23 28 15
23 29 60
23 30 20
23 31 87
23 32 67
23 33 67
23 34 16
23 35 54
23 36 98
23 37 91
23 38 61
23 39 9
23 40 65
23 41 30
23 42 52
23 43 58
23 44 4
23 45 97
23 46 75
23 47 94
23 48 84
23 49 51
23 50 26
23 51 25
23 52 22
23 53 6
23 54 80
23 55 81
23 56 87
23 57 43
23 58 87
23 59 14
23 60 51
23 61 3
23 62 55
23 63 27
23 64 71
23 65 59
23 66 60
23 67 56
23 68 32
23 69 85
23 70 87
23 71 68
23 72 12
23 73 56
23 74 45
23 75 89
23 76 90
23 77 80
23 78 64
23 79 48
23 80 12
23 81 32
23 82 96
23 83 40
23 84 98
23 85 21
23 86 96
23 87 29
23 88 7
23 89 27
23 90 28
23 91 66
23 92 78
23 93 77
23 94 3
23 95 33
23 96 26
23 97 13
23 98 16
23 99 29
23 100 6
24 1 16
24 2 72
24 3 68
24 4 87
24 5 98
24 6 57
24 7 29
24 8 55
24 9 95
24 10 21
24 11 8
24 12 4
24 13 52
24 14 99
24 15 31
24 16 97
24 17 36
24 18 57
24 19 17
24 20 80
24 21 73
24 22 70
24 23 27
24 24 29
24 25 53
24 26 77
24 27 36
24 28 16
24 29 1
24 30 46
24 31 92
24 32 71
24 33 84
24 34 84
24 35 91
24 36 48
24 37 8
24 38 53
24 39 55
24 40 79
24 41 18
24 42 97
24 43 74
24 44 29
24 45 45
24 46 85
24 47 94
24 48 29
24 49 44
24 50 11
24 51 8
24 52 35
24 53 32
24 54 38
24 55 53
24 56 15
24 57 66
24 58 31
24 59 66
24 60 13
24 61 89
24 62 72
24 63 8
24 64 83
24 65 93
24 66 88
24 67 20
24 68 32
24 69 81
24 70 89
24 71 38
24 72 42
24 73 59
24 74 90
24 75 88
24 76 63
24 77 78
24 78 76
24 79 56
24 80 71
24 81 71
24 82 83
24 83 81
24 84 15
24 85 14
24 86 89
24 87 97
24 88 20
24 89 41
24 90 48
24 91 68
24 92 72
24 93 20
24 94 50
24 95 20
24 96 96
24 97 42
24 98 70
24 99 89
24 100 97
25 1 55
25 2 4
25 3 71
25 4 7
25 5 67
25 6 55
25 7 23
25 8 62
25 9 73
25 10 25
25 11 62
25 12 2
25 13 29
25 14 30
25 15 33
25 16 70
25 17 78
25 18 93
25 19 54
25 20 75
25 21 5
25 22 35
25 23 43
25 24 8
25 25 77
25 26 51
25 27 28
25 28 88
25 29 96
25 30 44
25 31 4
25 32 2
25 33 65
25 34 5
25 35 59
25 36 59
25 37 87
25 38 97
25 39 47
25 40 96
25 41 39
25 42 83
25 43 74
25 44 25
25 45 40
25 46 69
25 47 28
25 48 89
25 49 83
25 50 29
25 51 43
25 52 96
25 53 42
25 54 50
25 55 2
25 56 66
25 57 17
25 58 27
25 59 20
25 60 40
25 61 66
25 62 78
25 63 85
25 64 82
25 65 49
25 66 91
25 67 52
25 68 98
25 69 33
25 70 66
25 71 15
25 72 69
25 73 6
25 74 86
25 75 62
25 76 70
25 77 29
25 78 68
25 79 53
25 80 6
25 81 35
25 82 83
25 83 92
25 84 40
25 85 55
25 86 48
25 87 2
25 88 25
25 89 15
25 90 38
25 91 22
25 92 10
25 93 85
25 94 84
25 95 68
25 96 50
25 97 20
25 98 38
25 99 69
25 100 73
26 1 57
26 2 24
26 3 25
26 4 59
26 5 1
26 6 18
26 7 41
26 8 87
26 9 61
26 10 50
26 11 13
26 12 70
26 13 52
26 14 61
26 15 83
26 16 82
26 17 6
26 18 62
26 19 16
26 20 38
26 21 36
26 22 70
26 23 21
26 24 45
26 25 5
26 26 9
26 27 25
26 28 5
26 29 87
26 30 98
26 31 38
26 32 54
26 33 33
26 34 64
26 35 99
26 36 7
26 37 9
26 38 92
26 39 99
26 40 84
26 41 49
26 42 15
26 43 14
26 44 41
26 45 8
26 46 88
26 47 99
26 48 84
26 49 69
26 50 3
26 51 20
26 52 58
26 53 19
26 54 79
26 55 66
26 56 87
26 57 95
26 58 44
26 59 24
26 60 74
26 61 18
26 62 88
26 63 74
26 64 47
26 65 58
26 66 5
26 67 60
26 68 62
26 69 59
26 70 63
26 71 80
26 72 53
26 73 23
26 74 65
26 75 71
26 76 68
26 77 5
26 78 72
26 79 7
26 80 54
26 81 53
26 82 70
26 83 47
26 84 43
26 85 57
26 86 30
26 87 95
26 88 12
26 89 88
26 90 12
26 91 32
26 92 65
26 93 7
26 94 47
26 95 83
26 96 57
26 97 21
26 98 45
26 99 90
26 100 87
27 1 59
27 2 60
27 3 58
27 4 76
27 5 93
27 6 68
27 7 89
27 8 97
27 9 39
27 10 12
27 11 77
27 12 57
27 13 23
27 14 26
27 15 35
27 16 9
27 17 46
27 18 85
27 19 8
27 20 9
27 21 17
27 22 12
27 23 11
27 24 69
27 25 11
27 26 22
27 27 66
27 28 97
27 29 82
27 30 3
27 31 83
27 32 26
27 33 97
27 34 37
27 35 91
27 36 15
27 37 57
27 38 49
27 39 75
27 40 42
27 41 86
27 42 42
27 43 6
27 44 85
27 45 31
27 46 85
27 47 87
27 48 53
27 49 79
27 50 76
27 51 71
27 52 99
27 53 78
27 54 57
27 55 12
27 56 78
27 57 85
27 58 45
27 59 34
27 60 60
27 61 70
27 62 73
27 63 39
27 64 90
27 65 16
27 66 45
27 67 85
27 68 80
27 69 83
27 70 66
27 71 79
27 72 95
27 73 93
27 74 72
27 75 13
27 76 14
27 77 92
27 78 22
27 79 71
27 80 28
27 81 19
27 82 69
27 83 25
27 84 85
27 85 3
27 86 46
27 87 46
27 88 81
27 89 38
27 90 28
27 91 19
27 92 35
27 93 2
27 94 41
27 95 73
27 96 36
27 97 27
27 98 95
27 99 30
27 100 86
28 1 24
28 2 98
28 3 24
28 4 2
28 5 30
28 6 60
28 7 30
28 8 27
28 9 3
28 10 21
28 11 17
28 12 53
28 13 59
28 14 40
28 15 71
28 16 74
28 17 10
28 18 80
28 19 88
28 20 46
28 21 48
28 22 6
28 23 38
28 24 47
28 25 75
28 26 51
28 27 90
28 28 19
28 29 4
28 30 10
28 31 82
28 32 66
28 33 42
28 34 95
28 35 97
28 36 54
28 37 65
28 38 11
28 39 43
28 40 6
28 41 87
28 42 19
28 43 60
28 44 57
28 45 37
28 46 96
28 47 23
28 48 11
28 49 14
28 50 98
28 51 51
28 52 36
28 53 40
28 54 67
28 55 69
28 56 49
28 57 86
28 58 98
28 59 56
28 60 98
28 61 19
28 62 10
28 63 2
28 64 78
28 65 67
28 66 33
28 67 25
28 68 20
28 69 74
28 70 54
28 71 47
28 72 19
28 73 9
28 74 7
28 75 15
28 76 50
28 77 74
28 78 59
28 79 5
28 80 23
28 81 45
28 82 53
28 83 34
28 84 67
28 85 6
28 86 36
28 87 93
28 88 98
28 89 19
28 90 29
28 91 6
28 92 47
28 93 99
28 94 45
28 95 94
28 96 28
28 97 19
28 98 72
28 99 2
28 100 13
29 1 47
29 2 50
29 3 54
29 4 16
29 5 13
29 6 65
29 7 15
29 8 24
29 9 86
29 10 61
29 11 20
29 12 21
29 13 95
29 14 71
29 15 89
29 16 78
29 17 35
29 18 9
29 19 22
29 20 10
29 21 58
29 22 8
29 23 32
29 24 75
29 25 52
29 26 77
29 27 62
29 28 42
29 29 18
29 30 25
29 31 69
29 32 86
29 33 21
29 34 48
29 35 16
29 36 74
29 37 69
29 38 29
29 39 15
29 40 73
29 41 37
29 42 12
29 43 80
29 44 82
29 45 50
29 46 93
29 47 97
29 48 87
29 49 38
29 50 76
29 51 49
29 52 48
29 53 76
29 54 48
29 55 70
29 56 22
29 57 88
29 58 72
29 59 91
29 60 3
29 61 76
29 62 52
29 63 66
29 64 58
29 65 16
29 66 18
29 67 81
29 68 12
29 69 73
29 70 20
29 71 21
29 72 80
29 73 8
29 74 52
29 75 61
29 76 45
29 77 56
29 78 48
29 79 77
29 80 46
29 81 95
29 82 2
29 83 30
29 84 90
29 85 42
29 86 93
29 87 55
29 88 81
29 89 84
29 90 66
29 91 79
29 92 50
29 93 65
29 94 28
29 95 4
29 96 83
29 97 23
29 98 58
29 99 73
29 100 57
30 1 97
30 2 28
30 3 3
30 4 8
30 5 49
30 6 39
30 7 67
30 8 89
30 9 11
30 10 59
30 11 52
30 12 78
30 13 26
30 14 45
30 15 21
30 16 13
30 17 68
30 18 13
30 19 63
30 20 61
30 21 67
30 22 32
30 23 49
30 24 6
30 25 49
30 26 20
30 27 72
30 28 69
30 29 23
30 30 43
30 31 90
30 32 75
30 33 49
30 34 32
30 35 31
30 36 48
30 37 3
30 38 99
30 39 18
30 40 73
30 41 72
30 42 32
30 43 69
30 44 82
30 45 63
30 46 6
30 47 92
30 48 62
30 49 71
30 50 45
30 51 44
30 52 60
30 53 74
30 54 55
30 55 78
30 56 63
30 57 27
30 58 51
30 59 44
30 60 16
30 61 74
30 62 47
30 63 13
30 64 53
30 65 65
30 66 25
30 67 29
30 68 61
30 69 21
30 70 96
30 71 67
30 72 37
30 73 6
30 74 93
30 75 86
30 76 11
30 77 72
30 78 75
30 79 19
30 80 92
30 81 52
30 82 88
30 83 73
30 84 50
30 85 52
30 86 14
30 87 74
30 88 70
30 89 3
30 90 68
30 91 78
30 92 44
30 93 67
30 94 31
30 95 47
30 96 11
30 97 13
30 98 48
30 99 32
30 100 51
31 1 91
31 2 14
31 3 37
31 4 66
31 5 15
31 6 52
31 7 25
31 8 5
31 9 96
31 10 45
31 11 8
31 12 31
31 13 81
31 14 73
31 15 62
31 16 18
31 17 36
31 18 33
31 19 55
31 20 78
31 21 85
31 22 34
31 23 65
31 24 44
31 25 26
31 26 87
31 27 91
31 28 23
31 29 17
31 30 32
31 31 94
31 32 73
31 33 77
31 34 30
31 35 28
31 36 69
31 37 56
31 38 95
31 39 73
31 40 57
31 41 53
31 42 58
31 43 66
31 44 77
31 45 31
31 46 31
31 47 35
31 48 51
31 49 57
31 50 46
31 51 40
31 52 97
31 53 10
31 54 71
31 55 89
31 56 58
31 57 61
31 58 75
31 59 18
31 60 39
31 61 26
31 62 93
31 63 69
31 64 65
31 65 38
31 66 31
31 67 82
31 68 51
31 69 61
31 70 32
31 71 46
31 72 83
31 73 55
31 74 26
31 75 38
31 76 13
31 77 68
31 78 9
31 79 2
31 80 83
31 81 91
31 82 90
31 83 62
31 84 46
31 85 78
31 86 85
31 87 64
31 88 11
31 89 60
31 90 52
31 91 12
31 92 68
31 93 25
31 94 23
31 95 68
31 96 37
31 97 59
31 98 84
31 99 29
31 100 20
32 1 81
32 2 63
32 3 46
32 4 90
32 5 79
32 6 98
32 7 10
32 8 7
32 9 69
32 10 43
32 11 29
32 12 77
32 13 68
32 14 18
32 15 20
32 16 87
32 17 36
32 18 32
32 19 70
32 20 66
32 21 21
32 22 90
32 23 39
32 24 1
32 25 48
32 26 21
32 27 30
32 28 21
32 29 37
32 30 38
32 31 70
32 32 45
32 33 81
32 34 72
32 35 64
32 36 65
32 37 97
32 38 7
32 39 52
32 40 2
32 41 6
32 42 22
32 43 9
32 44 43
32 45 84
32 46 5
32 47 50
32 48 87
32 49 68
32 50 40
32 51 23
32 52 46
32 53 61
32 54 28
32 55 17
32 56 24
32 57 76
32 58 13
32 59 27
32 60 15
32 61 67
32 62 13
32 63 61
32 64 59
32 65 56
32 66 62
32 67 69
32 68 21
32 69 4
32 70 81
32 71 55
32 72 21
32 73 70
32 74 54
32 75 27
32 76 88
32 77 21
32 78 51
32 79 53
32 80 91
32 81 41
32 82 69
32 83 24
32 84 6
32 85 97
32 86 21
32 87 88
32 88 69
32 89 76
32 90 29
32 91 25
32 92 13
32 93 76
32 94 68
32 95 3
32 96 94
32 97 29
32 98 84
32 99 27
32 100 9
33 1 85
33 2 59
33 3 42
33 4 85
33 5 27
33 6 69
33 7 63
33 8 94
33 9 83
33 10 76
33 11 66
33 12 79
33 13 18
33 14 93
33 15 9
33 16 47
33 17 82
33 18 43
33 19 31
33 20 81
33 21 20
33 22 79
33 23 71
33 24 58
33 25 8
33 26 74
33 27 45
33 28 88
33 29 63
33 30 14
33 31 5
33 32 40
33 33 92
33 34 19
33 35 52
33 36 31
33 37 22
33 38 70
33 39 64
33 40 35
33 41 56
33 42 89
33 43 4
33 44 20
33 45 33
33 46 6
33 47 99
33 48 18
33 49 19
33 50 4
33 51 36
33 52 62
33 53 27
33 54 92
33 55 62
33 56 76
33 57 49
33 58 37
33 59 71
33 60 85
33 61 61
33 62 36
33 63 53
33 64 33
33 65 48
33 66 32
33 67 31
33 68 12
33 69 7
33 70 96
33 71 38
33 72 80
33 73 94
33 74 3
33 75 82
33 76 22
33 77 78
33 78 36
33 79 84
33 80 89
33 81 52
33 82 20
33 83 18
33 84 85
33 85 43
33 86 25
33 87 37
33 88 71
33 89 5
33 90 21
33 91 86
33 92 8
33 93 63
33 94 29
33 95 7
33 96 19
33 97 26
33 98 17
33 99 66
33 100 9
34 1 95
34 2 79
34 3 60
34 4 20
34 5 13
34 6 74
34 7 59
34 8 41
34 9 45
34 10 20
34 11 9
34 12 25
34 13 34
34 14 38
34 15 37
34 16 56
34 17 79
34 18 6
34 19 51
34 20 43
34 21 39
34 22 80
34 23 3
34 24 96
34 25 39
34 26 21
34 27 96
34 28 59
34 29 40
34 30 86
34 31 3
34 32 94
34 33 41
34 34 11
34 35 86
34 36 38
34 37 89
34 38 87
34 39 81
34 40 49
34 41 32
34 42 36
34 43 28
34 44 78
34 45 15
34 46 34
34 47 34
34 48 80
34 49 51
34 50 1
34 51 33
34 52 58
34 53 38
34 54 10
34 55 55
34 56 67
34 57 31
34 58 79
34 59 9
34 60 62
34 61 27
34 62 91
34 63 11
34 64 52
34 65 46
34 66 91
34 67 15
34 68 37
34 69 98
34 70 64
34 71 56
34 72 18
34 73 66
34 74 33
34 75 11
34 76 83
34 77 60
34 78 68
34 79 50
34 80 62
34 81 76
34 82 13
34 83 69
34 84 21
34 85 64
34 86 71
34 87 9
34 88 74
34 89 74
34 90 88
34 91 87
34 92 18
34 93 7
34 94 66
34 95 72
34 96 80
34 97 61
34 98 66
34 99 4
34 100 25
35 1 17
35 2 68
35 3 6
35 4 1
35 5 94
35 6 7
35 7 14
35 8 17
35 9 67
35 10 45
35 11 42
35 12 98
35 13 83
35 14 3
35 15 86
35 16 93
35 17 31
35 18 85
35 19 46
35 20 18
35 21 51
35 22 30
35 23 71
35 24 85
35 25 39
35 26 48
35 27 95
35 28 92
35 29 1
35 30 15
35 31 98
35 32 74
35 33 4
35 34 28
35 35 69
35 36 89
35 37 61
35 38 58
35 39 44
35 40 38
35 41 75
35 42 73
35 43 76
35 44 12
35 45 54
35 46 27
35 47 88
35 48 33
35 49 8
35 50 99
35 51 71
35 52 55
35 53 4
35 54 67
35 55 88
35 56 42
35 57 17
35 58 18
35 59 67
35 60 20
35 61 81
35 62 27
35 63 71
35 64 34
35 65 60
35 66 67
35 67 9
35 68 38
35 69 22
35 70 20
35 71 29
35 72 50
35 73 2
35 74 81
35 75 30
35 76 86
35 77 82
35 78 19
35 79 42
35 80 77
35 81 60
35 82 70
35 83 33
35 84 24
35 85 68
35 86 94
35 87 67
35 88 22
35 89 68
35 90 12
35 91 72
35 92 37
35 93 78
35 94 71
35 95 61
35 96 30
35 97 56
35 98 87
35 99 17
35 100 4
36 1 35
36 2 36
36 3 70
36 4 68
36 5 23
36 6 27
36 7 19
36 8 42
36 9 19
36 10 45
36 11 70
36 12 21
36 13 31
36 14 99
36 15 40
36 16 60
36 17 65
36 18 25
36 19 9
36 20 14
36 21 77
36 22 87
36 23 72
36 24 33
36 25 83
36 26 8
36 27 68
36 28 98
36 29 93
36 30 83
36 31 89
36 32 82
36 33 94
36 34 53
36 35 96
36 36 23
36 37 79
36 38 95
36 39 25
36 40 12
36 41 15
36 42 63
36 43 13
36 44 14
36 45 41
36 46 77
36 47 79
36 48 4
36 49 58
36 50 16
36 51 6
36 52 11
36 53 9
36 54 71
36 55 20
36 56 56
36 57 28
36 58 66
36 59 15
36 60 10
36 61 43
36 62 94
36 63 28
36 64 15
36 65 80
36 66 24
36 67 24
36 68 49
36 69 20
36 70 32
36 71 18
36 72 44
36 73 96
36 74 82
36 75 74
36 76 86
36 77 65
36 78 91
36 79 66
36 80 41
36 81 10
36 82 46
36 83 89
36 84 15
36 85 95
36 86 89
36 87 44
36 88 72
36 89 76
36 90 20
36 91 92
36 92 16
36 93 89
36 94 51
36 95 83
36 96 41
36 97 41
36 98 46
36 99 40
36 100 42
37 1 40
37 2 69
37 3 50
37 4 56
37 5 86
37 6 31
37 7 28
37 8 53
37 9 12
37 10 16
37 11 8
37 12 1
37 13 9
37 14 39
37 15 96
37 16 4
37 17 56
37 18 61
37 19 82
37 20 95
37 21 94
37 22 88
37 23 45
37 24 21
37 25 70
37 26 73
37 27 22
37 28 87
37 29 73
37 30 66
37 31 76
37 32 65
37 33 23
37 34 99
37 35 7
37 36 23
37 37 70
37 38 51
37 39 53
37 40 58
37 41 34
37 42 66
37 43 99
37 44 42
37 45 61
37 46 40
37 47 58
37 48 86
37 49 86
37 50 99
37 51 36
37 52 68
37 53 44
37 54 22
37 55 58
37 56 51
37 57 79
37 58 1
37 59 90
37 60 31
37 61 65
37 62 93
37 63 87
37 64 57
37 65 30
37 66 23
37 67 70
37 68 89
37 69 7
37 70 39
37 71 19
37 72 62
37 73 1
37 74 97
37 75 73
37 76 91
37 77 51
37 78 61
37 79 93
37 80 68
37 81 90
37 82 18
37 83 23
37 84 9
37 85 29
37 86 83
37 87 32
37 88 59
37 89 21
37 90 73
37 91 91
37 92 18
37 93 57
37 94 50
37 95 66
37 96 83
37 97 51
37 98 84
37 99 18
37 100 37
38 1 73
38 2 52
38 3 31
38 4 40
38 5 15
38 6 74
38 7 62
38 8 71
38 9 63
38 10 87
38 11 67
38 12 27
38 13 41
38 14 97
38 15 65
38 16 82
38 17 33
38 18 66
38 19 19
38 20 98
38 21 92
38 22 71
38 23 48
38 24 48
38 25 58
38 26 92
38 27 71
38 28 66
38 29 42
38 30 53
38 31 81
38 32 8
38 33 30
38 34 4
38 35 56
38 36 14
38 37 29
38 38 46
38 39 23
38 40 86
38 41 62
38 42 60
38 43 27
38 44 72
38 45 11
38 46 93
38 47 30
38 48 85
38 49 68
38 50 6
38 51 50
38 52 14
38 53 96
38 54 28
38 55 37
38 56 26
38 57 12
38 58 27
38 59 22
38 60 35
38 61 19
38 62 22
38 63 35
38 64 86
38 65 27
38 66 63
38 67 64
38 68 2
38 69 64
38 70 24
38 71 65
38 72 60
38 73 41
38 74 3
38 75 58
38 76 29
38 77 55
38 78 87
38 79 30
38 80 93
38 81 76
38 82 74
38 83 19
38 84 44
38 85 20
38 86 50
38 87 48
38 88 1
38 89 11
38 90 67
38 91 94
38 92 39
38 93 38
38 94 56
38 95 76
38 96 99
38 97 6
38 98 17
38 99 24
38 100 8
39 1 21
39 2 69
39 3 53
39 4 44
39 5 55
39 6 81
39 7 44
39 8 21
39 9 9
39 10 57
39 11 22
39 12 44
39 13 78
39 14 77
39 15 35
39 16 70
39 17 95
39 18 64
39 19 32
39 20 20
39 21 59
39 22 63
39 23 67
39 24 70
39 25 92
39 26 22
39 27 15
39 28 73
39 29 16
39 30 33
39 31 42
39 32 81
39 33 60
39 34 4
39 35 95
39 36 43
39 37 74
39 38 95
39 39 34
39 40 97
39 41 83
39 42 40
39 43 59
39 44 10
39 45 53
39 46 13
39 47 4
39 48 3
39 49 55
39 50 25
39 51 73
39 52 93
39 53 12
39 54 44
39 55 9
39 56 9
39 57 73
39 58 48
39 59 10
39 60 83
39 61 78
39 62 53
39 63 46
39 64 94
39 65 90
39 66 3
39 67 91
39 68 8
39 69 5
39 70 68
39 71 29
39 72 54
39 73 94
39 74 22
39 75 85
39 76 46
39 77 73
39 78 42
39 79 26
39 80 38
39 81 35
39 82 62
39 83 42
39 84 33
39 85 96
39 86 77
39 87 94
39 88 99
39 89 57
39 90 48
39 91 1
39 92 41
39 93 95
39 94 26
39 95 11
39 96 19
39 97 59
39 98 29
39 99 85
39 100 66
40 1 9
40 2 4
40 3 32
40 4 56
40 5 49
40 6 60
40 7 86
40 8 98
40 9 66
40 10 58
40 11 23
40 12 29
40 13 18
40 14 29
40 15 21
40 16 5
40 17 21
40 18 18
40 19 90
40 20 58
40 21 24
40 22 38
40 23 35
40 24 38
40 25 76
40 26 1
40 27 20
40 28 60
40 29 75
40 30 60
40 31 69
40 32 71
40 33 6
40 34 2
40 35 16
40 36 27
40 37 89
40 38 22
40 39 52
40 40 66
40 41 69
40 42 69
40 43 90
40 44 82
40 45 17
40 46 44
40 47 73
40 48 33
40 49 22
40 50 78
40 51 99
40 52 87
40 53 17
40 54 1
40 55 83
40 56 63
40 57 8
40 58 76
40 59 19
40 60 71
40 61 52
40 62 35
40 63 11
40 64 27
40 65 6
40 66 53
40 67 12
40 68 51
40 69 57
40 70 11
40 71 64
40 72 9
40 73 77
40 74 40
40 75 11
40 76 95
40 77 94
40 78 92
40 79 92
40 80 88
40 81 3
40 82 14
40 83 10
40 84 88
40 85 1
40 86 55
40 87 31
40 88 88
40 89 92
40 90 23
40 91 98
40 92 70
40 93 91
40 94 57
40 95 65
40 96 57
40 97 66
40 98 24
40 99 17
40 100 55
41 1 28
41 2 14
41 3 36
41 4 51
41 5 8
41 6 66
41 7 35
41 8 70
41 9 63
41 10 10
41 11 84
41 12 63
41 13 99
41 14 73
41 15 93
41 16 54
41 17 41
41 18 79
41 19 50
41 20 98
41 21 64
41 22 87
41 23 94
41 24 61
41 25 47
41 26 3
41 27 7
41 28 68
41 29 9
41 30 91
41 31 8
41 32 70
41 33 64
41 34 48
41 35 5
41 36 70
41 37 62
41 38 10
41 39 85
41 40 97
41 41 97
41 42 32
41 43 48
41 44 59
41 45 95
41 46 10
41 47 15
41 48 61
41 49 53
41 50 29
41 51 10
41 52 48
41 53 65
41 54 35
41 55 35
41 56 80
41 57 31
41 58 91
41 59 47
41 60 30
41 61 1
41 62 95
41 63 66
41 64 67
41 65 8
41 66 70
41 67 12
41 68 49
41 69 50
41 70 14
41 71 39
41 72 44
41 73 54
41 74 5
41 75 99
41 76 69
41 77 40
41 78 20
41 79 32
41 80 35
41 81 18
41 82 12
41 83 21
41 84 5
41 85 33
41 86 51
41 87 43
41 88 90
41 89 53
41 90 76
41 91 19
41 92 37
41 93 49
41 94 98
41 95 38
41 96 51
41 97 10
41 98 28
41 99 44
41 100 42
42 1 96
42 2 5
42 3 32
42 4 11
42 5 8
42 6 98
42 7 80
42 8 97
42 9 6
42 10 30
42 11 22
42 12 39
42 13 84
42 14 59
42 15 69
42 16 31
42 17 54
42 18 22
42 19 93
42 20 49
42 21 95
42 22 29
42 23 39
42 24 48
42 25 51
42 26 78
42 27 65
42 28 8
42 29 63
42 30 27
42 31 22
42 32 11
42 33 22
42 34 15
42 35 74
42 36 79
42 37 63
42 38 44
42 39 42
42 40 12
42 41 56
42 42 20
42 43 79
42 44 56
42 45 64
42 46 4
42 47 42
42 48 19
42 49 71
42 50 49
42 51 5
42 52 65
42 53 68
42 54 55
42 55 17
42 56 35
42 57 95
42 58 8
42 59 79
42 60 87
42 61 86
42 62 96
42 63 96
42 64 88
42 65 1
42 66 77
42 67 52
42 68 25
42 69 9
42 70 62
42 71 47
42 72 20
42 73 69
42 74 80
42 75 1
42 76 67
42 77 47
42 78 22
42 79 16
42 80 33
42 81 25
42 82 10
42 83 22
42 84 68
42 85 98
42 86 25
42 87 13
42 88 10
42 89 90
42 90 28
42 91 58
42 92 6
42 93 47
42 94 47
42 95 11
42 96 27
42 97 9
42 98 32
42 99 91
42 100 72
43 1 33
43 2 55
43 3 85
43 4 50
43 5 48
43 6 39
43 7 35
43 8 71
43 9 18
43 10 40
43 11 69
43 12 37
43 13 66
43 14 34
43 15 22
43 16 54
43 17 71
43 18 49
43 19 87
43 20 24
43 21 69
43 22 69
43 23 60
43 24 82
43 25 65
43 26 59
43 27 29
43 28 65
43 29 88
43 30 67
43 31 75
43 32 17
43 33 79
43 34 6
43 35 11
43 36 59
43 37 78
43 38 87
43 39 54
43 40 15
43 41 72
43 42 34
43 43 82
43 44 84
43 45 48
43 46 61
43 47 12
43 48 53
43 49 59
43 50 61
43 51 47
43 52 18
43 53 71
43 54 32
43 55 47
43 56 9
43 57 13
43 58 46
43 59 76
43 60 42
43 61 62
43 62 17
43 63 98
43 64 57
43 65 91
43 66 58
43 67 68
43 68 50
43 69 39
43 70 33
43 71 45
43 72 90
43 73 88
43 74 23
43 75 68
43 76 88
43 77 20
43 78 88
43 79 66
43 80 70
43 81 48
43 82 7
43 83 5
43 84 54
43 85 77
43 86 28
43 87 67
43 88 21
43 89 95
43 90 74
43 91 1
43 92 80
43 93 50
43 94 33
43 95 3
43 96 94
43 97 15
43 98 77
43 99 84
43 100 36
44 1 40
44 2 63
44 3 69
44 4 74
44 5 73
44 6 19
44 7 19
44 8 49
44 9 76
44 10 77
44 11 72
44 12 62
44 13 46
44 14 99
44 15 8
44 16 61
44 17 31
44 18 64
44 19 37
44 20 5
44 21 88
44 22 17
44 23 67
44 24 3
44 25 42
44 26 99
44 27 94
44 28 85
44 29 82
44 30 34
44 31 71
44 32 96
44 33 64
44 34 87
44 35 89
44 36 47
44 37 96
44 38 57
44 39 11
44 40 11
44 41 5
44 42 37
44 43 3
44 44 9
44 45 51
44 46 4
44 47 95
44 48 7
44 49 4
44 50 90
44 51 37
44 52 6
44 53 65
44 54 43
44 55 29
44 56 94
44 57 73
44 58 37
44 59 41
44 60 96
44 61 37
44 62 4
44 63 5
44 64 69
44 65 59
44 66 96
44 67 85
44 68 36
44 69 58
44 70 23
44 71 8
44 72 89
44 73 55
44 74 20
44 75 72
44 76 81
44 77 20
44 78 28
44 79 30
44 80 69
44 81 37
44 82 64
44 83 22
44 84 24
44 85 83
44 86 90
44 87 11
44 88 22
44 89 73
44 90 45
44 91 48
44 92 78
44 93 87
44 94 67
44 95 35
44 96 55
44 97 99
44 98 4
44 99 24
44 100 31
45 1 17
45 2 89
45 3 24
45 4 99
45 5 46
45 6 7
45 7 40
45 8 48
45 9 9
45 10 16
45 11 96
45 12 4
45 13 15
45 14 51
45 15 82
45 16 80
45 17 68
45 18 84
45 19 7
45 20 74
45 21 46
45 22 24
45 23 94
45 24 96
45 25 91
45 26 79
45 27 5
45 28 90
45 29 91
45 30 85
45 31 15
45 32 12
45 33 34
45 34 85
45 35 85
45 36 71
45 37 69
45 38 67
45 39 76
45 40 55
45 41 77
45 42 37
45 43 52
45 44 82
45 45 70
45 46 97
45 47 95
45 48 19
45 49 44
45 50 64
45 51 39
45 52 28
45 53 45
45 54 78
45 55 2
45 56 58
45 57 78
45 58 38
45 59 75
45 60 5
45 61 62
45 62 41
45 63 3
45 64 26
45 65 34
45 66 58
45 67 42
45 68 84
45 69 58
45 70 89
45 71 59
45 72 56
45 73 97
45 74 96
45 75 50
45 76 97
45 77 93
45 78 93
45 79 74
45 80 93
45 81 90
45 82 76
45 83 31
45 84 91
45 85 93
45 86 23
45 87 65
45 88 43
45 89 79
45 90 74
45 91 1
45 92 50
45 93 74
45 94 81
45 95 51
45 96 82
45 97 84
45 98 92
45 99 50
45 100 30
46 1 69
46 2 78
46 3 15
46 4 56
46 5 52
46 6 63
46 7 22
46 8 50
46 9 23
46 10 86
46 11 66
46 12 13
46 13 53
46 14 80
46 15 12
46 16 48
46 17 55
46 18 81
46 19 20
46 20 30
46 21 30
46 22 41
46 23 82
46 24 93
46 25 73
46 26 29
46 27 63
46 28 27
46 29 46
46 30 31
46 31 15
46 32 21
46 33 82
46 34 65
46 35 84
46 36 95
46 37 63
46 38 39
46 39 54
46 40 29
46 41 12
46 42 11
46 43 28
46 44 29
46 45 38
46 46 76
46 47 81
46 48 74
46 49 42
46 50 76
46 51 31
46 52 7
46 53 79
46 54 91
46 55 46
46 56 86
46 57 55
46 58 89
46 59 3
46 60 82
46 61 11
46 62 15
46 63 56
46 64 61
46 65 25
46 66 75
46 67 62
46 68 30
46 69 32
46 70 6
46 71 56
46 72 31
46 73 75
46 74 80
46 75 41
46 76 52
46 77 56
46 78 96
46 79 3
46 80 33
46 81 66
46 82 34
46 83 12
46 84 36
46 85 52
46 86 77
46 87 11
46 88 38
46 89 93
46 90 67
46 91 35
46 92 19
46 93 7
46 94 90
46 95 33
46 96 86
46 97 13
46 98 94
46 99 47
46 100 8
47 1 98
47 2 80
47 3 59
47 4 36
47 5 20
47 6 8
47 7 87
47 8 19
47 9 6
47 10 9
47 11 55
47 12 10
47 13 15
47 14 75
47 15 19
47 16 83
47 17 87
47 18 73
47 19 32
47 20 90
47 21 72
47 22 13
47 23 21
47 24 36
47 25 1
47 26 4
47 27 29
47 28 45
47 29 36
47 30 63
47 31 31
47 32 94
47 33 44
47 34 93
47 35 73
47 36 56
47 37 62
47 38 30
47 39 2
47 40 45
47 41 69
47 42 60
47 43 95
47 44 48
47 45 81
47 46 50
47 47 78
47 48 23
47 49 82
47 50 43
47 51 52
47 52 44
47 53 85
47 54 91
47 55 27
47 56 19
47 57 74
47 58 69
47 59 93
47 60 16
47 61 85
47 62 34
47 63 1
47 64 58
47 65 55
47 66 57
47 67 61
47 68 84
47 69 81
47 70 37
47 71 40
47 72 3
47 73 44
47 74 79
47 75 24
47 76 97
47 77 83
47 78 96
47 79 26
47 80 87
47 81 3
47 82 41
47 83 5
47 84 35
47 85 36
47 86 14
47 87 50
47 88 13
47 89 1
47 90 59
47 91 69
47 92 14
47 93 64
47 94 16
47 95 21
47 96 77
47 97 63
47 98 84
47 99 16
47 100 69
48 1 15
48 2 50
48 3 84
48 4 50
48 5 28
48 6 59
48 7 69
48 8 32
48 9 27
48 10 37
48 11 79
48 12 62
48 13 86
48 14 20
48 15 56
48 16 14
48 17 77
48 18 60
48 19 80
48 20 99
48 21 90
48 22 86
48 23 80
48 24 15
48 25 55
48 26 80
48 27 43
48 28 52
48 29 66
48 30 85
48 31 98
48 32 21
48 33 17
48 34 97
48 35 99
48 36 76
48 37 77
48 38 19
48 39 62
48 40 94
48 41 21
48 42 92
48 43 98
48 44 3
48 45 5
48 46 63
48 47 29
48 48 77
48 49 97
48 50 1
48 51 32
48 52 1
48 53 43
48 54 2
48 55 40
48 56 23
48 57 11
48 58 63
48 59 73
48 60 54
48 61 76
48 62 76
48 63 39
48 64 92
48 65 32
48 66 20
48 67 85
48 68 29
48 69 93
48 70 4
48 71 93
48 72 64
48 73 10
48 74 49
48 75 6
48 76 76
48 77 76
48 78 91
48 79 74
48 80 65
48 81 62
48 82 7
48 83 81
48 84 51
48 85 85
48 86 73
48 87 59
48 88 17
48 89 73
48 90 38
48 91 29
48 92 68
48 93 72
48 94 88
48 95 93
48 96 33
48 97 14
48 98 92
48 99 21
48 100 23
49 1 76
49 2 29
49 3 93
49 4 32
49 5 30
49 6 97
49 7 3
49 8 29
49 9 47
49 10 1
49 11 73
49 12 95
49 13 87
49 14 73
49 15 76
49 16 71
49 17 14
49 18 30
49 19 6
49 20 38
49 21 70
49 22 34
49 23 41
49 24 96
49 25 1
49 26 77
49 27 15
49 28 66
49 29 37
49 30 42
49 31 75
49 32 97
49 33 56
49 34 72
49 35 8
49 36 47
49 37 89
49 38 63
49 39 27
49 40 82
49 41 6
49 42 16
49 43 53
49 44 67
49 45 12
49 46 72
49 47 31
49 48 2
49 49 81
49 50 79
49 51 41
49 52 79
49 53 78
49 54 9
49 55 59
49 56 47
49 57 47
49 58 87
49 59 55
49 60 38
49 61 36
49 62 48
49 63 18
49 64 26
49 65 86
49 66 14
49 67 86
49 68 48
49 69 2
49 70 69
49 71 46
49 72 92
49 73 23
49 74 97
49 75 25
49 76 27
49 77 97
49 78 76
49 79 87
49 80 67
49 81 8
49 82 93
49 83 42
49 84 72
49 85 68
49 86 92
49 87 36
49 88 27
49 89 25
49 90 86
49 91 77
49 92 19
49 93 48
49 94 36
49 95 46
49 96 99
49 97 86
49 98 56
49 99 83
49 100 91
50 1 38
50 2 84
50 3 59
50 4 65
50 5 21
50 6 24
50 7 3
50 8 68
50 9 59
50 10 29
50 11 60
50 12 79
50 13 8
50 14 22
50 15 97
50 16 76
50 17 3
50 18 73
50 19 15
50 20 59
50 21 47
50 22 73
50 23 33
50 24 68
50 25 21
50 26 99
50 27 21
50 28 47
50 29 73
50 30 64
50 31 99
50 32 5
50 33 45
50 34 51
50 35 63
50 36 31
50 37 87
50 38 78
50 39 5
50 40 39
50 41 70
50 42 1
50 43 8
50 44 99
50 45 45
50 46 61
50 47 95
50 48 16
50 49 39
50 50 59
50 51 99
50 52 71
50 53 36
50 54 15
50 55 74
50 56 19
50 57 72
50 58 28
50 59 58
50 60 77
50 61 1
50 62 26
50 63 15
50 64 75
50 65 97
50 66 70
50 67 62
50 68 84
50 69 77
50 70 43
50 71 99
50 72 47
50 73 14
50 74 51
50 75 92
50 76 10
50 77 83
50 78 9
50 79 5
50 80 5
50 81 89
50 82 40
50 83 66
50 84 26
50 85 43
50 86 76
50 87 11
50 88 18
50 89 62
50 90 24
50 91 46
50 92 61
50 93 63
50 94 99
50 95 74
50 96 42
50 97 41
50 98 23
50 99 78
50 100 89
51 1 82
51 2 16
51 3 79
51 4 85
51 5 3
51 6 88
51 7 66
51 8 76
51 9 74
51 10 88
51 11 92
51 12 98
51 13 10
51 14 14
51 15 50
51 16 14
51 17 14
51 18 76
51 19 6
51 20 26
51 21 21
51 22 8
51 23 45
51 24 50
51 25 73
51 26 40
51 27 74
51 28 88
51 29 10
51 30 1
51 31 50
51 32 6
51 33 83
51 34 78
51 35 93
51 36 42
51 37 29
51 38 24
51 39 4
51 40 30
51 41 28
51 42 59
51 43 48
51 44 7
51 45 25
51 46 66
51 47 63
51 48 16
51 49 11
51 50 58
51 51 84
51 52 43
51 53 32
51 54 67
51 55 21
51 56 49
51 57 54
51 58 4
51 59 43
51 60 96
51 61 89
51 62 84
51 63 64
51 64 32
51 65 87
51 66 65
51 67 93
51 68 50
51 69 50
51 70 32
51 71 65
51 72 62
51 73 40
51 74 75
51 75 77
51 76 76
51 77 72
51 78 16
51 79 93
51 80 31
51 81 46
51 82 94
51 83 9
51 84 19
51 85 77
51 86 21
51 87 86
51 88 49
51 89 9
51 90 29
51 91 37
51 92 84
51 93 42
51 94 53
51 95 49
51 96 91
51 97 78
51 98 53
51 99 19
51 100 92
52 1 13
52 2 24
52 3 38
52 4 27
52 5 50
52 6 29
52 7 98
52 8 80
52 9 3
52 10 77
52 11 50
52 12 10
52 13 8
52 14 3
52 15 78
52 16 67
52 17 26
52 18 54
52 19 37
52 20 53
52 21 91
52 22 52
52 23 17
52 24 8
52 25 76
52 26 46
52 27 24
52 28 96
52 29 14
52 30 60
52 31 8
52 32 43
52 33 53
52 34 16
52 35 33
52 36 22
52 37 96
52 38 46
52 39 73
52 40 41
52 41 27
52 42 42
52 43 15
52 44 59
52 45 74
52 46 71
52 47 97
52 48 94
52 49 95
52 50 62
52 51 63
52 52 33
52 53 88
52 54 47
52 55 96
52 56 30
52 57 26
52 58 55
52 59 23
52 60 16
52 61 14
52 62 41
52 63 5
52 64 98
52 65 35
52 66 91
52 67 69
52 68 32
52 69 69
52 70 79
52 71 33
52 72 52
52 73 60
52 74 83
52 75 85
52 76 88
52 77 65
52 78 40
52 79 4
52 80 90
52 81 64
52 82 54
52 83 94
52 84 11
52 85 98
52 86 4
52 87 91
52 88 13
52 89 30
52 90 21
52 91 80
52 92 82
52 93 97
52 94 88
52 95 39
52 96 97
52 97 7
52 98 46
52 99 88
52 100 43
53 1 54
53 2 60
53 3 9
53 4 53
53 5 93
53 6 76
53 7 14
53 8 62
53 9 82
53 10 51
53 11 84
53 12 2
53 13 29
53 14 28
53 15 45
53 16 33
53 17 81
53 18 18
53 19 11
53 20 76
53 21 51
53 22 63
53 23 40
53 24 3
53 25 43
53 26 47
53 27 78
53 28 30
53 29 81
53 30 22
53 31 10
53 32 70
53 33 57
53 34 52
53 35 27
53 36 59
53 37 76
53 38 18
53 39 26
53 40 20
53 41 66
53 42 8
53 43 69
53 44 31
53 45 7
53 46 42
53 47 67
53 48 46
53 49 7
53 50 19
53 51 22
53 52 15
53 53 70
53 54 87
53 55 65
53 56 71
53 57 43
53 58 53
53 59 11
53 60 78
53 61 73
53 62 83
53 63 68
53 64 75
53 65 14
53 66 12
53 67 31
53 68 90
53 69 49
53 70 24
53 71 90
53 72 43
53 73 68
53 74 68
53 75 42
53 76 7
53 77 3
53 78 99
53 79 1
53 80 57
53 81 58
53 82 96
53 83 76
53 84 69
53 85 48
53 86 49
53 87 15
53 88 54
53 89 17
53 90 82
53 91 14
53 92 31
53 93 4
53 94 80
53 95 52
53 96 75
53 97 10
53 98 72
53 99 35
53 100 23
54 1 13
54 2 43
54 3 16
54 4 36
54 5 55
54 6 67
54 7 90
54 8 63
54 9 10
54 10 49
54 11 86
54 12 20
54 13 33
54 14 40
54 15 85
54 16 22
54 17 32
54 18 48
54 19 68
54 20 22
54 21 26
54 22 29
54 23 7
54 24 93
54 25 83
54 26 34
54 27 39
54 28 17
54 29 86
54 30 11
54 31 40
54 32 74
54 33 63
54 34 46
54 35 60
54 36 91
54 37 98
54 38 44
54 39 65
54 40 97
54 41 79
54 42 33
54 43 87
54 44 35
54 45 11
54 46 43
54 47 62
54 48 6
54 49 68
54 50 82
54 51 36
54 52 46
54 53 15
54 54 59
54 55 81
54 56 1
54 57 98
54 58 74
54 59 39
54 60 58
54 61 86
54 62 80
54 63 69
54 64 52
54 65 99
54 66 2
54 67 63
54 68 73
54 69 80
54 70 30
54 71 99
54 72 7
54 73 19
54 74 58
54 75 19
54 76 50
54 77 10
54 78 78
54 79 17
54 80 72
54 81 36
54 82 31
54 83 13
54 84 93
54 85 30
54 86 43
54 87 42
54 88 10
54 89 80
54 90 37
54 91 26
54 92 66
54 93 26
54 94 77
54 95 16
54 96 96
54 97 32
54 98 57
54 99 42
54 100 21
55 1 97
55 2 46
55 3 66
55 4 50
55 5 80
55 6 60
55 7 65
55 8 67
55 9 25
55 10 62
55 11 73
55 12 51
55 13 38
55 14 65
55 15 15
55 16 14
55 17 52
55 18 24
55 19 91
55 20 31
55 21 37
55 22 44
55 23 10
55 24 49
55 25 45
55 26 49
55 27 24
55 28 70
55 29 29
55 30 58
55 31 60
55 32 67
55 33 94
55 34 61
55 35 99
55 36 66
55 37 52
55 38 69
55 39 19
55 40 89
55 41 51
55 42 51
55 43 84
55 44 23
55 45 41
55 46 33
55 47 40
55 48 6
55 49 65
55 50 86
55 51 57
55 52 88
55 53 3
55 54 55
55 55 79
55 56 98
55 57 46
55 58 2
55 59 78
55 60 58
55 61 82
55 62 77
55 63 24
55 64 46
55 65 23
55 66 10
55 67 49
55 68 29
55 69 53
55 70 72
55 71 90
55 72 38
55 73 7
55 74 25
55 75 33
55 76 44
55 77 99
55 78 47
55 79 91
55 80 35
55 81 3
55 82 45
55 83 45
55 84 15
55 85 19
55 86 45
55 87 6
55 88 4
55 89 73
55 90 91
55 91 19
55 92 10
55 93 58
55 94 67
55 95 46
55 96 45
55 97 55
55 98 33
55 99 15
55 100 56
56 1 3
56 2 87
56 3 12
56 4 24
56 5 62
56 6 19
56 7 59
56 8 91
56 9 72
56 10 78
56 11 21
56 12 40
56 13 41
56 14 44
56 15 34
56 16 67
56 17 26
56 18 48
56 19 77
56 20 95
56 21 56
56 22 80
56 23 35
56 24 2
56 25 74
56 26 58
56 27 4
56 28 71
56 29 37
56 30 91
56 31 87
56 32 71
56 33 80
56 34 89
56 35 95
56 36 51
56 37 72
56 38 36
56 39 68
56 40 27
56 41 60
56 42 2
56 43 81
56 44 59
56 45 36
56 46 45
56 47 93
56 48 42
56 49 93
56 50 92
56 51 4
56 52 3
56 53 6
56 54 2
56 55 14
56 56 10
56 57 66
56 58 43
56 59 39
56 60 72
56 61 33
56 62 85
56 63 32
56 64 65
56 65 98
56 66 5
56 67 14
56 68 77
56 69 15
56 70 44
56 71 28
56 72 97
56 73 73
56 74 80
56 75 38
56 76 63
56 77 32
56 78 9
56 79 41
56 80 16
56 81 48
56 82 68
56 83 93
56 84 99
56 85 61
56 86 30
56 87 20
56 88 74
56 89 65
56 90 20
56 91 96
56 92 19
56 93 91
56 94 30
56 95 75
56 96 39
56 97 46
56 98 45
56 99 42
56 100 49
57 1 80
57 2 68
57 3 1
57 4 20
57 5 14
57 6 35
57 7 25
57 8 21
57 9 1
57 10 51
57 11 11
57 12 25
57 13 24
57 14 85
57 15 80
57 16 2
57 17 83
57 18 82
57 19 63
57 20 25
57 21 6
57 22 91
57 23 73
57 24 20
57 25 4
57 26 45
57 27 49
57 28 70
57 29 52
57 30 14
57 31 51
57 32 4
57 33 91
57 34 99
57 35 17
57 36 77
57 37 68
57 38 75
57 39 95
57 40 26
57 41 99
57 42 7
57 43 25
57 44 57
57 45 6
57 46 43
57 47 19
57 48 97
57 49 18
57 50 50
57 51 51
57 52 72
57 53 67
57 54 59
57 55 55
57 56 24
57 57 31
57 58 99
57 59 26
57 60 69
57 61 64
57 62 25
57 63 18
57 64 47
57 65 87
57 66 34
57 67 51
57 68 46
57 69 72
57 70 72
57 71 1
57 72 6
57 73 47
57 74 7
57 75 58
57 76 80
57 77 61
57 78 98
57 79 22
57 80 25
57 81 46
57 82 11
57 83 94
57 84 54
57 85 69
57 86 93
57 87 91
57 88 74
57 89 60
57 90 23
57 91 58
57 92 88
57 93 70
57 94 14
57 95 94
57 96 84
57 97 15
57 98 55
57 99 89
57 100 28
58 1 58
58 2 13
58 3 26
58 4 10
58 5 4
58 6 61
58 7 55
58 8 14
58 9 2
58 10 49
58 11 39
58 12 11
58 13 94
58 14 70
58 15 24
58 16 31
58 17 86
58 18 17
58 19 33
58 20 55
58 21 17
58 22 18
58 23 69
58 24 97
58 25 56
58 26 47
58 27 67
58 28 92
58 29 62
58 30 20
58 31 85
58 32 26
58 33 51
58 34 12
58 35 87
58 36 57
58 37 9
58 38 7
58 39 20
58 40 30
58 41 76
58 42 11
58 43 38
58 44 99
58 45 11
58 46 59
58 47 59
58 48 10
58 49 5
58 50 21
58 51 23
58 52 31
58 53 13
58 54 77
58 55 9
58 56 44
58 57 13
58 58 62
58 59 28
58 60 99
58 61 45
58 62 81
58 63 8
58 64 45
58 65 2
58 66 64
58 67 85
58 68 59
58 69 4
58 70 61
58 71 49
58 72 89
58 73 85
58 74 54
58 75 91
58 76 76
58 77 81
58 78 1
58 79 71
58 80 54
58 81 87
58 82 23
58 83 9
58 84 78
58 85 58
58 86 56
58 87 89
58 88 46
58 89 23
58 90 60
58 91 19
58 92 18
58 93 89
58 94 25
58 95 14
58 96 15
58 97 52
58 98 55
58 99 19
58 100 77
59 1 71
59 2 29
59 3 34
59 4 69
59 5 74
59 6 94
59 7 1
59 8 5
59 9 59
59 10 62
59 11 54
59 12 31
59 13 39
59 14 93
59 15 61
59 16 75
59 17 48
59 18 71
59 19 16
59 20 60
59 21 84
59 22 40
59 23 63
59 24 88
59 25 25
59 26 75
59 27 1
59 28 60
59 29 20
59 30 33
59 31 68
59 32 21
59 33 19
59 34 19
59 35 27
59 36 88
59 37 52
59 38 29
59 39 64
59 40 32
59 41 46
59 42 49
59 43 41
59 44 19
59 45 22
59 46 77
59 47 41
59 48 85
59 49 76
59 50 49
59 51 68
59 52 34
59 53 22
59 54 55
59 55 14
59 56 69
59 57 43
59 58 81
59 59 7
59 60 90
59 61 87
59 62 98
59 63 8
59 64 78
59 65 28
59 66 78
59 67 15
59 68 56
59 69 70
59 70 18
59 71 11
59 72 43
59 73 31
59 74 1
59 75 4
59 76 73
59 77 22
59 78 80
59 79 87
59 80 2
59 81 90
59 82 55
59 83 20
59 84 72
59 85 13
59 86 20
59 87 98
59 88 56
59 89 98
59 90 87
59 91 10
59 92 64
59 93 61
59 94 85
59 95 69
59 96 10
59 97 48
59 98 97
59 99 98
59 100 71
60 1 95
60 2 44
60 3 17
60 4 54
60 5 78
60 6 7
60 7 78
60 8 81
60 9 88
60 10 35
60 11 73
60 12 80
60 13 92
60 14 25
60 15 68
60 16 77
60 17 58
60 18 13
60 19 89
60 20 66
60 21 58
60 22 3
60 23 32
60 24 93
60 25 19
60 26 20
60 27 88
60 28 39
60 29 45
60 30 25
60 31 96
60 32 95
60 33 40
60 34 97
60 35 74
60 36 20
60 37 90
60 38 25
60 39 15
60 40 89
60 41 61
60 42 39
60 43 92
60 44 72
60 45 63
60 46 10
60 47 83
60 48 86
60 49 85
60 50 4
60 51 48
60 52 90
60 53 79
60 54 98
60 55 77
60 56 86
60 57 4
60 58 71
60 59 97
60 60 81
60 61 41
60 62 75
60 63 81
60 64 49
60 65 89
60 66 58
60 67 91
60 68 36
60 69 59
60 70 14
60 71 52
60 72 25
60 73 3
60 74 58
60 75 25
60 76 12
60 77 3
60 78 77
60 79 31
60 80 43
60 81 89
60 82 30
60 83 1
60 84 90
60 85 42
60 86 99
60 87 39
60 88 93
60 89 27
60 90 41
60 91 86
60 92 25
60 93 47
60 94 53
60 95 69
60 96 2
60 97 80
60 98 38
60 99 82
60 100 73
61 1 31
61 2 72
61 3 5
61 4 78
61 5 80
61 6 24
61 7 50
61 8 32
61 9 32
61 10 15
61 11 52
61 12 64
61 13 29
61 14 44
61 15 16
61 16 97
61 17 62
61 18 26
61 19 82
61 20 17
61 21 33
61 22 51
61 23 87
61 24 34
61 25 44
61 26 78
61 27 43
61 28 47
61 29 46
61 30 84
61 31 95
61 32 2
61 33 66
61 34 41
61 35 25
61 36 87
61 37 59
61 38 4
61 39 99
61 40 20
61 41 76
61 42 91
61 43 92
61 44 90
61 45 95
61 46 42
61 47 40
61 48 62
61 49 34
61 50 57
61 51 98
61 52 49
61 53 84
61 54 3
61 55 59
61 56 38
61 57 72
61 58 68
61 59 34
61 60 38
61 61 29
61 62 2
61 63 63
61 64 37
61 65 79
61 66 23
61 67 8
61 68 79
61 69 5
61 70 48
61 71 6
61 72 67
61 73 37
61 74 61
61 75 46
61 76 9
61 77 31
61 78 38
61 79 33
61 80 61
61 81 47
61 82 42
61 83 16
61 84 84
61 85 49
61 86 82
61 87 14
61 88 33
61 89 44
61 90 34
61 91 61
61 92 17
61 93 45
61 94 41
61 95 37
61 96 3
61 97 88
61 98 10
61 99 95
61 100 12
62 1 77
62 2 22
62 3 93
62 4 78
62 5 79
62 6 93
62 7 43
62 8 78
62 9 23
62 10 12
62 11 34
62 12 27
62 13 84
62 14 76
62 15 59
62 16 4
62 17 83
62 18 76
62 19 51
62 20 35
62 21 70
62 22 46
62 23 17
62 24 69
62 25 69
62 26 63
62 27 73
62 28 2
62 29 79
62 30 65
62 31 3
62 32 11
62 33 66
62 34 45
62 35 21
62 36 77
62 37 32
62 38 54
62 39 28
62 40 56
62 41 31
62 42 70
62 43 5
62 44 80
62 45 70
62 46 61
62 47 15
62 48 97
62 49 95
62 50 31
62 51 36
62 52 39
62 53 58
62 54 37
62 55 85
62 56 50
62 57 33
62 58 21
62 59 44
62 60 57
62 61 80
62 62 14
62 63 64
62 64 19
62 65 92
62 66 30
62 67 37
62 68 42
62 69 2
62 70 36
62 71 83
62 72 15
62 73 90
62 74 59
62 75 47
62 76 36
62 77 33
62 78 49
62 79 5
62 80 4
62 81 69
62 82 43
62 83 44
62 84 13
62 85 97
62 86 19
62 87 36
62 88 68
62 89 4
62 90 13
62 91 4
62 92 74
62 93 16
62 94 95
62 95 68
62 96 92
62 97 68
62 98 39
62 99 78
62 100 7
63 1 1
63 2 82
63 3 76
63 4 44
63 5 16
63 6 73
63 7 81
63 8 11
63 9 21
63 10 77
63 11 77
63 12 52
63 13 56
63 14 35
63 15 77
63 16 65
63 17 68
63 18 5
63 19 79
63 20 65
63 21 74
63 22 15
63 23 74
63 24 55
63 25 90
63 26 12
63 27 50
63 28 34
63 29 80
63 30 7
63 31 94
63 32 13
63 33 21
63 34 38
63 35 83
63 36 51
63 37 36
63 38 85
63 39 81
63 40 55
63 41 95
63 42 83
63 43 86
63 44 99
63 45 54
63 46 87
63 47 29
63 48 99
63 49 6
63 50 16
63 51 25
63 52 55
63 53 57
63 54 27
63 55 25
63 56 87
63 57 2
63 58 41
63 59 28
63 60 4
63 61 41
63 62 41
63 63 37
63 64 53
63 65 77
63 66 68
63 67 76
63 68 29
63 69 10
63 70 11
63 71 34
63 72 46
63 73 20
63 74 46
63 75 3
63 76 15
63 77 17
63 78 46
63 79 33
63 80 41
63 81 40
63 82 10
63 83 6
63 84 20
63 85 4
63 86 20
63 87 31
63 88 21
63 89 15
63 90 35
63 91 37
63 92 44
63 93 8
63 94 57
63 95 79
63 96 95
63 97 5
63 98 64
63 99 4
63 100 63
64 1 92
64 2 37
64 3 55
64 4 88
64 5 39
64 6 17
64 7 91
64 8 1
64 9 92
64 10 17
64 11 65
64 12 45
64 13 30
64 14 78
64 15 30
64 16 64
64 17 61
64 18 9
64 19 21
64 20 44
64 21 66
64 22 20
64 23 56
64 24 4
64 25 77
64 26 82
64 27 14
64 28 78
64 29 84
64 30 86
64 31 71
64 32 75
64 33 41
64 34 48
64 35 7
64 36 41
64 37 35
64 38 81
64 39 54
64 40 93
64 41 76
64 42 13
64 43 56
64 44 61
64 45 18
64 46 40
64 47 10
64 48 48
64 49 89
64 50 94
64 51 57
64 52 71
64 53 73
64 54 75
64 55 77
64 56 1
64 57 6
64 58 34
64 59 87
64 60 48
64 61 14
64 62 43
64 63 23
64 64 49
64 65 32
64 66 9
64 67 81
64 68 76
64 69 28
64 70 16
64 71 72
64 72 33
64 73 67
64 74 76
64 75 15
64 76 27
64 77 67
64 78 52
64 79 7
64 80 85
64 81 10
64 82 63
64 83 16
64 84 22
64 85 56
64 86 7
64 87 3
64 88 87
64 89 40
64 90 71
64 91 29
64 92 23
64 93 20
64 94 7
64 95 9
64 96 74
64 97 93
64 98 42
64 99 1
64 100 76
65 1 41
65 2 29
65 3 97
65 4 33
65 5 18
65 6 71
65 7 80
65 8 70
65 9 25
65 10 49
65 11 20
65 12 33
65 13 81
65 14 64
65 15 20
65 16 28
65 17 73
65 18 18
65 19 79
65 20 72
65 21 58
65 22 74
65 23 62
65 24 70
65 25 49
65 26 51
65 27 6
65 28 75
65 29 91
65 30 51
65 31 33
65 32 49
65 33 20
65 34 67
65 35 36
65 36 46
65 37 69
65 38 44
65 39 93
65 40 63
65 41 12
65 42 3
65 43 47
65 44 78
65 45 32
65 46 76
65 47 68
65 48 38
65 49 90
65 50 87
65 51 55
65 52 13
65 53 53
65 54 2
65 55 14
65 56 29
65 57 96
65 58 33
65 59 8
65 60 87
65 61 27
65 62 55
65 63 12
65 64 91
65 65 66
65 66 22
65 67 43
65 68 3
65 69 83
65 70 9
65 71 58
65 72 77
65 73 14
65 74 93
65 75 52
65 76 77
65 77 51
65 78 54
65 79 17
65 80 36
65 81 25
65 82 60
65 83 47
65 84 81
65 85 2
65 86 19
65 87 32
65 88 16
65 89 74
65 90 61
65 91 79
65 92 14
65 93 83
65 94 3
65 95 45
65 96 14
65 97 82
65 98 30
65 99 16
65 100 88
66 1 13
66 2 72
66 3 13
66 4 45
66 5 12
66 6 46
66 7 64
66 8 72
66 9 78
66 10 44
66 11 23
66 12 75
66 13 23
66 14 85
66 15 73
66 16 82
66 17 27
66 18 17
66 19 28
66 20 71
66 21 41
66 22 43
66 23 64
66 24 73
66 25 68
66 26 49
66 27 67
66 28 7
66 29 34
66 30 76
66 31 35
66 32 24
66 33 49
66 34 68
66 35 61
66 36 23
66 37 1
66 38 24
66 39 35
66 40 65
66 41 13
66 42 42
66 43 22
66 44 91
66 45 1
66 46 43
66 47 36
66 48 60
66 49 6
66 50 90
66 51 19
66 52 74
66 53 3
66 54 58
66 55 44
66 56 70
66 57 7
66 58 59
66 59 16
66 60 15
66 61 18
66 62 1
66 63 19
66 64 44
66 65 12
66 66 8
66 67 43
66 68 28
66 69 97
66 70 32
66 71 31
66 72 14
66 73 72
66 74 43
66 75 67
66 76 2
66 77 37
66 78 33
66 79 85
66 80 96
66 81 42
66 82 74
66 83 45
66 84 76
66 85 74
66 86 96
66 87 91
66 88 3
66 89 97
66 90 6
66 91 3
66 92 68
66 93 33
66 94 20
66 95 44
66 96 31
66 97 63
66 98 4
66 99 59
66 100 67
67 1 3
67 2 84
67 3 4
67 4 62
67 5 6
67 6 53
67 7 55
67 8 56
67 9 72
67 10 80
67 11 35
67 12 41
67 13 94
67 14 25
67 15 12
67 16 6
67 17 58
67 18 35
67 19 25
67 20 44
67 21 76
67 22 19
67 23 69
67 24 64
67 25 78
67 26 51
67 27 78
67 28 12
67 29 53
67 30 17
67 31 75
67 32 55
67 33 84
67 34 81
67 35 14
67 36 64
67 37 14
67 38 90
67 39 94
67 40 42
67 41 81
67 42 56
67 43 50
67 44 12
67 45 96
67 46 47
67 47 70
67 48 54
67 49 34
67 50 91
67 51 33
67 52 7
67 53 73
67 54 75
67 55 10
67 56 14
67 57 4
67 58 37
67 59 30
67 60 96
67 61 42
67 62 50
67 63 48
67 64 53
67 65 49
67 66 93
67 67 41
67 68 80
67 69 95
67 70 35
67 71 58
67 72 55
67 73 3
67 74 59
67 75 56
67 76 2
67 77 27
67 78 10
67 79 28
67 80 88
67 81 25
67 82 40
67 83 95
67 84 10
67 85 7
67 86 94
67 87 50
67 88 24
67 89 67
67 90 74
67 91 14
67 92 16
67 93 71
67 94 78
67 95 78
67 96 81
67 97 58
67 98 72
67 99 76
67 100 88
68 1 72
68 2 41
68 3 6
68 4 91
68 5 95
68 6 54
68 7 44
68 8 31
68 9 82
68 10 44
68 11 56
68 12 96
68 13 41
68 14 78
68 15 31
68 16 24
68 17 43
68 18 84
68 19 4
68 20 76
68 21 71
68 22 74
68 23 69
68 24 23
68 25 47
68 26 89
68 27 21
68 28 27
68 29 7
68 30 94
68 31 1
68 32 2
68 33 40
68 34 91
68 35 82
68 36 58
68 37 14
68 38 41
68 39 69
68 40 75
68 41 40
68 42 2
68 43 87
68 44 17
68 45 31
68 46 37
68 47 51
68 48 39
68 49 59
68 50 12
68 51 51
68 52 82
68 53 16
68 54 68
68 55 54
68 56 75
68 57 93
68 58 98
68 59 93
68 60 18
68 61 77
68 62 39
68 63 74
68 64 29
68 65 93
68 66 40
68 67 34
68 68 40
68 69 80
68 70 73
68 71 39
68 72 38
68 73 99
68 74 24
68 75 98
68 76 69
68 77 44
68 78 35
68 79 14
68 80 9
68 81 41
68 82 16
68 83 52
68 84 66
68 85 62
68 86 45
68 87 32
68 88 42
68 89 85
68 90 80
68 91 38
68 92 75
68 93 34
68 94 67
68 95 75
68 96 51
68 97 95
68 98 69
68 99 70
68 100 79
69 1 63
69 2 58
69 3 45
69 4 76
69 5 58
69 6 93
69 7 83
69 8 81
69 9 45
69 10 47
69 11 91
69 12 68
69 13 67
69 14 84
69 15 19
69 16 85
69 17 25
69 18 36
69 19 52
69 20 87
69 21 35
69 22 75
69 23 65
69 24 52
69 25 60
69 26 17
69 27 44
69 28 45
69 29 62
69 30 83
69 31 41
69 32 49
69 33 74
69 34 58
69 35 26
69 36 14
69 37 40
69 38 67
69 39 71
69 40 46
69 41 23
69 42 76
69 43 67
69 44 56
69 45 16
69 46 5
69 47 32
69 48 76
69 49 96
69 50 94
69 51 44
69 52 81
69 53 76
69 54 48
69 55 47
69 56 65
69 57 45
69 58 97
69 59 76
69 60 49
69 61 13
69 62 20
69 63 91
69 64 32
69 65 68
69 66 79
69 67 28
69 68 76
69 69 26
69 70 87
69 71 54
69 72 95
69 73 79
69 74 43
69 75 89
69 76 44
69 77 55
69 78 66
69 79 24
69 80 69
69 81 94
69 82 60
69 83 48
69 84 62
69 85 27
69 86 51
69 87 49
69 88 20
69 89 31
69 90 38
69 91 18
69 92 36
69 93 11
69 94 72
69 95 85
69 96 65
69 97 60
69 98 8
69 99 67
69 100 12
70 1 94
70 2 19
70 3 28
70 4 43
70 5 65
70 6 26
70 7 82
70 8 99
70 9 92
70 10 39
70 11 15
70 12 79
70 13 80
70 14 12
70 15 33
70 16 28
70 17 55
70 18 12
70 19 19
70 20 46
70 21 51
70 22 8
70 23 11
70 24 26
70 25 24
70 26 28
70 27 7
70 28 22
70 29 73
70 30 65
70 31 82
70 32 36
70 33 2
70 34 91
70 35 50
70 36 21
70 37 84
70 38 78
70 39 73
70 40 66
70 41 11
70 42 29
70 43 2
70 44 82
70 45 20
70 46 9
70 47 13
70 48 65
70 49 7
70 50 5
70 51 32
70 52 7
70 53 91
70 54 48
70 55 4
70 56 82
70 57 69
70 58 46
70 59 80
70 60 94
70 61 52
70 62 46
70 63 66
70 64 39
70 65 74
70 66 39
70 67 83
70 68 52
70 69 66
70 70 4
70 71 11
70 72 33
70 73 23
70 74 53
70 75 86
70 76 9
70 77 53
70 78 12
70 79 15
70 80 81
70 81 70
70 82 95
70 83 27
70 84 23
70 85 31
70 86 73
70 87 3
70 88 39
70 89 87
70 90 60
70 91 33
70 92 93
70 93 44
70 94 46
70 95 92
70 96 42
70 97 75
70 98 13
70 99 43
70 100 15
71 1 69
71 2 16
71 3 40
71 4 16
71 5 68
71 6 24
71 7 17
71 8 19
71 9 76
71 10 57
71 11 38
71 12 9
71 13 23
71 14 21
71 15 26
71 16 99
71 17 78
71 18 34
71 19 66
71 20 82
71 21 50
71 22 64
71 23 82
71 24 78
71 25 98
71 26 86
71 27 84
71 28 40
71 29 67
71 30 71
71 31 45
71 32 99
71 33 44
71 34 16
71 35 59
71 36 3
71 37 50
71 38 83
71 39 69
71 40 33
71 41 22
71 42 71
71 43 28
71 44 63
71 45 32
71 46 93
71 47 6
71 48 48
71 49 59
71 50 17
71 51 40
71 52 68
71 53 86
71 54 55
71 55 44
71 56 99
71 57 50
71 58 28
71 59 51
71 60 8
71 61 91
71 62 77
71 63 81
71 64 67
71 65 30
71 66 23
71 67 75
71 68 68
71 69 16
71 70 6
71 71 24
71 72 78
71 73 26
71 74 60
71 75 20
71 76 54
71 77 17
71 78 59
71 79 31
71 80 43
71 81 78
71 82 54
71 83 63
71 84 33
71 85 83
71 86 22
71 87 91
71 88 24
71 89 92
71 90 58
71 91 12
71 92 89
71 93 34
71 94 65
71 95 21
71 96 1
71 97 60
71 98 86
71 99 64
71 100 92
72 1 87
72 2 46
72 3 24
72 4 8
72 5 81
72 6 97
72 7 55
72 8 38
72 9 60
72 10 16
72 11 91
72 12 97
72 13 79
72 14 96
72 15 86
72 16 10
72 17 40
72 18 25
72 19 70
72 20 31
72 21 28
72 22 61
72 23 74
72 24 38
72 25 85
72 26 85
72 27 14
72 28 49
72 29 34
72 30 61
72 31 52
72 32 81
72 33 3
72 34 60
72 35 11
72 36 35
72 37 17
72 38 88
72 39 70
72 40 84
72 41 88
72 42 50
72 43 70
72 44 8
72 45 64
72 46 46
72 47 20
72 48 72
72 49 7
72 50 36
72 51 84
72 52 51
72 53 55
72 54 48
72 55 63
72 56 7
72 57 23
72 58 42
72 59 91
72 60 79
72 61 61
72 62 23
72 63 9
72 64 12
72 65 69
72 66 30
72 67 58
72 68 5
72 69 14
72 70 12
72 71 96
72 72 50
72 73 35
72 74 44
72 75 73
72 76 41
72 77 78
72 78 66
72 79 93
72 80 39
72 81 37
72 82 23
72 83 2
72 84 99
72 85 54
72 86 9
72 87 20
72 88 2
72 89 72
72 90 8
72 91 41
72 92 92
72 93 22
72 94 31
72 95 60
72 96 46
72 97 82
72 98 59
72 99 94
72 100 42
73 1 66
73 2 97
73 3 78
73 4 20
73 5 99
73 6 29
73 7 70
73 8 68
73 9 65
73 10 43
73 11 96
73 12 36
73 13 75
73 14 22
73 15 32
73 16 65
73 17 37
73 18 93
73 19 82
73 20 67
73 21 27
73 22 49
73 23 33
73 24 96
73 25 59
73 26 65
73 27 39
73 28 52
73 29 38
73 30 98
73 31 41
73 32 30
73 33 64
73 34 95
73 35 58
73 36 25
73 37 56
73 38 67
73 39 22
73 40 55
73 41 62
73 42 44
73 43 35
73 44 39
73 45 76
73 46 61
73 47 4
73 48 67
73 49 22
73 50 66
73 51 40
73 52 11
73 53 5
73 54 50
73 55 23
73 56 62
73 57 54
73 58 44
73 59 40
73 60 7
73 61 46
73 62 58
73 63 84
73 64 67
73 65 38
73 66 37
73 67 79
73 68 32
73 69 13
73 70 89
73 71 36
73 72 93
73 73 89
73 74 6
73 75 26
73 76 26
73 77 54
73 78 43
73 79 39
73 80 76
73 81 24
73 82 94
73 83 92
73 84 66
73 85 75
73 86 85
73 87 64
73 88 26
73 89 1
73 90 20
73 91 54
73 92 8
73 93 59
73 94 70
73 95 48
73 96 95
73 97 98
73 98 92
73 99 34
73 100 43
74 1 67
74 2 12
74 3 27
74 4 69
74 5 33
74 6 87
74 7 18
74 8 55
74 9 37
74 10 2
74 11 13
74 12 67
74 13 3
74 14 17
74 15 32
74 16 83
74 17 73
74 18 39
74 19 40
74 20 21
74 21 49
74 22 6
74 23 60
74 24 15
74 25 38
74 26 74
74 27 65
74 28 17
74 29 1
74 30 93
74 31 33
74 32 22
74 33 35
74 34 10
74 35 95
74 36 22
74 37 26
74 38 36
74 39 55
74 40 67
74 41 53
74 42 50
74 43 13
74 44 83
74 45 1
74 46 56
74 47 69
74 48 17
74 49 71
74 50 2
74 51 91
74 52 76
74 53 38
74 54 90
74 55 43
74 56 64
74 57 29
74 58 82
74 59 63
74 60 81
74 61 11
74 62 76
74 63 60
74 64 45
74 65 69
74 66 71
74 67 41
74 68 25
74 69 59
74 70 49
74 71 54
74 72 49
74 73 21
74 74 33
74 75 91
74 76 62
74 77 62
74 78 68
74 79 72
74 80 51
74 81 94
74 82 41
74 83 2
74 84 65
74 85 67
74 86 82
74 87 76
74 88 32
74 89 24
74 90 21
74 91 24
74 92 41
74 93 98
74 94 9
74 95 37
74 96 99
74 97 61
74 98 30
74 99 14
74 100 82
75 1 42
75 2 23
75 3 47
75 4 84
75 5 58
75 6 54
75 7 7
75 8 91
75 9 57
75 10 96
75 11 99
75 12 97
75 13 33
75 14 58
75 15 81
75 16 62
75 17 68
75 18 82
75 19 47
75 20 51
75 21 44
75 22 1
75 23 64
75 24 81
75 25 78
75 26 65
75 27 46
75 28 15
75 29 42
75 30 80
75 31 98
75 32 61
75 33 99
75 34 9
75 35 70
75 36 92
75 37 72
75 38 80
75 39 80
75 40 91
75 41 56
75 42 31
75 43 52
75 44 11
75 45 37
75 46 66
75 47 42
75 48 12
75 49 11
75 50 31
75 51 81
75 52 82
75 53 54
75 54 59
75 55 58
75 56 91
75 57 1
75 58 55
75 59 81
75 60 62
75 61 79
75 62 49
75 63 77
75 64 72
75 65 58
75 66 98
75 67 39
75 68 35
75 69 76
75 70 59
75 71 82
75 72 6
75 73 96
75 74 84
75 75 22
75 76 37
75 77 95
75 78 5
75 79 30
75 80 97
75 81 83
75 82 32
75 83 58
75 84 65
75 85 69
75 86 64
75 87 63
75 88 80
75 89 31
75 90 31
75 91 96
75 92 70
75 93 36
75 94 31
75 95 66
75 96 31
75 97 44
75 98 29
75 99 66
75 100 3
76 1 28
76 2 89
76 3 43
76 4 32
76 5 21
76 6 90
76 7 39
76 8 82
76 9 58
76 10 90
76 11 9
76 12 95
76 13 62
76 14 5
76 15 42
76 16 28
76 17 75
76 18 93
76 19 26
76 20 69
76 21 91
76 22 9
76 23 16
76 24 87
76 25 31
76 26 6
76 27 28
76 28 40
76 29 72
76 30 4
76 31 75
76 32 69
76 33 6
76 34 85
76 35 52
76 36 14
76 37 26
76 38 70
76 39 3
76 40 88
76 41 51
76 42 9
76 43 23
76 44 93
76 45 10
76 46 50
76 47 4
76 48 14
76 49 38
76 50 25
76 51 15
76 52 14
76 53 73
76 54 86
76 55 70
76 56 84
76 57 46
76 58 78
76 59 92
76 60 89
76 61 9
76 62 92
76 63 32
76 64 76
76 65 8
76 66 99
76 67 99
76 68 4
76 69 50
76 70 30
76 71 4
76 72 4
76 73 35
76 74 19
76 75 98
76 76 4
76 77 2
76 78 62
76 79 24
76 80 49
76 81 68
76 82 42
76 83 2
76 84 74
76 85 42
76 86 24
76 87 64
76 88 49
76 89 31
76 90 49
76 91 95
76 92 91
76 93 89
76 94 74
76 95 56
76 96 59
76 97 30
76 98 54
76 99 45
76 100 91
77 1 17
77 2 62
77 3 33
77 4 11
77 5 45
77 6 21
77 7 94
77 8 95
77 9 1
77 10 45
77 11 52
77 12 89
77 13 76
77 14 3
77 15 18
77 16 49
77 17 85
77 18 59
77 19 74
77 20 91
77 21 79
77 22 20
77 23 79
77 24 65
77 25 30
77 26 53
77 27 63
77 28 82
77 29 2
77 30 1
77 31 45
77 32 27
77 33 51
77 34 56
77 35 87
77 36 62
77 37 27
77 38 39
77 39 93
77 40 26
77 41 82
77 42 29
77 43 25
77 44 18
77 45 2
77 46 46
77 47 49
77 48 51
77 49 57
77 50 57
77 51 19
77 52 26
77 53 4
77 54 82
77 55 38
77 56 40
77 57 54
77 58 33
77 59 62
77 60 26
77 61 81
77 62 13
77 63 66
77 64 46
77 65 66
77 66 66
77 67 72
77 68 95
77 69 57
77 70 37
77 71 23
77 72 94
77 73 29
77 74 95
77 75 76
77 76 84
77 77 9
77 78 26
77 79 97
77 80 29
77 81 73
77 82 21
77 83 58
77 84 71
77 85 14
77 86 74
77 87 29
77 88 25
77 89 17
77 90 33
77 91 49
77 92 98
77 93 55
77 94 66
77 95 65
77 96 95
77 97 21
77 98 42
77 99 59
77 100 10
78 1 24
78 2 2
78 3 38
78 4 63
78 5 54
78 6 67
78 7 27
78 8 22
78 9 29
78 10 39
78 11 3
78 12 60
78 13 99
78 14 86
78 15 49
78 16 13
78 17 75
78 18 66
78 19 6
78 20 19
78 21 5
78 22 52
78 23 37
78 24 40
78 25 46
78 26 6
78 27 68
78 28 62
78 29 37
78 30 7
78 31 56
78 32 54
78 33 16
78 34 98
78 35 21
78 36 33
78 37 25
78 38 46
78 39 86
78 40 22
78 41 16
78 42 15
78 43 88
78 44 96
78 45 52
78 46 69
78 47 43
78 48 58
78 49 15
78 50 80
78 51 80
78 52 25
78 53 4
78 54 64
78 55 64
78 56 71
78 57 87
78 58 12
78 59 31
78 60 86
78 61 50
78 62 6
78 63 73
78 64 47
78 65 53
78 66 72
78 67 62
78 68 55
78 69 84
78 70 79
78 71 99
78 72 86
78 73 19
78 74 79
78 75 54
78 76 18
78 77 9
78 78 36
78 79 27
78 80 77
78 81 54
78 82 47
78 83 16
78 84 38
78 85 22
78 86 16
78 87 88
78 88 92
78 89 52
78 90 62
78 91 65
78 92 60
78 93 79
78 94 60
78 95 81
78 96 56
78 97 18
78 98 51
78 99 85
78 100 23
79 1 90
79 2 37
79 3 98
79 4 41
79 5 65
79 6 35
79 7 59
79 8 4
79 9 8
79 10 50
79 11 16
79 12 59
79 13 41
79 14 20
79 15 58
79 16 63
79 17 9
79 18 99
79 19 69
79 20 84
79 21 29
79 22 74
79 23 82
79 24 39
79 25 26
79 26 12
79 27 41
79 28 90
79 29 54
79 30 15
79 31 89
79 32 47
79 33 34
79 34 47
79 35 19
79 36 85
79 37 47
79 38 68
79 39 62
79 40 89
79 41 79
79 42 53
79 43 32
79 44 86
79 45 58
79 46 25
79 47 47
79 48 83
79 49 29
79 50 83
79 51 59
79 52 52
79 53 25
79 54 24
79 55 79
79 56 42
79 57 83
79 58 9
79 59 38
79 60 77
79 61 40
79 62 12
79 63 15
79 64 34
79 65 39
79 66 66
79 67 85
79 68 77
79 69 6
79 70 24
79 71 17
79 72 84
79 73 96
79 74 50
79 75 34
79 76 23
79 77 79
79 78 35
79 79 48
79 80 82
79 81 60
79 82 59
79 83 90
79 84 49
79 85 54
79 86 49
79 87 74
79 88 21
79 89 85
79 90 12
79 91 75
79 92 32
79 93 49
79 94 9
79 95 48
79 96 84
79 97 87
79 98 46
79 99 99
79 100 47
80 1 71
80 2 67
80 3 57
80 4 29
80 5 23
80 6 93
80 7 97
80 8 6
80 9 6
80 10 57
80 11 18
80 12 93
80 13 17
80 14 85
80 15 45
80 16 54
80 17 53
80 18 38
80 19 79
80 20 13
80 21 88
80 22 57
80 23 85
80 24 80
80 25 35
80 26 13
80 27 89
80 28 15
80 29 58
80 30 6
80 31 34
80 32 43
80 33 23
80 34 65
80 35 48
80 36 25
80 37 83
80 38 4
80 39 19
80 40 73
80 41 53
80 42 90
80 43 39
80 44 77
80 45 66
80 46 99
80 47 50
80 48 28
80 49 68
80 50 92
80 51 5
80 52 15
80 53 37
80 54 87
80 55 65
80 56 65
80 57 75
80 58 88
80 59 22
80 60 7
80 61 98
80 62 56
80 63 78
80 64 36
80 65 96
80 66 72
80 67 20
80 68 64
80 69 76
80 70 36
80 71 74
80 72 23
80 73 91
80 74 88
80 75 65
80 76 54
80 77 81
80 78 66
80 79 41
80 80 40
80 81 96
80 82 92
80 83 23
80 84 66
80 85 51
80 86 39
80 87 56
80 88 47
80 89 69
80 90 24
80 91 8
80 92 24
80 93 93
80 94 54
80 95 31
80 96 66
80 97 3
80 98 54
80 99 14
80 100 26
81 1 1
81 2 45
81 3 15
81 4 70
81 5 79
81 6 66
81 7 24
81 8 48
81 9 28
81 10 44
81 11 26
81 12 44
81 13 16
81 14 83
81 15 77
81 16 99
81 17 20
81 18 52
81 19 81
81 20 79
81 21 44
81 22 95
81 23 48
81 24 15
81 25 51
81 26 69
81 27 28
81 28 7
81 29 24
81 30 74
81 31 89
81 32 64
81 33 77
81 34 70
81 35 77
81 36 65
81 37 96
81 38 54
81 39 48
81 40 48
81 41 61
81 42 1
81 43 78
81 44 68
81 45 40
81 46 44
81 47 56
81 48 33
81 49 67
81 50 90
81 51 20
81 52 74
81 53 63
81 54 71
81 55 29
81 56 97
81 57 61
81 58 22
81 59 92
81 60 57
81 61 26
81 62 28
81 63 17
81 64 25
81 65 99
81 66 25
81 67 29
81 68 53
81 69 7
81 70 45
81 71 94
81 72 32
81 73 77
81 74 5
81 75 61
81 76 71
81 77 73
81 78 29
81 79 68
81 80 55
81 81 18
81 82 47
81 83 22
81 84 49
81 85 27
81 86 59
81 87 5
81 88 25
81 89 39
81 90 29
81 91 85
81 92 16
81 93 70
81 94 12
81 95 44
81 96 13
81 97 17
81 98 75
81 99 53
81 100 73
82 1 23
82 2 67
82 3 53
82 4 94
82 5 97
82 6 84
82 7 22
82 8 62
82 9 11
82 10 32
82 11 62
82 12 98
82 13 10
82 14 83
82 15 43
82 16 69
82 17 34
82 18 37
82 19 88
82 20 35
82 21 61
82 22 25
82 23 58
82 24 75
82 25 14
82 26 36
82 27 13
82 28 78
82 29 37
82 30 35
82 31 83
82 32 96
82 33 87
82 34 23
82 35 61
82 36 26
82 37 53
82 38 23
82 39 78
82 40 36
82 41 94
82 42 15
82 43 58
82 44 50
82 45 33
82 46 29
82 47 48
82 48 60
82 49 72
82 50 51
82 51 32
82 52 88
82 53 24
82 54 87
82 55 69
82 56 97
82 57 93
82 58 36
82 59 95
82 60 84
82 61 11
82 62 78
82 63 94
82 64 16
82 65 51
82 66 2
82 67 57
82 68 99
82 69 10
82 70 76
82 71 98
82 72 76
82 73 31
82 74 34
82 75 12
82 76 58
82 77 91
82 78 65
82 79 14
82 80 31
82 81 11
82 82 82
82 83 8
82 84 99
82 85 83
82 86 64
82 87 79
82 88 57
82 89 93
82 90 72
82 91 88
82 92 12
82 93 99
82 94 43
82 95 56
82 96 71
82 97 90
82 98 86
82 99 42
82 100 31
83 1 36
83 2 52
83 3 9
83 4 65
83 5 85
83 6 68
83 7 72
83 8 92
83 9 36
83 10 83
83 11 38
83 12 90
83 13 10
83 14 95
83 15 83
83 16 57
83 17 73
83 18 24
83 19 31
83 20 39
83 21 22
83 22 21
83 23 79
83 24 6
83 25 7
83 26 39
83 27 15
83 28 83
83 29 72
83 30 70
83 31 98
83 32 62
83 33 37
83 34 96
83 35 23
83 36 52
83 37 55
83 38 31
83 39 57
83 40 88
83 41 72
83 42 64
83 43 9
83 44 99
83 45 53
83 46 29
83 47 12
83 48 81
83 49 36
83 50 31
83 51 62
83 52 62
83 53 14
83 54 23
83 55 35
83 56 26
83 57 32
83 58 16
83 59 76
83 60 78
83 61 22
83 62 76
83 63 31
83 64 21
83 65 30
83 66 64
83 67 83
83 68 59
83 69 68
83 70 73
83 71 70
83 72 82
83 73 73
83 74 34
83 75 94
83 76 6
83 77 36
83 78 17
83 79 21
83 80 68
83 81 60
83 82 34
83 83 1
83 84 29
83 85 52
83 86 10
83 87 81
83 88 37
83 89 13
83 90 65
83 91 38
83 92 68
83 93 45
83 94 97
83 95 55
83 96 94
83 97 80
83 98 79
83 99 74
83 100 5
84 1 30
84 2 83
84 3 2
84 4 93
84 5 68
84 6 17
84 7 76
84 8 70
84 9 84
84 10 82
84 11 92
84 12 87
84 13 47
84 14 60
84 15 59
84 16 13
84 17 66
84 18 66
84 19 50
84 20 81
84 21 23
84 22 53
84 23 60
84 24 82
84 25 52
84 26 10
84 27 22
84 28 60
84 29 66
84 30 70
84 31 19
84 32 42
84 33 82
84 34 9
84 35 98
84 36 14
84 37 78
84 38 17
84 39 20
84 40 63
84 41 47
84 42 62
84 43 29
84 44 79
84 45 59
84 46 26
84 47 88
84 48 20
84 49 32
84 50 59
84 51 59
84 52 72
84 53 77
84 54 73
84 55 62
84 56 30
84 57 7
84 58 23
84 59 72
84 60 24
84 61 72
84 62 20
84 63 17
84 64 49
84 65 9
84 66 83
84 67 15
84 68 56
84 69 87
84 70 41
84 71 83
84 72 65
84 73 38
84 74 87
84 75 35
84 76 26
84 77 11
84 78 58
84 79 46
84 80 18
84 81 2
84 82 2
84 83 69
84 84 50
84 85 25
84 86 91
84 87 33
84 88 77
84 89 30
84 90 25
84 91 20
84 92 78
84 93 21
84 94 15
84 95 30
84 96 51
84 97 47
84 98 94
84 99 99
84 100 33
85 1 73
85 2 17
85 3 10
85 4 33
85 5 85
85 6 91
85 7 74
85 8 21
85 9 80
85 10 54
85 11 11
85 12 80
85 13 38
85 14 42
85 15 77
85 16 53
85 17 26
85 18 83
85 19 98
85 20 41
85 21 63
85 22 89
85 23 25
85 24 27
85 25 4
85 26 47
85 27 97
85 28 26
85 29 17
85 30 13
85 31 29
85 32 7
85 33 68
85 34 68
85 35 93
85 36 85
85 37 24
85 38 84
85 39 54
85 40 29
85 41 1
85 42 16
85 43 33
85 44 2
85 45 32
85 46 36
85 47 83
85 48 6
85 49 4
85 50 86
85 51 61
85 52 56
85 53 65
85 54 79
85 55 51
85 56 21
85 57 95
85 58 88
85 59 86
85 60 78
85 61 74
85 62 17
85 63 82
85 64 72
85 65 19
85 66 31
85 67 84
85 68 11
85 69 16
85 70 58
85 71 25
85 72 20
85 73 89
85 74 40
85 75 93
85 76 14
85 77 16
85 78 19
85 79 53
85 80 2
85 81 91
85 82 72
85 83 76
85 84 50
85 85 82
85 86 54
85 87 71
85 88 94
85 89 85
85 90 41
85 91 20
85 92 90
85 93 7
85 94 57
85 95 26
85 96 93
85 97 9
85 98 84
85 99 90
85 100 9
86 1 4
86 2 22
86 3 47
86 4 7
86 5 35
86 6 41
86 7 78
86 8 62
86 9 70
86 10 63
86 11 37
86 12 67
86 13 11
86 14 38
86 15 77
86 16 9
86 17 16
86 18 52
86 19 72
86 20 61
86 21 54
86 22 47
86 23 53
86 24 6
86 25 87
86 26 70
86 27 53
86 28 47
86 29 64
86 30 35
86 31 12
86 32 29
86 33 35
86 34 74
86 35 19
86 36 74
86 37 36
86 38 18
86 39 13
86 40 16
86 41 98
86 42 47
86 43 12
86 44 41
86 45 41
86 46 71
86 47 6
86 48 28
86 49 98
86 50 79
86 51 27
86 52 27
86 53 27
86 54 6
86 55 17
86 56 25
86 57 92
86 58 36
86 59 13
86 60 20
86 61 97
86 62 95
86 63 54
86 64 71
86 65 79
86 66 97
86 67 46
86 68 69
86 69 83
86 70 73
86 71 33
86 72 87
86 73 22
86 74 46
86 75 63
86 76 69
86 77 20
86 78 3
86 79 89
86 80 66
86 81 82
86 82 14
86 83 45
86 84 74
86 85 23
86 86 20
86 87 76
86 88 5
86 89 83
86 90 71
86 91 3
86 92 28
86 93 23
86 94 76
86 95 29
86 96 13
86 97 96
86 98 21
86 99 40
86 100 31
87 1 68
87 2 64
87 3 73
87 4 16
87 5 29
87 6 5
87 7 24
87 8 51
87 9 29
87 10 73
87 11 60
87 12 90
87 13 59
87 14 86
87 15 60
87 16 99
87 17 50
87 18 98
87 19 19
87 20 28
87 21 20
87 22 21
87 23 42
87 24 36
87 25 82
87 26 23
87 27 85
87 28 19
87 29 31
87 30 47
87 31 90
87 32 93
87 33 53
87 34 29
87 35 93
87 36 96
87 37 68
87 38 91
87 39 13
87 40 6
87 41 95
87 42 96
87 43 59
87 44 51
87 45 50
87 46 8
87 47 60
87 48 9
87 49 72
87 50 38
87 51 91
87 52 50
87 53 18
87 54 46
87 55 40
87 56 3
87 57 81
87 58 87
87 59 84
87 60 57
87 61 99
87 62 98
87 63 3
87 64 16
87 65 92
87 66 1
87 67 67
87 68 51
87 69 83
87 70 70
87 71 98
87 72 28
87 73 19
87 74 43
87 75 82
87 76 68
87 77 1
87 78 54
87 79 65
87 80 77
87 81 34
87 82 63
87 83 56
87 84 8
87 85 4
87 86 97
87 87 25
87 88 95
87 89 93
87 90 52
87 91 44
87 92 44
87 93 84
87 94 78
87 95 84
87 96 10
87 97 91
87 98 51
87 99 70
87 100 5
88 1 55
88 2 84
88 3 7
88 4 93
88 5 57
88 6 3
88 7 63
88 8 13
88 9 93
88 10 70
88 11 64
88 12 42
88 13 10
88 14 50
88 15 82
88 16 60
88 17 39
88 18 78
88 19 35
88 20 79
88 21 35
88 22 63
88 23 35
88 24 56
88 25 97
88 26 70
88 27 75
88 28 73
88 29 89
88 30 37
88 31 8
88 32 10
88 33 39
88 34 18
88 35 47
88 36 32
88 37 39
88 38 61
88 39 95
88 40 10
88 41 83
88 42 73
88 43 80
88 44 89
88 45 63
88 46 12
88 47 61
88 48 19
88 49 43
88 50 44
88 51 55
88 52 5
88 53 88
88 54 71
88 55 93
88 56 40
88 57 4
88 58 11
88 59 35
88 60 10
88 61 41
88 62 98
88 63 69
88 64 13
88 65 52
88 66 97
88 67 19
88 68 7
88 69 20
88 70 79
88 71 16
88 72 1
88 73 36
88 74 39
88 75 71
88 76 2
88 77 50
88 78 25
88 79 94
88 80 60
88 81 15
88 82 83
88 83 71
88 84 98
88 85 48
88 86 87
88 87 44
88 88 66
88 89 80
88 90 59
88 91 52
88 92 81
88 93 7
88 94 69
88 95 64
88 96 57
88 97 56
88 98 11
88 99 30
88 100 48
89 1 33
89 2 97
89 3 47
89 4 78
89 5 4
89 6 80
89 7 76
89 8 74
89 9 39
89 10 57
89 11 17
89 12 86
89 13 92
89 14 22
89 15 33
89 16 78
89 17 57
89 18 54
89 19 67
89 20 41
89 21 55
89 22 67
89 23 19
89 24 24
89 25 38
89 26 7
89 27 69
89 28 19
89 29 96
89 30 85
89 31 20
89 32 94
89 33 89
89 34 44
89 35 62
89 36 88
89 37 90
89 38 74
89 39 66
89 40 32
89 41 62
89 42 64
89 43 70
89 44 87
89 45 99
89 46 56
89 47 26
89 48 89
89 49 64
89 50 58
89 51 58
89 52 24
89 53 51
89 54 27
89 55 56
89 56 37
89 57 97
89 58 69
89 59 9
89 60 85
89 61 60
89 62 2
89 63 79
89 64 13
89 65 19
89 66 40
89 67 40
89 68 47
89 69 22
89 70 67
89 71 22
89 72 96
89 73 29
89 74 16
89 75 68
89 76 63
89 77 28
89 78 25
89 79 73
89 80 7
89 81 71
89 82 40
89 83 26
89 84 65
89 85 59
89 86 67
89 87 38
89 88 61
89 89 80
89 90 59
89 91 80
89 92 67
89 93 1
89 94 27
89 95 58
89 96 71
89 97 81
89 98 38
89 99 30
89 100 97
90 1 33
90 2 74
90 3 67
90 4 94
90 5 29
90 6 72
90 7 42
90 8 39
90 9 62
90 10 88
90 11 47
90 12 2
90 13 9
90 14 5
90 15 15
90 16 49
90 17 17
90 18 36
90 19 95
90 20 2
90 21 98
90 22 87
90 23 30
90 24 74
90 25 23
90 26 56
90 27 17
90 28 21
90 29 70
90 30 18
90 31 54
90 32 23
90 33 25
90 34 13
90 35 88
90 36 10
90 37 63
90 38 28
90 39 90
90 40 4
90 41 2
90 42 8
90 43 76
90 44 99
90 45 13
90 46 32
90 47 35
90 48 89
90 49 64
90 50 22
90 51 31
90 52 22
90 53 11
90 54 2
90 55 40
90 56 45
90 57 1
90 58 24
90 59 12
90 60 99
90 61 60
90 62 18
90 63 24
90 64 53
90 65 91
90 66 31
90 67 5
90 68 29
90 69 3
90 70 28
90 71 83
90 72 33
90 73 17
90 74 63
90 75 53
90 76 23
90 77 14
90 78 87
90 79 75
90 80 1
90 81 73
90 82 12
90 83 89
90 84 8
90 85 91
90 86 11
90 87 53
90 88 92
90 89 24
90 90 42
90 91 70
90 92 18
90 93 10
90 94 20
90 95 82
90 96 83
90 97 29
90 98 75
90 99 69
90 100 59
91 1 65
91 2 46
91 3 58
91 4 79
91 5 39
91 6 30
91 7 91
91 8 89
91 9 20
91 10 64
91 11 34
91 12 37
91 13 43
91 14 83
91 15 89
91 16 36
91 17 43
91 18 74
91 19 4
91 20 70
91 21 20
91 22 28
91 23 4
91 24 63
91 25 4
91 26 17
91 27 67
91 28 73
91 29 69
91 30 35
91 31 76
91 32 94
91 33 12
91 34 48
91 35 79
91 36 23
91 37 76
91 38 51
91 39 25
91 40 92
91 41 8
91 42 32
91 43 37
91 44 62
91 45 40
91 46 40
91 47 4
91 48 7
91 49 8
91 50 38
91 51 31
91 52 24
91 53 70
91 54 79
91 55 28
91 56 11
91 57 17
91 58 70
91 59 16
91 60 9
91 61 20
91 62 88
91 63 56
91 64 18
91 65 76
91 66 30
91 67 81
91 68 96
91 69 52
91 70 29
91 71 68
91 72 9
91 73 67
91 74 5
91 75 31
91 76 3
91 77 58
91 78 95
91 79 76
91 80 3
91 81 77
91 82 44
91 83 62
91 84 5
91 85 52
91 86 31
91 87 25
91 88 99
91 89 70
91 90 71
91 91 20
91 92 31
91 93 54
91 94 41
91 95 6
91 96 28
91 97 73
91 98 91
91 99 40
91 100 79
92 1 71
92 2 41
92 3 3
92 4 52
92 5 93
92 6 58
92 7 99
92 8 1
92 9 42
92 10 52
92 11 26
92 12 71
92 13 66
92 14 91
92 15 63
92 16 8
92 17 49
92 18 68
92 19 65
92 20 29
92 21 69
92 22 3
92 23 49
92 24 13
92 25 77
92 26 4
92 27 70
92 28 71
92 29 42
92 30 21
92 31 62
92 32 71
92 33 30
92 34 32
92 35 13
92 36 99
92 37 64
92 38 97
92 39 91
92 40 55
92 41 31
92 42 49
92 43 83
92 44 42
92 45 31
92 46 75
92 47 49
92 48 42
92 49 17
92 50 10
92 51 66
92 52 50
92 53 39
92 54 67
92 55 61
92 56 58
92 57 92
92 58 23
92 59 52
92 60 27
92 61 21
92 62 59
92 63 71
92 64 89
92 65 71
92 66 56
92 67 56
92 68 3
92 69 4
92 70 2
92 71 2
92 72 14
92 73 16
92 74 8
92 75 11
92 76 59
92 77 61
92 78 45
92 79 58
92 80 84
92 81 34
92 82 62
92 83 50
92 84 30
92 85 19
92 86 61
92 87 92
92 88 62
92 89 57
92 90 13
92 91 78
92 92 71
92 93 20
92 94 46
92 95 3
92 96 50
92 97 18
92 98 8
92 99 16
92 100 60
93 1 18
93 2 69
93 3 5
93 4 79
93 5 31
93 6 66
93 7 37
93 8 52
93 9 66
93 10 58
93 11 12
93 12 43
93 13 66
93 14 26
93 15 59
93 16 30
93 17 19
93 18 68
93 19 21
93 20 76
93 21 22
93 22 94
93 23 47
93 24 86
93 25 58
93 26 57
93 27 2
93 28 43
93 29 57
93 30 44
93 31 3
93 32 82
93 33 94
93 34 16
93 35 55
93 36 3
93 37 94
93 38 30
93 39 24
93 40 27
93 41 96
93 42 71
93 43 12
93 44 25
93 45 64
93 46 89
93 47 28
93 48 79
93 49 3
93 50 9
93 51 30
93 52 21
93 53 46
93 54 14
93 55 67
93 56 60
93 57 60
93 58 35
93 59 92
93 60 54
93 61 84
93 62 13
93 63 89
93 64 16
93 65 28
93 66 22
93 67 56
93 68 72
93 69 89
93 70 26
93 71 29
93 72 53
93 73 89
93 74 9
93 75 72
93 76 4
93 77 70
93 78 30
93 79 12
93 80 22
93 81 38
93 82 59
93 83 76
93 84 83
93 85 45
93 86 31
93 87 51
93 88 59
93 89 62
93 90 13
93 91 82
93 92 14
93 93 99
93 94 5
93 95 46
93 96 22
93 97 28
93 98 23
93 99 33
93 100 55
94 1 34
94 2 75
94 3 47
94 4 25
94 5 6
94 6 49
94 7 99
94 8 17
94 9 21
94 10 30
94 11 88
94 12 62
94 13 27
94 14 1
94 15 75
94 16 20
94 17 40
94 18 88
94 19 30
94 20 86
94 21 49
94 22 28
94 23 21
94 24 93
94 25 30
94 26 67
94 27 14
94 28 70
94 29 17
94 30 96
94 31 28
94 32 66
94 33 58
94 34 6
94 35 76
94 36 74
94 37 72
94 38 30
94 39 72
94 40 7
94 41 65
94 42 41
94 43 73
94 44 47
94 45 72
94 46 64
94 47 25
94 48 6
94 49 10
94 50 18
94 51 11
94 52 8
94 53 44
94 54 26
94 55 65
94 56 18
94 57 57
94 58 56
94 59 1
94 60 94
94 61 8
94 62 17
94 63 21
94 64 64
94 65 22
94 66 41
94 67 8
94 68 50
94 69 63
94 70 51
94 71 60
94 72 96
94 73 43
94 74 6
94 75 22
94 76 47
94 77 14
94 78 14
94 79 98
94 80 23
94 81 70
94 82 78
94 83 94
94 84 88
94 85 76
94 86 11
94 87 42
94 88 59
94 89 51
94 90 65
94 91 18
94 92 66
94 93 51
94 94 76
94 95 43
94 96 3
94 97 25
94 98 37
94 99 20
94 100 43
95 1 35
95 2 46
95 3 69
95 4 87
95 5 69
95 6 20
95 7 52
95 8 42
95 9 7
95 10 48
95 11 45
95 12 37
95 13 26
95 14 91
95 15 72
95 16 82
95 17 57
95 18 43
95 19 79
95 20 22
95 21 13
95 22 60
95 23 45
95 24 76
95 25 77
95 26 12
95 27 91
95 28 95
95 29 81
95 30 26
95 31 51
95 32 19
95 33 93
95 34 9
95 35 1
95 36 46
95 37 34
95 38 85
95 39 13
95 40 14
95 41 47
95 42 37
95 43 53
95 44 19
95 45 40
95 46 59
95 47 70
95 48 5
95 49 22
95 50 44
95 51 52
95 52 94
95 53 58
95 54 40
95 55 4
95 56 68
95 57 88
95 58 47
95 59 27
95 60 12
95 61 13
95 62 33
95 63 85
95 64 18
95 65 88
95 66 26
95 67 55
95 68 21
95 69 73
95 70 26
95 71 68
95 72 32
95 73 2
95 74 27
95 75 56
95 76 79
95 77 8
95 78 85
95 79 46
95 80 78
95 81 45
95 82 49
95 83 80
95 84 1
95 85 48
95 86 98
95 87 74
95 88 49
95 89 94
95 90 88
95 91 57
95 92 15
95 93 11
95 94 86
95 95 42
95 96 33
95 97 43
95 98 26
95 99 71
95 100 50
96 1 59
96 2 49
96 3 41
96 4 13
96 5 27
96 6 27
96 7 48
96 8 1
96 9 56
96 10 29
96 11 67
96 12 11
96 13 25
96 14 91
96 15 18
96 16 35
96 17 19
96 18 57
96 19 93
96 20 68
96 21 22
96 22 86
96 23 74
96 24 57
96 25 87
96 26 19
96 27 36
96 28 50
96 29 15
96 30 86
96 31 15
96 32 44
96 33 32
96 34 65
96 35 31
96 36 65
96 37 58
96 38 86
96 39 9
96 40 44
96 41 67
96 42 9
96 43 79
96 44 63
96 45 17
96 46 68
96 47 36
96 48 80
96 49 97
96 50 94
96 51 52
96 52 26
96 53 75
96 54 12
96 55 16
96 56 21
96 57 53
96 58 84
96 59 23
96 60 13
96 61 77
96 62 57
96 63 70
96 64 63
96 65 76
96 66 83
96 67 32
96 68 24
96 69 86
96 70 70
96 71 12
96 72 27
96 73 73
96 74 84
96 75 51
96 76 59
96 77 96
96 78 58
96 79 15
96 80 20
96 81 70
96 82 99
96 83 67
96 84 31
96 85 54
96 86 40
96 87 19
96 88 47
96 89 6
96 90 18
96 91 35
96 92 38
96 93 22
96 94 17
96 95 99
96 96 52
96 97 89
96 98 68
96 99 22
96 100 73
97 1 39
97 2 38
97 3 47
97 4 40
97 5 50
97 6 33
97 7 5
97 8 44
97 9 9
97 10 8
97 11 97
97 12 12
97 13 40
97 14 68
97 15 41
97 16 2
97 17 75
97 18 1
97 19 43
97 20 47
97 21 90
97 22 76
97 23 50
97 24 50
97 25 64
97 26 14
97 27 98
97 28 46
97 29 74
97 30 75
97 31 70
97 32 96
97 33 38
97 34 47
97 35 93
97 36 81
97 37 89
97 38 29
97 39 85
97 40 52
97 41 83
97 42 39
97 43 35
97 44 57
97 45 28
97 46 31
97 47 62
97 48 40
97 49 50
97 50 88
97 51 25
97 52 60
97 53 78
97 54 80
97 55 4
97 56 82
97 57 82
97 58 79
97 59 81
97 60 60
97 61 50
97 62 25
97 63 10
97 64 66
97 65 73
97 66 52
97 67 14
97 68 75
97 69 1
97 70 2
97 71 61
97 72 53
97 73 77
97 74 8
97 75 23
97 76 58
97 77 45
97 78 50
97 79 95
97 80 62
97 81 43
97 82 22
97 83 81
97 84 23
97 85 7
97 86 68
97 87 15
97 88 7
97 89 68
97 90 44
97 91 22
97 92 36
97 93 26
97 94 78
97 95 67
97 96 57
97 97 64
97 98 42
97 99 80
97 100 34
98 1 50
98 2 31
98 3 98
98 4 78
98 5 51
98 6 83
98 7 71
98 8 71
98 9 82
98 10 61
98 11 5
98 12 44
98 13 53
98 14 38
98 15 42
98 16 87
98 17 71
98 18 83
98 19 98
98 20 90
98 21 27
98 22 65
98 23 52
98 24 75
98 25 95
98 26 3
98 27 81
98 28 5
98 29 55
98 30 61
98 31 98
98 32 81
98 33 32
98 34 92
98 35 29
98 36 46
98 37 86
98 38 45
98 39 16
98 40 64
98 41 51
98 42 45
98 43 62
98 44 70
98 45 90
98 46 10
98 47 36
98 48 36
98 49 86
98 50 91
98 51 15
98 52 70
98 53 62
98 54 25
98 55 66
98 56 79
98 57 66
98 58 12
98 59 54
98 60 76
98 61 24
98 62 15
98 63 30
98 64 11
98 65 40
98 66 55
98 67 33
98 68 23
98 69 47
98 70 4
98 71 62
98 72 9
98 73 47
98 74 66
98 75 15
98 76 27
98 77 12
98 78 47
98 79 60
98 80 5
98 81 68
98 82 69
98 83 20
98 84 13
98 85 21
98 86 19
98 87 59
98 88 96
98 89 68
98 90 85
98 91 33
98 92 71
98 93 89
98 94 53
98 95 56
98 96 64
98 97 89
98 98 14
98 99 48
98 100 22
99 1 35
99 2 33
99 3 61
99 4 28
99 5 90
99 6 14
99 7 21
99 8 48
99 9 96
99 10 28
99 11 27
99 12 78
99 13 51
99 14 74
99 15 5
99 16 13
99 17 50
99 18 86
99 19 37
99 20 3
99 21 62
99 22 47
99 23 73
99 24 78
99 25 10
99 26 16
99 27 25
99 28 77
99 29 40
99 30 81
99 31 1
99 32 92
99 33 60
99 34 4
99 35 20
99 36 99
99 37 57
99 38 4
99 39 95
99 40 14
99 41 80
99 42 90
99 43 44
99 44 27
99 45 77
99 46 16
99 47 13
99 48 73
99 49 52
99 50 56
99 51 47
99 52 68
99 53 49
99 54 90
99 55 45
99 56 42
99 57 44
99 58 99
99 59 83
99 60 14
99 61 43
99 62 36
99 63 63
99 64 62
99 65 30
99 66 17
99 67 1
99 68 99
99 69 36
99 70 65
99 71 69
99 72 92
99 73 11
99 74 85
99 75 52
99 76 73
99 77 80
99 78 4
99 79 66
99 80 16
99 81 33
99 82 71
99 83 56
99 84 71
99 85 59
99 86 38
99 87 82
99 88 2
99 89 29
99 90 70
99 91 18
99 92 14
99 93 14
99 94 43
99 95 31
99 96 47
99 97 99
99 98 39
99 99 75
99 100 55
100 1 45
100 2 42
100 3 82
100 4 23
100 5 64
100 6 98
100 7 18
100 8 56
100 9 87
100 10 12
100 11 57
100 12 28
100 13 58
100 14 5
100 15 35
100 16 12
100 17 21
100 18 21
100 19 83
100 20 1
100 21 21
100 22 90
100 23 46
100 24 26
100 25 92
100 26 98
100 27 94
100 28 12
100 29 53
100 30 73
100 31 14
100 32 35
100 33 10
100 34 93
100 35 54
100 36 1
100 37 89
100 38 55
100 39 23
100 40 85
100 41 25
100 42 50
100 43 14
100 44 98
100 45 46
100 46 70
100 47 25
100 48 15
100 49 38
100 50 52
100 51 64
100 52 22
100 53 96
100 54 38
100 55 6
100 56 28
100 57 69
100 58 64
100 59 87
100 60 59
100 61 69
100 62 69
100 63 69
100 64 87
100 65 95
100 66 52
100 67 28
100 68 84
100 69 8
100 70 48
100 71 41
100 72 57
100 73 96
100 74 34
100 75 29
100 76 95
100 77 6
100 78 68
100 79 10
100 80 9
100 81 41
100 82 56
100 83 70
100 84 14
100 85 7
100 86 75
100 87 91
100 88 82
100 89 55
100 90 82
100 91 27
100 92 8
100 93 71
100 94 28
100 95 34
100 96 70
100 97 49
100 98 7
100 99 64
100 100 63