100 2
31
25
76
19
6
84
69
79
23
14
8
13
62
34
81
90
37
49
91
17
79
46
57
11
96
17
18
90
92
29
81
72
8
32
46
64
17
29
45
67
65
82
1
19
42
21
55
63
16
36
88
53
2
28
91
36
93
6
17
99
27
51
88
37
33
35
47
70
24
87
43
68
14
95
70
22
10
66
4
65
76
73
70
2
22
57
73
37
71
19
5
76
29
18
25
37
51
12
66
28
0 1 88
0 2 50
0 3 64
0 4 84
0 5 32
0 6 34
0 7 97
0 8 71
0 9 38
0 10 39
0 11 48
0 12 53
0 13 58
0 14 60
0 15 8
0 16 24
0 17 58
0 18 25
0 19 16
0 20 94
0 21 74
0 22 66
0 23 54
0 24 45
0 25 4
0 26 82
0 27 83
0 28 80
0 29 57
0 30 23
0 31 40
0 32 32
0 33 82
0 34 54
0 35 26
0 36 61
0 37 76
0 38 81
0 39 79
0 40 29
0 41 68
0 42 6
0 43 67
0 44 19
0 45 28
0 46 86
0 47 51
0 48 29
0 49 28
0 50 63
0 51 96
0 52 28
0 53 4
0 54 92
0 55 8
0 56 16
0 57 40
0 58 60
0 59 75
0 60 50
0 61 16
0 62 83
0 63 3
0 64 53
0 65 59
0 66 46
0 67 58
0 68 87
0 69 9
0 70 86
0 71 85
0 72 82
0 73 37
0 74 27
0 75 38
0 76 62
0 77 23
0 78 42
0 79 89
0 80 84
0 81 22
0 82 54
0 83 89
0 84 87
0 85 79
0 86 90
0 87 75
0 88 18
0 89 72
0 90 72
0 91 72
0 92 69
0 93 34
0 94 50
0 95 43
0 96 29
0 97 86
0 98 92
0 99 24
0 100 29
1 0 50
1 2 20
1 3 12
1 4 14
1 5 16
1 6 54
1 7 33
1 8 54
1 9 79
1 10 32
1 11 10
1 12 70
1 13 4
1 14 86
1 15 1
1 16 10
1 17 43
1 18 33
1 19 64
1 20 56
1 21 99
1 22 99
1 23 18
1 24 73
1 25 90
1 26 65
1 27 50
1 28 65
1 29 11
1 30 45
1 31 5
1 32 62
1 33 5
1 34 80
1 35 49
1 36 71
1 37 99
1 38 32
1 39 5
1 40 84
1 41 9
1 42 8
1 43 29
1 44 7
1 45 50
1 46 3
1 47 38
1 48 25
1 49 41
1 50 60
1 51 42
1 52 75
1 53 48
1 54 78
1 55 31
1 56 36
1 57 85
1 58 56
1 59 16
1 60 22
1 61 49
1 62 59
1 63 93
1 64 16
1 65 56
1 66 61
1 67 48
1 68 88
1 69 39
1 70 11
1 71 10
1 72 77
1 73 31
1 74 22
1 75 76
1 76 57
1 77 3
1 78 88
1 79 59
1 80 47
1 81 2
1 82 16
1 83 61
1 84 41
1 85 56
1 86 79
1 87 91
1 88 42
1 89 53
1 90 43
1 91 85
1 92 78
1 93 15
1 94 54
1 95 12
1 96 26
1 97 16
1 98 42
1 99 94
1 100 43
2 0 32
2 1 80
2 3 77
2 4 53
2 5 33
2 6 48
2 7 1
2 8 11
2 9 66
2 10 52
2 11 89
2 12 54
2 13 5
2 14 28
2 15 96
2 16 94
2 17 55
2 18 88
2 19 94
2 20 48
2 21 94
2 22 84
2 23 81
2 24 37
2 25 30
2 26 53
2 27 87
2 28 43
2 29 22
2 30 80
2 31 8
2 32 18
2 33 22
2 34 87
2 35 11
2 36 63
2 37 88
2 38 31
2 39 42
2 40 52
2 41 12
2 42 46
2 43 49
2 44 48
2 45 84
2 46 27
2 47 34
2 48 8
2 49 96
2 50 77
2 51 65
2 52 54
2 53 44
2 54 84
2 55 20
2 56 75
2 57 9
2 58 23
2 59 54
2 60 8
2 61 40
2 62 52
2 63 90
2 64 20
2 65 33
2 66 50
2 67 74
2 68 82
2 69 18
2 70 40
2 71 42
2 72 47
2 73 87
2 74 24
2 75 74
2 76 24
2 77 2
2 78 54
2 79 3
2 80 54
2 81 78
2 82 83
2 83 24
2 84 26
2 85 37
2 86 54
2 87 86
2 88 60
2 89 23
2 90 82
2 91 18
2 92 43
2 93 52
2 94 57
2 95 36
2 96 34
2 97 21
2 98 4
2 99 13
2 100 95
3 0 78
3 1 95
3 2 1
3 4 64
3 5 40
3 6 56
3 7 13
3 8 69
3 9 21
3 10 80
3 11 2
3 12 87
3 13 44
3 14 91
3 15 42
3 16 86
3 17 65
3 18 26
3 19 3
3 20 89
3 21 2
3 22 55
3 23 31
3 24 11
3 25 60
3 26 29
3 27 31
3 28 75
3 29 98
3 30 3
3 31 25
3 32 35
3 33 94
3 34 71
3 35 65
3 36 90
3 37 93
3 38 64
3 39 58
3 40 96
3 41 16
3 42 10
3 43 79
3 44 24
3 45 31
3 46 24
3 47 66
3 48 97
3 49 43
3 50 72
3 51 47
3 52 14
3 53 12
3 54 3
3 55 35
3 56 60
3 57 59
3 58 18
3 59 30
3 60 3
3 61 59
3 62 84
3 63 48
3 64 64
3 65 65
3 66 36
3 67 58
3 68 92
3 69 81
3 70 19
3 71 8
3 72 57
3 73 89
3 74 95
3 75 28
3 76 6
3 77 36
3 78 73
3 79 7
3 80 98
3 81 91
3 82 74
3 83 91
3 84 33
3 85 55
3 86 21
3 87 95
3 88 15
3 89 91
3 90 9
3 91 99
3 92 38
3 93 65
3 94 87
3 95 64
3 96 52
3 97 33
3 98 69
3 99 29
3 100 52
4 0 26
4 1 57
4 2 74
4 3 37
4 5 93
4 6 39
4 7 71
4 8 46
4 9 48
4 10 10
4 11 66
4 12 47
4 13 71
4 14 59
4 15 9
4 16 69
4 17 89
4 18 17
4 19 13
4 20 45
4 21 34
4 22 81
4 23 94
4 24 58
4 25 33
4 26 15
4 27 93
4 28 99
4 29 22
4 30 38
4 31 21
4 32 74
4 33 29
4 34 53
4 35 97
4 36 23
4 37 72
4 38 29
4 39 87
4 40 46
4 41 49
4 42 55
4 43 4
4 44 93
4 45 78
4 46 45
4 47 68
4 48 31
4 49 10
4 50 50
4 51 84
4 52 80
4 53 16
4 54 38
4 55 72
4 56 37
4 57 71
4 58 41
4 59 29
4 60 74
4 61 82
4 62 77
4 63 8
4 64 72
4 65 92
4 66 9
4 67 69
4 68 62
4 69 65
4 70 86
4 71 63
4 72 29
4 73 36
4 74 84
4 75 80
4 76 98
4 77 25
4 78 29
4 79 54
4 80 24
4 81 66
4 82 62
4 83 74
4 84 84
4 85 68
4 86 76
4 87 17
4 88 60
4 89 92
4 90 17
4 91 13
4 92 48
4 93 54
4 94 9
4 95 41
4 96 69
4 97 32
4 98 42
4 99 17
4 100 76
5 0 58
5 1 83
5 2 96
5 3 31
5 4 79
5 6 10
5 7 72
5 8 46
5 9 2
5 10 55
5 11 44
5 12 65
5 13 82
5 14 51
5 15 21
5 16 9
5 17 70
5 18 1
5 19 57
5 20 68
5 21 22
5 22 1
5 23 66
5 24 18
5 25 20
5 26 61
5 27 9
5 28 66
5 29 45
5 30 81
5 31 42
5 32 52
5 33 9
5 34 63
5 35 11
5 36 91
5 37 96
5 38 65
5 39 40
5 40 30
5 41 24
5 42 35
5 43 76
5 44 75
5 45 58
5 46 94
5 47 63
5 48 3
5 49 66
5 50 40
5 51 37
5 52 11
5 53 57
5 54 45
5 55 21
5 56 80
5 57 23
5 58 12
5 59 86
5 60 33
5 61 37
5 62 84
5 63 49
5 64 64
5 65 97
5 66 58
5 67 89
5 68 70
5 69 34
5 70 99
5 71 96
5 72 81
5 73 15
5 74 96
5 75 66
5 76 27
5 77 9
5 78 73
5 79 3
5 80 53
5 81 18
5 82 63
5 83 50
5 84 76
5 85 54
5 86 46
5 87 63
5 88 55
5 89 28
5 90 86
5 91 55
5 92 99
5 93 74
5 94 6
5 95 72
5 96 32
5 97 30
5 98 31
5 99 20
5 100 86
6 0 22
6 1 6
6 2 53
6 3 47
6 4 10
6 5 86
6 7 65
6 8 64
6 9 82
6 10 4
6 11 44
6 12 10
6 13 80
6 14 86
6 15 41
6 16 4
6 17 34
6 18 20
6 19 61
6 20 94
6 21 46
6 22 73
6 23 39
6 24 5
6 25 62
6 26 66
6 27 61
6 28 26
6 29 85
6 30 63
6 31 3
6 32 66
6 33 29
6 34 69
6 35 70
6 36 94
6 37 22
6 38 28
6 39 80
6 40 60
6 41 40
6 42 36
6 43 58
6 44 32
6 45 47
6 46 11
6 47 33
6 48 14
6 49 64
6 50 28
6 51 67
6 52 85
6 53 84
6 54 47
6 55 73
6 56 54
6 57 36
6 58 31
6 59 86
6 60 98
6 61 18
6 62 4
6 63 4
6 64 33
6 65 55
6 66 4
6 67 40
6 68 47
6 69 93
6 70 83
6 71 13
6 72 34
6 73 48
6 74 4
6 75 66
6 76 32
6 77 90
6 78 56
6 79 29
6 80 22
6 81 52
6 82 19
6 83 8
6 84 34
6 85 23
6 86 11
6 87 58
6 88 13
6 89 52
6 90 73
6 91 20
6 92 69
6 93 3
6 94 50
6 95 36
6 96 49
6 97 49
6 98 71
6 99 95
6 100 91
7 0 86
7 1 51
7 2 1
7 3 79
7 4 25
7 5 92
7 6 95
7 8 69
7 9 81
7 10 19
7 11 76
7 12 93
7 13 44
7 14 61
7 15 55
7 16 72
7 17 39
7 18 53
7 19 73
7 20 75
7 21 76
7 22 53
7 23 69
7 24 47
7 25 32
7 26 95
7 27 79
7 28 14
7 29 84
7 30 67
7 31 15
7 32 87
7 33 71
7 34 16
7 35 19
7 36 3
7 37 26
7 38 94
7 39 90
7 40 27
7 41 92
7 42 20
7 43 88
7 44 73
7 45 37
7 46 20
7 47 27
7 48 31
7 49 18
7 50 79
7 51 58
7 52 96
7 53 47
7 54 81
7 55 48
7 56 66
7 57 57
7 58 73
7 59 57
7 60 88
7 61 58
7 62 18
7 63 17
7 64 38
7 65 7
7 66 36
7 67 98
7 68 97
7 69 18
7 70 61
7 71 81
7 72 56
7 73 95
7 74 21
7 75 75
7 76 84
7 77 5
7 78 78
7 79 5
7 80 89
7 81 3
7 82 58
7 83 18
7 84 31
7 85 94
7 86 47
7 87 60
7 88 3
7 89 39
7 90 49
7 91 97
7 92 8
7 93 77
7 94 24
7 95 1
7 96 94
7 97 59
7 98 13
7 99 37
7 100 16
8 0 92
8 1 6
8 2 71
8 3 47
8 4 21
8 5 40
8 6 11
8 7 35
8 9 57
8 10 58
8 11 82
8 12 61
8 13 13
8 14 27
8 15 79
8 16 95
8 17 27
8 18 17
8 19 88
8 20 75
8 21 98
8 22 86
8 23 32
8 24 52
8 25 38
8 26 70
8 27 38
8 28 69
8 29 43
8 30 14
8 31 48
8 32 76
8 33 82
8 34 58
8 35 73
8 36 99
8 37 80
8 38 99
8 39 4
8 40 1
8 41 46
8 42 38
8 43 35
8 44 93
8 45 55
8 46 16
8 47 66
8 48 45
8 49 48
8 50 40
8 51 66
8 52 52
8 53 46
8 54 96
8 55 48
8 56 87
8 57 12
8 58 16
8 59 55
8 60 94
8 61 23
8 62 68
8 63 71
8 64 46
8 65 12
8 66 69
8 67 97
8 68 92
8 69 52
8 70 6
8 71 38
8 72 5
8 73 61
8 74 39
8 75 64
8 76 58
8 77 57
8 78 16
8 79 93
8 80 94
8 81 17
8 82 62
8 83 8
8 84 94
8 85 1
8 86 70
8 87 29
8 88 9
8 89 23
8 90 45
8 91 9
8 92 15
8 93 43
8 94 54
8 95 62
8 96 19
8 97 21
8 98 24
8 99 2
8 100 80
9 0 5
9 1 12
9 2 13
9 3 23
9 4 68
9 5 76
9 6 5
9 7 81
9 8 1
9 10 87
9 11 98
9 12 5
9 13 91
9 14 81
9 15 82
9 16 41
9 17 85
9 18 39
9 19 48
9 20 44
9 21 19
9 22 60
9 23 5
9 24 51
9 25 52
9 26 43
9 27 57
9 28 94
9 29 77
9 30 79
9 31 30
9 32 96
9 33 15
9 34 95
9 35 92
9 36 76
9 37 88
9 38 61
9 39 64
9 40 80
9 41 44
9 42 71
9 43 63
9 44 48
9 45 6
9 46 10
9 47 18
9 48 29
9 49 96
9 50 2
9 51 83
9 52 19
9 53 5
9 54 4
9 55 59
9 56 14
9 57 46
9 58 9
9 59 12
9 60 41
9 61 13
9 62 98
9 63 44
9 64 22
9 65 3
9 66 72
9 67 14
9 68 88
9 69 78
9 70 39
9 71 60
9 72 11
9 73 3
9 74 84
9 75 32
9 76 5
9 77 86
9 78 40
9 79 8
9 80 16
9 81 93
9 82 13
9 83 78
9 84 71
9 85 60
9 86 88
9 87 92
9 88 12
9 89 71
9 90 89
9 91 51
9 92 49
9 93 2
9 94 52
9 95 26
9 96 57
9 97 46
9 98 76
9 99 69
9 100 70
10 0 80
10 1 59
10 2 64
10 3 24
10 4 39
10 5 33
10 6 67
10 7 94
10 8 41
10 9 95
10 11 28
10 12 47
10 13 41
10 14 20
10 15 92
10 16 72
10 17 3
10 18 3
10 19 40
10 20 9
10 21 35
10 22 10
10 23 90
10 24 5
10 25 99
10 26 3
10 27 86
10 28 97
10 29 24
10 30 75
10 31 32
10 32 19
10 33 19
10 34 82
10 35 97
10 36 74
10 37 43
10 38 1
10 39 86
10 40 41
10 41 67
10 42 30
10 43 25
10 44 66
10 45 64
10 46 51
10 47 54
10 48 89
10 49 1
10 50 2
10 51 20
10 52 34
10 53 18
10 54 18
10 55 99
10 56 40
10 57 99
10 58 8
10 59 33
10 60 97
10 61 14
10 62 2
10 63 29
10 64 81
10 65 88
10 66 13
10 67 56
10 68 8
10 69 18
10 70 11
10 71 69
10 72 8
10 73 65
10 74 78
10 75 2
10 76 76
10 77 6
10 78 68
10 79 8
10 80 25
10 81 75
10 82 21
10 83 63
10 84 16
10 85 72
10 86 58
10 87 15
10 88 88
10 89 33
10 90 54
10 91 25
10 92 50
10 93 93
10 94 53
10 95 65
10 96 85
10 97 78
10 98 48
10 99 8
10 100 93
11 0 76
11 1 7
11 2 46
11 3 5
11 4 26
11 5 16
11 6 14
11 7 69
11 8 35
11 9 6
11 10 42
11 12 3
11 13 9
11 14 37
11 15 27
11 16 19
11 17 66
11 18 9
11 19 40
11 20 78
11 21 76
11 22 77
11 23 38
11 24 35
11 25 71
11 26 92
11 27 91
11 28 98
11 29 17
11 30 37
11 31 25
11 32 1
11 33 56
11 34 57
11 35 15
11 36 81
11 37 85
11 38 44
11 39 75
11 40 48
11 41 97
11 42 95
11 43 67
11 44 8
11 45 55
11 46 5
11 47 48
11 48 65
11 49 60
11 50 48
11 51 46
11 52 82
11 53 3
11 54 50
11 55 75
11 56 21
11 57 41
11 58 21
11 59 85
11 60 18
11 61 97
11 62 35
11 63 90
11 64 79
11 65 70
11 66 12
11 67 77
11 68 2
11 69 95
11 70 42
11 71 34
11 72 4
11 73 69
11 74 46
11 75 25
11 76 5
11 77 6
11 78 32
11 79 46
11 80 99
11 81 73
11 82 38
11 83 80
11 84 44
11 85 8
11 86 20
11 87 20
11 88 49
11 89 58
11 90 13
11 91 37
11 92 13
11 93 9
11 94 89
11 95 76
11 96 24
11 97 40
11 98 66
11 99 70
11 100 30
12 0 14
12 1 8
12 2 62
12 3 44
12 4 24
12 5 67
12 6 48
12 7 30
12 8 23
12 9 95
12 10 8
12 11 57
12 13 73
12 14 8
12 15 94
12 16 35
12 17 53
12 18 53
12 19 89
12 20 5
12 21 49
12 22 68
12 23 67
12 24 88
12 25 15
12 26 80
12 27 97
12 28 72
12 29 36
12 30 32
12 31 99
12 32 27
12 33 98
12 34 84
12 35 29
12 36 19
12 37 3
12 38 38
12 39 13
12 40 74
12 41 27
12 42 35
12 43 48
12 44 37
12 45 99
12 46 98
12 47 66
12 48 52
12 49 16
12 50 38
12 51 72
12 52 70
12 53 88
12 54 27
12 55 76
12 56 49
12 57 59
12 58 85
12 59 69
12 60 49
12 61 43
12 62 25
12 63 10
12 64 16
12 65 14
12 66 27
12 67 20
12 68 8
12 69 19
12 70 36
12 71 46
12 72 48
12 73 71
12 74 49
12 75 91
12 76 80
12 77 32
12 78 39
12 79 32
12 80 45
12 81 83
12 82 1
12 83 95
12 84 47
12 85 1
12 86 59
12 87 42
12 88 50
12 89 78
12 90 93
12 91 31
12 92 89
12 93 24
12 94 2
12 95 31
12 96 33
12 97 11
12 98 58
12 99 29
12 100 78
13 0 26
13 1 71
13 2 88
13 3 65
13 4 96
13 5 34
13 6 16
13 7 38
13 8 39
13 9 69
13 10 95
13 11 31
13 12 84
13 14 54
13 15 44
13 16 57
13 17 91
13 18 45
13 19 62
13 20 99
13 21 43
13 22 94
13 23 10
13 24 30
13 25 21
13 26 94
13 27 81
13 28 82
13 29 92
13 30 10
13 31 44
13 32 56
13 33 17
13 34 31
13 35 76
13 36 10
13 37 72
13 38 23
13 39 31
13 40 25
13 41 94
13 42 23
13 43 97
13 44 1
13 45 41
13 46 53
13 47 66
13 48 97
13 49 61
13 50 44
13 51 71
13 52 1
13 53 99
13 54 91
13 55 69
13 56 87
13 57 16
13 58 26
13 59 98
13 60 30
13 61 91
13 62 47
13 63 11
13 64 47
13 65 79
13 66 54
13 67 23
13 68 68
13 69 91
13 70 94
13 71 5
13 72 98
13 73 90
13 74 94
13 75 97
13 76 69
13 77 78
13 78 39
13 79 63
13 80 71
13 81 33
13 82 22
13 83 97
13 84 48
13 85 22
13 86 72
13 87 15
13 88 40
13 89 99
13 90 90
13 91 60
13 92 76
13 93 40
13 94 90
13 95 31
13 96 81
13 97 93
13 98 78
13 99 36
13 100 75
14 0 98
14 1 32
14 2 6
14 3 75
14 4 89
14 5 98
14 6 46
14 7 87
14 8 49
14 9 12
14 10 50
14 11 30
14 12 48
14 13 97
14 15 88
14 16 15
14 17 72
14 18 24
14 19 88
14 20 87
14 21 97
14 22 60
14 23 60
14 24 47
14 25 17
14 26 53
14 27 95
14 28 80
14 29 33
14 30 66
14 31 72
14 32 88
14 33 70
14 34 97
14 35 53
14 36 42
14 37 91
14 38 8
14 39 74
14 40 91
14 41 91
14 42 86
14 43 25
14 44 80
14 45 30
14 46 54
14 47 80
14 48 66
14 49 50
14 50 38
14 51 90
14 52 95
14 53 33
14 54 14
14 55 35
14 56 92
14 57 66
14 58 8
14 59 34
14 60 31
14 61 73
14 62 38
14 63 25
14 64 1
14 65 52
14 66 5
14 67 34
14 68 28
14 69 8
14 70 33
14 71 32
14 72 37
14 73 99
14 74 93
14 75 97
14 76 98
14 77 72
14 78 62
14 79 18
14 80 88
14 81 18
14 82 30
14 83 11
14 84 30
14 85 92
14 86 53
14 87 89
14 88 59
14 89 19
14 90 89
14 91 99
14 92 73
14 93 30
14 94 22
14 95 88
14 96 84
14 97 17
14 98 84
14 99 32
14 100 80
15 0 5
15 1 28
15 2 15
15 3 38
15 4 34
15 5 67
15 6 97
15 7 72
15 8 89
15 9 71
15 10 44
15 11 40
15 12 83
15 13 1
15 14 97
15 16 86
15 17 7
15 18 51
15 19 64
15 20 87
15 21 83
15 22 11
15 23 71
15 24 44
15 25 11
15 26 61
15 27 71
15 28 11
15 29 70
15 30 8
15 31 32
15 32 6
15 33 40
15 34 37
15 35 56
15 36 90
15 37 12
15 38 5
15 39 57
15 40 41
15 41 4
15 42 72
15 43 34
15 44 92
15 45 66
15 46 35
15 47 17
15 48 65
15 49 84
15 50 74
15 51 43
15 52 37
15 53 78
15 54 42
15 55 33
15 56 66
15 57 46
15 58 49
15 59 60
15 60 94
15 61 7
15 62 13
15 63 33
15 64 65
15 65 84
15 66 23
15 67 62
15 68 24
15 69 30
15 70 89
15 71 67
15 72 45
15 73 65
15 74 5
15 75 29
15 76 31
15 77 48
15 78 22
15 79 25
15 80 4
15 81 55
15 82 35
15 83 87
15 84 84
15 85 36
15 86 70
15 87 28
15 88 11
15 89 32
15 90 73
15 91 66
15 92 12
15 93 4
15 94 79
15 95 16
15 96 68
15 97 27
15 98 17
15 99 86
15 100 63
16 0 36
16 1 26
16 2 88
16 3 97
16 4 65
16 5 70
16 6 56
16 7 13
16 8 45
16 9 33
16 10 33
16 11 29
16 12 63
16 13 39
16 14 98
16 15 78
16 17 67
16 18 35
16 19 14
16 20 34
16 21 56
16 22 14
16 23 16
16 24 74
16 25 8
16 26 94
16 27 17
16 28 97
16 29 11
16 30 63
16 31 51
16 32 46
16 33 9
16 34 60
16 35 41
16 36 60
16 37 2
16 38 1
16 39 42
16 40 49
16 41 2
16 42 82
16 43 98
16 44 22
16 45 47
16 46 18
16 47 14
16 48 47
16 49 95
16 50 9
16 51 96
16 52 58
16 53 91
16 54 54
16 55 83
16 56 44
16 57 68
16 58 96
16 59 63
16 60 89
16 61 16
16 62 86
16 63 75
16 64 32
16 65 1
16 66 39
16 67 5
16 68 1
16 69 65
16 70 27
16 71 81
16 72 17
16 73 62
16 74 81
16 75 14
16 76 52
16 77 14
16 78 95
16 79 6
16 80 26
16 81 12
16 82 64
16 83 67
16 84 31
16 85 45
16 86 51
16 87 10
16 88 9
16 89 83
16 90 50
16 91 40
16 92 40
16 93 8
16 94 98
16 95 59
16 96 78
16 97 49
16 98 96
16 99 48
16 100 15
17 0 15
17 1 90
17 2 60
17 3 28
17 4 75
17 5 54
17 6 4
17 7 81
17 8 4
17 9 61
17 10 46
17 11 41
17 12 34
17 13 13
17 14 88
17 15 14
17 16 45
17 18 12
17 19 27
17 20 73
17 21 90
17 22 90
17 23 2
17 24 21
17 25 68
17 26 34
17 27 12
17 28 21
17 29 23
17 30 71
17 31 10
17 32 69
17 33 22
17 34 54
17 35 65
17 36 33
17 37 56
17 38 76
17 39 92
17 40 53
17 41 29
17 42 54
17 43 54
17 44 80
17 45 69
17 46 15
17 47 71
17 48 99
17 49 19
17 50 97
17 51 88
17 52 10
17 53 48
17 54 42
17 55 52
17 56 77
17 57 8
17 58 83
17 59 88
17 60 3
17 61 20
17 62 89
17 63 28
17 64 15
17 65 34
17 66 96
17 67 85
17 68 96
17 69 56
17 70 74
17 71 57
17 72 10
17 73 61
17 74 41
17 75 69
17 76 21
17 77 59
17 78 86
17 79 90
17 80 50
17 81 92
17 82 2
17 83 29
17 84 98
17 85 34
17 86 54
17 87 63
17 88 64
17 89 96
17 90 4
17 91 52
17 92 39
17 93 13
17 94 92
17 95 78
17 96 65
17 97 48
17 98 62
17 99 73
17 100 12
18 0 4
18 1 19
18 2 76
18 3 4
18 4 69
18 5 19
18 6 2
18 7 37
18 8 85
18 9 76
18 10 36
18 11 29
18 12 69
18 13 20
18 14 34
18 15 5
18 16 73
18 17 72
18 19 22
18 20 27
18 21 79
18 22 16
18 23 22
18 24 95
18 25 67
18 26 10
18 27 1
18 28 41
18 29 54
18 30 76
18 31 40
18 32 22
18 33 75
18 34 18
18 35 95
18 36 72
18 37 85
18 38 20
18 39 76
18 40 62
18 41 57
18 42 98
18 43 8
18 44 31
18 45 27
18 46 67
18 47 63
18 48 22
18 49 62
18 50 14
18 51 6
18 52 43
18 53 55
18 54 42
18 55 1
18 56 69
18 57 2
18 58 23
18 59 45
18 60 98
18 61 6
18 62 51
18 63 78
18 64 41
18 65 42
18 66 95
18 67 82
18 68 2
18 69 10
18 70 50
18 71 28
18 72 47
18 73 30
18 74 49
18 75 94
18 76 50
18 77 91
18 78 36
18 79 58
18 80 65
18 81 79
18 82 10
18 83 70
18 84 7
18 85 10
18 86 64
18 87 18
18 88 47
18 89 67
18 90 67
18 91 45
18 92 21
18 93 47
18 94 82
18 95 3
18 96 75
18 97 7
18 98 74
18 99 84
18 100 41
19 0 96
19 1 7
19 2 85
19 3 6
19 4 17
19 5 46
19 6 40
19 7 88
19 8 7
19 9 90
19 10 65
19 11 98
19 12 97
19 13 19
19 14 53
19 15 53
19 16 25
19 17 14
19 18 93
19 20 52
19 21 92
19 22 46
19 23 91
19 24 25
19 25 33
19 26 9
19 27 44
19 28 71
19 29 87
19 30 54
19 31 34
19 32 78
19 33 96
19 34 22
19 35 85
19 36 40
19 37 67
19 38 15
19 39 48
19 40 51
19 41 20
19 42 26
19 43 36
19 44 23
19 45 19
19 46 62
19 47 33
19 48 80
19 49 69
19 50 51
19 51 9
19 52 99
19 53 84
19 54 75
19 55 72
19 56 10
19 57 51
19 58 17
19 59 87
19 60 12
19 61 30
19 62 52
19 63 54
19 64 82
19 65 6
19 66 60
19 67 3
19 68 48
19 69 38
19 70 20
19 71 64
19 72 31
19 73 63
19 74 82
19 75 34
19 76 22
19 77 79
19 78 49
19 79 24
19 80 89
19 81 64
19 82 88
19 83 55
19 84 28
19 85 10
19 86 24
19 87 66
19 88 82
19 89 64
19 90 83
19 91 97
19 92 3
19 93 96
19 94 64
19 95 70
19 96 50
19 97 81
19 98 53
19 99 92
19 100 98
20 0 48
20 1 18
20 2 86
20 3 29
20 4 88
20 5 59
20 6 94
20 7 44
20 8 56
20 9 50
20 10 76
20 11 16
20 12 5
20 13 39
20 14 12
20 15 42
20 16 27
20 17 26
20 18 68
20 19 80
20 21 22
20 22 2
20 23 26
20 24 58
20 25 37
20 26 26
20 27 68
20 28 29
20 29 84
20 30 30
20 31 84
20 32 51
20 33 61
20 34 20
20 35 7
20 36 90
20 37 70
20 38 14
20 39 98
20 40 52
20 41 1
20 42 2
20 43 95
20 44 36
20 45 85
20 46 85
20 47 90
20 48 26
20 49 4
20 50 57
20 51 68
20 52 13
20 53 78
20 54 62
20 55 81
20 56 4
20 57 55
20 58 60
20 59 61
20 60 81
20 61 28
20 62 79
20 63 40
20 64 71
20 65 2
20 66 15
20 67 34
20 68 26
20 69 28
20 70 20
20 71 7
20 72 49
20 73 55
20 74 83
20 75 82
20 76 75
20 77 74
20 78 67
20 79 45
20 80 35
20 81 28
20 82 59
20 83 61
20 84 7
20 85 52
20 86 35
20 87 37
20 88 75
20 89 97
20 90 11
20 91 97
20 92 16
20 93 87
20 94 36
20 95 28
20 96 75
20 97 77
20 98 26
20 99 66
20 100 67
21 0 19
21 1 66
21 2 25
21 3 74
21 4 34
21 5 82
21 6 46
21 7 12
21 8 73
21 9 75
21 10 88
21 11 84
21 12 60
21 13 20
21 14 67
21 15 54
21 16 58
21 17 28
21 18 73
21 19 51
21 20 67
21 22 86
21 23 88
21 24 69
21 25 54
21 26 10
21 27 46
21 28 78
21 29 53
21 30 69
21 31 50
21 32 4
21 33 23
21 34 24
21 35 94
21 36 65
21 37 35
21 38 3
21 39 30
21 40 12
21 41 15
21 42 73
21 43 92
21 44 2
21 45 81
21 46 80
21 47 50
21 48 83
21 49 13
21 50 80
21 51 60
21 52 30
21 53 36
21 54 81
21 55 20
21 56 50
21 57 95
21 58 83
21 59 43
21 60 31
21 61 33
21 62 77
21 63 38
21 64 47
21 65 54
21 66 80
21 67 8
21 68 71
21 69 12
21 70 64
21 71 24
21 72 17
21 73 67
21 74 82
21 75 16
21 76 48
21 77 26
21 78 15
21 79 97
21 80 70
21 81 42
21 82 47
21 83 48
21 84 13
21 85 23
21 86 22
21 87 63
21 88 23
21 89 42
21 90 26
21 91 2
21 92 59
21 93 64
21 94 70
21 95 53
21 96 58
21 97 70
21 98 19
21 99 3
21 100 86
22 0 59
22 1 3
22 2 73
22 3 62
22 4 62
22 5 27
22 6 55
22 7 80
22 8 12
22 9 45
22 10 69
22 11 65
22 12 92
22 13 15
22 14 72
22 15 39
22 16 22
22 17 3
22 18 56
22 19 66
22 20 36
22 21 87
22 23 84
22 24 56
22 25 98
22 26 75
22 27 45
22 28 68
22 29 77
22 30 49
22 31 99
22 32 32
22 33 89
22 34 90
22 35 60
22 36 37
22 37 64
22 38 56
22 39 88
22 40 77
22 41 11
22 42 37
22 43 77
22 44 62
22 45 57
22 46 11
22 47 26
22 48 99
22 49 80
22 50 48
22 51 76
22 52 98
22 53 62
22 54 35
22 55 69
22 56 17
22 57 24
22 58 88
22 59 16
22 60 62
22 61 24
22 62 24
22 63 6
22 64 92
22 65 4
22 66 74
22 67 62
22 68 32
22 69 57
22 70 47
22 71 65
22 72 59
22 73 46
22 74 34
22 75 25
22 76 19
22 77 55
22 78 46
22 79 29
22 80 11
22 81 15
22 82 52
22 83 46
22 84 20
22 85 92
22 86 49
22 87 70
22 88 51
22 89 5
22 90 80
22 91 79
22 92 47
22 93 59
22 94 34
22 95 96
22 96 27
22 97 54
22 98 31
22 99 79
22 100 83
23 0 59
23 1 49
23 2 34
23 3 51
23 4 22
23 5 93
23 6 9
23 7 92
23 8 54
23 9 90
23 10 83
23 11 16
23 12 69
23 13 64
23 14 89
23 15 88
23 16 40
23 17 71
23 18 51
23 19 26
23 20 33
23 21 18
23 22 55
23 24 23
23 25 99
23 26 5
23 27 19
23 28 61
23 29 59
23 30 9
23 31 2
23 32 85
23 33 25
23 34 42
23 35 42
23 36 29
23 37 12
23 38 11
23 39 72
23 40 78
23 41 5
23 42 79
23 43 3
23 44 76
23 45 75
23 46 47
23 47 37
23 48 60
23 49 38
23 50 55
23 51 50
23 52 69
23 53 17
23 54 57
23 55 37
23 56 52
23 57 94
23 58 1
23 59 49
23 60 99
23 61 51
23 62 12
23 63 78
23 64 29
23 65 82
23 66 93
23 67 76
23 68 20
23 69 7
23 70 63
23 71 95
23 72 67
23 73 12
23 74 58
23 75 65
23 76 92
23 77 33
23 78 32
23 79 73
23 80 92
23 81 27
23 82 45
23 83 82
23 84 50
23 85 85
23 86 40
23 87 66
23 88 83
23 89 16
23 90 38
23 91 77
23 92 94
23 93 55
23 94 81
23 95 32
23 96 39
23 97 90
23 98 54
23 99 45
23 100 4
24 0 53
24 1 32
24 2 66
24 3 52
24 4 89
24 5 61
24 6 89
24 7 18
24 8 30
24 9 12
24 10 15
24 11 40
24 12 61
24 13 85
24 14 36
24 15 8
24 16 16
24 17 92
24 18 65
24 19 13
24 20 84
24 21 2
24 22 19
24 23 82
24 25 83
24 26 72
24 27 11
24 28 20
24 29 45
24 30 84
24 31 14
24 32 38
24 33 2
24 34 41
24 35 65
24 36 50
24 37 23
24 38 63
24 39 86
24 40 45
24 41 54
24 42 57
24 43 16
24 44 34
24 45 48
24 46 90
24 47 91
24 48 38
24 49 98
24 50 41
24 51 39
24 52 78
24 53 71
24 54 84
24 55 60
24 56 17
24 57 77
24 58 69
24 59 85
24 60 58
24 61 12
24 62 78
24 63 83
24 64 28
24 65 11
24 66 93
24 67 23
24 68 63
24 69 6
24 70 87
24 71 71
24 72 75
24 73 14
24 74 83
24 75 90
24 76 87
24 77 68
24 78 64
24 79 94
24 80 35
24 81 50
24 82 98
24 83 41
24 84 57
24 85 46
24 86 75
24 87 63
24 88 45
24 89 56
24 90 78
24 91 4
24 92 71
24 93 60
24 94 97
24 95 35
24 96 4
24 97 7
24 98 15
24 99 6
24 100 2
25 0 83
25 1 60
25 2 55
25 3 70
25 4 39
25 5 63
25 6 51
25 7 83
25 8 64
25 9 13
25 10 49
25 11 41
25 12 84
25 13 20
25 14 23
25 15 74
25 16 28
25 17 94
25 18 63
25 19 98
25 20 89
25 21 79
25 22 29
25 23 68
25 24 33
25 26 31
25 27 35
25 28 80
25 29 91
25 30 54
25 31 13
25 32 69
25 33 31
25 34 37
25 35 45
25 36 23
25 37 35
25 38 25
25 39 90
25 40 91
25 41 54
25 42 86
25 43 90
25 44 24
25 45 80
25 46 11
25 47 96
25 48 76
25 49 81
25 50 66
25 51 27
25 52 71
25 53 97
25 54 96
25 55 60
25 56 9
25 57 79
25 58 53
25 59 18
25 60 3
25 61 19
25 62 61
25 63 92
25 64 39
25 65 76
25 66 2
25 67 40
25 68 30
25 69 93
25 70 3
25 71 45
25 72 92
25 73 88
25 74 59
25 75 69
25 76 17
25 77 11
25 78 12
25 79 21
25 80 37
25 81 25
25 82 29
25 83 23
25 84 12
25 85 43
25 86 31
25 87 79
25 88 91
25 89 1
25 90 49
25 91 73
25 92 76
25 93 12
25 94 66
25 95 13
25 96 64
25 97 93
25 98 30
25 99 60
25 100 61
26 0 57
26 1 76
26 2 43
26 3 13
26 4 64
26 5 97
26 6 56
26 7 42
26 8 62
26 9 52
26 10 22
26 11 52
26 12 91
26 13 17
26 14 46
26 15 77
26 16 89
26 17 11
26 18 20
26 19 50
26 20 18
26 21 22
26 22 70
26 23 64
26 24 73
26 25 14
26 27 43
26 28 73
26 29 38
26 30 33
26 31 3
26 32 40
26 33 22
26 34 1
26 35 8
26 36 85
26 37 64
26 38 8
26 39 45
26 40 84
26 41 68
26 42 73
26 43 39
26 44 62
26 45 10
26 46 28
26 47 3
26 48 2
26 49 96
26 50 15
26 51 2
26 52 24
26 53 78
26 54 80
26 55 19
26 56 28
26 57 51
26 58 44
26 59 63
26 60 78
26 61 16
26 62 53
26 63 26
26 64 46
26 65 5
26 66 7
26 67 70
26 68 11
26 69 40
26 70 32
26 71 88
26 72 95
26 73 61
26 74 29
26 75 17
26 76 4
26 77 72
26 78 94
26 79 84
26 80 93
26 81 18
26 82 76
26 83 99
26 84 62
26 85 75
26 86 35
26 87 55
26 88 97
26 89 45
26 90 34
26 91 9
26 92 47
26 93 93
26 94 20
26 95 87
26 96 50
26 97 64
26 98 20
26 99 9
26 100 12
27 0 92
27 1 58
27 2 50
27 3 27
27 4 35
27 5 33
27 6 66
27 7 91
27 8 38
27 9 58
27 10 94
27 11 79
27 12 65
27 13 36
27 14 26
27 15 9
27 16 97
27 17 61
27 18 28
27 19 23
27 20 88
27 21 78
27 22 24
27 23 92
27 24 75
27 25 42
27 26 27
27 28 45
27 29 87
27 30 4
27 31 35
27 32 27
27 33 14
27 34 4
27 35 77
27 36 44
27 37 61
27 38 16
27 39 76
27 40 49
27 41 51
27 42 95
27 43 16
27 44 69
27 45 20
27 46 56
27 47 99
27 48 27
27 49 79
27 50 29
27 51 12
27 52 53
27 53 75
27 54 72
27 55 13
27 56 31
27 57 89
27 58 97
27 59 52
27 60 10
27 61 79
27 62 98
27 63 19
27 64 56
27 65 26
27 66 7
27 67 64
27 68 39
27 69 39
27 70 12
27 71 38
27 72 6
27 73 86
27 74 85
27 75 68
27 76 47
27 77 4
27 78 66
27 79 16
27 80 80
27 81 98
27 82 30
27 83 5
27 84 90
27 85 3
27 86 58
27 87 86
27 88 13
27 89 79
27 90 8
27 91 94
27 92 7
27 93 92
27 94 2
27 95 20
27 96 92
27 97 22
27 98 64
27 99 98
27 100 92
28 0 80
28 1 92
28 2 22
28 3 3
28 4 72
28 5 33
28 6 5
28 7 72
28 8 55
28 9 69
28 10 39
28 11 60
28 12 52
28 13 45
28 14 46
28 15 66
28 16 22
28 17 40
28 18 5
28 19 32
28 20 31
28 21 8
28 22 10
28 23 58
28 24 9
28 25 47
28 26 77
28 27 64
28 29 27
28 30 69
28 31 96
28 32 74
28 33 86
28 34 75
28 35 49
28 36 51
28 37 19
28 38 86
28 39 97
28 40 96
28 41 40
28 42 44
28 43 84
28 44 42
28 45 68
28 46 80
28 47 31
28 48 12
28 49 67
28 50 20
28 51 60
28 52 60
28 53 94
28 54 40
28 55 40
28 56 95
28 57 19
28 58 76
28 59 26
28 60 17
28 61 63
28 62 36
28 63 15
28 64 59
28 65 64
28 66 35
28 67 59
28 68 39
28 69 19
28 70 81
28 71 26
28 72 20
28 73 85
28 74 9
28 75 21
28 76 74
28 77 92
28 78 12
28 79 84
28 80 78
28 81 66
28 82 30
28 83 94
28 84 46
28 85 60
28 86 16
28 87 96
28 88 35
28 89 21
28 90 55
28 91 51
28 92 22
28 93 59
28 94 25
28 95 1
28 96 13
28 97 36
28 98 18
28 99 80
28 100 62
29 0 99
29 1 25
29 2 14
29 3 82
29 4 35
29 5 16
29 6 1
29 7 55
29 8 54
29 9 66
29 10 13
29 11 9
29 12 83
29 13 84
29 14 47
29 15 52
29 16 99
29 17 45
29 18 24
29 19 61
29 20 37
29 21 76
29 22 27
29 23 86
29 24 37
29 25 58
29 26 74
29 27 77
29 28 46
29 30 45
29 31 89
29 32 73
29 33 99
29 34 76
29 35 66
29 36 64
29 37 91
29 38 99
29 39 59
29 40 50
29 41 66
29 42 75
29 43 4
29 44 10
29 45 56
29 46 83
29 47 50
29 48 23
29 49 63
29 50 14
29 51 80
29 52 90
29 53 89
29 54 89
29 55 61
29 56 13
29 57 38
29 58 6
29 59 73
29 60 63
29 61 36
29 62 32
29 63 41
29 64 75
29 65 23
29 66 47
29 67 34
29 68 65
29 69 60
29 70 77
29 71 18
29 72 16
29 73 30
29 74 57
29 75 54
29 76 87
29 77 13
29 78 75
29 79 91
29 80 61
29 81 40
29 82 34
29 83 54
29 84 85
29 85 93
29 86 27
29 87 16
29 88 53
29 89 27
29 90 50
29 91 21
29 92 73
29 93 42
29 94 51
29 95 46
29 96 48
29 97 30
29 98 83
29 99 81
29 100 45
30 0 40
30 1 76
30 2 44
30 3 58
30 4 48
30 5 6
30 6 60
30 7 63
30 8 39
30 9 2
30 10 77
30 11 13
30 12 10
30 13 52
30 14 89
30 15 95
30 16 23
30 17 14
30 18 20
30 19 96
30 20 39
30 21 51
30 22 98
30 23 48
30 24 91
30 25 47
30 26 45
30 27 91
30 28 48
30 29 76
30 31 27
30 32 10
30 33 54
30 34 82
30 35 52
30 36 13
30 37 98
30 38 53
30 39 28
30 40 58
30 41 21
30 42 43
30 43 3
30 44 2
30 45 66
30 46 29
30 47 71
30 48 78
30 49 68
30 50 87
30 51 65
30 52 12
30 53 83
30 54 20
30 55 54
30 56 81
30 57 28
30 58 77
30 59 82
30 60 32
30 61 37
30 62 39
30 63 40
30 64 8
30 65 22
30 66 84
30 67 64
30 68 1
30 69 80
30 70 40
30 71 29
30 72 2
30 73 13
30 74 63
30 75 50
30 76 25
30 77 11
30 78 50
30 79 18
30 80 45
30 81 93
30 82 85
30 83 41
30 84 62
30 85 43
30 86 82
30 87 33
30 88 68
30 89 2
30 90 78
30 91 67
30 92 18
30 93 20
30 94 57
30 95 3
30 96 66
30 97 74
30 98 45
30 99 1
30 100 61
31 0 43
31 1 68
31 2 54
31 3 89
31 4 1
31 5 26
31 6 28
31 7 15
31 8 50
31 9 8
31 10 23
31 11 60
31 12 36
31 13 90
31 14 19
31 15 61
31 16 62
31 17 72
31 18 25
31 19 34
31 20 39
31 21 90
31 22 47
31 23 43
31 24 11
31 25 84
31 26 57
31 27 96
31 28 40
31 29 82
31 30 67
31 32 46
31 33 82
31 34 75
31 35 89
31 36 37
31 37 98
31 38 3
31 39 48
31 40 10
31 41 67
31 42 23
31 43 42
31 44 30
31 45 74
31 46 50
31 47 76
31 48 86
31 49 49
31 50 27
31 51 68
31 52 6
31 53 11
31 54 47
31 55 16
31 56 68
31 57 2
31 58 7
31 59 10
31 60 47
31 61 69
31 62 70
31 63 70
31 64 54
31 65 97
31 66 59
31 67 67
31 68 2
31 69 54
31 70 25
31 71 27
31 72 87
31 73 4
31 74 79
31 75 10
31 76 68
31 77 40
31 78 77
31 79 32
31 80 95
31 81 90
31 82 52
31 83 26
31 84 11
31 85 75
31 86 6
31 87 23
31 88 1
31 89 63
31 90 33
31 91 33
31 92 9
31 93 7
31 94 57
31 95 92
31 96 74
31 97 9
31 98 92
31 99 78
31 100 87
32 0 2
32 1 79
32 2 32
32 3 81
32 4 20
32 5 33
32 6 70
32 7 8
32 8 92
32 9 91
32 10 61
32 11 56
32 12 13
32 13 75
32 14 54
32 15 34
32 16 80
32 17 83
32 18 12
32 19 50
32 20 92
32 21 58
32 22 26
32 23 19
32 24 87
32 25 2
32 26 45
32 27 64
32 28 33
32 29 1
32 30 61
32 31 6
32 33 51
32 34 4
32 35 39
32 36 87
32 37 12
32 38 8
32 39 7
32 40 76
32 41 64
32 42 52
32 43 55
32 44 46
32 45 24
32 46 80
32 47 78
32 48 83
32 49 72
32 50 60
32 51 37
32 52 15
32 53 61
32 54 48
32 55 58
32 56 28
32 57 56
32 58 57
32 59 94
32 60 12
32 61 49
32 62 39
32 63 27
32 64 57
32 65 90
32 66 59
32 67 82
32 68 78
32 69 46
32 70 17
32 71 50
32 72 93
32 73 55
32 74 68
32 75 11
32 76 11
32 77 30
32 78 86
32 79 98
32 80 13
32 81 64
32 82 51
32 83 53
32 84 61
32 85 84
32 86 80
32 87 46
32 88 2
32 89 87
32 90 64
32 91 50
32 92 34
32 93 24
32 94 55
32 95 91
32 96 88
32 97 12
32 98 34
32 99 92
32 100 85
33 0 20
33 1 19
33 2 2
33 3 94
33 4 76
33 5 29
33 6 81
33 7 82
33 8 50
33 9 81
33 10 57
33 11 76
33 12 18
33 13 74
33 14 41
33 15 50
33 16 47
33 17 23
33 18 74
33 19 32
33 20 28
33 21 87
33 22 83
33 23 46
33 24 86
33 25 28
33 26 10
33 27 93
33 28 58
33 29 9
33 30 49
33 31 21
33 32 30
33 34 67
33 35 74
33 36 20
33 37 66
33 38 24
33 39 36
33 40 17
33 41 26
33 42 5
33 43 67
33 44 16
33 45 8
33 46 24
33 47 80
33 48 6
33 49 55
33 50 16
33 51 71
33 52 53
33 53 51
33 54 57
33 55 19
33 56 23
33 57 49
33 58 41
33 59 58
33 60 36
33 61 74
33 62 96
33 63 33
33 64 36
33 65 39
33 66 41
33 67 18
33 68 56
33 69 43
33 70 15
33 71 94
33 72 83
33 73 10
33 74 91
33 75 11
33 76 61
33 77 36
33 78 34
33 79 2
33 80 76
33 81 99
33 82 70
33 83 40
33 84 85
33 85 60
33 86 33
33 87 45
33 88 64
33 89 43
33 90 70
33 91 91
33 92 95
33 93 85
33 94 32
33 95 8
33 96 74
33 97 33
33 98 9
33 99 99
33 100 70
34 0 1
34 1 45
34 2 48
34 3 96
34 4 34
34 5 71
34 6 22
34 7 86
34 8 17
34 9 79
34 10 19
34 11 82
34 12 90
34 13 61
34 14 21
34 15 7
34 16 95
34 17 57
34 18 60
34 19 65
34 20 67
34 21 44
34 22 58
34 23 76
34 24 39
34 25 15
34 26 75
34 27 28
34 28 91
34 29 85
34 30 45
34 31 38
34 32 20
34 33 8
34 35 68
34 36 25
34 37 96
34 38 31
34 39 7
34 40 35
34 41 7
34 42 3
34 43 23
34 44 63
34 45 88
34 46 50
34 47 78
34 48 45
34 49 32
34 50 85
34 51 70
34 52 86
34 53 22
34 54 67
34 55 51
34 56 58
34 57 59
34 58 84
34 59 56
34 60 38
34 61 84
34 62 68
34 63 78
34 64 61
34 65 8
34 66 87
34 67 33
34 68 46
34 69 14
34 70 18
34 71 53
34 72 4
34 73 91
34 74 33
34 75 91
34 76 14
34 77 32
34 78 7
34 79 19
34 80 72
34 81 33
34 82 39
34 83 90
34 84 83
34 85 5
34 86 28
34 87 22
34 88 65
34 89 67
34 90 49
34 91 55
34 92 70
34 93 38
34 94 67
34 95 79
34 96 41
34 97 29
34 98 27
34 99 98
34 100 93
35 0 84
35 1 42
35 2 17
35 3 60
35 4 66
35 5 15
35 6 84
35 7 36
35 8 93
35 9 35
35 10 18
35 11 23
35 12 35
35 13 80
35 14 56
35 15 22
35 16 3
35 17 36
35 18 27
35 19 62
35 20 21
35 21 7
35 22 88
35 23 17
35 24 62
35 25 29
35 26 55
35 27 74
35 28 66
35 29 78
35 30 68
35 31 66
35 32 8
35 33 72
35 34 80
35 36 29
35 37 39
35 38 32
35 39 55
35 40 89
35 41 4
35 42 74
35 43 78
35 44 24
35 45 47
35 46 32
35 47 37
35 48 69
35 49 43
35 50 58
35 51 56
35 52 85
35 53 77
35 54 19
35 55 93
35 56 27
35 57 50
35 58 95
35 59 65
35 60 94
35 61 66
35 62 61
35 63 72
35 64 75
35 65 48
35 66 80
35 67 43
35 68 38
35 69 59
35 70 15
35 71 81
35 72 71
35 73 9
35 74 24
35 75 15
35 76 21
35 77 73
35 78 15
35 79 20
35 80 90
35 81 10
35 82 34
35 83 72
35 84 99
35 85 19
35 86 16
35 87 52
35 88 97
35 89 86
35 90 11
35 91 52
35 92 31
35 93 48
35 94 50
35 95 44
35 96 68
35 97 22
35 98 77
35 99 6
35 100 35
36 0 75
36 1 67
36 2 60
36 3 47
36 4 90
36 5 36
36 6 9
36 7 51
36 8 16
36 9 75
36 10 74
36 11 80
36 12 28
36 13 95
36 14 90
36 15 87
36 16 87
36 17 75
36 18 75
36 19 96
36 20 48
36 21 10
36 22 56
36 23 66
36 24 4
36 25 47
36 26 92
36 27 84
36 28 29
36 29 77
36 30 90
36 31 75
36 32 43
36 33 40
36 34 42
36 35 87
36 37 78
36 38 71
36 39 31
36 40 2
36 41 18
36 42 9
36 43 15
36 44 46
36 45 71
36 46 45
36 47 33
36 48 39
36 49 82
36 50 40
36 51 96
36 52 25
36 53 54
36 54 26
36 55 47
36 56 50
36 57 89
36 58 65
36 59 72
36 60 46
36 61 83
36 62 30
36 63 75
36 64 18
36 65 26
36 66 59
36 67 54
36 68 33
36 69 50
36 70 32
36 71 20
36 72 92
36 73 26
36 74 85
36 75 85
36 76 77
36 77 20
36 78 31
36 79 21
36 80 7
36 81 96
36 82 10
36 83 62
36 84 53
36 85 66
36 86 28
36 87 84
36 88 3
36 89 89
36 90 95
36 91 53
36 92 70
36 93 54
36 94 32
36 95 47
36 96 10
36 97 68
36 98 43
36 99 33
36 100 55
37 0 91
37 1 41
37 2 88
37 3 89
37 4 33
37 5 59
37 6 13
37 7 70
37 8 46
37 9 71
37 10 92
37 11 56
37 12 68
37 13 8
37 14 58
37 15 60
37 16 59
37 17 98
37 18 74
37 19 13
37 20 92
37 21 95
37 22 77
37 23 29
37 24 1
37 25 9
37 26 31
37 27 42
37 28 87
37 29 5
37 30 87
37 31 27
37 32 67
37 33 66
37 34 92
37 35 23
37 36 68
37 38 98
37 39 58
37 40 15
37 41 2
37 42 46
37 43 58
37 44 79
37 45 76
37 46 53
37 47 70
37 48 97
37 49 84
37 50 76
37 51 52
37 52 61
37 53 90
37 54 77
37 55 66
37 56 51
37 57 80
37 58 34
37 59 92
37 60 29
37 61 65
37 62 34
37 63 74
37 64 95
37 65 11
37 66 17
37 67 87
37 68 1
37 69 73
37 70 78
37 71 31
37 72 46
37 73 66
37 74 96
37 75 15
37 76 35
37 77 12
37 78 75
37 79 18
37 80 14
37 81 95
37 82 6
37 83 44
37 84 59
37 85 46
37 86 12
37 87 61
37 88 36
37 89 91
37 90 67
37 91 68
37 92 54
37 93 49
37 94 88
37 95 77
37 96 64
37 97 5
37 98 34
37 99 19
37 100 84
38 0 58
38 1 71
38 2 54
38 3 60
38 4 85
38 5 55
38 6 79
38 7 89
38 8 31
38 9 88
38 10 35
38 11 9
38 12 81
38 13 9
38 14 34
38 15 56
38 16 90
38 17 52
38 18 7
38 19 78
38 20 25
38 21 19
38 22 78
38 23 62
38 24 57
38 25 31
38 26 12
38 27 28
38 28 20
38 29 59
38 30 18
38 31 40
38 32 92
38 33 72
38 34 79
38 35 25
38 36 86
38 37 48
38 39 22
38 40 9
38 41 64
38 42 30
38 43 10
38 44 30
38 45 93
38 46 31
38 47 92
38 48 72
38 49 8
38 50 61
38 51 68
38 52 95
38 53 81
38 54 57
38 55 16
38 56 27
38 57 43
38 58 96
38 59 1
38 60 18
38 61 61
38 62 10
38 63 28
38 64 23
38 65 95
38 66 56
38 67 49
38 68 41
38 69 59
38 70 4
38 71 13
38 72 90
38 73 26
38 74 30
38 75 8
38 76 32
38 77 80
38 78 77
38 79 11
38 80 90
38 81 41
38 82 70
38 83 8
38 84 41
38 85 83
38 86 82
38 87 78
38 88 21
38 89 46
38 90 14
38 91 5
38 92 56
38 93 27
38 94 92
38 95 5
38 96 56
38 97 79
38 98 62
38 99 45
38 100 37
39 0 83
39 1 4
39 2 31
39 3 85
39 4 71
39 5 90
39 6 93
39 7 45
39 8 62
39 9 79
39 10 39
39 11 83
39 12 65
39 13 82
39 14 72
39 15 37
39 16 59
39 17 70
39 18 79
39 19 88
39 20 3
39 21 18
39 22 38
39 23 84
39 24 70
39 25 80
39 26 91
39 27 52
39 28 31
39 29 96
39 30 62
39 31 60
39 32 53
39 33 44
39 34 63
39 35 72
39 36 9
39 37 49
39 38 71
39 40 54
39 41 89
39 42 74
39 43 63
39 44 93
39 45 78
39 46 86
39 47 47
39 48 71
39 49 44
39 50 76
39 51 66
39 52 66
39 53 34
39 54 6
39 55 71
39 56 79
39 57 75
39 58 31
39 59 70
39 60 29
39 61 87
39 62 28
39 63 92
39 64 75
39 65 56
39 66 73
39 67 60
39 68 65
39 69 86
39 70 37
39 71 39
39 72 96
39 73 92
39 74 52
39 75 15
39 76 33
39 77 3
39 78 11
39 79 36
39 80 56
39 81 46
39 82 11
39 83 40
39 84 66
39 85 37
39 86 51
39 87 46
39 88 91
39 89 75
39 90 34
39 91 80
39 92 57
39 93 94
39 94 80
39 95 99
39 96 90
39 97 86
39 98 3
39 99 12
39 100 44
40 0 66
40 1 82
40 2 28
40 3 7
40 4 22
40 5 95
40 6 19
40 7 67
40 8 81
40 9 68
40 10 32
40 11 38
40 12 90
40 13 1
40 14 5
40 15 60
40 16 70
40 17 21
40 18 72
40 19 57
40 20 7
40 21 80
40 22 29
40 23 75
40 24 80
40 25 9
40 26 78
40 27 89
40 28 15
40 29 52
40 30 66
40 31 67
40 32 44
40 33 32
40 34 74
40 35 73
40 36 15
40 37 90
40 38 30
40 39 84
40 41 23
40 42 90
40 43 77
40 44 26
40 45 32
40 46 77
40 47 58
40 48 17
40 49 6
40 50 72
40 51 85
40 52 55
40 53 1
40 54 49
40 55 7
40 56 28
40 57 38
40 58 79
40 59 62
40 60 71
40 61 79
40 62 98
40 63 13
40 64 27
40 65 59
40 66 39
40 67 65
40 68 85
40 69 22
40 70 26
40 71 16
40 72 69
40 73 58
40 74 71
40 75 43
40 76 61
40 77 79
40 78 83
40 79 16
40 80 1
40 81 18
40 82 85
40 83 28
40 84 70
40 85 54
40 86 75
40 87 22
40 88 6
40 89 21
40 90 12
40 91 70
40 92 38
40 93 93
40 94 42
40 95 18
40 96 92
40 97 33
40 98 35
40 99 91
40 100 65
41 0 68
41 1 18
41 2 51
41 3 51
41 4 92
41 5 43
41 6 50
41 7 27
41 8 62
41 9 40
41 10 14
41 11 92
41 12 81
41 13 86
41 14 97
41 15 72
41 16 72
41 17 87
41 18 2
41 19 74
41 20 58
41 21 92
41 22 99
41 23 69
41 24 95
41 25 78
41 26 14
41 27 98
41 28 51
41 29 84
41 30 69
41 31 12
41 32 10
41 33 7
41 34 46
41 35 82
41 36 3
41 37 17
41 38 4
41 39 35
41 40 36
41 42 42
41 43 73
41 44 82
41 45 43
41 46 20
41 47 45
41 48 47
41 49 92
41 50 98
41 51 57
41 52 83
41 53 25
41 54 46
41 55 98
41 56 54
41 57 86
41 58 73
41 59 30
41 60 49
41 61 64
41 62 76
41 63 90
41 64 14
41 65 16
41 66 84
41 67 26
41 68 75
41 69 43
41 70 48
41 71 19
41 72 19
41 73 47
41 74 86
41 75 46
41 76 66
41 77 91
41 78 53
41 79 56
41 80 62
41 81 90
41 82 55
41 83 28
41 84 78
41 85 49
41 86 38
41 87 11
41 88 57
41 89 40
41 90 82
41 91 64
41 92 32
41 93 84
41 94 50
41 95 85
41 96 7
41 97 53
41 98 53
41 99 77
41 100 36
42 0 99
42 1 76
42 2 42
42 3 12
42 4 32
42 5 4
42 6 14
42 7 87
42 8 60
42 9 20
42 10 64
42 11 15
42 12 48
42 13 96
42 14 28
42 15 56
42 16 96
42 17 23
42 18 96
42 19 9
42 20 20
42 21 5
42 22 44
42 23 29
42 24 79
42 25 18
42 26 79
42 27 76
42 28 86
42 29 81
42 30 25
42 31 86
42 32 19
42 33 40
42 34 88
42 35 42
42 36 2
42 37 68
42 38 81
42 39 95
42 40 66
42 41 22
42 43 9
42 44 74
42 45 16
42 46 29
42 47 44
42 48 80
42 49 74
42 50 38
42 51 74
42 52 27
42 53 77
42 54 39
42 55 1
42 56 83
42 57 47
42 58 86
42 59 49
42 60 64
42 61 68
42 62 40
42 63 62
42 64 15
42 65 64
42 66 14
42 67 24
42 68 12
42 69 26
42 70 65
42 71 36
42 72 76
42 73 31
42 74 49
42 75 67
42 76 4
42 77 8
42 78 53
42 79 58
42 80 52
42 81 89
42 82 64
42 83 13
42 84 59
42 85 55
42 86 91
42 87 75
42 88 27
42 89 80
42 90 74
42 91 89
42 92 45
42 93 88
42 94 70
42 95 42
42 96 98
42 97 57
42 98 99
42 99 5
42 100 63
43 0 90
43 1 75
43 2 73
43 3 77
43 4 97
43 5 24
43 6 79
43 7 12
43 8 51
43 9 89
43 10 94
43 11 78
43 12 58
43 13 49
43 14 62
43 15 58
43 16 30
43 17 31
43 18 12
43 19 35
43 20 15
43 21 8
43 22 69
43 23 53
43 24 16
43 25 32
43 26 27
43 27 37
43 28 7
43 29 43
43 30 67
43 31 48
43 32 70
43 33 72
43 34 65
43 35 93
43 36 73
43 37 26
43 38 23
43 39 62
43 40 67
43 41 59
43 42 53
43 44 69
43 45 26
43 46 93
43 47 62
43 48 65
43 49 78
43 50 41
43 51 73
43 52 26
43 53 48
43 54 97
43 55 50
43 56 58
43 57 84
43 58 4
43 59 64
43 60 63
43 61 15
43 62 76
43 63 9
43 64 73
43 65 34
43 66 59
43 67 36
43 68 73
43 69 15
43 70 62
43 71 16
43 72 14
43 73 38
43 74 30
43 75 55
43 76 74
43 77 81
43 78 94
43 79 49
43 80 27
43 81 7
43 82 3
43 83 73
43 84 8
43 85 52
43 86 73
43 87 8
43 88 87
43 89 76
43 90 83
43 91 29
43 92 23
43 93 75
43 94 58
43 95 37
43 96 77
43 97 92
43 98 86
43 99 65
43 100 75
44 0 41
44 1 75
44 2 42
44 3 40
44 4 21
44 5 62
44 6 91
44 7 53
44 8 53
44 9 19
44 10 17
44 11 22
44 12 95
44 13 11
44 14 8
44 15 99
44 16 90
44 17 88
44 18 82
44 19 28
44 20 73
44 21 72
44 22 20
44 23 55
44 24 57
44 25 23
44 26 68
44 27 95
44 28 77
44 29 31
44 30 35
44 31 38
44 32 13
44 33 7
44 34 89
44 35 85
44 36 99
44 37 55
44 38 51
44 39 21
44 40 83
44 41 74
44 42 13
44 43 14
44 45 95
44 46 56
44 47 98
44 48 58
44 49 84
44 50 30
44 51 39
44 52 21
44 53 90
44 54 23
44 55 26
44 56 51
44 57 6
44 58 46
44 59 6
44 60 6
44 61 44
44 62 2
44 63 10
44 64 62
44 65 51
44 66 93
44 67 14
44 68 88
44 69 17
44 70 8
44 71 53
44 72 95
44 73 65
44 74 25
44 75 41
44 76 69
44 77 85
44 78 44
44 79 30
44 80 59
44 81 96
44 82 95
44 83 53
44 84 33
44 85 19
44 86 54
44 87 40
44 88 7
44 89 9
44 90 16
44 91 84
44 92 31
44 93 86
44 94 64
44 95 96
44 96 32
44 97 53
44 98 21
44 99 98
44 100 36
45 0 34
45 1 81
45 2 57
45 3 60
45 4 78
45 5 86
45 6 17
45 7 70
45 8 92
45 9 51
45 10 1
45 11 31
45 12 64
45 13 85
45 14 85
45 15 37
45 16 82
45 17 76
45 18 49
45 19 34
45 20 21
45 21 73
45 22 2
45 23 14
45 24 68
45 25 94
45 26 37
45 27 31
45 28 34
45 29 9
45 30 79
45 31 33
45 32 29
45 33 49
45 34 25
45 35 52
45 36 46
45 37 10
45 38 19
45 39 2
45 40 23
45 41 50
45 42 63
45 43 54
45 44 21
45 46 80
45 47 94
45 48 21
45 49 95
45 50 25
45 51 47
45 52 27
45 53 84
45 54 61
45 55 16
45 56 96
45 57 69
45 58 23
45 59 45
45 60 18
45 61 47
45 62 97
45 63 56
45 64 42
45 65 85
45 66 34
45 67 10
45 68 59
45 69 24
45 70 51
45 71 92
45 72 63
45 73 37
45 74 8
45 75 30
45 76 53
45 77 14
45 78 45
45 79 16
45 80 29
45 81 71
45 82 46
45 83 85
45 84 68
45 85 5
45 86 97
45 87 7
45 88 11
45 89 99
45 90 98
45 91 16
45 92 53
45 93 95
45 94 62
45 95 16
45 96 3
45 97 14
45 98 38
45 99 5
45 100 79
46 0 58
46 1 87
46 2 44
46 3 43
46 4 7
46 5 67
46 6 4
46 7 68
46 8 62
46 9 91
46 10 3
46 11 77
46 12 25
46 13 79
46 14 92
46 15 47
46 16 20
46 17 57
46 18 85
46 19 4
46 20 15
46 21 6
46 22 79
46 23 85
46 24 62
46 25 18
46 26 70
46 27 55
46 28 5
46 29 71
46 30 97
46 31 17
46 32 76
46 33 43
46 34 76
46 35 25
46 36 48
46 37 86
46 38 57
46 39 10
46 40 44
46 41 58
46 42 84
46 43 3
46 44 82
46 45 13
46 47 92
46 48 89
46 49 96
46 50 75
46 51 32
46 52 45
46 53 55
46 54 33
46 55 56
46 56 57
46 57 34
46 58 32
46 59 58
46 60 87
46 61 3
46 62 44
46 63 69
46 64 40
46 65 75
46 66 70
46 67 32
46 68 93
46 69 80
46 70 94
46 71 13
46 72 89
46 73 46
46 74 93
46 75 42
46 76 46
46 77 4
46 78 11
46 79 72
46 80 39
46 81 56
46 82 11
46 83 18
46 84 85
46 85 90
46 86 96
46 87 93
46 88 19
46 89 98
46 90 52
46 91 72
46 92 75
46 93 23
46 94 31
46 95 54
46 96 9
46 97 71
46 98 56
46 99 88
46 100 19
47 0 39
47 1 29
47 2 14
47 3 61
47 4 55
47 5 32
47 6 40
47 7 94
47 8 50
47 9 75
47 10 69
47 11 10
47 12 20
47 13 11
47 14 17
47 15 57
47 16 96
47 17 14
47 18 22
47 19 4
47 20 93
47 21 43
47 22 6
47 23 63
47 24 53
47 25 44
47 26 57
47 27 30
47 28 93
47 29 71
47 30 6
47 31 17
47 32 4
47 33 69
47 34 29
47 35 79
47 36 61
47 37 4
47 38 86
47 39 52
47 40 66
47 41 41
47 42 10
47 43 4
47 44 2
47 45 49
47 46 53
47 48 60
47 49 88
47 50 78
47 51 91
47 52 96
47 53 51
47 54 73
47 55 69
47 56 8
47 57 32
47 58 71
47 59 81
47 60 36
47 61 37
47 62 43
47 63 16
47 64 57
47 65 46
47 66 29
47 67 46
47 68 40
47 69 21
47 70 42
47 71 63
47 72 93
47 73 64
47 74 48
47 75 86
47 76 66
47 77 48
47 78 52
47 79 20
47 80 98
47 81 55
47 82 30
47 83 4
47 84 26
47 85 96
47 86 30
47 87 54
47 88 40
47 89 98
47 90 58
47 91 87
47 92 90
47 93 22
47 94 30
47 95 98
47 96 7
47 97 21
47 98 23
47 99 7
47 100 70
48 0 72
48 1 16
48 2 73
48 3 8
48 4 14
48 5 76
48 6 97
48 7 23
48 8 44
48 9 29
48 10 28
48 11 93
48 12 19
48 13 92
48 14 48
48 15 3
48 16 61
48 17 37
48 18 81
48 19 44
48 20 90
48 21 93
48 22 94
48 23 76
48 24 99
48 25 78
48 26 94
48 27 21
48 28 17
48 29 36
48 30 99
48 31 42
48 32 6
48 33 75
48 34 27
48 35 91
48 36 92
48 37 82
48 38 76
48 39 26
48 40 52
48 41 29
48 42 71
48 43 4
48 44 4
48 45 30
48 46 49
48 47 31
48 49 47
48 50 82
48 51 61
48 52 31
48 53 60
48 54 38
48 55 2
48 56 81
48 57 6
48 58 1
48 59 33
48 60 72
48 61 93
48 62 95
48 63 18
48 64 99
48 65 25
48 66 25
48 67 61
48 68 40
48 69 89
48 70 56
48 71 86
48 72 10
48 73 70
48 74 45
48 75 62
48 76 77
48 77 54
48 78 85
48 79 42
48 80 53
48 81 47
48 82 74
48 83 81
48 84 28
48 85 48
48 86 23
48 87 48
48 88 63
48 89 98
48 90 63
48 91 56
48 92 91
48 93 90
48 94 62
48 95 54
48 96 60
48 97 25
48 98 10
48 99 2
48 100 42
49 0 67
49 1 65
49 2 32
49 3 52
49 4 11
49 5 73
49 6 46
49 7 8
49 8 70
49 9 19
49 10 50
49 11 68
49 12 21
49 13 21
49 14 27
49 15 63
49 16 64
49 17 53
49 18 75
49 19 99
49 20 48
49 21 54
49 22 50
49 23 23
49 24 10
49 25 76
49 26 49
49 27 84
49 28 37
49 29 95
49 30 4
49 31 62
49 32 75
49 33 53
49 34 93
49 35 79
49 36 18
49 37 19
49 38 78
49 39 54
49 40 36
49 41 54
49 42 35
49 43 39
49 44 50
49 45 68
49 46 95
49 47 64
49 48 75
49 50 43
49 51 57
49 52 18
49 53 26
49 54 53
49 55 86
49 56 93
49 57 34
49 58 54
49 59 58
49 60 17
49 61 45
49 62 98
49 63 68
49 64 5
49 65 87
49 66 90
49 67 81
49 68 97
49 69 43
49 70 96
49 71 9
49 72 81
49 73 9
49 74 30
49 75 10
49 76 71
49 77 62
49 78 89
49 79 77
49 80 14
49 81 81
49 82 17
49 83 34
49 84 30
49 85 37
49 86 86
49 87 24
49 88 42
49 89 89
49 90 67
49 91 30
49 92 95
49 93 65
49 94 38
49 95 76
49 96 59
49 97 18
49 98 43
49 99 11
49 100 80
50 0 72
50 1 84
50 2 47
50 3 80
50 4 17
50 5 55
50 6 58
50 7 17
50 8 27
50 9 69
50 10 88
50 11 24
50 12 4
50 13 11
50 14 73
50 15 8
50 16 35
50 17 16
50 18 24
50 19 75
50 20 43
50 21 82
50 22 60
50 23 29
50 24 75
50 25 58
50 26 10
50 27 9
50 28 51
50 29 83
50 30 15
50 31 63
50 32 52
50 33 6
50 34 9
50 35 31
50 36 49
50 37 22
50 38 61
50 39 34
50 40 41
50 41 50
50 42 95
50 43 92
50 44 68
50 45 64
50 46 50
50 47 20
50 48 57
50 49 44
50 51 17
50 52 82
50 53 75
50 54 35
50 55 44
50 56 17
50 57 51
50 58 81
50 59 22
50 60 27
50 61 12
50 62 74
50 63 18
50 64 43
50 65 22
50 66 94
50 67 79
50 68 70
50 69 6
50 70 47
50 71 8
50 72 12
50 73 17
50 74 59
50 75 87
50 76 91
50 77 25
50 78 58
50 79 58
50 80 38
50 81 78
50 82 66
50 83 32
50 84 47
50 85 39
50 86 92
50 87 66
50 88 63
50 89 15
50 90 95
50 91 87
50 92 69
50 93 1
50 94 9
50 95 49
50 96 34
50 97 3
50 98 33
50 99 62
50 100 59
51 0 57
51 1 1
51 2 72
51 3 43
51 4 93
51 5 12
51 6 8
51 7 68
51 8 36
51 9 94
51 10 93
51 11 56
51 12 94
51 13 40
51 14 93
51 15 90
51 16 3
51 17 37
51 18 25
51 19 72
51 20 23
51 21 3
51 22 49
51 23 29
51 24 15
51 25 10
51 26 30
51 27 15
51 28 88
51 29 59
51 30 12
51 31 9
51 32 2
51 33 73
51 34 33
51 35 89
51 36 63
51 37 57
51 38 70
51 39 84
51 40 34
51 41 32
51 42 46
51 43 5
51 44 32
51 45 90
51 46 1
51 47 10
51 48 83
51 49 23
51 50 43
51 52 49
51 53 53
51 54 53
51 55 1
51 56 28
51 57 55
51 58 59
51 59 86
51 60 49
51 61 39
51 62 46
51 63 34
51 64 20
51 65 32
51 66 4
51 67 72
51 68 22
51 69 13
51 70 9
51 71 53
51 72 79
51 73 58
51 74 84
51 75 25
51 76 30
51 77 83
51 78 25
51 79 83
51 80 52
51 81 15
51 82 77
51 83 84
51 84 82
51 85 67
51 86 82
51 87 17
51 88 73
51 89 99
51 90 26
51 91 27
51 92 22
51 93 86
51 94 9
51 95 2
51 96 15
51 97 6
51 98 63
51 99 31
51 100 75
52 0 57
52 1 39
52 2 65
52 3 94
52 4 10
52 5 95
52 6 67
52 7 53
52 8 62
52 9 82
52 10 71
52 11 63
52 12 26
52 13 28
52 14 78
52 15 9
52 16 44
52 17 78
52 18 38
52 19 18
52 20 53
52 21 84
52 22 88
52 23 41
52 24 94
52 25 31
52 26 53
52 27 62
52 28 99
52 29 23
52 30 49
52 31 6
52 32 26
52 33 15
52 34 29
52 35 2
52 36 94
52 37 6
52 38 26
52 39 48
52 40 12
52 41 41
52 42 67
52 43 77
52 44 39
52 45 87
52 46 24
52 47 80
52 48 58
52 49 41
52 50 52
52 51 60
52 53 25
52 54 54
52 55 84
52 56 95
52 57 28
52 58 17
52 59 2
52 60 98
52 61 81
52 62 75
52 63 61
52 64 40
52 65 10
52 66 46
52 67 46
52 68 21
52 69 11
52 70 53
52 71 76
52 72 90
52 73 13
52 74 86
52 75 86
52 76 1
52 77 30
52 78 2
52 79 36
52 80 74
52 81 48
52 82 71
52 83 41
52 84 39
52 85 69
52 86 35
52 87 70
52 88 68
52 89 63
52 90 24
52 91 60
52 92 46
52 93 12
52 94 1
52 95 51
52 96 72
52 97 98
52 98 11
52 99 30
52 100 31
53 0 40
53 1 82
53 2 47
53 3 66
53 4 45
53 5 68
53 6 77
53 7 67
53 8 73
53 9 44
53 10 63
53 11 71
53 12 38
53 13 18
53 14 3
53 15 3
53 16 72
53 17 94
53 18 4
53 19 97
53 20 65
53 21 8
53 22 83
53 23 53
53 24 53
53 25 52
53 26 90
53 27 19
53 28 27
53 29 14
53 30 79
53 31 43
53 32 87
53 33 69
53 34 52
53 35 3
53 36 4
53 37 31
53 38 29
53 39 28
53 40 57
53 41 74
53 42 54
53 43 3
53 44 88
53 45 52
53 46 66
53 47 37
53 48 14
53 49 75
53 50 51
53 51 71
53 52 86
53 54 22
53 55 96
53 56 85
53 57 14
53 58 56
53 59 51
53 60 1
53 61 8
53 62 99
53 63 77
53 64 62
53 65 19
53 66 26
53 67 91
53 68 20
53 69 78
53 70 7
53 71 78
53 72 3
53 73 18
53 74 61
53 75 97
53 76 29
53 77 97
53 78 49
53 79 85
53 80 98
53 81 38
53 82 26
53 83 30
53 84 29
53 85 43
53 86 81
53 87 1
53 88 43
53 89 14
53 90 95
53 91 65
53 92 79
53 93 17
53 94 20
53 95 4
53 96 83
53 97 32
53 98 98
53 99 55
53 100 62
54 0 84
54 1 21
54 2 66
54 3 44
54 4 78
54 5 90
54 6 72
54 7 91
54 8 3
54 9 31
54 10 81
54 11 25
54 12 52
54 13 8
54 14 97
54 15 35
54 16 59
54 17 95
54 18 73
54 19 2
54 20 38
54 21 77
54 22 48
54 23 4
54 24 27
54 25 7
54 26 53
54 27 14
54 28 52
54 29 82
54 30 96
54 31 79
54 32 64
54 33 8
54 34 55
54 35 62
54 36 43
54 37 42
54 38 68
54 39 65
54 40 28
54 41 41
54 42 26
54 43 84
54 44 92
54 45 41
54 46 81
54 47 10
54 48 35
54 49 2
54 50 64
54 51 1
54 52 95
54 53 94
54 55 64
54 56 13
54 57 48
54 58 71
54 59 92
54 60 59
54 61 20
54 62 38
54 63 35
54 64 25
54 65 11
54 66 89
54 67 34
54 68 84
54 69 57
54 70 92
54 71 88
54 72 12
54 73 56
54 74 38
54 75 73
54 76 82
54 77 72
54 78 25
54 79 70
54 80 30
54 81 56
54 82 13
54 83 89
54 84 17
54 85 60
54 86 46
54 87 95
54 88 59
54 89 79
54 90 61
54 91 32
54 92 82
54 93 93
54 94 26
54 95 98
54 96 66
54 97 89
54 98 17
54 99 52
54 100 30
55 0 21
55 1 10
55 2 66
55 3 84
55 4 83
55 5 54
55 6 76
55 7 46
55 8 4
55 9 7
55 10 44
55 11 49
55 12 64
55 13 66
55 14 99
55 15 58
55 16 58
55 17 72
55 18 40
55 19 11
55 20 67
55 21 22
55 22 5
55 23 9
55 24 66
55 25 30
55 26 53
55 27 28
55 28 29
55 29 2
55 30 65
55 31 33
55 32 51
55 33 1
55 34 22
55 35 42
55 36 85
55 37 3
55 38 29
55 39 92
55 40 33
55 41 50
55 42 55
55 43 97
55 44 62
55 45 81
55 46 71
55 47 4
55 48 16
55 49 96
55 50 67
55 51 51
55 52 62
55 53 67
55 54 2
55 56 20
55 57 75
55 58 84
55 59 9
55 60 21
55 61 31
55 62 56
55 63 58
55 64 27
55 65 4
55 66 32
55 67 44
55 68 58
55 69 37
55 70 41
55 71 63
55 72 49
55 73 25
55 74 19
55 75 10
55 76 21
55 77 72
55 78 41
55 79 89
55 80 50
55 81 26
55 82 21
55 83 97
55 84 60
55 85 86
55 86 92
55 87 36
55 88 21
55 89 46
55 90 10
55 91 57
55 92 7
55 93 77
55 94 55
55 95 85
55 96 11
55 97 95
55 98 76
55 99 17
55 100 70
56 0 82
56 1 46
56 2 22
56 3 81
56 4 46
56 5 17
56 6 91
56 7 68
56 8 71
56 9 52
56 10 64
56 11 22
56 12 13
56 13 56
56 14 63
56 15 46
56 16 21
56 17 65
56 18 96
56 19 18
56 20 46
56 21 2
56 22 14
56 23 30
56 24 40
56 25 2
56 26 13
56 27 72
56 28 22
56 29 72
56 30 59
56 31 20
56 32 67
56 33 10
56 34 62
56 35 33
56 36 78
56 37 37
56 38 28
56 39 98
56 40 3
56 41 99
56 42 94
56 43 98
56 44 37
56 45 26
56 46 91
56 47 19
56 48 76
56 49 92
56 50 51
56 51 62
56 52 35
56 53 62
56 54 44
56 55 60
56 57 15
56 58 83
56 59 69
56 60 68
56 61 76
56 62 44
56 63 34
56 64 41
56 65 33
56 66 99
56 67 17
56 68 86
56 69 2
56 70 11
56 71 17
56 72 65
56 73 94
56 74 92
56 75 34
56 76 5
56 77 39
56 78 43
56 79 66
56 80 2
56 81 6
56 82 16
56 83 39
56 84 56
56 85 79
56 86 46
56 87 99
56 88 39
56 89 30
56 90 23
56 91 3
56 92 31
56 93 88
56 94 43
56 95 22
56 96 76
56 97 79
56 98 75
56 99 3
56 100 11
57 0 40
57 1 6
57 2 78
57 3 84
57 4 40
57 5 92
57 6 58
57 7 86
57 8 7
57 9 7
57 10 77
57 11 98
57 12 98
57 13 15
57 14 7
57 15 26
57 16 40
57 17 79
57 18 56
57 19 6
57 20 90
57 21 10
57 22 50
57 23 26
57 24 40
57 25 98
57 26 28
57 27 14
57 28 23
57 29 54
57 30 26
57 31 54
57 32 44
57 33 6
57 34 32
57 35 88
57 36 8
57 37 91
57 38 65
57 39 84
57 40 52
57 41 84
57 42 50
57 43 94
57 44 7
57 45 24
57 46 3
57 47 51
57 48 96
57 49 64
57 50 83
57 51 81
57 52 65
57 53 90
57 54 9
57 55 14
57 56 9
57 58 72
57 59 66
57 60 99
57 61 91
57 62 50
57 63 24
57 64 6
57 65 36
57 66 24
57 67 48
57 68 17
57 69 56
57 70 2
57 71 67
57 72 57
57 73 89
57 74 14
57 75 35
57 76 60
57 77 71
57 78 33
57 79 9
57 80 11
57 81 94
57 82 24
57 83 52
57 84 32
57 85 55
57 86 71
57 87 25
57 88 77
57 89 70
57 90 65
57 91 2
57 92 67
57 93 33
57 94 55
57 95 88
57 96 29
57 97 51
57 98 33
57 99 48
57 100 26
58 0 2
58 1 6
58 2 79
58 3 6
58 4 15
58 5 30
58 6 98
58 7 36
58 8 41
58 9 21
58 10 65
58 11 60
58 12 43
58 13 96
58 14 33
58 15 49
58 16 58
58 17 47
58 18 19
58 19 27
58 20 48
58 21 61
58 22 99
58 23 94
58 24 45
58 25 23
58 26 3
58 27 81
58 28 31
58 29 2
58 30 85
58 31 91
58 32 74
58 33 69
58 34 93
58 35 30
58 36 93
58 37 79
58 38 95
58 39 15
58 40 13
58 41 17
58 42 1
58 43 84
58 44 52
58 45 85
58 46 14
58 47 89
58 48 13
58 49 23
58 50 71
58 51 90
58 52 91
58 53 34
58 54 86
58 55 20
58 56 59
58 57 32
58 59 86
58 60 78
58 61 90
58 62 94
58 63 56
58 64 93
58 65 44
58 66 48
58 67 91
58 68 77
58 69 43
58 70 58
58 71 80
58 72 71
58 73 7
58 74 45
58 75 99
58 76 45
58 77 37
58 78 16
58 79 19
58 80 1
58 81 23
58 82 47
58 83 44
58 84 84
58 85 79
58 86 25
58 87 58
58 88 4
58 89 10
58 90 54
58 91 26
58 92 43
58 93 51
58 94 54
58 95 25
58 96 59
58 97 25
58 98 38
58 99 8
58 100 25
59 0 41
59 1 31
59 2 44
59 3 86
59 4 24
59 5 85
59 6 65
59 7 24
59 8 86
59 9 90
59 10 99
59 11 45
59 12 26
59 13 38
59 14 41
59 15 82
59 16 73
59 17 33
59 18 60
59 19 6
59 20 59
59 21 67
59 22 40
59 23 93
59 24 1
59 25 1
59 26 23
59 27 24
59 28 59
59 29 44
59 30 66
59 31 39
59 32 76
59 33 61
59 34 68
59 35 38
59 36 47
59 37 86
59 38 51
59 39 19
59 40 41
59 41 5
59 42 33
59 43 17
59 44 99
59 45 98
59 46 60
59 47 14
59 48 15
59 49 39
59 50 62
59 51 65
59 52 26
59 53 13
59 54 87
59 55 83
59 56 43
59 57 15
59 58 26
59 60 29
59 61 26
59 62 64
59 63 94
59 64 24
59 65 20
59 66 93
59 67 54
59 68 70
59 69 30
59 70 15
59 71 31
59 72 53
59 73 7
59 74 89
59 75 15
59 76 16
59 77 57
59 78 19
59 79 48
59 80 73
59 81 36
59 82 11
59 83 41
59 84 56
59 85 79
59 86 30
59 87 91
59 88 59
59 89 53
59 90 11
59 91 84
59 92 34
59 93 67
59 94 42
59 95 67
59 96 55
59 97 51
59 98 15
59 99 78
59 100 73
60 0 38
60 1 20
60 2 31
60 3 81
60 4 68
60 5 84
60 6 31
60 7 19
60 8 53
60 9 38
60 10 68
60 11 99
60 12 76
60 13 44
60 14 34
60 15 18
60 16 8
60 17 61
60 18 59
60 19 68
60 20 7
60 21 94
60 22 94
60 23 25
60 24 7
60 25 38
60 26 66
60 27 73
60 28 42
60 29 86
60 30 43
60 31 32
60 32 98
60 33 88
60 34 12
60 35 56
60 36 74
60 37 16
60 38 16
60 39 82
60 40 76
60 41 81
60 42 79
60 43 89
60 44 15
60 45 30
60 46 79
60 47 22
60 48 78
60 49 96
60 50 93
60 51 19
60 52 75
60 53 68
60 54 90
60 55 93
60 56 39
60 57 31
60 58 9
60 59 6
60 61 82
60 62 32
60 63 94
60 64 85
60 65 80
60 66 95
60 67 47
60 68 84
60 69 10
60 70 55
60 71 46
60 72 71
60 73 20
60 74 4
60 75 3
60 76 99
60 77 96
60 78 3
60 79 72
60 80 20
60 81 78
60 82 31
60 83 88
60 84 98
60 85 44
60 86 77
60 87 28
60 88 6
60 89 49
60 90 36
60 91 62
60 92 21
60 93 72
60 94 18
60 95 5
60 96 88
60 97 39
60 98 56
60 99 86
60 100 55
61 0 53
61 1 60
61 2 11
61 3 44
61 4 37
61 5 53
61 6 8
61 7 11
61 8 96
61 9 22
61 10 50
61 11 24
61 12 99
61 13 40
61 14 28
61 15 48
61 16 23
61 17 33
61 18 27
61 19 73
61 20 38
61 21 74
61 22 62
61 23 8
61 24 94
61 25 8
61 26 75
61 27 50
61 28 91
61 29 7
61 30 76
61 31 76
61 32 3
61 33 69
61 34 15
61 35 8
61 36 35
61 37 12
61 38 14
61 39 23
61 40 61
61 41 73
61 42 78
61 43 64
61 44 27
61 45 5
61 46 10
61 47 10
61 48 71
61 49 70
61 50 52
61 51 3
61 52 71
61 53 31
61 54 4
61 55 28
61 56 33
61 57 21
61 58 77
61 59 28
61 60 86
61 62 51
61 63 20
61 64 19
61 65 33
61 66 79
61 67 14
61 68 26
61 69 46
61 70 40
61 71 1
61 72 93
61 73 30
61 74 55
61 75 36
61 76 24
61 77 77
61 78 84
61 79 4
61 80 52
61 81 26
61 82 51
61 83 48
61 84 46
61 85 46
61 86 51
61 87 84
61 88 35
61 89 81
61 90 14
61 91 45
61 92 22
61 93 98
61 94 49
61 95 94
61 96 27
61 97 4
61 98 88
61 99 61
61 100 25
62 0 39
62 1 16
62 2 12
62 3 6
62 4 89
62 5 75
62 6 41
62 7 16
62 8 5
62 9 86
62 10 80
62 11 36
62 12 66
62 13 43
62 14 12
62 15 13
62 16 88
62 17 60
62 18 8
62 19 75
62 20 28
62 21 81
62 22 58
62 23 3
62 24 75
62 25 62
62 26 5
62 27 32
62 28 38
62 29 58
62 30 96
62 31 90
62 32 41
62 33 65
62 34 26
62 35 59
62 36 19
62 37 34
62 38 81
62 39 54
62 40 60
62 41 46
62 42 34
62 43 72
62 44 61
62 45 84
62 46 23
62 47 78
62 48 37
62 49 63
62 50 87
62 51 21
62 52 26
62 53 60
62 54 23
62 55 96
62 56 28
62 57 53
62 58 86
62 59 92
62 60 58
62 61 65
62 63 77
62 64 80
62 65 66
62 66 13
62 67 14
62 68 14
62 69 1
62 70 76
62 71 10
62 72 5
62 73 5
62 74 90
62 75 90
62 76 5
62 77 55
62 78 52
62 79 93
62 80 21
62 81 21
62 82 18
62 83 84
62 84 6
62 85 89
62 86 56
62 87 74
62 88 61
62 89 48
62 90 59
62 91 35
62 92 28
62 93 77
62 94 11
62 95 79
62 96 30
62 97 62
62 98 45
62 99 50
62 100 39
63 0 33
63 1 10
63 2 53
63 3 34
63 4 30
63 5 97
63 6 61
63 7 68
63 8 14
63 9 65
63 10 35
63 11 31
63 12 56
63 13 64
63 14 80
63 15 31
63 16 52
63 17 26
63 18 58
63 19 80
63 20 25
63 21 31
63 22 4
63 23 88
63 24 69
63 25 16
63 26 51
63 27 54
63 28 7
63 29 70
63 30 33
63 31 63
63 32 41
63 33 99
63 34 5
63 35 14
63 36 36
63 37 57
63 38 97
63 39 83
63 40 41
63 41 28
63 42 89
63 43 84
63 44 96
63 45 95
63 46 83
63 47 98
63 48 31
63 49 54
63 50 55
63 51 27
63 52 88
63 53 97
63 54 82
63 55 22
63 56 39
63 57 29
63 58 2
63 59 40
63 60 25
63 61 17
63 62 20
63 64 80
63 65 16
63 66 10
63 67 26
63 68 57
63 69 29
63 70 91
63 71 84
63 72 37
63 73 67
63 74 17
63 75 11
63 76 33
63 77 41
63 78 73
63 79 46
63 80 81
63 81 4
63 82 70
63 83 20
63 84 16
63 85 40
63 86 86
63 87 93
63 88 55
63 89 25
63 90 53
63 91 92
63 92 51
63 93 8
63 94 23
63 95 64
63 96 51
63 97 11
63 98 87
63 99 74
63 100 79
64 0 42
64 1 37
64 2 45
64 3 22
64 4 25
64 5 23
64 6 56
64 7 17
64 8 82
64 9 5
64 10 39
64 11 76
64 12 80
64 13 28
64 14 29
64 15 11
64 16 52
64 17 41
64 18 55
64 19 10
64 20 92
64 21 74
64 22 9
64 23 61
64 24 6
64 25 78
64 26 45
64 27 79
64 28 96
64 29 22
64 30 84
64 31 50
64 32 66
64 33 81
64 34 57
64 35 78
64 36 68
64 37 71
64 38 81
64 39 80
64 40 72
64 41 69
64 42 58
64 43 55
64 44 57
64 45 74
64 46 69
64 47 26
64 48 86
64 49 30
64 50 88
64 51 75
64 52 4
64 53 29
64 54 34
64 55 96
64 56 20
64 57 38
64 58 41
64 59 83
64 60 6
64 61 27
64 62 84
64 63 79
64 65 99
64 66 26
64 67 86
64 68 42
64 69 56
64 70 60
64 71 86
64 72 85
64 73 52
64 74 18
64 75 22
64 76 31
64 77 24
64 78 58
64 79 16
64 80 1
64 81 10
64 82 51
64 83 22
64 84 51
64 85 59
64 86 40
64 87 37
64 88 71
64 89 11
64 90 2
64 91 2
64 92 72
64 93 52
64 94 58
64 95 52
64 96 59
64 97 19
64 98 36
64 99 95
64 100 44
65 0 98
65 1 50
65 2 39
65 3 69
65 4 10
65 5 76
65 6 7
65 7 56
65 8 75
65 9 15
65 10 14
65 11 21
65 12 84
65 13 53
65 14 17
65 15 1
65 16 94
65 17 52
65 18 55
65 19 85
65 20 78
65 21 22
65 22 35
65 23 41
65 24 91
65 25 53
65 26 32
65 27 64
65 28 33
65 29 49
65 30 68
65 31 13
65 32 96
65 33 98
65 34 69
65 35 55
65 36 85
65 37 49
65 38 50
65 39 35
65 40 37
65 41 38
65 42 34
65 43 77
65 44 82
65 45 85
65 46 74
65 47 60
65 48 81
65 49 39
65 50 18
65 51 61
65 52 88
65 53 62
65 54 11
65 55 73
65 56 77
65 57 83
65 58 22
65 59 62
65 60 36
65 61 46
65 62 58
65 63 91
65 64 89
65 66 52
65 67 52
65 68 48
65 69 45
65 70 57
65 71 43
65 72 59
65 73 91
65 74 84
65 75 86
65 76 69
65 77 5
65 78 63
65 79 93
65 80 29
65 81 11
65 82 57
65 83 81
65 84 25
65 85 46
65 86 60
65 87 56
65 88 9
65 89 41
65 90 22
65 91 33
65 92 31
65 93 33
65 94 56
65 95 52
65 96 86
65 97 28
65 98 70
65 99 68
65 100 17
66 0 2
66 1 68
66 2 90
66 3 47
66 4 21
66 5 12
66 6 58
66 7 12
66 8 84
66 9 97
66 10 55
66 11 41
66 12 1
66 13 42
66 14 89
66 15 51
66 16 74
66 17 46
66 18 51
66 19 59
66 20 18
66 21 63
66 22 72
66 23 73
66 24 23
66 25 76
66 26 84
66 27 86
66 28 42
66 29 66
66 30 96
66 31 36
66 32 22
66 33 82
66 34 70
66 35 68
66 36 65
66 37 67
66 38 22
66 39 8
66 40 22
66 41 14
66 42 53
66 43 35
66 44 53
66 45 60
66 46 25
66 47 55
66 48 24
66 49 48
66 50 17
66 51 21
66 52 39
66 53 86
66 54 12
66 55 50
66 56 12
66 57 58
66 58 80
66 59 69
66 60 28
66 61 33
66 62 63
66 63 15
66 64 74
66 65 22
66 67 48
66 68 50
66 69 19
66 70 53
66 71 73
66 72 31
66 73 60
66 74 66
66 75 66
66 76 93
66 77 58
66 78 99
66 79 5
66 80 52
66 81 46
66 82 56
66 83 32
66 84 35
66 85 30
66 86 17
66 87 62
66 88 97
66 89 78
66 90 43
66 91 70
66 92 55
66 93 36
66 94 18
66 95 87
66 96 19
66 97 84
66 98 66
66 99 43
66 100 32
67 0 85
67 1 73
67 2 34
67 3 92
67 4 18
67 5 38
67 6 32
67 7 29
67 8 10
67 9 43
67 10 46
67 11 53
67 12 86
67 13 65
67 14 24
67 15 66
67 16 73
67 17 75
67 18 15
67 19 5
67 20 13
67 21 71
67 22 31
67 23 67
67 24 95
67 25 34
67 26 74
67 27 76
67 28 79
67 29 87
67 30 64
67 31 54
67 32 52
67 33 88
67 34 58
67 35 86
67 36 46
67 37 33
67 38 29
67 39 48
67 40 64
67 41 61
67 42 48
67 43 36
67 44 50
67 45 55
67 46 22
67 47 40
67 48 3
67 49 94
67 50 14
67 51 72
67 52 40
67 53 89
67 54 84
67 55 2
67 56 39
67 57 75
67 58 25
67 59 77
67 60 62
67 61 4
67 62 53
67 63 90
67 64 98
67 65 64
67 66 22
67 68 65
67 69 27
67 70 39
67 71 81
67 72 60
67 73 32
67 74 58
67 75 91
67 76 42
67 77 98
67 78 52
67 79 12
67 80 70
67 81 66
67 82 61
67 83 57
67 84 2
67 85 62
67 86 10
67 87 45
67 88 11
67 89 74
67 90 58
67 91 95
67 92 58
67 93 85
67 94 41
67 95 23
67 96 61
67 97 16
67 98 32
67 99 39
67 100 53
68 0 93
68 1 29
68 2 86
68 3 7
68 4 30
68 5 38
68 6 80
68 7 42
68 8 59
68 9 18
68 10 67
68 11 66
68 12 74
68 13 63
68 14 73
68 15 42
68 16 12
68 17 46
68 18 74
68 19 39
68 20 70
68 21 58
68 22 56
68 23 6
68 24 86
68 25 71
68 26 6
68 27 60
68 28 32
68 29 71
68 30 23
68 31 29
68 32 43
68 33 14
68 34 99
68 35 45
68 36 91
68 37 24
68 38 60
68 39 12
68 40 61
68 41 42
68 42 87
68 43 38
68 44 62
68 45 64
68 46 74
68 47 83
68 48 77
68 49 27
68 50 53
68 51 57
68 52 65
68 53 13
68 54 18
68 55 25
68 56 99
68 57 8
68 58 16
68 59 18
68 60 52
68 61 46
68 62 98
68 63 73
68 64 42
68 65 95
68 66 27
68 67 99
68 69 25
68 70 94
68 71 35
68 72 11
68 73 45
68 74 83
68 75 3
68 76 97
68 77 86
68 78 42
68 79 55
68 80 85
68 81 1
68 82 47
68 83 30
68 84 52
68 85 23
68 86 27
68 87 26
68 88 87
68 89 28
68 90 12
68 91 13
68 92 97
68 93 58
68 94 90
68 95 79
68 96 48
68 97 48
68 98 78
68 99 27
68 100 87
69 0 96
69 1 3
69 2 93
69 3 77
69 4 46
69 5 38
69 6 62
69 7 1
69 8 98
69 9 41
69 10 3
69 11 48
69 12 23
69 13 85
69 14 76
69 15 97
69 16 10
69 17 65
69 18 6
69 19 13
69 20 56
69 21 79
69 22 9
69 23 67
69 24 10
69 25 58
69 26 81
69 27 39
69 28 7
69 29 62
69 30 9
69 31 92
69 32 10
69 33 97
69 34 66
69 35 61
69 36 68
69 37 75
69 38 12
69 39 57
69 40 14
69 41 33
69 42 26
69 43 73
69 44 2
69 45 98
69 46 44
69 47 25
69 48 49
69 49 72
69 50 75
69 51 69
69 52 97
69 53 4
69 54 12
69 55 28
69 56 22
69 57 92
69 58 72
69 59 64
69 60 43
69 61 62
69 62 12
69 63 30
69 64 93
69 65 68
69 66 89
69 67 25
69 68 70
69 70 90
69 71 47
69 72 93
69 73 57
69 74 57
69 75 45
69 76 1
69 77 58
69 78 61
69 79 79
69 80 33
69 81 15
69 82 47
69 83 24
69 84 93
69 85 6
69 86 15
69 87 5
69 88 72
69 89 40
69 90 10
69 91 12
69 92 76
69 93 32
69 94 48
69 95 18
69 96 39
69 97 53
69 98 13
69 99 26
69 100 52
70 0 89
70 1 58
70 2 20
70 3 15
70 4 73
70 5 12
70 6 75
70 7 71
70 8 69
70 9 69
70 10 42
70 11 47
70 12 1
70 13 21
70 14 12
70 15 40
70 16 26
70 17 93
70 18 21
70 19 36
70 20 72
70 21 27
70 22 68
70 23 93
70 24 47
70 25 6
70 26 74
70 27 91
70 28 29
70 29 22
70 30 99
70 31 11
70 32 26
70 33 55
70 34 79
70 35 17
70 36 8
70 37 57
70 38 84
70 39 21
70 40 25
70 41 61
70 42 12
70 43 80
70 44 72
70 45 16
70 46 1
70 47 35
70 48 26
70 49 51
70 50 68
70 51 90
70 52 83
70 53 61
70 54 48
70 55 1
70 56 76
70 57 19
70 58 37
70 59 73
70 60 90
70 61 69
70 62 71
70 63 76
70 64 45
70 65 2
70 66 62
70 67 56
70 68 37
70 69 44
70 71 3
70 72 28
70 73 4
70 74 95
70 75 7
70 76 98
70 77 85
70 78 83
70 79 83
70 80 4
70 81 44
70 82 46
70 83 77
70 84 5
70 85 98
70 86 88
70 87 65
70 88 9
70 89 90
70 90 93
70 91 58
70 92 88
70 93 85
70 94 44
70 95 20
70 96 5
70 97 36
70 98 39
70 99 12
70 100 82
71 0 39
71 1 92
71 2 95
71 3 87
71 4 67
71 5 80
71 6 96
71 7 63
71 8 88
71 9 71
71 10 95
71 11 59
71 12 31
71 13 6
71 14 45
71 15 37
71 16 38
71 17 66
71 18 18
71 19 11
71 20 45
71 21 67
71 22 59
71 23 67
71 24 6
71 25 3
71 26 55
71 27 99
71 28 22
71 29 66
71 30 6
71 31 25
71 32 21
71 33 72
71 34 77
71 35 24
71 36 47
71 37 43
71 38 31
71 39 56
71 40 50
71 41 89
71 42 16
71 43 11
71 44 69
71 45 66
71 46 59
71 47 48
71 48 74
71 49 73
71 50 60
71 51 58
71 52 82
71 53 89
71 54 44
71 55 50
71 56 99
71 57 65
71 58 31
71 59 11
71 60 28
71 61 57
71 62 82
71 63 49
71 64 30
71 65 21
71 66 27
71 67 26
71 68 39
71 69 87
71 70 73
71 72 21
71 73 33
71 74 55
71 75 11
71 76 41
71 77 19
71 78 66
71 79 57
71 80 37
71 81 30
71 82 92
71 83 44
71 84 31
71 85 28
71 86 15
71 87 56
71 88 42
71 89 93
71 90 90
71 91 77
71 92 49
71 93 48
71 94 41
71 95 17
71 96 4
71 97 57
71 98 74
71 99 93
71 100 90
72 0 38
72 1 34
72 2 65
72 3 10
72 4 97
72 5 79
72 6 35
72 7 25
72 8 34
72 9 45
72 10 91
72 11 82
72 12 15
72 13 55
72 14 32
72 15 3
72 16 79
72 17 12
72 18 6
72 19 79
72 20 24
72 21 47
72 22 13
72 23 92
72 24 39
72 25 52
72 26 16
72 27 26
72 28 42
72 29 36
72 30 11
72 31 65
72 32 56
72 33 5
72 34 46
72 35 38
72 36 54
72 37 39
72 38 36
72 39 94
72 40 36
72 41 89
72 42 18
72 43 84
72 44 68
72 45 27
72 46 58
72 47 88
72 48 67
72 49 34
72 50 22
72 51 14
72 52 54
72 53 82
72 54 7
72 55 2
72 56 47
72 57 57
72 58 23
72 59 47
72 60 97
72 61 78
72 62 52
72 63 52
72 64 57
72 65 6
72 66 3
72 67 90
72 68 29
72 69 84
72 70 18
72 71 6
72 73 15
72 74 96
72 75 32
72 76 15
72 77 71
72 78 66
72 79 51
72 80 18
72 81 38
72 82 32
72 83 20
72 84 64
72 85 54
72 86 63
72 87 27
72 88 91
72 89 78
72 90 2
72 91 74
72 92 92
72 93 61
72 94 46
72 95 96
72 96 7
72 97 15
72 98 35
72 99 76
72 100 49
73 0 95
73 1 36
73 2 76
73 3 69
73 4 35
73 5 17
73 6 43
73 7 40
73 8 58
73 9 51
73 10 7
73 11 15
73 12 84
73 13 60
73 14 68
73 15 23
73 16 83
73 17 71
73 18 16
73 19 18
73 20 99
73 21 94
73 22 1
73 23 99
73 24 33
73 25 6
73 26 70
73 27 99
73 28 18
73 29 54
73 30 97
73 31 53
73 32 18
73 33 81
73 34 56
73 35 19
73 36 40
73 37 90
73 38 28
73 39 4
73 40 68
73 41 94
73 42 46
73 43 17
73 44 21
73 45 88
73 46 50
73 47 59
73 48 74
73 49 66
73 50 46
73 51 86
73 52 68
73 53 60
73 54 6
73 55 11
73 56 81
73 57 80
73 58 21
73 59 30
73 60 90
73 61 9
73 62 32
73 63 93
73 64 23
73 65 61
73 66 95
73 67 25
73 68 82
73 69 41
73 70 33
73 71 75
73 72 38
73 74 57
73 75 82
73 76 15
73 77 47
73 78 18
73 79 99
73 80 87
73 81 9
73 82 76
73 83 94
73 84 41
73 85 45
73 86 40
73 87 53
73 88 56
73 89 6
73 90 87
73 91 80
73 92 17
73 93 76
73 94 98
73 95 56
73 96 78
73 97 88
73 98 14
73 99 43
73 100 30
74 0 2
74 1 81
74 2 92
74 3 45
74 4 19
74 5 19
74 6 5
74 7 26
74 8 49
74 9 64
74 10 82
74 11 19
74 12 96
74 13 63
74 14 71
74 15 87
74 16 37
74 17 54
74 18 86
74 19 33
74 20 88
74 21 46
74 22 98
74 23 30
74 24 19
74 25 30
74 26 98
74 27 58
74 28 72
74 29 46
74 30 21
74 31 66
74 32 26
74 33 24
74 34 98
74 35 92
74 36 42
74 37 83
74 38 21
74 39 58
74 40 60
74 41 7
74 42 80
74 43 16
74 44 88
74 45 79
74 46 62
74 47 45
74 48 88
74 49 56
74 50 14
74 51 11
74 52 75
74 53 29
74 54 86
74 55 98
74 56 22
74 57 63
74 58 74
74 59 38
74 60 36
74 61 45
74 62 24
74 63 4
74 64 86
74 65 93
74 66 53
74 67 99
74 68 69
74 69 35
74 70 83
74 71 50
74 72 69
74 73 57
74 75 46
74 76 45
74 77 44
74 78 91
74 79 71
74 80 1
74 81 86
74 82 44
74 83 40
74 84 61
74 85 9
74 86 49
74 87 81
74 88 98
74 89 34
74 90 31
74 91 57
74 92 96
74 93 67
74 94 59
74 95 30
74 96 4
74 97 86
74 98 54
74 99 53
74 100 72
75 0 76
75 1 67
75 2 99
75 3 64
75 4 57
75 5 93
75 6 6
75 7 11
75 8 37
75 9 44
75 10 59
75 11 12
75 12 57
75 13 75
75 14 40
75 15 77
75 16 58
75 17 22
75 18 96
75 19 55
75 20 35
75 21 18
75 22 15
75 23 23
75 24 94
75 25 32
75 26 33
75 27 82
75 28 41
75 29 85
75 30 70
75 31 37
75 32 87
75 33 81
75 34 14
75 35 98
75 36 12
75 37 32
75 38 54
75 39 70
75 40 38
75 41 68
75 42 23
75 43 5
75 44 66
75 45 86
75 46 40
75 47 62
75 48 25
75 49 56
75 50 91
75 51 69
75 52 30
75 53 42
75 54 6
75 55 90
75 56 63
75 57 20
75 58 86
75 59 20
75 60 33
75 61 15
75 62 46
75 63 15
75 64 68
75 65 57
75 66 10
75 67 92
75 68 88
75 69 74
75 70 51
75 71 31
75 72 17
75 73 92
75 74 78
75 76 16
75 77 52
75 78 31
75 79 42
75 80 59
75 81 84
75 82 83
75 83 99
75 84 90
75 85 14
75 86 86
75 87 13
75 88 87
75 89 45
75 90 41
75 91 84
75 92 7
75 93 81
75 94 28
75 95 74
75 96 50
75 97 61
75 98 92
75 99 70
75 100 36
76 0 96
76 1 95
76 2 2
76 3 74
76 4 20
76 5 95
76 6 9
76 7 69
76 8 95
76 9 9
76 10 10
76 11 48
76 12 26
76 13 27
76 14 57
76 15 74
76 16 19
76 17 75
76 18 32
76 19 76
76 20 69
76 21 74
76 22 51
76 23 98
76 24 80
76 25 96
76 26 31
76 27 53
76 28 50
76 29 3
76 30 24
76 31 54
76 32 66
76 33 63
76 34 62
76 35 61
76 36 26
76 37 5
76 38 66
76 39 73
76 40 64
76 41 30
76 42 88
76 43 77
76 44 30
76 45 70
76 46 90
76 47 52
76 48 21
76 49 23
76 50 19
76 51 51
76 52 1
76 53 26
76 54 4
76 55 66
76 56 54
76 57 25
76 58 27
76 59 31
76 60 29
76 61 38
76 62 28
76 63 82
76 64 69
76 65 60
76 66 56
76 67 49
76 68 75
76 69 42
76 70 17
76 71 16
76 72 58
76 73 19
76 74 7
76 75 37
76 77 85
76 78 20
76 79 49
76 80 47
76 81 93
76 82 23
76 83 5
76 84 67
76 85 76
76 86 85
76 87 93
76 88 39
76 89 66
76 90 56
76 91 7
76 92 50
76 93 11
76 94 61
76 95 59
76 96 34
76 97 83
76 98 26
76 99 37
76 100 64
77 0 69
77 1 46
77 2 71
77 3 23
77 4 14
77 5 94
77 6 51
77 7 57
77 8 34
77 9 48
77 10 76
77 11 15
77 12 41
77 13 39
77 14 19
77 15 78
77 16 46
77 17 85
77 18 15
77 19 90
77 20 1
77 21 8
77 22 80
77 23 29
77 24 29
77 25 85
77 26 95
77 27 68
77 28 30
77 29 9
77 30 48
77 31 82
77 32 32
77 33 77
77 34 29
77 35 38
77 36 5
77 37 20
77 38 48
77 39 96
77 40 91
77 41 49
77 42 27
77 43 70
77 44 21
77 45 17
77 46 24
77 47 25
77 48 24
77 49 70
77 50 93
77 51 14
77 52 49
77 53 87
77 54 77
77 55 17
77 56 24
77 57 25
77 58 56
77 59 68
77 60 83
77 61 13
77 62 61
77 63 61
77 64 3
77 65 7
77 66 15
77 67 5
77 68 72
77 69 35
77 70 26
77 71 36
77 72 11
77 73 34
77 74 34
77 75 53
77 76 63
77 78 16
77 79 90
77 80 8
77 81 33
77 82 77
77 83 7
77 84 35
77 85 29
77 86 3
77 87 44
77 88 3
77 89 77
77 90 73
77 91 11
77 92 2
77 93 35
77 94 22
77 95 25
77 96 87
77 97 2
77 98 44
77 99 39
77 100 23
78 0 40
78 1 2
78 2 6
78 3 14
78 4 22
78 5 64
78 6 43
78 7 12
78 8 78
78 9 46
78 10 8
78 11 17
78 12 50
78 13 55
78 14 95
78 15 95
78 16 79
78 17 8
78 18 65
78 19 57
78 20 68
78 21 7
78 22 71
78 23 88
78 24 5
78 25 41
78 26 32
78 27 8
78 28 71
78 29 81
78 30 88
78 31 32
78 32 77
78 33 10
78 34 26
78 35 63
78 36 48
78 37 85
78 38 3
78 39 71
78 40 61
78 41 81
78 42 80
78 43 45
78 44 53
78 45 71
78 46 55
78 47 46
78 48 64
78 49 76
78 50 22
78 51 7
78 52 36
78 53 9
78 54 9
78 55 25
78 56 75
78 57 45
78 58 26
78 59 68
78 60 61
78 61 84
78 62 89
78 63 97
78 64 79
78 65 85
78 66 16
78 67 8
78 68 74
78 69 57
78 70 8
78 71 51
78 72 10
78 73 50
78 74 99
78 75 57
78 76 74
78 77 62
78 79 50
78 80 64
78 81 45
78 82 15
78 83 31
78 84 65
78 85 79
78 86 65
78 87 65
78 88 22
78 89 41
78 90 54
78 91 14
78 92 55
78 93 33
78 94 5
78 95 42
78 96 48
78 97 67
78 98 94
78 99 57
78 100 72
79 0 19
79 1 65
79 2 14
79 3 59
79 4 83
79 5 3
79 6 44
79 7 87
79 8 47
79 9 75
79 10 77
79 11 37
79 12 10
79 13 79
79 14 15
79 15 26
79 16 37
79 17 42
79 18 11
79 19 69
79 20 40
79 21 7
79 22 70
79 23 9
79 24 1
79 25 24
79 26 18
79 27 7
79 28 91
79 29 14
79 30 11
79 31 99
79 32 66
79 33 72
79 34 5
79 35 31
79 36 5
79 37 75
79 38 30
79 39 24
79 40 35
79 41 55
79 42 39
79 43 70
79 44 50
79 45 90
79 46 43
79 47 99
79 48 69
79 49 85
79 50 13
79 51 88
79 52 92
79 53 53
79 54 24
79 55 36
79 56 78
79 57 62
79 58 27
79 59 68
79 60 98
79 61 86
79 62 76
79 63 44
79 64 75
79 65 72
79 66 12
79 67 9
79 68 49
79 69 56
79 70 91
79 71 17
79 72 6
79 73 62
79 74 93
79 75 87
79 76 64
79 77 51
79 78 15
79 80 90
79 81 76
79 82 11
79 83 69
79 84 84
79 85 2
79 86 77
79 87 55
79 88 12
79 89 67
79 90 67
79 91 11
79 92 37
79 93 87
79 94 49
79 95 23
79 96 48
79 97 77
79 98 70
79 99 21
79 100 53
80 0 92
80 1 48
80 2 22
80 3 43
80 4 33
80 5 63
80 6 62
80 7 57
80 8 7
80 9 14
80 10 88
80 11 77
80 12 21
80 13 2
80 14 84
80 15 63
80 16 19
80 17 45
80 18 71
80 19 83
80 20 81
80 21 59
80 22 57
80 23 88
80 24 57
80 25 36
80 26 80
80 27 87
80 28 20
80 29 75
80 30 16
80 31 81
80 32 8
80 33 12
80 34 14
80 35 62
80 36 60
80 37 15
80 38 75
80 39 32
80 40 66
80 41 23
80 42 79
80 43 10
80 44 55
80 45 81
80 46 52
80 47 61
80 48 34
80 49 37
80 50 86
80 51 60
80 52 87
80 53 59
80 54 82
80 55 58
80 56 61
80 57 63
80 58 59
80 59 14
80 60 57
80 61 27
80 62 77
80 63 55
80 64 4
80 65 53
80 66 19
80 67 6
80 68 8
80 69 22
80 70 42
80 71 78
80 72 81
80 73 46
80 74 52
80 75 90
80 76 77
80 77 27
80 78 57
80 79 88
80 81 65
80 82 34
80 83 40
80 84 42
80 85 3
80 86 25
80 87 76
80 88 41
80 89 33
80 90 53
80 91 76
80 92 89
80 93 93
80 94 78
80 95 77
80 96 32
80 97 54
80 98 86
80 99 68
80 100 11
81 0 55
81 1 18
81 2 84
81 3 95
81 4 76
81 5 26
81 6 57
81 7 57
81 8 33
81 9 15
81 10 54
81 11 65
81 12 76
81 13 61
81 14 4
81 15 54
81 16 90
81 17 50
81 18 17
81 19 74
81 20 65
81 21 24
81 22 92
81 23 58
81 24 62
81 25 73
81 26 28
81 27 28
81 28 68
81 29 2
81 30 82
81 31 75
81 32 60
81 33 7
81 34 9
81 35 11
81 36 46
81 37 9
81 38 70
81 39 32
81 40 44
81 41 95
81 42 83
81 43 71
81 44 59
81 45 8
81 46 91
81 47 80
81 48 89
81 49 5
81 50 53
81 51 21
81 52 90
81 53 1
81 54 67
81 55 51
81 56 78
81 57 85
81 58 57
81 59 73
81 60 27
81 61 42
81 62 12
81 63 62
81 64 14
81 65 4
81 66 42
81 67 71
81 68 10
81 69 1
81 70 13
81 71 98
81 72 8
81 73 25
81 74 70
81 75 12
81 76 12
81 77 17
81 78 56
81 79 74
81 80 45
81 82 28
81 83 30
81 84 15
81 85 57
81 86 53
81 87 36
81 88 79
81 89 14
81 90 75
81 91 35
81 92 56
81 93 37
81 94 12
81 95 26
81 96 10
81 97 8
81 98 32
81 99 90
81 100 4
82 0 82
82 1 49
82 2 7
82 3 44
82 4 92
82 5 21
82 6 11
82 7 76
82 8 24
82 9 23
82 10 66
82 11 47
82 12 83
82 13 6
82 14 49
82 15 44
82 16 62
82 17 7
82 18 6
82 19 12
82 20 45
82 21 85
82 22 43
82 23 95
82 24 22
82 25 53
82 26 32
82 27 51
82 28 28
82 29 70
82 30 38
82 31 37
82 32 9
82 33 80
82 34 31
82 35 7
82 36 67
82 37 55
82 38 49
82 39 22
82 40 45
82 41 94
82 42 33
82 43 51
82 44 72
82 45 80
82 46 36
82 47 45
82 48 56
82 49 61
82 50 57
82 51 48
82 52 90
82 53 16
82 54 31
82 55 69
82 56 11
82 57 37
82 58 58
82 59 90
82 60 94
82 61 75
82 62 74
82 63 73
82 64 39
82 65 48
82 66 24
82 67 40
82 68 67
82 69 40
82 70 4
82 71 83
82 72 65
82 73 63
82 74 82
82 75 20
82 76 46
82 77 80
82 78 74
82 79 86
82 80 89
82 81 64
82 83 96
82 84 8
82 85 8
82 86 67
82 87 76
82 88 17
82 89 71
82 90 21
82 91 31
82 92 43
82 93 52
82 94 77
82 95 53
82 96 97
82 97 8
82 98 77
82 99 30
82 100 32
83 0 67
83 1 10
83 2 97
83 3 77
83 4 52
83 5 92
83 6 83
83 7 23
83 8 67
83 9 81
83 10 97
83 11 29
83 12 53
83 13 11
83 14 82
83 15 14
83 16 38
83 17 11
83 18 62
83 19 86
83 20 3
83 21 26
83 22 77
83 23 2
83 24 11
83 25 24
83 26 27
83 27 53
83 28 26
83 29 90
83 30 49
83 31 48
83 32 81
83 33 4
83 34 65
83 35 53
83 36 90
83 37 17
83 38 88
83 39 74
83 40 54
83 41 19
83 42 85
83 43 83
83 44 86
83 45 55
83 46 95
83 47 95
83 48 46
83 49 97
83 50 44
83 51 83
83 52 53
83 53 4
83 54 26
83 55 56
83 56 64
83 57 18
83 58 40
83 59 92
83 60 41
83 61 19
83 62 87
83 63 49
83 64 44
83 65 9
83 66 98
83 67 78
83 68 86
83 69 99
83 70 94
83 71 45
83 72 24
83 73 64
83 74 96
83 75 42
83 76 29
83 77 84
83 78 35
83 79 60
83 80 23
83 81 37
83 82 56
83 84 9
83 85 87
83 86 78
83 87 64
83 88 23
83 89 16
83 90 50
83 91 81
83 92 76
83 93 81
83 94 40
83 95 57
83 96 54
83 97 90
83 98 50
83 99 90
83 100 61
84 0 61
84 1 29
84 2 65
84 3 45
84 4 66
84 5 82
84 6 6
84 7 11
84 8 32
84 9 76
84 10 68
84 11 38
84 12 30
84 13 1
84 14 58
84 15 93
84 16 74
84 17 53
84 18 14
84 19 14
84 20 82
84 21 60
84 22 95
84 23 7
84 24 6
84 25 30
84 26 89
84 27 20
84 28 37
84 29 99
84 30 55
84 31 81
84 32 30
84 33 12
84 34 72
84 35 82
84 36 64
84 37 70
84 38 13
84 39 37
84 40 10
84 41 38
84 42 72
84 43 73
84 44 3
84 45 13
84 46 82
84 47 47
84 48 15
84 49 10
84 50 42
84 51 90
84 52 99
84 53 77
84 54 6
84 55 97
84 56 52
84 57 6
84 58 98
84 59 66
84 60 11
84 61 90
84 62 43
84 63 17
84 64 97
84 65 37
84 66 72
84 67 41
84 68 52
84 69 46
84 70 54
84 71 27
84 72 77
84 73 85
84 74 77
84 75 36
84 76 84
84 77 16
84 78 5
84 79 56
84 80 26
84 81 45
84 82 68
84 83 20
84 85 47
84 86 97
84 87 47
84 88 57
84 89 2
84 90 34
84 91 57
84 92 36
84 93 26
84 94 30
84 95 51
84 96 79
84 97 67
84 98 13
84 99 33
84 100 94
85 0 26
85 1 48
85 2 16
85 3 34
85 4 93
85 5 29
85 6 7
85 7 19
85 8 99
85 9 71
85 10 17
85 11 80
85 12 25
85 13 59
85 14 31
85 15 85
85 16 43
85 17 96
85 18 81
85 19 97
85 20 11
85 21 52
85 22 35
85 23 90
85 24 23
85 25 72
85 26 79
85 27 36
85 28 89
85 29 52
85 30 2
85 31 53
85 32 34
85 33 49
85 34 11
85 35 48
85 36 24
85 37 63
85 38 95
85 39 13
85 40 69
85 41 55
85 42 12
85 43 44
85 44 16
85 45 73
85 46 97
85 47 67
85 48 32
85 49 6
85 50 18
85 51 43
85 52 35
85 53 74
85 54 26
85 55 10
85 56 75
85 57 40
85 58 81
85 59 38
85 60 85
85 61 83
85 62 89
85 63 45
85 64 80
85 65 91
85 66 49
85 67 88
85 68 9
85 69 9
85 70 58
85 71 40
85 72 2
85 73 9
85 74 63
85 75 90
85 76 15
85 77 9
85 78 36
85 79 61
85 80 81
85 81 1
85 82 45
85 83 52
85 84 70
85 86 7
85 87 93
85 88 14
85 89 58
85 90 80
85 91 18
85 92 85
85 93 89
85 94 89
85 95 61
85 96 56
85 97 15
85 98 46
85 99 50
85 100 26
86 0 84
86 1 94
86 2 25
86 3 67
86 4 33
86 5 81
86 6 78
86 7 46
86 8 57
86 9 37
86 10 23
86 11 3
86 12 63
86 13 11
86 14 82
86 15 24
86 16 12
86 17 31
86 18 55
86 19 48
86 20 60
86 21 4
86 22 55
86 23 52
86 24 67
86 25 76
86 26 50
86 27 16
86 28 96
86 29 55
86 30 42
86 31 41
86 32 48
86 33 65
86 34 28
86 35 62
86 36 54
86 37 84
86 38 11
86 39 50
86 40 75
86 41 24
86 42 37
86 43 51
86 44 74
86 45 91
86 46 25
86 47 14
86 48 88
86 49 8
86 50 93
86 51 6
86 52 54
86 53 16
86 54 75
86 55 2
86 56 67
86 57 14
86 58 89
86 59 82
86 60 48
86 61 68
86 62 68
86 63 42
86 64 12
86 65 83
86 66 14
86 67 2
86 68 76
86 69 57
86 70 46
86 71 95
86 72 73
86 73 90
86 74 42
86 75 26
86 76 86
86 77 17
86 78 31
86 79 42
86 80 28
86 81 96
86 82 13
86 83 3
86 84 10
86 85 22
86 87 49
86 88 52
86 89 1
86 90 89
86 91 77
86 92 43
86 93 56
86 94 69
86 95 12
86 96 29
86 97 83
86 98 54
86 99 2
86 100 65
87 0 46
87 1 51
87 2 20
87 3 41
87 4 99
87 5 71
87 6 55
87 7 77
87 8 95
87 9 82
87 10 31
87 11 75
87 12 95
87 13 74
87 14 61
87 15 59
87 16 26
87 17 94
87 18 55
87 19 40
87 20 2
87 21 48
87 22 10
87 23 68
87 24 11
87 25 91
87 26 53
87 27 13
87 28 91
87 29 22
87 30 15
87 31 93
87 32 34
87 33 82
87 34 3
87 35 87
87 36 16
87 37 43
87 38 26
87 39 29
87 40 34
87 41 60
87 42 17
87 43 27
87 44 76
87 45 59
87 46 70
87 47 77
87 48 75
87 49 40
87 50 1
87 51 46
87 52 16
87 53 54
87 54 79
87 55 27
87 56 23
87 57 84
87 58 26
87 59 19
87 60 8
87 61 88
87 62 20
87 63 74
87 64 74
87 65 45
87 66 76
87 67 2
87 68 91
87 69 83
87 70 5
87 71 13
87 72 54
87 73 45
87 74 54
87 75 19
87 76 43
87 77 37
87 78 82
87 79 41
87 80 75
87 81 48
87 82 8
87 83 23
87 84 52
87 85 67
87 86 36
87 88 20
87 89 64
87 90 27
87 91 65
87 92 36
87 93 89
87 94 38
87 95 90
87 96 14
87 97 34
87 98 76
87 99 90
87 100 64
88 0 23
88 1 83
88 2 49
88 3 49
88 4 67
88 5 30
88 6 8
88 7 65
88 8 69
88 9 49
88 10 81
88 11 43
88 12 53
88 13 66
88 14 73
88 15 23
88 16 95
88 17 53
88 18 94
88 19 51
88 20 56
88 21 65
88 22 55
88 23 47
88 24 74
88 25 68
88 26 27
88 27 39
88 28 56
88 29 40
88 30 96
88 31 99
88 32 28
88 33 6
88 34 14
88 35 63
88 36 50
88 37 70
88 38 14
88 39 44
88 40 50
88 41 51
88 42 36
88 43 32
88 44 63
88 45 19
88 46 16
88 47 79
88 48 11
88 49 32
88 50 19
88 51 3
88 52 92
88 53 15
88 54 37
88 55 59
88 56 10
88 57 52
88 58 8
88 59 48
88 60 14
88 61 91
88 62 96
88 63 84
88 64 19
88 65 8
88 66 77
88 67 12
88 68 21
88 69 54
88 70 92
88 71 91
88 72 74
88 73 16
88 74 55
88 75 7
88 76 69
88 77 97
88 78 34
88 79 63
88 80 83
88 81 13
88 82 85
88 83 9
88 84 73
88 85 84
88 86 61
88 87 15
88 89 87
88 90 67
88 91 36
88 92 80
88 93 50
88 94 96
88 95 86
88 96 29
88 97 16
88 98 8
88 99 65
88 100 87
89 0 79
89 1 38
89 2 92
89 3 74
89 4 5
89 5 37
89 6 53
89 7 22
89 8 31
89 9 39
89 10 36
89 11 84
89 12 6
89 13 14
89 14 93
89 15 80
89 16 25
89 17 60
89 18 86
89 19 95
89 20 76
89 21 68
89 22 13
89 23 20
89 24 8
89 25 64
89 26 70
89 27 40
89 28 68
89 29 99
89 30 30
89 31 64
89 32 83
89 33 25
89 34 73
89 35 40
89 36 99
89 37 42
89 38 84
89 39 63
89 40 43
89 41 42
89 42 5
89 43 1
89 44 99
89 45 90
89 46 33
89 47 22
89 48 53
89 49 44
89 50 26
89 51 51
89 52 5
89 53 81
89 54 54
89 55 3
89 56 81
89 57 48
89 58 36
89 59 9
89 60 46
89 61 12
89 62 74
89 63 93
89 64 80
89 65 47
89 66 11
89 67 74
89 68 21
89 69 82
89 70 6
89 71 43
89 72 27
89 73 57
89 74 19
89 75 40
89 76 23
89 77 56
89 78 17
89 79 18
89 80 85
89 81 97
89 82 18
89 83 12
89 84 59
89 85 79
89 86 16
89 87 73
89 88 50
89 90 94
89 91 70
89 92 10
89 93 78
89 94 38
89 95 11
89 96 32
89 97 20
89 98 21
89 99 21
89 100 61
90 0 80
90 1 81
90 2 83
90 3 27
90 4 84
90 5 78
90 6 93
90 7 46
90 8 37
90 9 20
90 10 77
90 11 86
90 12 57
90 13 74
90 14 42
90 15 17
90 16 77
90 17 22
90 18 27
90 19 97
90 20 33
90 21 89
90 22 24
90 23 5
90 24 8
90 25 29
90 26 59
90 27 72
90 28 28
90 29 83
90 30 73
90 31 40
90 32 42
90 33 63
90 34 15
90 35 7
90 36 56
90 37 37
90 38 38
90 39 25
90 40 77
90 41 77
90 42 70
90 43 83
90 44 71
90 45 1
90 46 13
90 47 98
90 48 71
90 49 69
90 50 75
90 51 64
90 52 78
90 53 1
90 54 5
90 55 9
90 56 95
90 57 76
90 58 42
90 59 85
90 60 58
90 61 43
90 62 67
90 63 95
90 64 87
90 65 55
90 66 50
90 67 54
90 68 86
90 69 55
90 70 65
90 71 95
90 72 9
90 73 85
90 74 92
90 75 45
90 76 53
90 77 29
90 78 34
90 79 13
90 80 50
90 81 90
90 82 47
90 83 71
90 84 94
90 85 3
90 86 19
90 87 80
90 88 86
90 89 49
90 91 11
90 92 71
90 93 63
90 94 45
90 95 36
90 96 61
90 97 32
90 98 71
90 99 85
90 100 35
91 0 30
91 1 46
91 2 15
91 3 6
91 4 43
91 5 70
91 6 46
91 7 75
91 8 65
91 9 84
91 10 29
91 11 1
91 12 89
91 13 88
91 14 63
91 15 18
91 16 84
91 17 67
91 18 56
91 19 90
91 20 97
91 21 65
91 22 21
91 23 13
91 24 2
91 25 50
91 26 64
91 27 4
91 28 87
91 29 88
91 30 62
91 31 74
91 32 56
91 33 10
91 34 33
91 35 87
91 36 59
91 37 29
91 38 16
91 39 7
91 40 68
91 41 71
91 42 25
91 43 90
91 44 69
91 45 72
91 46 93
91 47 85
91 48 83
91 49 57
91 50 40
91 51 81
91 52 70
91 53 37
91 54 86
91 55 81
91 56 1
91 57 96
91 58 5
91 59 75
91 60 34
91 61 40
91 62 27
91 63 68
91 64 68
91 65 92
91 66 4
91 67 3
91 68 27
91 69 70
91 70 88
91 71 72
91 72 60
91 73 41
91 74 27
91 75 46
91 76 56
91 77 66
91 78 28
91 79 97
91 80 34
91 81 63
91 82 57
91 83 88
91 84 26
91 85 48
91 86 58
91 87 36
91 88 21
91 89 93
91 90 48
91 92 29
91 93 36
91 94 68
91 95 28
91 96 99
91 97 92
91 98 70
91 99 50
91 100 71
92 0 86
92 1 19
92 2 98
92 3 71
92 4 49
92 5 62
92 6 32
92 7 38
92 8 11
92 9 74
92 10 62
92 11 52
92 12 72
92 13 51
92 14 9
92 15 68
92 16 1
92 17 86
92 18 80
92 19 98
92 20 96
92 21 85
92 22 99
92 23 21
92 24 25
92 25 7
92 26 69
92 27 63
92 28 72
92 29 97
92 30 98
92 31 82
92 32 69
92 33 35
92 34 67
92 35 32
92 36 42
92 37 56
92 38 79
92 39 77
92 40 27
92 41 4
92 42 59
92 43 16
92 44 66
92 45 8
92 46 39
92 47 51
92 48 97
92 49 55
92 50 21
92 51 3
92 52 74
92 53 63
92 54 12
92 55 13
92 56 74
92 57 1
92 58 17
92 59 52
92 60 92
92 61 32
92 62 24
92 63 89
92 64 42
92 65 27
92 66 38
92 67 74
92 68 30
92 69 63
92 70 36
92 71 22
92 72 3
92 73 70
92 74 30
92 75 74
92 76 72
92 77 65
92 78 46
92 79 23
92 80 74
92 81 30
92 82 41
92 83 3
92 84 53
92 85 31
92 86 76
92 87 34
92 88 11
92 89 46
92 90 81
92 91 2
92 93 53
92 94 27
92 95 64
92 96 30
92 97 63
92 98 50
92 99 27
92 100 34
93 0 55
93 1 18
93 2 45
93 3 59
93 4 28
93 5 6
93 6 91
93 7 34
93 8 24
93 9 14
93 10 91
93 11 60
93 12 61
93 13 70
93 14 95
93 15 44
93 16 40
93 17 11
93 18 39
93 19 65
93 20 47
93 21 90
93 22 88
93 23 10
93 24 26
93 25 36
93 26 10
93 27 51
93 28 87
93 29 35
93 30 74
93 31 93
93 32 6
93 33 75
93 34 8
93 35 79
93 36 52
93 37 67
93 38 16
93 39 37
93 40 34
93 41 83
93 42 19
93 43 78
93 44 87
93 45 16
93 46 24
93 47 90
93 48 25
93 49 35
93 50 36
93 51 54
93 52 38
93 53 39
93 54 51
93 55 67
93 56 44
93 57 45
93 58 8
93 59 19
93 60 68
93 61 1
93 62 80
93 63 85
93 64 72
93 65 89
93 66 62
93 67 51
93 68 99
93 69 30
93 70 46
93 71 97
93 72 17
93 73 10
93 74 34
93 75 59
93 76 96
93 77 95
93 78 3
93 79 1
93 80 20
93 81 9
93 82 72
93 83 90
93 84 68
93 85 83
93 86 18
93 87 25
93 88 87
93 89 43
93 90 94
93 91 3
93 92 25
93 94 41
93 95 30
93 96 91
93 97 7
93 98 10
93 99 67
93 100 90
94 0 87
94 1 40
94 2 32
94 3 7
94 4 77
94 5 48
94 6 63
94 7 98
94 8 3
94 9 38
94 10 94
94 11 10
94 12 89
94 13 16
94 14 54
94 15 58
94 16 82
94 17 3
94 18 88
94 19 5
94 20 76
94 21 24
94 22 97
94 23 62
94 24 95
94 25 96
94 26 89
94 27 6
94 28 63
94 29 19
94 30 15
94 31 2
94 32 69
94 33 47
94 34 23
94 35 28
94 36 67
94 37 55
94 38 39
94 39 97
94 40 36
94 41 13
94 42 63
94 43 79
94 44 79
94 45 98
94 46 55
94 47 53
94 48 20
94 49 14
94 50 51
94 51 73
94 52 20
94 53 90
94 54 62
94 55 72
94 56 74
94 57 34
94 58 58
94 59 21
94 60 79
94 61 34
94 62 89
94 63 76
94 64 13
94 65 90
94 66 82
94 67 88
94 68 51
94 69 57
94 70 93
94 71 7
94 72 91
94 73 94
94 74 76
94 75 29
94 76 22
94 77 37
94 78 88
94 79 9
94 80 27
94 81 31
94 82 75
94 83 98
94 84 83
94 85 16
94 86 42
94 87 67
94 88 39
94 89 66
94 90 95
94 91 67
94 92 20
94 93 23
94 95 85
94 96 27
94 97 37
94 98 43
94 99 39
94 100 55
95 0 13
95 1 85
95 2 18
95 3 42
95 4 60
95 5 19
95 6 65
95 7 75
95 8 75
95 9 80
95 10 38
95 11 91
95 12 22
95 13 24
95 14 67
95 15 37
95 16 24
95 17 62
95 18 10
95 19 18
95 20 37
95 21 9
95 22 28
95 23 18
95 24 81
95 25 56
95 26 89
95 27 53
95 28 28
95 29 76
95 30 87
95 31 64
95 32 90
95 33 18
95 34 80
95 35 17
95 36 2
95 37 57
95 38 49
95 39 69
95 40 16
95 41 91
95 42 94
95 43 81
95 44 39
95 45 85
95 46 53
95 47 92
95 48 9
95 49 11
95 50 30
95 51 5
95 52 32
95 53 7
95 54 3
95 55 83
95 56 30
95 57 54
95 58 16
95 59 42
95 60 84
95 61 20
95 62 59
95 63 29
95 64 23
95 65 87
95 66 39
95 67 9
95 68 59
95 69 54
95 70 96
95 71 61
95 72 6
95 73 55
95 74 62
95 75 11
95 76 8
95 77 15
95 78 51
95 79 71
95 80 13
95 81 66
95 82 64
95 83 61
95 84 45
95 85 89
95 86 51
95 87 81
95 88 89
95 89 67
95 90 66
95 91 17
95 92 2
95 93 54
95 94 31
95 96 15
95 97 91
95 98 73
95 99 45
95 100 22
96 0 6
96 1 68
96 2 82
96 3 58
96 4 98
96 5 49
96 6 22
96 7 22
96 8 20
96 9 1
96 10 21
96 11 57
96 12 73
96 13 46
96 14 61
96 15 49
96 16 75
96 17 91
96 18 69
96 19 94
96 20 16
96 21 76
96 22 65
96 23 20
96 24 3
96 25 97
96 26 58
96 27 17
96 28 44
96 29 47
96 30 33
96 31 16
96 32 24
96 33 44
96 34 80
96 35 74
96 36 73
96 37 78
96 38 7
96 39 67
96 40 12
96 41 91
96 42 31
96 43 85
96 44 67
96 45 7
96 46 68
96 47 87
96 48 79
96 49 99
96 50 17
96 51 24
96 52 69
96 53 50
96 54 34
96 55 10
96 56 8
96 57 23
96 58 40
96 59 92
96 60 81
96 61 48
96 62 33
96 63 54
96 64 40
96 65 87
96 66 13
96 67 34
96 68 1
96 69 36
96 70 8
96 71 30
96 72 61
96 73 95
96 74 24
96 75 61
96 76 23
96 77 83
96 78 46
96 79 43
96 80 15
96 81 55
96 82 29
96 83 68
96 84 87
96 85 26
96 86 59
96 87 61
96 88 78
96 89 48
96 90 42
96 91 31
96 92 82
96 93 13
96 94 55
96 95 43
96 97 55
96 98 60
96 99 36
96 100 74
97 0 90
97 1 34
97 2 16
97 3 42
97 4 9
97 5 36
97 6 86
97 7 39
97 8 3
97 9 9
97 10 13
97 11 14
97 12 45
97 13 13
97 14 83
97 15 98
97 16 19
97 17 44
97 18 15
97 19 97
97 20 11
97 21 28
97 22 67
97 23 69
97 24 62
97 25 16
97 26 62
97 27 17
97 28 60
97 29 71
97 30 53
97 31 90
97 32 92
97 33 1
97 34 72
97 35 90
97 36 31
97 37 46
97 38 1
97 39 57
97 40 44
97 41 78
97 42 57
97 43 18
97 44 23
97 45 68
97 46 71
97 47 90
97 48 31
97 49 26
97 50 20
97 51 53
97 52 35
97 53 82
97 54 9
97 55 32
97 56 77
97 57 46
97 58 72
97 59 78
97 60 40
97 61 79
97 62 76
97 63 29
97 64 86
97 65 76
97 66 36
97 67 48
97 68 6
97 69 19
97 70 23
97 71 90
97 72 8
97 73 39
97 74 99
97 75 80
97 76 3
97 77 68
97 78 73
97 79 52
97 80 30
97 81 39
97 82 73
97 83 36
97 84 93
97 85 95
97 86 77
97 87 1
97 88 38
97 89 68
97 90 75
97 91 56
97 92 95
97 93 7
97 94 55
97 95 65
97 96 96
97 98 13
97 99 29
97 100 73
98 0 41
98 1 66
98 2 58
98 3 1
98 4 91
98 5 12
98 6 77
98 7 88
98 8 53
98 9 55
98 10 83
98 11 15
98 12 62
98 13 72
98 14 40
98 15 91
98 16 61
98 17 48
98 18 13
98 19 60
98 20 2
98 21 6
98 22 49
98 23 66
98 24 63
98 25 97
98 26 85
98 27 48
98 28 79
98 29 89
98 30 22
98 31 6
98 32 73
98 33 4
98 34 52
98 35 67
98 36 32
98 37 90
98 38 39
98 39 84
98 40 75
98 41 11
98 42 62
98 43 66
98 44 46
98 45 13
98 46 89
98 47 16
98 48 69
98 49 91
98 50 68
98 51 62
98 52 7
98 53 33
98 54 43
98 55 93
98 56 22
98 57 50
98 58 16
98 59 45
98 60 62
98 61 34
98 62 21
98 63 30
98 64 14
98 65 62
98 66 75
98 67 59
98 68 50
98 69 29
98 70 44
98 71 57
98 72 77
98 73 39
98 74 92
98 75 38
98 76 74
98 77 99
98 78 56
98 79 39
98 80 21
98 81 80
98 82 65
98 83 98
98 84 64
98 85 8
98 86 6
98 87 14
98 88 86
98 89 85
98 90 17
98 91 1
98 92 30
98 93 96
98 94 89
98 95 76
98 96 71
98 97 52
98 99 15
98 100 33
99 0 44
99 1 55
99 2 46
99 3 17
99 4 28
99 5 38
99 6 51
99 7 26
99 8 63
99 9 28
99 10 78
99 11 10
99 12 11
99 13 68
99 14 83
99 15 9
99 16 52
99 17 40
99 18 75
99 19 19
99 20 54
99 21 11
99 22 51
99 23 75
99 24 10
99 25 5
99 26 5
99 27 43
99 28 94
99 29 59
99 30 96
99 31 9
99 32 44
99 33 75
99 34 19
99 35 18
99 36 32
99 37 98
99 38 90
99 39 74
99 40 59
99 41 52
99 42 32
99 43 50
99 44 93
99 45 90
99 46 70
99 47 30
99 48 65
99 49 15
99 50 55
99 51 10
99 52 84
99 53 86
99 54 12
99 55 64
99 56 77
99 57 95
99 58 96
99 59 2
99 60 13
99 61 36
99 62 40
99 63 35
99 64 83
99 65 46
99 66 7
99 67 90
99 68 76
99 69 25
99 70 13
99 71 29
99 72 35
99 73 62
99 74 65
99 75 53
99 76 69
99 77 69
99 78 18
99 79 20
99 80 62
99 81 47
99 82 41
99 83 61
99 84 88
99 85 89
99 86 69
99 87 8
99 88 27
99 89 21
99 90 42
99 91 22
99 92 52
99 93 72
99 94 51
99 95 56
99 96 65
99 97 68
99 98 12
99 100 93
100 0 30
100 1 78
100 2 23
100 3 82
100 4 68
100 5 63
100 6 44
100 7 79
100 8 8
100 9 90
100 10 23
100 11 21
100 12 18
100 13 14
100 14 73
100 15 21
100 16 45
100 17 93
100 18 2
100 19 83
100 20 95
100 21 70
100 22 22
100 23 68
100 24 77
100 25 33
100 26 97
100 27 76
100 28 42
100 29 34
100 30 43
100 31 35
100 32 79
100 33 35
100 34 35
100 35 57
100 36 18
100 37 31
100 38 14
100 39 20
100 40 29
100 41 18
100 42 3
100 43 79
100 44 87
100 45 33
100 46 80
100 47 76
100 48 32
100 49 61
100 50 82
100 51 34
100 52 73
100 53 22
100 54 48
100 55 99
100 56 10
100 57 26
100 58 83
100 59 13
100 60 42
100 61 22
100 62 23
100 63 52
100 64 8
100 65 58
100 66 30
100 67 12
100 68 90
100 69 35
100 70 82
100 71 66
100 72 16
100 73 66
100 74 36
100 75 6
100 76 20
100 77 63
100 78 33
100 79 42
100 80 67
100 81 33
100 82 7
100 83 84
100 84 14
100 85 45
100 86 87
100 87 14
100 88 36
100 89 72
100 90 87
100 91 58
100 92 93
100 93 57
100 94 26
100 95 71
100 96 26
100 97 35
100 98 71
100 99 20