100 2
4
28
14
43
26
38
65
10
78
12
48
8
64
93
15
57
52
42
95
10
50
9
7
63
26
80
60
16
40
1
60
89
26
5
44
32
34
13
19
37
83
72
42
29
7
62
5
50
80
40
66
45
96
37
38
44
60
42
60
45
92
76
65
57
22
1
61
8
39
67
27
24
37
27
81
31
97
37
90
38
52
31
65
15
88
35
14
91
6
89
82
39
24
40
14
36
11
17
86
88
0 1 3
0 2 62
0 3 15
0 4 22
0 5 11
0 6 19
0 7 28
0 8 73
0 9 37
0 10 69
0 11 71
0 12 1
0 13 15
0 14 26
0 15 36
0 16 94
0 17 98
0 18 92
0 19 21
0 20 27
0 21 46
0 22 76
0 23 98
0 24 12
0 25 36
0 26 17
0 27 34
0 28 58
0 29 52
0 30 11
0 31 60
0 32 79
0 33 30
0 34 38
0 35 42
0 36 95
0 37 99
0 38 36
0 39 30
0 40 11
0 41 99
0 42 8
0 43 26
0 44 37
0 45 9
0 46 43
0 47 33
0 48 85
0 49 38
0 50 84
0 51 36
0 52 34
0 53 20
0 54 24
0 55 19
0 56 83
0 57 24
0 58 66
0 59 91
0 60 92
0 61 25
0 62 86
0 63 90
0 64 83
0 65 90
0 66 11
0 67 12
0 68 22
0 69 69
0 70 69
0 71 98
0 72 50
0 73 43
0 74 69
0 75 52
0 76 15
0 77 24
0 78 20
0 79 26
0 80 9
0 81 59
0 82 77
0 83 53
0 84 20
0 85 67
0 86 66
0 87 40
0 88 69
0 89 7
0 90 6
0 91 43
0 92 43
0 93 37
0 94 10
0 95 95
0 96 49
0 97 67
0 98 26
0 99 25
0 100 67
1 1 84
1 2 18
1 3 17
1 4 26
1 5 52
1 6 78
1 7 59
1 8 9
1 9 63
1 10 84
1 11 92
1 12 95
1 13 42
1 14 37
1 15 21
1 16 25
1 17 91
1 18 3
1 19 58
1 20 25
1 21 99
1 22 89
1 23 70
1 24 46
1 25 30
1 26 51
1 27 53
1 28 34
1 29 21
1 30 8
1 31 4
1 32 12
1 33 78
1 34 8
1 35 67
1 36 36
1 37 37
1 38 59
1 39 42
1 40 12
1 41 99
1 42 18
1 43 38
1 44 16
1 45 75
1 46 81
1 47 82
1 48 78
1 49 5
1 50 99
1 51 32
1 52 46
1 53 40
1 54 35
1 55 32
1 56 77
1 57 70
1 58 62
1 59 42
1 60 50
1 61 83
1 62 92
1 63 79
1 64 82
1 65 33
1 66 57
1 67 89
1 68 67
1 69 63
1 70 37
1 71 93
1 72 47
1 73 20
1 74 98
1 75 81
1 76 88
1 77 15
1 78 73
1 79 37
1 80 98
1 81 97
1 82 29
1 83 99
1 84 50
1 85 81
1 86 85
1 87 46
1 88 24
1 89 53
1 90 93
1 91 1
1 92 28
1 93 78
1 94 74
1 95 12
1 96 20
1 97 46
1 98 72
1 99 58
1 100 48
2 1 39
2 2 72
2 3 73
2 4 59
2 5 16
2 6 87
2 7 80
2 8 69
2 9 7
2 10 66
2 11 36
2 12 14
2 13 14
2 14 39
2 15 12
2 16 24
2 17 91
2 18 3
2 19 13
2 20 2
2 21 90
2 22 36
2 23 25
2 24 93
2 25 16
2 26 70
2 27 85
2 28 26
2 29 54
2 30 77
2 31 66
2 32 90
2 33 18
2 34 93
2 35 28
2 36 5
2 37 59
2 38 39
2 39 86
2 40 12
2 41 1
2 42 92
2 43 87
2 44 74
2 45 12
2 46 98
2 47 9
2 48 61
2 49 98
2 50 51
2 51 32
2 52 90
2 53 27
2 54 87
2 55 31
2 56 16
2 57 93
2 58 28
2 59 1
2 60 78
2 61 22
2 62 94
2 63 95
2 64 78
2 65 34
2 66 80
2 67 37
2 68 14
2 69 51
2 70 97
2 71 39
2 72 45
2 73 17
2 74 44
2 75 11
2 76 44
2 77 11
2 78 97
2 79 18
2 80 52
2 81 39
2 82 99
2 83 53
2 84 68
2 85 83
2 86 72
2 87 67
2 88 15
2 89 26
2 90 24
2 91 58
2 92 48
2 93 98
2 94 87
2 95 33
2 96 44
2 97 95
2 98 99
2 99 24
2 100 9
3 1 5
3 2 71
3 3 44
3 4 18
3 5 5
3 6 17
3 7 24
3 8 20
3 9 40
3 10 59
3 11 57
3 12 75
3 13 12
3 14 45
3 15 4
3 16 43
3 17 47
3 18 36
3 19 89
3 20 50
3 21 80
3 22 44
3 23 20
3 24 55
3 25 17
3 26 50
3 27 56
3 28 99
3 29 62
3 30 19
3 31 90
3 32 50
3 33 33
3 34 97
3 35 56
3 36 49
3 37 68
3 38 2
3 39 46
3 40 48
3 41 78
3 42 50
3 43 48
3 44 95
3 45 83
3 46 32
3 47 24
3 48 7
3 49 46
3 50 52
3 51 54
3 52 9
3 53 43
3 54 35
3 55 28
3 56 83
3 57 31
3 58 80
3 59 51
3 60 90
3 61 86
3 62 51
3 63 76
3 64 68
3 65 86
3 66 46
3 67 46
3 68 31
3 69 33
3 70 38
3 71 18
3 72 95
3 73 34
3 74 41
3 75 76
3 76 63
3 77 38
3 78 25
3 79 6
3 80 87
3 81 59
3 82 63
3 83 98
3 84 18
3 85 21
3 86 94
3 87 65
3 88 10
3 89 54
3 90 75
3 91 35
3 92 25
3 93 82
3 94 37
3 95 77
3 96 28
3 97 69
3 98 74
3 99 95
3 100 8
4 1 75
4 2 7
4 3 23
4 4 78
4 5 87
4 6 68
4 7 94
4 8 83
4 9 79
4 10 8
4 11 76
4 12 87
4 13 44
4 14 97
4 15 16
4 16 21
4 17 67
4 18 8
4 19 8
4 20 53
4 21 36
4 22 51
4 23 67
4 24 63
4 25 5
4 26 85
4 27 77
4 28 59
4 29 76
4 30 8
4 31 66
4 32 35
4 33 76
4 34 82
4 35 71
4 36 42
4 37 22
4 38 27
4 39 10
4 40 69
4 41 88
4 42 73
4 43 96
4 44 87
4 45 37
4 46 72
4 47 48
4 48 65
4 49 92
4 50 7
4 51 74
4 52 65
4 53 23
4 54 81
4 55 43
4 56 13
4 57 88
4 58 68
4 59 72
4 60 56
4 61 53
4 62 29
4 63 33
4 64 42
4 65 70
4 66 83
4 67 29
4 68 23
4 69 41
4 70 53
4 71 11
4 72 4
4 73 43
4 74 95
4 75 51
4 76 87
4 77 26
4 78 45
4 79 74
4 80 14
4 81 14
4 82 71
4 83 6
4 84 8
4 85 46
4 86 21
4 87 20
4 88 13
4 89 34
4 90 24
4 91 42
4 92 55
4 93 41
4 94 20
4 95 71
4 96 10
4 97 67
4 98 50
4 99 91
4 100 53
5 1 77
5 2 61
5 3 29
5 4 88
5 5 28
5 6 96
5 7 86
5 8 16
5 9 76
5 10 33
5 11 50
5 12 18
5 13 71
5 14 8
5 15 65
5 16 4
5 17 78
5 18 48
5 19 43
5 20 18
5 21 25
5 22 24
5 23 49
5 24 28
5 25 6
5 26 72
5 27 16
5 28 32
5 29 37
5 30 79
5 31 17
5 32 3
5 33 67
5 34 91
5 35 95
5 36 85
5 37 93
5 38 76
5 39 76
5 40 15
5 41 3
5 42 55
5 43 40
5 44 88
5 45 67
5 46 97
5 47 26
5 48 29
5 49 69
5 50 15
5 51 54
5 52 1
5 53 28
5 54 75
5 55 46
5 56 7
5 57 10
5 58 54
5 59 25
5 60 16
5 61 13
5 62 49
5 63 22
5 64 38
5 65 84
5 66 96
5 67 41
5 68 10
5 69 5
5 70 88
5 71 25
5 72 77
5 73 76
5 74 36
5 75 76
5 76 20
5 77 61
5 78 76
5 79 95
5 80 15
5 81 92
5 82 54
5 83 37
5 84 47
5 85 26
5 86 65
5 87 8
5 88 33
5 89 14
5 90 86
5 91 43
5 92 84
5 93 2
5 94 68
5 95 11
5 96 21
5 97 89
5 98 69
5 99 62
5 100 25
6 1 93
6 2 51
6 3 41
6 4 8
6 5 60
6 6 1
6 7 40
6 8 67
6 9 63
6 10 64
6 11 82
6 12 16
6 13 3
6 14 95
6 15 51
6 16 51
6 17 11
6 18 78
6 19 61
6 20 57
6 21 65
6 22 67
6 23 78
6 24 59
6 25 3
6 26 85
6 27 50
6 28 47
6 29 82
6 30 96
6 31 45
6 32 50
6 33 1
6 34 83
6 35 1
6 36 13
6 37 40
6 38 16
6 39 98
6 40 36
6 41 55
6 42 51
6 43 74
6 44 48
6 45 73
6 46 75
6 47 11
6 48 53
6 49 12
6 50 22
6 51 70
6 52 91
6 53 47
6 54 74
6 55 18
6 56 22
6 57 27
6 58 59
6 59 93
6 60 99
6 61 66
6 62 90
6 63 61
6 64 59
6 65 55
6 66 95
6 67 57
6 68 91
6 69 97
6 70 93
6 71 84
6 72 92
6 73 24
6 74 66
6 75 42
6 76 38
6 77 22
6 78 67
6 79 82
6 80 7
6 81 5
6 82 41
6 83 6
6 84 16
6 85 47
6 86 69
6 87 42
6 88 13
6 89 57
6 90 24
6 91 78
6 92 60
6 93 67
6 94 25
6 95 94
6 96 28
6 97 98
6 98 2
6 99 94
6 100 77
7 1 33
7 2 88
7 3 17
7 4 82
7 5 23
7 6 28
7 7 40
7 8 94
7 9 68
7 10 86
7 11 16
7 12 39
7 13 64
7 14 1
7 15 21
7 16 9
7 17 31
7 18 50
7 19 39
7 20 57
7 21 68
7 22 7
7 23 4
7 24 28
7 25 43
7 26 60
7 27 40
7 28 41
7 29 30
7 30 25
7 31 87
7 32 72
7 33 68
7 34 70
7 35 15
7 36 72
7 37 4
7 38 99
7 39 97
7 40 51
7 41 7
7 42 38
7 43 69
7 44 73
7 45 85
7 46 99
7 47 80
7 48 60
7 49 60
7 50 68
7 51 23
7 52 8
7 53 29
7 54 68
7 55 67
7 56 46
7 57 34
7 58 51
7 59 91
7 60 83
7 61 25
7 62 79
7 63 15
7 64 46
7 65 30
7 66 3
7 67 17
7 68 45
7 69 72
7 70 29
7 71 56
7 72 53
7 73 1
7 74 42
7 75 55
7 76 51
7 77 68
7 78 68
7 79 28
7 80 69
7 81 61
7 82 35
7 83 44
7 84 78
7 85 66
7 86 91
7 87 63
7 88 48
7 89 72
7 90 98
7 91 99
7 92 2
7 93 3
7 94 94
7 95 69
7 96 28
7 97 51
7 98 44
7 99 27
7 100 20
8 1 42
8 2 45
8 3 10
8 4 85
8 5 1
8 6 22
8 7 47
8 8 41
8 9 93
8 10 15
8 11 12
8 12 74
8 13 5
8 14 38
8 15 62
8 16 62
8 17 63
8 18 16
8 19 65
8 20 66
8 21 71
8 22 15
8 23 66
8 24 15
8 25 29
8 26 84
8 27 7
8 28 99
8 29 40
8 30 54
8 31 12
8 32 99
8 33 28
8 34 67
8 35 22
8 36 51
8 37 43
8 38 88
8 39 82
8 40 13
8 41 22
8 42 17
8 43 47
8 44 82
8 45 99
8 46 66
8 47 56
8 48 4
8 49 30
8 50 50
8 51 75
8 52 43
8 53 38
8 54 41
8 55 55
8 56 43
8 57 2
8 58 93
8 59 90
8 60 16
8 61 56
8 62 94
8 63 14
8 64 8
8 65 64
8 66 17
8 67 41
8 68 47
8 69 26
8 70 98
8 71 48
8 72 99
8 73 11
8 74 7
8 75 1
8 76 42
8 77 50
8 78 92
8 79 19
8 80 37
8 81 7
8 82 45
8 83 72
8 84 7
8 85 48
8 86 24
8 87 34
8 88 62
8 89 28
8 90 67
8 91 46
8 92 71
8 93 16
8 94 90
8 95 32
8 96 59
8 97 74
8 98 33
8 99 10
8 100 35
9 1 28
9 2 30
9 3 40
9 4 83
9 5 52
9 6 46
9 7 95
9 8 71
9 9 38
9 10 64
9 11 35
9 12 87
9 13 15
9 14 31
9 15 70
9 16 90
9 17 36
9 18 4
9 19 76
9 20 63
9 21 45
9 22 2
9 23 39
9 24 53
9 25 6
9 26 75
9 27 26
9 28 51
9 29 78
9 30 53
9 31 90
9 32 85
9 33 43
9 34 42
9 35 76
9 36 41
9 37 4
9 38 82
9 39 94
9 40 80
9 41 35
9 42 88
9 43 60
9 44 25
9 45 64
9 46 60
9 47 75
9 48 65
9 49 29
9 50 92
9 51 23
9 52 9
9 53 59
9 54 19
9 55 65
9 56 29
9 57 71
9 58 64
9 59 50
9 60 8
9 61 55
9 62 56
9 63 42
9 64 92
9 65 19
9 66 6
9 67 38
9 68 22
9 69 78
9 70 51
9 71 60
9 72 55
9 73 28
9 74 76
9 75 64
9 76 82
9 77 9
9 78 39
9 79 41
9 80 13
9 81 46
9 82 46
9 83 73
9 84 28
9 85 96
9 86 17
9 87 63
9 88 16
9 89 48
9 90 89
9 91 99
9 92 34
9 93 94
9 94 54
9 95 62
9 96 7
9 97 94
9 98 51
9 99 1
9 100 19
10 1 52
10 2 36
10 3 33
10 4 11
10 5 38
10 6 3
10 7 70
10 8 82
10 9 88
10 10 45
10 11 33
10 12 52
10 13 78
10 14 16
10 15 69
10 16 52
10 17 92
10 18 79
10 19 59
10 20 14
10 21 19
10 22 36
10 23 57
10 24 41
10 25 21
10 26 42
10 27 95
10 28 12
10 29 41
10 30 96
10 31 76
10 32 61
10 33 34
10 34 99
10 35 28
10 36 38
10 37 24
10 38 40
10 39 32
10 40 83
10 41 78
10 42 26
10 43 55
10 44 2
10 45 98
10 46 68
10 47 3
10 48 69
10 49 13
10 50 87
10 51 59
10 52 95
10 53 65
10 54 82
10 55 68
10 56 42
10 57 83
10 58 33
10 59 16
10 60 27
10 61 22
10 62 74
10 63 91
10 64 39
10 65 44
10 66 90
10 67 30
10 68 79
10 69 33
10 70 15
10 71 92
10 72 4
10 73 90
10 74 14
10 75 13
10 76 56
10 77 88
10 78 70
10 79 91
10 80 94
10 81 22
10 82 35
10 83 49
10 84 9
10 85 12
10 86 42
10 87 31
10 88 19
10 89 79
10 90 14
10 91 3
10 92 51
10 93 21
10 94 97
10 95 97
10 96 19
10 97 88
10 98 87
10 99 63
10 100 42
11 1 13
11 2 76
11 3 47
11 4 1
11 5 90
11 6 85
11 7 23
11 8 99
11 9 95
11 10 94
11 11 53
11 12 59
11 13 92
11 14 71
11 15 16
11 16 73
11 17 42
11 18 36
11 19 76
11 20 44
11 21 35
11 22 68
11 23 34
11 24 61
11 25 56
11 26 78
11 27 3
11 28 95
11 29 2
11 30 98
11 31 38
11 32 5
11 33 75
11 34 78
11 35 42
11 36 34
11 37 17
11 38 52
11 39 55
11 40 15
11 41 99
11 42 76
11 43 64
11 44 18
11 45 59
11 46 98
11 47 54
11 48 81
11 49 10
11 50 16
11 51 91
11 52 4
11 53 52
11 54 30
11 55 37
11 56 6
11 57 4
11 58 53
11 59 1
11 60 37
11 61 49
11 62 68
11 63 72
11 64 5
11 65 4
11 66 89
11 67 37
11 68 12
11 69 30
11 70 64
11 71 1
11 72 27
11 73 12
11 74 8
11 75 73
11 76 83
11 77 67
11 78 45
11 79 24
11 80 87
11 81 34
11 82 28
11 83 43
11 84 29
11 85 42
11 86 96
11 87 63
11 88 3
11 89 5
11 90 32
11 91 39
11 92 76
11 93 2
11 94 76
11 95 33
11 96 10
11 97 87
11 98 28
11 99 46
11 100 61
12 1 12
12 2 78
12 3 78
12 4 33
12 5 21
12 6 39
12 7 89
12 8 75
12 9 21
12 10 36
12 11 34
12 12 56
12 13 86
12 14 78
12 15 68
12 16 37
12 17 31
12 18 61
12 19 66
12 20 36
12 21 82
12 22 74
12 23 96
12 24 24
12 25 95
12 26 20
12 27 64
12 28 60
12 29 58
12 30 77
12 31 99
12 32 89
12 33 35
12 34 8
12 35 73
12 36 4
12 37 61
12 38 76
12 39 63
12 40 63
12 41 86
12 42 60
12 43 78
12 44 98
12 45 21
12 46 92
12 47 46
12 48 59
12 49 34
12 50 66
12 51 91
12 52 61
12 53 80
12 54 18
12 55 84
12 56 48
12 57 91
12 58 13
12 59 53
12 60 37
12 61 96
12 62 92
12 63 94
12 64 53
12 65 86
12 66 57
12 67 95
12 68 14
12 69 8
12 70 63
12 71 31
12 72 31
12 73 33
12 74 12
12 75 12
12 76 19
12 77 17
12 78 78
12 79 41
12 80 28
12 81 56
12 82 61
12 83 15
12 84 63
12 85 30
12 86 94
12 87 29
12 88 29
12 89 11
12 90 71
12 91 81
12 92 1
12 93 33
12 94 13
12 95 5
12 96 31
12 97 28
12 98 35
12 99 1
12 100 10
13 1 23
13 2 78
13 3 51
13 4 87
13 5 77
13 6 64
13 7 36
13 8 51
13 9 14
13 10 24
13 11 1
13 12 22
13 13 84
13 14 81
13 15 93
13 16 13
13 17 47
13 18 83
13 19 78
13 20 26
13 21 86
13 22 2
13 23 33
13 24 88
13 25 50
13 26 52
13 27 71
13 28 66
13 29 75
13 30 51
13 31 73
13 32 59
13 33 86
13 34 71
13 35 56
13 36 42
13 37 3
13 38 2
13 39 60
13 40 95
13 41 54
13 42 34
13 43 45
13 44 37
13 45 23
13 46 91
13 47 76
13 48 32
13 49 94
13 50 48
13 51 3
13 52 3
13 53 36
13 54 91
13 55 56
13 56 47
13 57 94
13 58 94
13 59 45
13 60 3
13 61 84
13 62 55
13 63 11
13 64 42
13 65 13
13 66 25
13 67 9
13 68 98
13 69 46
13 70 65
13 71 21
13 72 79
13 73 77
13 74 81
13 75 12
13 76 68
13 77 2
13 78 2
13 79 94
13 80 18
13 81 15
13 82 33
13 83 78
13 84 89
13 85 24
13 86 90
13 87 79
13 88 52
13 89 8
13 90 38
13 91 63
13 92 32
13 93 39
13 94 30
13 95 93
13 96 64
13 97 7
13 98 95
13 99 17
13 100 56
14 1 62
14 2 9
14 3 14
14 4 38
14 5 88
14 6 1
14 7 66
14 8 3
14 9 72
14 10 49
14 11 19
14 12 32
14 13 76
14 14 29
14 15 79
14 16 15
14 17 30
14 18 15
14 19 44
14 20 76
14 21 94
14 22 38
14 23 62
14 24 24
14 25 36
14 26 44
14 27 6
14 28 58
14 29 54
14 30 46
14 31 36
14 32 8
14 33 14
14 34 7
14 35 96
14 36 16
14 37 3
14 38 46
14 39 10
14 40 73
14 41 85
14 42 84
14 43 58
14 44 63
14 45 90
14 46 23
14 47 19
14 48 10
14 49 74
14 50 97
14 51 58
14 52 80
14 53 37
14 54 1
14 55 90
14 56 4
14 57 41
14 58 56
14 59 88
14 60 67
14 61 92
14 62 46
14 63 63
14 64 18
14 65 31
14 66 72
14 67 44
14 68 99
14 69 23
14 70 84
14 71 31
14 72 58
14 73 54
14 74 70
14 75 66
14 76 2
14 77 18
14 78 1
14 79 34
14 80 99
14 81 28
14 82 12
14 83 87
14 84 45
14 85 92
14 86 42
14 87 19
14 88 56
14 89 64
14 90 34
14 91 94
14 92 44
14 93 41
14 94 48
14 95 33
14 96 4
14 97 63
14 98 59
14 99 30
14 100 93
15 1 50
15 2 39
15 3 87
15 4 36
15 5 34
15 6 58
15 7 52
15 8 87
15 9 47
15 10 6
15 11 22
15 12 61
15 13 37
15 14 27
15 15 1
15 16 64
15 17 38
15 18 95
15 19 54
15 20 26
15 21 60
15 22 67
15 23 83
15 24 11
15 25 36
15 26 27
15 27 12
15 28 58
15 29 3
15 30 2
15 31 90
15 32 28
15 33 61
15 34 36
15 35 10
15 36 59
15 37 94
15 38 2
15 39 29
15 40 16
15 41 85
15 42 65
15 43 6
15 44 13
15 45 25
15 46 45
15 47 93
15 48 20
15 49 18
15 50 91
15 51 70
15 52 9
15 53 85
15 54 98
15 55 69
15 56 60
15 57 13
15 58 22
15 59 3
15 60 39
15 61 93
15 62 49
15 63 90
15 64 92
15 65 19
15 66 5
15 67 90
15 68 33
15 69 99
15 70 15
15 71 48
15 72 36
15 73 19
15 74 4
15 75 11
15 76 22
15 77 92
15 78 98
15 79 12
15 80 25
15 81 62
15 82 37
15 83 81
15 84 50
15 85 49
15 86 88
15 87 26
15 88 69
15 89 75
15 90 68
15 91 9
15 92 72
15 93 94
15 94 36
15 95 89
15 96 10
15 97 95
15 98 27
15 99 79
15 100 18
16 1 24
16 2 29
16 3 52
16 4 23
16 5 12
16 6 22
16 7 35
16 8 76
16 9 27
16 10 50
16 11 25
16 12 90
16 13 75
16 14 42
16 15 92
16 16 79
16 17 40
16 18 47
16 19 28
16 20 93
16 21 60
16 22 17
16 23 93
16 24 80
16 25 35
16 26 47
16 27 35
16 28 52
16 29 74
16 30 78
16 31 62
16 32 91
16 33 64
16 34 30
16 35 41
16 36 16
16 37 99
16 38 67
16 39 30
16 40 46
16 41 69
16 42 65
16 43 5
16 44 50
16 45 92
16 46 95
16 47 9
16 48 94
16 49 48
16 50 53
16 51 80
16 52 61
16 53 63
16 54 17
16 55 51
16 56 40
16 57 45
16 58 46
16 59 48
16 60 65
16 61 80
16 62 7
16 63 69
16 64 88
16 65 81
16 66 70
16 67 62
16 68 6
16 69 11
16 70 68
16 71 95
16 72 74
16 73 45
16 74 43
16 75 72
16 76 64
16 77 68
16 78 3
16 79 25
16 80 67
16 81 90
16 82 18
16 83 7
16 84 17
16 85 10
16 86 36
16 87 61
16 88 72
16 89 22
16 90 5
16 91 98
16 92 15
16 93 79
16 94 31
16 95 65
16 96 75
16 97 59
16 98 53
16 99 19
16 100 10
17 1 79
17 2 76
17 3 9
17 4 66
17 5 54
17 6 31
17 7 81
17 8 85
17 9 30
17 10 43
17 11 47
17 12 83
17 13 67
17 14 96
17 15 38
17 16 82
17 17 27
17 18 7
17 19 55
17 20 95
17 21 9
17 22 78
17 23 39
17 24 45
17 25 69
17 26 43
17 27 27
17 28 61
17 29 88
17 30 86
17 31 29
17 32 76
17 33 70
17 34 53
17 35 83
17 36 96
17 37 82
17 38 22
17 39 70
17 40 4
17 41 76
17 42 34
17 43 89
17 44 98
17 45 26
17 46 39
17 47 48
17 48 25
17 49 47
17 50 49
17 51 9
17 52 54
17 53 36
17 54 79
17 55 35
17 56 43
17 57 54
17 58 91
17 59 63
17 60 99
17 61 45
17 62 96
17 63 90
17 64 85
17 65 20
17 66 28
17 67 42
17 68 42
17 69 11
17 70 70
17 71 41
17 72 16
17 73 17
17 74 30
17 75 40
17 76 92
17 77 94
17 78 96
17 79 8
17 80 47
17 81 84
17 82 41
17 83 6
17 84 73
17 85 38
17 86 39
17 87 98
17 88 99
17 89 54
17 90 37
17 91 36
17 92 2
17 93 86
17 94 96
17 95 87
17 96 43
17 97 89
17 98 68
17 99 28
17 100 72
18 1 71
18 2 95
18 3 54
18 4 89
18 5 83
18 6 2
18 7 42
18 8 91
18 9 16
18 10 68
18 11 42
18 12 5
18 13 84
18 14 11
18 15 25
18 16 49
18 17 90
18 18 34
18 19 8
18 20 42
18 21 23
18 22 76
18 23 7
18 24 97
18 25 77
18 26 68
18 27 89
18 28 70
18 29 67
18 30 33
18 31 25
18 32 11
18 33 38
18 34 99
18 35 6
18 36 3
18 37 24
18 38 18
18 39 85
18 40 96
18 41 44
18 42 25
18 43 93
18 44 28
18 45 56
18 46 47
18 47 16
18 48 26
18 49 24
18 50 3
18 51 95
18 52 53
18 53 17
18 54 69
18 55 96
18 56 86
18 57 86
18 58 65
18 59 85
18 60 51
18 61 80
18 62 36
18 63 92
18 64 87
18 65 7
18 66 31
18 67 70
18 68 11
18 69 84
18 70 81
18 71 91
18 72 60
18 73 54
18 74 44
18 75 20
18 76 16
18 77 19
18 78 2
18 79 54
18 80 56
18 81 80
18 82 32
18 83 55
18 84 15
18 85 74
18 86 82
18 87 67
18 88 53
18 89 15
18 90 65
18 91 84
18 92 47
18 93 31
18 94 25
18 95 55
18 96 12
18 97 35
18 98 53
18 99 79
18 100 52
19 1 8
19 2 80
19 3 90
19 4 64
19 5 77
19 6 27
19 7 6
19 8 37
19 9 77
19 10 93
19 11 6
19 12 27
19 13 10
19 14 10
19 15 53
19 16 21
19 17 76
19 18 59
19 19 61
19 20 72
19 21 15
19 22 56
19 23 15
19 24 18
19 25 35
19 26 62
19 27 17
19 28 32
19 29 50
19 30 60
19 31 62
19 32 31
19 33 45
19 34 69
19 35 39
19 36 38
19 37 38
19 38 73
19 39 95
19 40 94
19 41 81
19 42 16
19 43 77
19 44 15
19 45 48
19 46 11
19 47 39
19 48 6
19 49 76
19 50 26
19 51 61
19 52 31
19 53 96
19 54 88
19 55 11
19 56 47
19 57 42
19 58 17
19 59 54
19 60 43
19 61 10
19 62 89
19 63 49
19 64 77
19 65 61
19 66 30
19 67 33
19 68 79
19 69 24
19 70 80
19 71 4
19 72 20
19 73 49
19 74 63
19 75 83
19 76 20
19 77 48
19 78 22
19 79 74
19 80 79
19 81 67
19 82 27
19 83 53
19 84 56
19 85 68
19 86 37
19 87 85
19 88 22
19 89 33
19 90 29
19 91 10
19 92 42
19 93 70
19 94 40
19 95 24
19 96 11
19 97 64
19 98 64
19 99 87
19 100 80
20 1 64
20 2 21
20 3 23
20 4 98
20 5 75
20 6 39
20 7 60
20 8 75
20 9 57
20 10 63
20 11 17
20 12 92
20 13 85
20 14 87
20 15 34
20 16 56
20 17 40
20 18 67
20 19 91
20 20 20
20 21 27
20 22 74
20 23 78
20 24 45
20 25 76
20 26 35
20 27 94
20 28 28
20 29 81
20 30 41
20 31 71
20 32 8
20 33 3
20 34 3
20 35 80
20 36 80
20 37 69
20 38 33
20 39 14
20 40 64
20 41 30
20 42 13
20 43 47
20 44 8
20 45 94
20 46 41
20 47 57
20 48 34
20 49 16
20 50 8
20 51 81
20 52 18
20 53 58
20 54 62
20 55 26
20 56 45
20 57 60
20 58 80
20 59 98
20 60 27
20 61 39
20 62 22
20 63 68
20 64 18
20 65 26
20 66 24
20 67 67
20 68 58
20 69 86
20 70 7
20 71 83
20 72 47
20 73 42
20 74 47
20 75 13
20 76 74
20 77 1
20 78 20
20 79 69
20 80 43
20 81 39
20 82 56
20 83 51
20 84 69
20 85 24
20 86 8
20 87 17
20 88 3
20 89 14
20 90 98
20 91 96
20 92 51
20 93 90
20 94 30
20 95 58
20 96 25
20 97 3
20 98 4
20 99 35
20 100 80
21 1 4
21 2 39
21 3 45
21 4 46
21 5 94
21 6 92
21 7 68
21 8 70
21 9 75
21 10 86
21 11 85
21 12 25
21 13 1
21 14 15
21 15 6
21 16 49
21 17 90
21 18 95
21 19 14
21 20 93
21 21 49
21 22 63
21 23 29
21 24 72
21 25 15
21 26 80
21 27 85
21 28 60
21 29 69
21 30 66
21 31 99
21 32 60
21 33 70
21 34 61
21 35 70
21 36 86
21 37 8
21 38 45
21 39 4
21 40 32
21 41 26
21 42 85
21 43 64
21 44 96
21 45 45
21 46 96
21 47 57
21 48 23
21 49 94
21 50 71
21 51 6
21 52 85
21 53 92
21 54 20
21 55 39
21 56 53
21 57 83
21 58 20
21 59 86
21 60 80
21 61 2
21 62 15
21 63 93
21 64 80
21 65 14
21 66 54
21 67 44
21 68 79
21 69 81
21 70 24
21 71 63
21 72 14
21 73 98
21 74 76
21 75 39
21 76 98
21 77 7
21 78 79
21 79 69
21 80 66
21 81 77
21 82 97
21 83 77
21 84 3
21 85 96
21 86 46
21 87 89
21 88 97
21 89 51
21 90 86
21 91 9
21 92 85
21 93 37
21 94 99
21 95 10
21 96 71
21 97 59
21 98 26
21 99 36
21 100 33
22 1 20
22 2 25
22 3 44
22 4 83
22 5 84
22 6 8
22 7 37
22 8 33
22 9 99
22 10 83
22 11 67
22 12 21
22 13 28
22 14 60
22 15 38
22 16 72
22 17 81
22 18 81
22 19 15
22 20 4
22 21 70
22 22 91
22 23 61
22 24 48
22 25 32
22 26 88
22 27 80
22 28 82
22 29 7
22 30 92
22 31 86
22 32 70
22 33 83
22 34 14
22 35 17
22 36 19
22 37 7
22 38 77
22 39 75
22 40 54
22 41 6
22 42 98
22 43 22
22 44 55
22 45 96
22 46 27
22 47 46
22 48 67
22 49 54
22 50 20
22 51 14
22 52 31
22 53 29
22 54 47
22 55 16
22 56 61
22 57 31
22 58 85
22 59 53
22 60 73
22 61 81
22 62 65
22 63 42
22 64 13
22 65 14
22 66 61
22 67 74
22 68 1
22 69 93
22 70 35
22 71 41
22 72 44
22 73 85
22 74 21
22 75 16
22 76 85
22 77 69
22 78 37
22 79 94
22 80 12
22 81 5
22 82 1
22 83 14
22 84 17
22 85 85
22 86 84
22 87 89
22 88 62
22 89 97
22 90 4
22 91 82
22 92 24
22 93 21
22 94 96
22 95 61
22 96 61
22 97 75
22 98 93
22 99 96
22 100 35
23 1 41
23 2 21
23 3 93
23 4 26
23 5 53
23 6 29
23 7 5
23 8 80
23 9 65
23 10 43
23 11 46
23 12 17
23 13 43
23 14 10
23 15 13
23 16 69
23 17 50
23 18 84
23 19 50
23 20 99
23 21 32
23 22 40
23 23 45
23 24 87
23 25 44
23 26 68
23 27 7
23 28 83
23 29 59
23 30 99
23 31 81
23 32 67
23 33 40
23 34 14
23 35 82
23 36 86
23 37 11
23 38 2
23 39 25
23 40 89
23 41 51
23 42 86
23 43 72
23 44 5
23 45 8
23 46 24
23 47 6
23 48 58
23 49 60
23 50 47
23 51 55
23 52 60
23 53 92
23 54 55
23 55 1
23 56 90
23 57 38
23 58 29
23 59 62
23 60 6
23 61 26
23 62 43
23 63 38
23 64 11
23 65 3
23 66 87
23 67 76
23 68 58
23 69 41
23 70 42
23 71 69
23 72 96
23 73 90
23 74 2
23 75 78
23 76 45
23 77 59
23 78 5
23 79 78
23 80 26
23 81 89
23 82 52
23 83 19
23 84 60
23 85 73
23 86 9
23 87 15
23 88 81
23 89 39
23 90 30
23 91 70
23 92 74
23 93 70
23 94 32
23 95 15
23 96 16
23 97 23
23 98 36
23 99 91
23 100 35
24 1 67
24 2 31
24 3 48
24 4 55
24 5 98
24 6 80
24 7 88
24 8 4
24 9 92
24 10 4
24 11 54
24 12 69
24 13 69
24 14 74
24 15 56
24 16 50
24 17 50
24 18 71
24 19 72
24 20 40
24 21 76
24 22 11
24 23 29
24 24 44
24 25 9
24 26 52
24 27 90
24 28 90
24 29 83
24 30 83
24 31 47
24 32 27
24 33 32
24 34 38
24 35 27
24 36 85
24 37 19
24 38 54
24 39 45
24 40 99
24 41 84
24 42 40
24 43 50
24 44 71
24 45 18
24 46 94
24 47 72
24 48 62
24 49 11
24 50 16
24 51 98
24 52 81
24 53 21
24 54 40
24 55 34
24 56 36
24 57 69
24 58 68
24 59 35
24 60 29
24 61 14
24 62 82
24 63 97
24 64 48
24 65 25
24 66 64
24 67 92
24 68 56
24 69 76
24 70 36
24 71 50
24 72 54
24 73 59
24 74 77
24 75 26
24 76 25
24 77 42
24 78 87
24 79 42
24 80 38
24 81 32
24 82 61
24 83 56
24 84 42
24 85 56
24 86 79
24 87 67
24 88 16
24 89 3
24 90 37
24 91 33
24 92 3
24 93 12
24 94 5
24 95 63
24 96 26
24 97 93
24 98 68
24 99 52
24 100 88
25 1 7
25 2 90
25 3 42
25 4 6
25 5 99
25 6 21
25 7 42
25 8 2
25 9 39
25 10 19
25 11 54
25 12 74
25 13 31
25 14 27
25 15 31
25 16 94
25 17 2
25 18 79
25 19 5
25 20 67
25 21 44
25 22 83
25 23 83
25 24 86
25 25 95
25 26 14
25 27 41
25 28 41
25 29 69
25 30 62
25 31 4
25 32 42
25 33 52
25 34 63
25 35 67
25 36 76
25 37 58
25 38 96
25 39 26
25 40 21
25 41 33
25 42 56
25 43 54
25 44 57
25 45 30
25 46 94
25 47 4
25 48 81
25 49 79
25 50 47
25 51 46
25 52 67
25 53 10
25 54 68
25 55 42
25 56 76
25 57 16
25 58 26
25 59 98
25 60 5
25 61 13
25 62 14
25 63 81
25 64 37
25 65 99
25 66 92
25 67 80
25 68 7
25 69 93
25 70 34
25 71 54
25 72 79
25 73 57
25 74 85
25 75 59
25 76 23
25 77 77
25 78 15
25 79 93
25 80 80
25 81 83
25 82 34
25 83 47
25 84 55
25 85 99
25 86 83
25 87 44
25 88 81
25 89 55
25 90 41
25 91 17
25 92 82
25 93 66
25 94 19
25 95 32
25 96 26
25 97 88
25 98 24
25 99 2
25 100 35
26 1 25
26 2 53
26 3 8
26 4 23
26 5 35
26 6 97
26 7 20
26 8 53
26 9 14
26 10 69
26 11 29
26 12 38
26 13 42
26 14 47
26 15 15
26 16 23
26 17 25
26 18 17
26 19 39
26 20 92
26 21 20
26 22 97
26 23 29
26 24 64
26 25 47
26 26 84
26 27 8
26 28 97
26 29 47
26 30 27
26 31 55
26 32 62
26 33 12
26 34 64
26 35 49
26 36 1
26 37 61
26 38 53
26 39 99
26 40 68
26 41 34
26 42 55
26 43 60
26 44 46
26 45 11
26 46 44
26 47 22
26 48 32
26 49 68
26 50 41
26 51 36
26 52 94
26 53 95
26 54 31
26 55 28
26 56 95
26 57 97
26 58 61
26 59 64
26 60 48
26 61 64
26 62 23
26 63 51
26 64 46
26 65 94
26 66 9
26 67 94
26 68 34
26 69 56
26 70 6
26 71 95
26 72 30
26 73 26
26 74 81
26 75 22
26 76 32
26 77 29
26 78 29
26 79 15
26 80 76
26 81 21
26 82 49
26 83 26
26 84 95
26 85 90
26 86 39
26 87 72
26 88 51
26 89 42
26 90 20
26 91 72
26 92 83
26 93 50
26 94 30
26 95 8
26 96 11
26 97 68
26 98 66
26 99 89
26 100 97
27 1 21
27 2 90
27 3 27
27 4 51
27 5 36
27 6 54
27 7 80
27 8 36
27 9 71
27 10 96
27 11 10
27 12 65
27 13 17
27 14 28
27 15 68
27 16 92
27 17 56
27 18 90
27 19 60
27 20 18
27 21 14
27 22 82
27 23 51
27 24 77
27 25 28
27 26 76
27 27 77
27 28 2
27 29 26
27 30 21
27 31 77
27 32 60
27 33 44
27 34 91
27 35 82
27 36 67
27 37 64
27 38 55
27 39 77
27 40 5
27 41 6
27 42 89
27 43 23
27 44 39
27 45 11
27 46 98
27 47 27
27 48 71
27 49 62
27 50 39
27 51 95
27 52 80
27 53 88
27 54 19
27 55 47
27 56 91
27 57 26
27 58 90
27 59 17
27 60 18
27 61 4
27 62 69
27 63 19
27 64 45
27 65 50
27 66 58
27 67 64
27 68 37
27 69 51
27 70 49
27 71 4
27 72 48
27 73 30
27 74 29
27 75 16
27 76 9
27 77 13
27 78 37
27 79 53
27 80 41
27 81 81
27 82 13
27 83 87
27 84 27
27 85 85
27 86 52
27 87 69
27 88 22
27 89 97
27 90 41
27 91 90
27 92 49
27 93 36
27 94 36
27 95 58
27 96 74
27 97 35
27 98 70
27 99 89
27 100 63
28 1 78
28 2 4
28 3 70
28 4 37
28 5 90
28 6 60
28 7 33
28 8 11
28 9 49
28 10 43
28 11 57
28 12 66
28 13 14
28 14 33
28 15 91
28 16 92
28 17 65
28 18 24
28 19 35
28 20 70
28 21 1
28 22 76
28 23 53
28 24 66
28 25 54
28 26 94
28 27 66
28 28 85
28 29 45
28 30 69
28 31 91
28 32 97
28 33 58
28 34 59
28 35 42
28 36 98
28 37 96
28 38 16
28 39 93
28 40 87
28 41 84
28 42 49
28 43 37
28 44 46
28 45 12
28 46 34
28 47 87
28 48 62
28 49 62
28 50 21
28 51 35
28 52 30
28 53 40
28 54 1
28 55 16
28 56 19
28 57 63
28 58 8
28 59 83
28 60 65
28 61 83
28 62 41
28 63 93
28 64 76
28 65 30
28 66 4
28 67 38
28 68 21
28 69 23
28 70 87
28 71 42
28 72 54
28 73 66
28 74 10
28 75 10
28 76 28
28 77 25
28 78 56
28 79 51
28 80 42
28 81 34
28 82 61
28 83 13
28 84 28
28 85 6
28 86 82
28 87 33
28 88 16
28 89 73
28 90 27
28 91 23
28 92 51
28 93 42
28 94 8
28 95 57
28 96 66
28 97 49
28 98 73
28 99 13
28 100 53
29 1 11
29 2 54
29 3 80
29 4 71
29 5 19
29 6 9
29 7 89
29 8 65
29 9 11
29 10 37
29 11 39
29 12 65
29 13 24
29 14 79
29 15 29
29 16 63
29 17 37
29 18 58
29 19 91
29 20 38
29 21 86
29 22 99
29 23 39
29 24 79
29 25 91
29 26 58
29 27 52
29 28 23
29 29 54
29 30 13
29 31 72
29 32 12
29 33 82
29 34 1
29 35 25
29 36 73
29 37 92
29 38 58
29 39 62
29 40 31
29 41 6
29 42 12
29 43 89
29 44 67
29 45 28
29 46 43
29 47 77
29 48 36
29 49 83
29 50 78
29 51 7
29 52 43
29 53 33
29 54 24
29 55 53
29 56 71
29 57 46
29 58 99
29 59 42
29 60 14
29 61 2
29 62 48
29 63 5
29 64 6
29 65 62
29 66 72
29 67 11
29 68 11
29 69 49
29 70 75
29 71 48
29 72 46
29 73 33
29 74 28
29 75 47
29 76 57
29 77 77
29 78 14
29 79 4
29 80 8
29 81 77
29 82 94
29 83 90
29 84 81
29 85 36
29 86 88
29 87 67
29 88 12
29 89 62
29 90 86
29 91 21
29 92 9
29 93 24
29 94 4
29 95 65
29 96 85
29 97 68
29 98 38
29 99 39
29 100 84
30 1 91
30 2 83
30 3 29
30 4 51
30 5 48
30 6 29
30 7 87
30 8 25
30 9 47
30 10 86
30 11 33
30 12 42
30 13 46
30 14 41
30 15 14
30 16 47
30 17 35
30 18 14
30 19 16
30 20 10
30 21 48
30 22 51
30 23 55
30 24 82
30 25 76
30 26 52
30 27 56
30 28 94
30 29 51
30 30 3
30 31 90
30 32 22
30 33 91
30 34 25
30 35 37
30 36 67
30 37 95
30 38 15
30 39 36
30 40 13
30 41 28
30 42 35
30 43 15
30 44 17
30 45 3
30 46 48
30 47 37
30 48 75
30 49 49
30 50 73
30 51 99
30 52 55
30 53 9
30 54 90
30 55 34
30 56 96
30 57 12
30 58 48
30 59 47
30 60 46
30 61 7
30 62 16
30 63 97
30 64 21
30 65 52
30 66 35
30 67 94
30 68 82
30 69 95
30 70 42
30 71 96
30 72 21
30 73 35
30 74 38
30 75 19
30 76 3
30 77 60
30 78 63
30 79 66
30 80 38
30 81 45
30 82 34
30 83 80
30 84 72
30 85 36
30 86 56
30 87 31
30 88 84
30 89 1
30 90 4
30 91 75
30 92 78
30 93 30
30 94 13
30 95 82
30 96 62
30 97 10
30 98 59
30 99 58
30 100 53
31 1 3
31 2 79
31 3 18
31 4 9
31 5 22
31 6 71
31 7 65
31 8 88
31 9 93
31 10 42
31 11 85
31 12 18
31 13 97
31 14 72
31 15 50
31 16 81
31 17 34
31 18 71
31 19 1
31 20 48
31 21 82
31 22 55
31 23 48
31 24 9
31 25 81
31 26 16
31 27 29
31 28 24
31 29 76
31 30 41
31 31 28
31 32 73
31 33 3
31 34 47
31 35 7
31 36 10
31 37 84
31 38 41
31 39 60
31 40 70
31 41 79
31 42 28
31 43 38
31 44 41
31 45 77
31 46 66
31 47 93
31 48 16
31 49 59
31 50 11
31 51 76
31 52 95
31 53 45
31 54 60
31 55 55
31 56 76
31 57 35
31 58 33
31 59 87
31 60 70
31 61 88
31 62 67
31 63 5
31 64 28
31 65 64
31 66 33
31 67 88
31 68 77
31 69 65
31 70 35
31 71 28
31 72 90
31 73 60
31 74 74
31 75 52
31 76 32
31 77 17
31 78 52
31 79 7
31 80 72
31 81 7
31 82 38
31 83 62
31 84 65
31 85 72
31 86 88
31 87 55
31 88 76
31 89 83
31 90 1
31 91 17
31 92 75
31 93 74
31 94 68
31 95 80
31 96 56
31 97 17
31 98 82
31 99 36
31 100 61
32 1 2
32 2 77
32 3 37
32 4 41
32 5 54
32 6 78
32 7 86
32 8 8
32 9 79
32 10 64
32 11 38
32 12 5
32 13 99
32 14 56
32 15 98
32 16 39
32 17 51
32 18 44
32 19 30
32 20 85
32 21 69
32 22 31
32 23 47
32 24 18
32 25 20
32 26 53
32 27 41
32 28 99
32 29 46
32 30 3
32 31 54
32 32 73
32 33 59
32 34 96
32 35 19
32 36 72
32 37 40
32 38 26
32 39 2
32 40 88
32 41 62
32 42 94
32 43 10
32 44 64
32 45 7
32 46 93
32 47 85
32 48 30
32 49 58
32 50 27
32 51 33
32 52 55
32 53 45
32 54 31
32 55 92
32 56 80
32 57 7
32 58 94
32 59 84
32 60 58
32 61 35
32 62 94
32 63 81
32 64 54
32 65 36
32 66 23
32 67 11
32 68 77
32 69 14
32 70 64
32 71 45
32 72 54
32 73 59
32 74 63
32 75 14
32 76 30
32 77 71
32 78 49
32 79 37
32 80 47
32 81 99
32 82 70
32 83 60
32 84 58
32 85 24
32 86 79
32 87 60
32 88 30
32 89 14
32 90 26
32 91 87
32 92 18
32 93 46
32 94 94
32 95 99
32 96 51
32 97 48
32 98 25
32 99 81
32 100 84
33 1 31
33 2 35
33 3 34
33 4 19
33 5 1
33 6 79
33 7 63
33 8 72
33 9 6
33 10 2
33 11 50
33 12 7
33 13 1
33 14 26
33 15 85
33 16 85
33 17 18
33 18 6
33 19 93
33 20 25
33 21 2
33 22 93
33 23 10
33 24 3
33 25 85
33 26 88
33 27 80
33 28 15
33 29 5
33 30 22
33 31 69
33 32 21
33 33 27
33 34 24
33 35 27
33 36 93
33 37 70
33 38 34
33 39 95
33 40 35
33 41 50
33 42 18
33 43 3
33 44 28
33 45 54
33 46 88
33 47 31
33 48 95
33 49 53
33 50 75
33 51 67
33 52 95
33 53 5
33 54 94
33 55 81
33 56 44
33 57 17
33 58 78
33 59 80
33 60 78
33 61 68
33 62 47
33 63 33
33 64 22
33 65 65
33 66 16
33 67 74
33 68 59
33 69 56
33 70 80
33 71 59
33 72 3
33 73 6
33 74 81
33 75 1
33 76 93
33 77 67
33 78 16
33 79 66
33 80 98
33 81 23
33 82 61
33 83 8
33 84 35
33 85 7
33 86 73
33 87 51
33 88 25
33 89 25
33 90 46
33 91 79
33 92 85
33 93 20
33 94 51
33 95 8
33 96 38
33 97 5
33 98 35
33 99 93
33 100 71
34 1 5
34 2 16
34 3 21
34 4 11
34 5 34
34 6 20
34 7 74
34 8 8
34 9 76
34 10 80
34 11 94
34 12 64
34 13 22
34 14 80
34 15 40
34 16 66
34 17 9
34 18 33
34 19 1
34 20 50
34 21 91
34 22 96
34 23 20
34 24 44
34 25 56
34 26 76
34 27 91
34 28 18
34 29 17
34 30 2
34 31 46
34 32 9
34 33 36
34 34 55
34 35 5
34 36 81
34 37 19
34 38 51
34 39 27
34 40 24
34 41 52
34 42 8
34 43 69
34 44 50
34 45 83
34 46 30
34 47 99
34 48 65
34 49 33
34 50 7
34 51 18
34 52 92
34 53 26
34 54 98
34 55 31
34 56 50
34 57 16
34 58 55
34 59 30
34 60 68
34 61 17
34 62 49
34 63 18
34 64 19
34 65 26
34 66 2
34 67 31
34 68 21
34 69 43
34 70 78
34 71 84
34 72 25
34 73 95
34 74 15
34 75 27
34 76 72
34 77 42
34 78 39
34 79 92
34 80 14
34 81 80
34 82 27
34 83 26
34 84 85
34 85 55
34 86 8
34 87 98
34 88 90
34 89 61
34 90 66
34 91 45
34 92 97
34 93 31
34 94 84
34 95 20
34 96 75
34 97 35
34 98 60
34 99 28
34 100 51
35 1 24
35 2 54
35 3 10
35 4 93
35 5 43
35 6 38
35 7 60
35 8 3
35 9 15
35 10 76
35 11 79
35 12 75
35 13 29
35 14 61
35 15 64
35 16 11
35 17 62
35 18 27
35 19 27
35 20 99
35 21 62
35 22 22
35 23 36
35 24 26
35 25 81
35 26 13
35 27 5
35 28 26
35 29 4
35 30 81
35 31 26
35 32 25
35 33 28
35 34 26
35 35 22
35 36 12
35 37 86
35 38 10
35 39 14
35 40 66
35 41 27
35 42 90
35 43 46
35 44 68
35 45 25
35 46 52
35 47 76
35 48 33
35 49 23
35 50 90
35 51 60
35 52 76
35 53 72
35 54 95
35 55 47
35 56 15
35 57 95
35 58 28
35 59 14
35 60 39
35 61 21
35 62 74
35 63 89
35 64 93
35 65 54
35 66 25
35 67 5
35 68 88
35 69 57
35 70 61
35 71 43
35 72 73
35 73 97
35 74 26
35 75 86
35 76 99
35 77 32
35 78 60
35 79 52
35 80 51
35 81 66
35 82 70
35 83 38
35 84 29
35 85 78
35 86 50
35 87 39
35 88 93
35 89 2
35 90 92
35 91 52
35 92 59
35 93 57
35 94 33
35 95 46
35 96 50
35 97 27
35 98 53
35 99 96
35 100 60
36 1 92
36 2 59
36 3 18
36 4 78
36 5 63
36 6 26
36 7 16
36 8 43
36 9 46
36 10 17
36 11 77
36 12 13
36 13 26
36 14 58
36 15 17
36 16 11
36 17 22
36 18 35
36 19 64
36 20 32
36 21 74
36 22 11
36 23 91
36 24 12
36 25 36
36 26 80
36 27 96
36 28 40
36 29 92
36 30 89
36 31 57
36 32 70
36 33 17
36 34 62
36 35 62
36 36 8
36 37 93
36 38 35
36 39 3
36 40 10
36 41 70
36 42 30
36 43 16
36 44 90
36 45 79
36 46 18
36 47 28
36 48 84
36 49 36
36 50 77
36 51 56
36 52 21
36 53 42
36 54 72
36 55 4
36 56 27
36 57 7
36 58 14
36 59 4
36 60 76
36 61 17
36 62 43
36 63 14
36 64 20
36 65 14
36 66 89
36 67 29
36 68 36
36 69 25
36 70 49
36 71 21
36 72 50
36 73 34
36 74 5
36 75 61
36 76 36
36 77 15
36 78 46
36 79 99
36 80 28
36 81 19
36 82 29
36 83 6
36 84 85
36 85 92
36 86 10
36 87 67
36 88 11
36 89 67
36 90 91
36 91 70
36 92 16
36 93 8
36 94 33
36 95 50
36 96 84
36 97 90
36 98 24
36 99 94
36 100 67
37 1 83
37 2 18
37 3 37
37 4 50
37 5 5
37 6 98
37 7 1
37 8 51
37 9 92
37 10 17
37 11 96
37 12 2
37 13 2
37 14 15
37 15 92
37 16 57
37 17 62
37 18 80
37 19 68
37 20 26
37 21 57
37 22 19
37 23 70
37 24 85
37 25 76
37 26 88
37 27 71
37 28 70
37 29 82
37 30 36
37 31 30
37 32 94
37 33 37
37 34 38
37 35 15
37 36 6
37 37 83
37 38 71
37 39 62
37 40 28
37 41 8
37 42 14
37 43 23
37 44 10
37 45 73
37 46 65
37 47 96
37 48 57
37 49 66
37 50 90
37 51 99
37 52 56
37 53 29
37 54 23
37 55 57
37 56 35
37 57 80
37 58 78
37 59 44
37 60 10
37 61 98
37 62 52
37 63 62
37 64 93
37 65 28
37 66 62
37 67 36
37 68 60
37 69 96
37 70 62
37 71 25
37 72 98
37 73 54
37 74 63
37 75 49
37 76 22
37 77 13
37 78 88
37 79 71
37 80 51
37 81 66
37 82 29
37 83 78
37 84 69
37 85 60
37 86 2
37 87 53
37 88 17
37 89 17
37 90 62
37 91 66
37 92 17
37 93 10
37 94 4
37 95 87
37 96 14
37 97 16
37 98 58
37 99 20
37 100 58
38 1 94
38 2 86
38 3 7
38 4 10
38 5 28
38 6 89
38 7 44
38 8 55
38 9 54
38 10 6
38 11 25
38 12 93
38 13 48
38 14 17
38 15 58
38 16 35
38 17 7
38 18 56
38 19 47
38 20 94
38 21 1
38 22 8
38 23 4
38 24 73
38 25 72
38 26 13
38 27 45
38 28 45
38 29 2
38 30 14
38 31 47
38 32 83
38 33 60
38 34 79
38 35 16
38 36 18
38 37 2
38 38 49
38 39 21
38 40 94
38 41 17
38 42 22
38 43 28
38 44 77
38 45 45
38 46 28
38 47 62
38 48 45
38 49 40
38 50 90
38 51 16
38 52 64
38 53 84
38 54 98
38 55 81
38 56 29
38 57 20
38 58 88
38 59 50
38 60 37
38 61 79
38 62 34
38 63 71
38 64 3
38 65 3
38 66 1
38 67 69
38 68 24
38 69 38
38 70 3
38 71 85
38 72 82
38 73 14
38 74 85
38 75 33
38 76 1
38 77 34
38 78 53
38 79 44
38 80 87
38 81 61
38 82 67
38 83 98
38 84 55
38 85 86
38 86 92
38 87 4
38 88 54
38 89 92
38 90 52
38 91 13
38 92 36
38 93 1
38 94 6
38 95 62
38 96 70
38 97 24
38 98 17
38 99 79
38 100 94
39 1 84
39 2 99
39 3 12
39 4 36
39 5 19
39 6 31
39 7 69
39 8 82
39 9 90
39 10 82
39 11 86
39 12 98
39 13 37
39 14 20
39 15 54
39 16 75
39 17 46
39 18 26
39 19 19
39 20 13
39 21 38
39 22 29
39 23 30
39 24 62
39 25 53
39 26 96
39 27 39
39 28 84
39 29 27
39 30 81
39 31 46
39 32 91
39 33 96
39 34 44
39 35 86
39 36 30
39 37 4
39 38 93
39 39 51
39 40 2
39 41 45
39 42 2
39 43 99
39 44 14
39 45 66
39 46 48
39 47 66
39 48 95
39 49 2
39 50 20
39 51 45
39 52 77
39 53 85
39 54 41
39 55 7
39 56 87
39 57 94
39 58 33
39 59 37
39 60 34
39 61 62
39 62 73
39 63 48
39 64 93
39 65 61
39 66 98
39 67 2
39 68 47
39 69 54
39 70 27
39 71 14
39 72 16
39 73 89
39 74 60
39 75 89
39 76 56
39 77 10
39 78 2
39 79 10
39 80 87
39 81 39
39 82 35
39 83 22
39 84 76
39 85 70
39 86 46
39 87 72
39 88 19
39 89 74
39 90 56
39 91 96
39 92 86
39 93 44
39 94 59
39 95 90
39 96 18
39 97 26
39 98 30
39 99 82
39 100 9
40 1 15
40 2 31
40 3 91
40 4 33
40 5 66
40 6 42
40 7 13
40 8 24
40 9 43
40 10 75
40 11 23
40 12 63
40 13 51
40 14 78
40 15 25
40 16 7
40 17 61
40 18 40
40 19 40
40 20 22
40 21 9
40 22 99
40 23 57
40 24 6
40 25 33
40 26 31
40 27 94
40 28 80
40 29 65
40 30 95
40 31 96
40 32 80
40 33 92
40 34 74
40 35 7
40 36 62
40 37 2
40 38 64
40 39 29
40 40 66
40 41 67
40 42 8
40 43 82
40 44 79
40 45 77
40 46 56
40 47 62
40 48 4
40 49 25
40 50 18
40 51 73
40 52 45
40 53 53
40 54 57
40 55 43
40 56 64
40 57 96
40 58 81
40 59 16
40 60 88
40 61 85
40 62 68
40 63 64
40 64 60
40 65 4
40 66 44
40 67 93
40 68 98
40 69 58
40 70 39
40 71 58
40 72 70
40 73 42
40 74 30
40 75 38
40 76 32
40 77 34
40 78 8
40 79 18
40 80 28
40 81 30
40 82 45
40 83 11
40 84 71
40 85 98
40 86 9
40 87 47
40 88 70
40 89 12
40 90 3
40 91 47
40 92 62
40 93 62
40 94 46
40 95 28
40 96 22
40 97 39
40 98 60
40 99 4
40 100 40
41 1 52
41 2 21
41 3 63
41 4 84
41 5 29
41 6 8
41 7 13
41 8 40
41 9 95
41 10 16
41 11 88
41 12 50
41 13 33
41 14 31
41 15 35
41 16 54
41 17 82
41 18 10
41 19 28
41 20 72
41 21 69
41 22 97
41 23 4
41 24 10
41 25 70
41 26 26
41 27 20
41 28 57
41 29 36
41 30 78
41 31 37
41 32 47
41 33 47
41 34 22
41 35 14
41 36 59
41 37 53
41 38 7
41 39 2
41 40 49
41 41 19
41 42 83
41 43 28
41 44 85
41 45 17
41 46 46
41 47 20
41 48 52
41 49 42
41 50 88
41 51 14
41 52 12
41 53 58
41 54 89
41 55 2
41 56 32
41 57 99
41 58 8
41 59 49
41 60 66
41 61 18
41 62 93
41 63 77
41 64 86
41 65 40
41 66 80
41 67 71
41 68 14
41 69 70
41 70 27
41 71 86
41 72 97
41 73 74
41 74 21
41 75 84
41 76 97
41 77 67
41 78 97
41 79 92
41 80 68
41 81 35
41 82 8
41 83 34
41 84 73
41 85 95
41 86 60
41 87 51
41 88 30
41 89 12
41 90 71
41 91 20
41 92 28
41 93 96
41 94 59
41 95 58
41 96 19
41 97 40
41 98 74
41 99 72
41 100 97
42 1 70
42 2 36
42 3 35
42 4 29
42 5 53
42 6 41
42 7 74
42 8 78
42 9 72
42 10 94
42 11 33
42 12 62
42 13 68
42 14 78
42 15 27
42 16 43
42 17 31
42 18 23
42 19 82
42 20 8
42 21 23
42 22 84
42 23 16
42 24 78
42 25 36
42 26 84
42 27 24
42 28 83
42 29 89
42 30 77
42 31 77
42 32 34
42 33 83
42 34 93
42 35 50
42 36 94
42 37 83
42 38 89
42 39 15
42 40 16
42 41 91
42 42 56
42 43 98
42 44 57
42 45 91
42 46 66
42 47 13
42 48 16
42 49 61
42 50 94
42 51 16
42 52 95
42 53 2
42 54 91
42 55 87
42 56 73
42 57 74
42 58 3
42 59 73
42 60 46
42 61 3
42 62 76
42 63 33
42 64 86
42 65 67
42 66 45
42 67 17
42 68 35
42 69 23
42 70 35
42 71 93
42 72 74
42 73 33
42 74 57
42 75 56
42 76 50
42 77 26
42 78 62
42 79 78
42 80 35
42 81 60
42 82 44
42 83 56
42 84 19
42 85 68
42 86 80
42 87 45
42 88 73
42 89 6
42 90 80
42 91 64
42 92 61
42 93 7
42 94 90
42 95 2
42 96 9
42 97 96
42 98 73
42 99 99
42 100 90
43 1 56
43 2 76
43 3 62
43 4 83
43 5 72
43 6 44
43 7 33
43 8 29
43 9 80
43 10 14
43 11 15
43 12 13
43 13 84
43 14 95
43 15 45
43 16 11
43 17 13
43 18 65
43 19 81
43 20 60
43 21 53
43 22 24
43 23 60
43 24 95
43 25 41
43 26 60
43 27 26
43 28 80
43 29 54
43 30 23
43 31 44
43 32 57
43 33 95
43 34 45
43 35 44
43 36 89
43 37 85
43 38 7
43 39 96
43 40 85
43 41 47
43 42 64
43 43 28
43 44 57
43 45 7
43 46 87
43 47 22
43 48 59
43 49 78
43 50 90
43 51 28
43 52 83
43 53 12
43 54 18
43 55 37
43 56 65
43 57 61
43 58 2
43 59 87
43 60 31
43 61 92
43 62 93
43 63 1
43 64 53
43 65 36
43 66 92
43 67 9
43 68 9
43 69 45
43 70 69
43 71 25
43 72 18
43 73 79
43 74 3
43 75 61
43 76 30
43 77 50
43 78 16
43 79 84
43 80 24
43 81 55
43 82 83
43 83 13
43 84 3
43 85 32
43 86 62
43 87 41
43 88 93
43 89 45
43 90 58
43 91 35
43 92 25
43 93 63
43 94 96
43 95 66
43 96 80
43 97 23
43 98 11
43 99 17
43 100 74
44 1 74
44 2 53
44 3 86
44 4 44
44 5 60
44 6 15
44 7 68
44 8 40
44 9 51
44 10 37
44 11 70
44 12 72
44 13 86
44 14 21
44 15 57
44 16 81
44 17 56
44 18 93
44 19 86
44 20 63
44 21 28
44 22 35
44 23 81
44 24 81
44 25 70
44 26 59
44 27 78
44 28 4
44 29 89
44 30 78
44 31 87
44 32 89
44 33 20
44 34 89
44 35 23
44 36 50
44 37 52
44 38 5
44 39 85
44 40 63
44 41 49
44 42 55
44 43 39
44 44 34
44 45 99
44 46 66
44 47 83
44 48 18
44 49 36
44 50 62
44 51 25
44 52 17
44 53 11
44 54 56
44 55 6
44 56 15
44 57 33
44 58 70
44 59 43
44 60 47
44 61 67
44 62 16
44 63 48
44 64 6
44 65 28
44 66 9
44 67 21
44 68 65
44 69 66
44 70 45
44 71 90
44 72 83
44 73 41
44 74 29
44 75 64
44 76 92
44 77 24
44 78 90
44 79 14
44 80 34
44 81 46
44 82 5
44 83 46
44 84 72
44 85 49
44 86 8
44 87 48
44 88 77
44 89 88
44 90 75
44 91 82
44 92 57
44 93 52
44 94 95
44 95 65
44 96 63
44 97 47
44 98 20
44 99 94
44 100 57
45 1 81
45 2 41
45 3 51
45 4 44
45 5 40
45 6 20
45 7 14
45 8 39
45 9 13
45 10 97
45 11 69
45 12 4
45 13 89
45 14 96
45 15 55
45 16 34
45 17 61
45 18 86
45 19 84
45 20 82
45 21 82
45 22 32
45 23 41
45 24 13
45 25 32
45 26 73
45 27 81
45 28 32
45 29 35
45 30 44
45 31 99
45 32 18
45 33 24
45 34 3
45 35 25
45 36 69
45 37 43
45 38 62
45 39 86
45 40 7
45 41 94
45 42 11
45 43 88
45 44 48
45 45 13
45 46 98
45 47 44
45 48 22
45 49 72
45 50 10
45 51 70
45 52 26
45 53 33
45 54 79
45 55 78
45 56 12
45 57 28
45 58 12
45 59 37
45 60 95
45 61 35
45 62 94
45 63 1
45 64 38
45 65 13
45 66 31
45 67 99
45 68 72
45 69 79
45 70 36
45 71 53
45 72 19
45 73 54
45 74 18
45 75 13
45 76 50
45 77 14
45 78 20
45 79 18
45 80 25
45 81 87
45 82 88
45 83 97
45 84 31
45 85 80
45 86 27
45 87 91
45 88 17
45 89 66
45 90 19
45 91 12
45 92 39
45 93 30
45 94 29
45 95 69
45 96 70
45 97 71
45 98 26
45 99 33
45 100 54
46 1 81
46 2 77
46 3 18
46 4 32
46 5 2
46 6 21
46 7 23
46 8 50
46 9 95
46 10 78
46 11 98
46 12 31
46 13 68
46 14 13
46 15 10
46 16 46
46 17 41
46 18 71
46 19 24
46 20 81
46 21 2
46 22 59
46 23 93
46 24 79
46 25 3
46 26 74
46 27 77
46 28 12
46 29 87
46 30 55
46 31 17
46 32 29
46 33 88
46 34 74
46 35 52
46 36 50
46 37 52
46 38 92
46 39 9
46 40 43
46 41 55
46 42 97
46 43 14
46 44 48
46 45 37
46 46 11
46 47 69
46 48 69
46 49 42
46 50 8
46 51 32
46 52 27
46 53 36
46 54 51
46 55 64
46 56 16
46 57 34
46 58 18
46 59 87
46 60 91
46 61 95
46 62 3
46 63 47
46 64 55
46 65 51
46 66 33
46 67 89
46 68 12
46 69 21
46 70 2
46 71 75
46 72 89
46 73 56
46 74 55
46 75 26
46 76 73
46 77 93
46 78 39
46 79 80
46 80 27
46 81 82
46 82 42
46 83 40
46 84 93
46 85 40
46 86 79
46 87 13
46 88 4
46 89 36
46 90 24
46 91 70
46 92 89
46 93 86
46 94 64
46 95 22
46 96 27
46 97 20
46 98 91
46 99 40
46 100 94
47 1 89
47 2 86
47 3 25
47 4 82
47 5 84
47 6 20
47 7 84
47 8 41
47 9 54
47 10 65
47 11 15
47 12 92
47 13 74
47 14 23
47 15 31
47 16 3
47 17 54
47 18 98
47 19 31
47 20 31
47 21 11
47 22 3
47 23 76
47 24 37
47 25 64
47 26 61
47 27 63
47 28 18
47 29 25
47 30 11
47 31 2
47 32 68
47 33 54
47 34 1
47 35 10
47 36 81
47 37 93
47 38 65
47 39 57
47 40 26
47 41 47
47 42 92
47 43 70
47 44 33
47 45 85
47 46 64
47 47 98
47 48 8
47 49 77
47 50 25
47 51 42
47 52 23
47 53 89
47 54 74
47 55 5
47 56 98
47 57 13
47 58 22
47 59 5
47 60 37
47 61 63
47 62 18
47 63 94
47 64 90
47 65 55
47 66 72
47 67 83
47 68 4
47 69 20
47 70 96
47 71 15
47 72 37
47 73 64
47 74 6
47 75 39
47 76 41
47 77 2
47 78 32
47 79 15
47 80 91
47 81 99
47 82 87
47 83 20
47 84 69
47 85 96
47 86 93
47 87 41
47 88 96
47 89 96
47 90 91
47 91 52
47 92 22
47 93 85
47 94 25
47 95 46
47 96 15
47 97 1
47 98 21
47 99 32
47 100 22
48 1 69
48 2 4
48 3 80
48 4 88
48 5 35
48 6 73
48 7 38
48 8 49
48 9 24
48 10 7
48 11 67
48 12 54
48 13 62
48 14 70
48 15 41
48 16 92
48 17 63
48 18 83
48 19 66
48 20 47
48 21 73
48 22 33
48 23 73
48 24 78
48 25 87
48 26 93
48 27 55
48 28 11
48 29 25
48 30 61
48 31 67
48 32 76
48 33 46
48 34 6
48 35 99
48 36 20
48 37 56
48 38 85
48 39 55
48 40 86
48 41 29
48 42 26
48 43 16
48 44 54
48 45 20
48 46 36
48 47 15
48 48 42
48 49 88
48 50 19
48 51 85
48 52 8
48 53 57
48 54 52
48 55 70
48 56 96
48 57 51
48 58 48
48 59 16
48 60 4
48 61 92
48 62 29
48 63 17
48 64 22
48 65 53
48 66 46
48 67 25
48 68 98
48 69 86
48 70 33
48 71 97
48 72 97
48 73 54
48 74 75
48 75 9
48 76 12
48 77 69
48 78 14
48 79 65
48 80 60
48 81 35
48 82 64
48 83 97
48 84 26
48 85 49
48 86 81
48 87 54
48 88 51
48 89 85
48 90 17
48 91 12
48 92 43
48 93 22
48 94 89
48 95 39
48 96 17
48 97 34
48 98 25
48 99 52
48 100 9
49 1 9
49 2 12
49 3 14
49 4 3
49 5 44
49 6 54
49 7 49
49 8 23
49 9 40
49 10 83
49 11 96
49 12 12
49 13 99
49 14 61
49 15 3
49 16 74
49 17 40
49 18 56
49 19 34
49 20 18
49 21 96
49 22 38
49 23 7
49 24 28
49 25 66
49 26 60
49 27 79
49 28 17
49 29 37
49 30 40
49 31 11
49 32 16
49 33 73
49 34 37
49 35 32
49 36 73
49 37 24
49 38 15
49 39 55
49 40 15
49 41 78
49 42 70
49 43 4
49 44 31
49 45 50
49 46 65
49 47 66
49 48 82
49 49 70
49 50 29
49 51 87
49 52 65
49 53 82
49 54 57
49 55 75
49 56 66
49 57 90
49 58 26
49 59 27
49 60 32
49 61 52
49 62 90
49 63 28
49 64 71
49 65 22
49 66 5
49 67 59
49 68 22
49 69 61
49 70 85
49 71 60
49 72 89
49 73 31
49 74 57
49 75 97
49 76 25
49 77 83
49 78 34
49 79 36
49 80 35
49 81 10
49 82 36
49 83 11
49 84 27
49 85 62
49 86 32
49 87 97
49 88 38
49 89 76
49 90 51
49 91 7
49 92 59
49 93 80
49 94 57
49 95 67
49 96 43
49 97 77
49 98 49
49 99 83
49 100 55
50 1 83
50 2 35
50 3 3
50 4 93
50 5 47
50 6 15
50 7 71
50 8 91
50 9 1
50 10 3
50 11 28
50 12 10
50 13 17
50 14 85
50 15 53
50 16 33
50 17 79
50 18 34
50 19 16
50 20 39
50 21 39
50 22 23
50 23 33
50 24 78
50 25 53
50 26 90
50 27 18
50 28 59
50 29 66
50 30 82
50 31 28
50 32 77
50 33 24
50 34 84
50 35 95
50 36 96
50 37 34
50 38 91
50 39 59
50 40 79
50 41 67
50 42 74
50 43 36
50 44 37
50 45 54
50 46 16
50 47 29
50 48 24
50 49 7
50 50 64
50 51 47
50 52 91
50 53 75
50 54 68
50 55 2
50 56 15
50 57 17
50 58 58
50 59 9
50 60 52
50 61 38
50 62 97
50 63 21
50 64 83
50 65 9
50 66 98
50 67 11
50 68 10
50 69 13
50 70 18
50 71 97
50 72 48
50 73 19
50 74 83
50 75 33
50 76 43
50 77 75
50 78 99
50 79 21
50 80 16
50 81 69
50 82 71
50 83 86
50 84 14
50 85 69
50 86 23
50 87 13
50 88 68
50 89 58
50 90 88
50 91 6
50 92 58
50 93 82
50 94 67
50 95 12
50 96 44
50 97 70
50 98 41
50 99 99
50 100 83
51 1 52
51 2 5
51 3 34
51 4 91
51 5 69
51 6 48
51 7 42
51 8 29
51 9 4
51 10 67
51 11 28
51 12 21
51 13 81
51 14 61
51 15 79
51 16 39
51 17 27
51 18 22
51 19 25
51 20 61
51 21 90
51 22 15
51 23 19
51 24 62
51 25 32
51 26 1
51 27 60
51 28 53
51 29 37
51 30 24
51 31 78
51 32 44
51 33 83
51 34 52
51 35 65
51 36 62
51 37 25
51 38 68
51 39 60
51 40 30
51 41 72
51 42 42
51 43 28
51 44 37
51 45 55
51 46 61
51 47 32
51 48 88
51 49 28
51 50 27
51 51 26
51 52 21
51 53 70
51 54 90
51 55 84
51 56 77
51 57 6
51 58 39
51 59 56
51 60 93
51 61 47
51 62 30
51 63 59
51 64 9
51 65 69
51 66 69
51 67 72
51 68 98
51 69 32
51 70 5
51 71 93
51 72 61
51 73 73
51 74 74
51 75 15
51 76 25
51 77 9
51 78 99
51 79 76
51 80 4
51 81 55
51 82 47
51 83 81
51 84 36
51 85 60
51 86 50
51 87 74
51 88 77
51 89 9
51 90 40
51 91 69
51 92 53
51 93 57
51 94 87
51 95 30
51 96 35
51 97 61
51 98 5
51 99 42
51 100 11
52 1 45
52 2 69
52 3 21
52 4 84
52 5 26
52 6 2
52 7 73
52 8 47
52 9 78
52 10 70
52 11 22
52 12 58
52 13 25
52 14 49
52 15 28
52 16 11
52 17 42
52 18 65
52 19 88
52 20 55
52 21 88
52 22 94
52 23 65
52 24 84
52 25 44
52 26 1
52 27 94
52 28 66
52 29 5
52 30 42
52 31 84
52 32 8
52 33 53
52 34 63
52 35 41
52 36 67
52 37 10
52 38 71
52 39 4
52 40 20
52 41 50
52 42 91
52 43 29
52 44 76
52 45 60
52 46 1
52 47 46
52 48 36
52 49 28
52 50 40
52 51 76
52 52 99
52 53 87
52 54 60
52 55 40
52 56 50
52 57 96
52 58 68
52 59 1
52 60 18
52 61 5
52 62 86
52 63 9
52 64 58
52 65 22
52 66 25
52 67 27
52 68 62
52 69 28
52 70 31
52 71 78
52 72 88
52 73 8
52 74 55
52 75 54
52 76 76
52 77 84
52 78 52
52 79 46
52 80 61
52 81 83
52 82 36
52 83 13
52 84 62
52 85 62
52 86 27
52 87 3
52 88 80
52 89 24
52 90 92
52 91 93
52 92 15
52 93 57
52 94 78
52 95 61
52 96 19
52 97 91
52 98 65
52 99 47
52 100 21
53 1 27
53 2 51
53 3 62
53 4 27
53 5 54
53 6 45
53 7 81
53 8 21
53 9 48
53 10 21
53 11 61
53 12 29
53 13 29
53 14 75
53 15 18
53 16 94
53 17 81
53 18 76
53 19 97
53 20 82
53 21 60
53 22 94
53 23 70
53 24 12
53 25 29
53 26 74
53 27 67
53 28 27
53 29 49
53 30 89
53 31 86
53 32 21
53 33 13
53 34 16
53 35 24
53 36 73
53 37 60
53 38 76
53 39 15
53 40 35
53 41 83
53 42 95
53 43 24
53 44 46
53 45 74
53 46 45
53 47 49
53 48 45
53 49 53
53 50 40
53 51 42
53 52 84
53 53 33
53 54 16
53 55 56
53 56 80
53 57 73
53 58 9
53 59 68
53 60 52
53 61 4
53 62 47
53 63 52
53 64 68
53 65 7
53 66 88
53 67 41
53 68 28
53 69 53
53 70 58
53 71 2
53 72 68
53 73 26
53 74 6
53 75 60
53 76 31
53 77 27
53 78 89
53 79 40
53 80 98
53 81 88
53 82 51
53 83 57
53 84 95
53 85 71
53 86 41
53 87 89
53 88 18
53 89 62
53 90 89
53 91 8
53 92 3
53 93 12
53 94 86
53 95 30
53 96 74
53 97 67
53 98 5
53 99 88
53 100 46
54 1 12
54 2 51
54 3 10
54 4 68
54 5 15
54 6 42
54 7 8
54 8 15
54 9 96
54 10 82
54 11 93
54 12 62
54 13 19
54 14 80
54 15 24
54 16 79
54 17 48
54 18 2
54 19 12
54 20 50
54 21 65
54 22 85
54 23 34
54 24 94
54 25 14
54 26 2
54 27 97
54 28 95
54 29 90
54 30 76
54 31 60
54 32 17
54 33 14
54 34 26
54 35 18
54 36 71
54 37 79
54 38 23
54 39 5
54 40 88
54 41 1
54 42 31
54 43 40
54 44 76
54 45 28
54 46 5
54 47 31
54 48 62
54 49 90
54 50 83
54 51 5
54 52 45
54 53 14
54 54 41
54 55 99
54 56 57
54 57 40
54 58 19
54 59 70
54 60 12
54 61 64
54 62 2
54 63 89
54 64 18
54 65 70
54 66 12
54 67 26
54 68 59
54 69 54
54 70 61
54 71 14
54 72 16
54 73 71
54 74 37
54 75 68
54 76 92
54 77 90
54 78 63
54 79 32
54 80 11
54 81 73
54 82 31
54 83 86
54 84 4
54 85 36
54 86 97
54 87 90
54 88 66
54 89 45
54 90 82
54 91 4
54 92 46
54 93 17
54 94 66
54 95 67
54 96 8
54 97 87
54 98 67
54 99 10
54 100 55
55 1 91
55 2 12
55 3 33
55 4 96
55 5 20
55 6 49
55 7 84
55 8 29
55 9 85
55 10 61
55 11 86
55 12 96
55 13 21
55 14 67
55 15 53
55 16 62
55 17 63
55 18 30
55 19 47
55 20 93
55 21 43
55 22 69
55 23 83
55 24 73
55 25 17
55 26 14
55 27 28
55 28 10
55 29 62
55 30 70
55 31 85
55 32 71
55 33 31
55 34 83
55 35 90
55 36 4
55 37 13
55 38 31
55 39 88
55 40 29
55 41 18
55 42 99
55 43 81
55 44 60
55 45 30
55 46 39
55 47 14
55 48 3
55 49 25
55 50 21
55 51 9
55 52 86
55 53 29
55 54 94
55 55 54
55 56 5
55 57 17
55 58 4
55 59 99
55 60 73
55 61 88
55 62 39
55 63 22
55 64 45
55 65 86
55 66 83
55 67 6
55 68 33
55 69 74
55 70 14
55 71 74
55 72 75
55 73 6
55 74 46
55 75 74
55 76 85
55 77 99
55 78 4
55 79 54
55 80 95
55 81 62
55 82 34
55 83 90
55 84 31
55 85 9
55 86 33
55 87 61
55 88 84
55 89 7
55 90 58
55 91 39
55 92 53
55 93 59
55 94 79
55 95 68
55 96 32
55 97 79
55 98 29
55 99 19
55 100 15
56 1 98
56 2 79
56 3 30
56 4 29
56 5 50
56 6 48
56 7 2
56 8 65
56 9 87
56 10 46
56 11 17
56 12 73
56 13 72
56 14 49
56 15 70
56 16 78
56 17 66
56 18 79
56 19 12
56 20 2
56 21 37
56 22 86
56 23 78
56 24 4
56 25 45
56 26 21
56 27 70
56 28 40
56 29 92
56 30 72
56 31 69
56 32 44
56 33 40
56 34 27
56 35 1
56 36 68
56 37 1
56 38 71
56 39 27
56 40 92
56 41 88
56 42 64
56 43 87
56 44 82
56 45 54
56 46 92
56 47 56
56 48 34
56 49 28
56 50 75
56 51 90
56 52 13
56 53 43
56 54 62
56 55 36
56 56 51
56 57 72
56 58 99
56 59 78
56 60 16
56 61 96
56 62 9
56 63 53
56 64 87
56 65 45
56 66 94
56 67 85
56 68 94
56 69 24
56 70 33
56 71 42
56 72 55
56 73 79
56 74 68
56 75 30
56 76 40
56 77 46
56 78 5
56 79 87
56 80 72
56 81 4
56 82 21
56 83 76
56 84 70
56 85 77
56 86 59
56 87 66
56 88 10
56 89 33
56 90 43
56 91 91
56 92 73
56 93 86
56 94 86
56 95 44
56 96 8
56 97 56
56 98 18
56 99 3
56 100 45
57 1 73
57 2 3
57 3 11
57 4 6
57 5 61
57 6 40
57 7 85
57 8 41
57 9 29
57 10 36
57 11 66
57 12 27
57 13 10
57 14 23
57 15 62
57 16 79
57 17 38
57 18 93
57 19 2
57 20 55
57 21 28
57 22 8
57 23 64
57 24 47
57 25 53
57 26 76
57 27 10
57 28 66
57 29 32
57 30 21
57 31 87
57 32 80
57 33 88
57 34 94
57 35 28
57 36 65
57 37 74
57 38 5
57 39 40
57 40 16
57 41 62
57 42 65
57 43 39
57 44 10
57 45 73
57 46 8
57 47 56
57 48 45
57 49 29
57 50 93
57 51 76
57 52 5
57 53 80
57 54 99
57 55 87
57 56 6
57 57 41
57 58 33
57 59 17
57 60 59
57 61 15
57 62 38
57 63 95
57 64 21
57 65 43
57 66 33
57 67 63
57 68 43
57 69 26
57 70 59
57 71 23
57 72 82
57 73 91
57 74 86
57 75 15
57 76 28
57 77 46
57 78 78
57 79 64
57 80 31
57 81 69
57 82 2
57 83 66
57 84 14
57 85 76
57 86 3
57 87 52
57 88 47
57 89 78
57 90 51
57 91 88
57 92 1
57 93 52
57 94 41
57 95 66
57 96 82
57 97 15
57 98 31
57 99 14
57 100 74
58 1 38
58 2 66
58 3 24
58 4 68
58 5 25
58 6 20
58 7 3
58 8 4
58 9 58
58 10 47
58 11 5
58 12 84
58 13 84
58 14 85
58 15 90
58 16 14
58 17 1
58 18 22
58 19 56
58 20 53
58 21 90
58 22 64
58 23 25
58 24 9
58 25 20
58 26 86
58 27 82
58 28 39
58 29 5
58 30 36
58 31 52
58 32 30
58 33 61
58 34 17
58 35 81
58 36 6
58 37 15
58 38 90
58 39 75
58 40 19
58 41 92
58 42 38
58 43 36
58 44 54
58 45 87
58 46 25
58 47 43
58 48 39
58 49 53
58 50 8
58 51 12
58 52 40
58 53 91
58 54 31
58 55 2
58 56 65
58 57 80
58 58 89
58 59 52
58 60 43
58 61 61
58 62 72
58 63 13
58 64 18
58 65 63
58 66 85
58 67 13
58 68 76
58 69 75
58 70 23
58 71 23
58 72 6
58 73 7
58 74 55
58 75 88
58 76 86
58 77 99
58 78 29
58 79 91
58 80 73
58 81 35
58 82 83
58 83 39
58 84 89
58 85 80
58 86 16
58 87 65
58 88 17
58 89 49
58 90 16
58 91 81
58 92 97
58 93 51
58 94 94
58 95 67
58 96 96
58 97 52
58 98 90
58 99 81
58 100 32
59 1 34
59 2 82
59 3 4
59 4 34
59 5 81
59 6 77
59 7 52
59 8 40
59 9 59
59 10 30
59 11 55
59 12 56
59 13 82
59 14 25
59 15 8
59 16 39
59 17 28
59 18 17
59 19 65
59 20 44
59 21 39
59 22 74
59 23 21
59 24 80
59 25 63
59 26 71
59 27 8
59 28 77
59 29 75
59 30 86
59 31 98
59 32 71
59 33 91
59 34 45
59 35 3
59 36 62
59 37 92
59 38 35
59 39 8
59 40 25
59 41 19
59 42 99
59 43 59
59 44 65
59 45 64
59 46 1
59 47 75
59 48 38
59 49 79
59 50 31
59 51 57
59 52 42
59 53 79
59 54 12
59 55 32
59 56 29
59 57 9
59 58 59
59 59 9
59 60 12
59 61 41
59 62 85
59 63 83
59 64 29
59 65 63
59 66 23
59 67 22
59 68 82
59 69 31
59 70 62
59 71 32
59 72 93
59 73 52
59 74 31
59 75 25
59 76 19
59 77 69
59 78 17
59 79 48
59 80 82
59 81 91
59 82 25
59 83 8
59 84 60
59 85 84
59 86 89
59 87 85
59 88 45
59 89 82
59 90 79
59 91 46
59 92 75
59 93 40
59 94 55
59 95 17
59 96 27
59 97 69
59 98 96
59 99 12
59 100 91
60 1 40
60 2 66
60 3 42
60 4 4
60 5 76
60 6 32
60 7 90
60 8 68
60 9 90
60 10 57
60 11 64
60 12 48
60 13 13
60 14 94
60 15 38
60 16 18
60 17 82
60 18 69
60 19 35
60 20 4
60 21 63
60 22 5
60 23 31
60 24 83
60 25 46
60 26 70
60 27 15
60 28 84
60 29 6
60 30 54
60 31 49
60 32 45
60 33 47
60 34 64
60 35 92
60 36 85
60 37 78
60 38 74
60 39 16
60 40 11
60 41 39
60 42 68
60 43 34
60 44 21
60 45 58
60 46 64
60 47 42
60 48 3
60 49 54
60 50 7
60 51 49
60 52 74
60 53 55
60 54 77
60 55 35
60 56 32
60 57 84
60 58 97
60 59 2
60 60 92
60 61 33
60 62 29
60 63 89
60 64 48
60 65 56
60 66 26
60 67 60
60 68 75
60 69 68
60 70 89
60 71 57
60 72 60
60 73 50
60 74 25
60 75 85
60 76 23
60 77 25
60 78 24
60 79 74
60 80 34
60 81 52
60 82 15
60 83 45
60 84 89
60 85 94
60 86 59
60 87 2
60 88 49
60 89 35
60 90 49
60 91 9
60 92 99
60 93 93
60 94 22
60 95 67
60 96 61
60 97 37
60 98 72
60 99 23
60 100 72
61 1 73
61 2 99
61 3 16
61 4 49
61 5 34
61 6 44
61 7 6
61 8 11
61 9 51
61 10 61
61 11 49
61 12 6
61 13 75
61 14 3
61 15 87
61 16 41
61 17 57
61 18 55
61 19 79
61 20 4
61 21 75
61 22 60
61 23 41
61 24 69
61 25 3
61 26 32
61 27 35
61 28 2
61 29 13
61 30 59
61 31 44
61 32 23
61 33 83
61 34 93
61 35 73
61 36 7
61 37 48
61 38 35
61 39 42
61 40 42
61 41 65
61 42 74
61 43 83
61 44 42
61 45 37
61 46 56
61 47 51
61 48 16
61 49 86
61 50 97
61 51 30
61 52 80
61 53 93
61 54 71
61 55 90
61 56 69
61 57 34
61 58 15
61 59 97
61 60 86
61 61 2
61 62 91
61 63 50
61 64 5
61 65 28
61 66 94
61 67 3
61 68 97
61 69 30
61 70 49
61 71 64
61 72 48
61 73 40
61 74 1
61 75 77
61 76 70
61 77 50
61 78 73
61 79 79
61 80 95
61 81 57
61 82 9
61 83 58
61 84 31
61 85 44
61 86 75
61 87 94
61 88 37
61 89 78
61 90 30
61 91 31
61 92 92
61 93 59
61 94 72
61 95 26
61 96 96
61 97 99
61 98 87
61 99 99
61 100 53
62 1 8
62 2 12
62 3 60
62 4 96
62 5 65
62 6 10
62 7 22
62 8 14
62 9 24
62 10 65
62 11 4
62 12 43
62 13 85
62 14 65
62 15 56
62 16 5
62 17 76
62 18 80
62 19 88
62 20 76
62 21 42
62 22 78
62 23 76
62 24 14
62 25 13
62 26 27
62 27 14
62 28 58
62 29 4
62 30 4
62 31 91
62 32 7
62 33 86
62 34 98
62 35 64
62 36 60
62 37 7
62 38 99
62 39 76
62 40 20
62 41 52
62 42 27
62 43 9
62 44 65
62 45 87
62 46 37
62 47 95
62 48 45
62 49 21
62 50 56
62 51 64
62 52 55
62 53 17
62 54 62
62 55 87
62 56 68
62 57 56
62 58 80
62 59 55
62 60 71
62 61 6
62 62 41
62 63 38
62 64 15
62 65 45
62 66 82
62 67 12
62 68 24
62 69 17
62 70 92
62 71 81
62 72 46
62 73 49
62 74 1
62 75 10
62 76 28
62 77 91
62 78 71
62 79 50
62 80 19
62 81 96
62 82 80
62 83 68
62 84 82
62 85 17
62 86 38
62 87 57
62 88 39
62 89 18
62 90 81
62 91 60
62 92 72
62 93 45
62 94 23
62 95 56
62 96 11
62 97 73
62 98 82
62 99 43
62 100 15
63 1 76
63 2 16
63 3 18
63 4 76
63 5 9
63 6 18
63 7 29
63 8 99
63 9 59
63 10 39
63 11 17
63 12 14
63 13 72
63 14 56
63 15 82
63 16 70
63 17 23
63 18 43
63 19 25
63 20 59
63 21 67
63 22 94
63 23 95
63 24 66
63 25 35
63 26 2
63 27 85
63 28 39
63 29 95
63 30 88
63 31 97
63 32 38
63 33 24
63 34 17
63 35 89
63 36 66
63 37 20
63 38 66
63 39 44
63 40 57
63 41 61
63 42 81
63 43 43
63 44 38
63 45 49
63 46 37
63 47 12
63 48 64
63 49 18
63 50 53
63 51 63
63 52 54
63 53 48
63 54 89
63 55 63
63 56 83
63 57 53
63 58 36
63 59 79
63 60 3
63 61 11
63 62 96
63 63 21
63 64 4
63 65 48
63 66 44
63 67 1
63 68 65
63 69 78
63 70 93
63 71 92
63 72 61
63 73 73
63 74 10
63 75 35
63 76 15
63 77 12
63 78 96
63 79 8
63 80 15
63 81 24
63 82 5
63 83 31
63 84 79
63 85 86
63 86 8
63 87 61
63 88 18
63 89 83
63 90 18
63 91 72
63 92 56
63 93 91
63 94 77
63 95 68
63 96 81
63 97 81
63 98 8
63 99 34
63 100 93
64 1 50
64 2 21
64 3 3
64 4 17
64 5 14
64 6 61
64 7 60
64 8 96
64 9 7
64 10 11
64 11 66
64 12 68
64 13 22
64 14 69
64 15 29
64 16 49
64 17 45
64 18 18
64 19 84
64 20 98
64 21 48
64 22 37
64 23 36
64 24 92
64 25 61
64 26 42
64 27 53
64 28 30
64 29 23
64 30 51
64 31 44
64 32 96
64 33 4
64 34 42
64 35 82
64 36 26
64 37 45
64 38 13
64 39 71
64 40 70
64 41 35
64 42 84
64 43 27
64 44 1
64 45 57
64 46 85
64 47 85
64 48 75
64 49 18
64 50 10
64 51 14
64 52 12
64 53 46
64 54 73
64 55 15
64 56 92
64 57 32
64 58 58
64 59 20
64 60 95
64 61 32
64 62 79
64 63 19
64 64 6
64 65 57
64 66 7
64 67 41
64 68 15
64 69 14
64 70 31
64 71 32
64 72 13
64 73 89
64 74 69
64 75 77
64 76 67
64 77 87
64 78 79
64 79 24
64 80 14
64 81 93
64 82 57
64 83 77
64 84 60
64 85 11
64 86 51
64 87 98
64 88 90
64 89 70
64 90 77
64 91 79
64 92 64
64 93 14
64 94 83
64 95 70
64 96 79
64 97 23
64 98 64
64 99 42
64 100 99
65 1 46
65 2 52
65 3 25
65 4 17
65 5 86
65 6 64
65 7 28
65 8 78
65 9 18
65 10 70
65 11 75
65 12 77
65 13 5
65 14 93
65 15 97
65 16 28
65 17 45
65 18 98
65 19 3
65 20 30
65 21 77
65 22 95
65 23 94
65 24 33
65 25 92
65 26 37
65 27 21
65 28 5
65 29 83
65 30 31
65 31 32
65 32 16
65 33 77
65 34 8
65 35 62
65 36 30
65 37 33
65 38 70
65 39 79
65 40 28
65 41 41
65 42 1
65 43 6
65 44 77
65 45 25
65 46 43
65 47 79
65 48 44
65 49 8
65 50 49
65 51 36
65 52 19
65 53 35
65 54 13
65 55 41
65 56 43
65 57 62
65 58 76
65 59 50
65 60 41
65 61 76
65 62 22
65 63 47
65 64 26
65 65 75
65 66 94
65 67 94
65 68 54
65 69 80
65 70 30
65 71 31
65 72 94
65 73 24
65 74 11
65 75 32
65 76 46
65 77 50
65 78 21
65 79 25
65 80 56
65 81 16
65 82 88
65 83 77
65 84 78
65 85 50
65 86 27
65 87 60
65 88 3
65 89 62
65 90 22
65 91 43
65 92 95
65 93 90
65 94 84
65 95 91
65 96 46
65 97 82
65 98 37
65 99 28
65 100 74
66 1 8
66 2 82
66 3 72
66 4 48
66 5 46
66 6 99
66 7 53
66 8 29
66 9 6
66 10 58
66 11 65
66 12 46
66 13 64
66 14 89
66 15 36
66 16 42
66 17 64
66 18 71
66 19 3
66 20 66
66 21 82
66 22 81
66 23 29
66 24 7
66 25 69
66 26 99
66 27 16
66 28 68
66 29 66
66 30 8
66 31 14
66 32 14
66 33 33
66 34 77
66 35 11
66 36 6
66 37 86
66 38 5
66 39 44
66 40 92
66 41 80
66 42 7
66 43 13
66 44 53
66 45 47
66 46 58
66 47 65
66 48 85
66 49 39
66 50 45
66 51 16
66 52 77
66 53 3
66 54 26
66 55 50
66 56 50
66 57 16
66 58 40
66 59 68
66 60 15
66 61 20
66 62 9
66 63 1
66 64 75
66 65 94
66 66 33
66 67 52
66 68 19
66 69 35
66 70 55
66 71 25
66 72 95
66 73 50
66 74 85
66 75 65
66 76 20
66 77 75
66 78 88
66 79 71
66 80 48
66 81 81
66 82 59
66 83 88
66 84 83
66 85 10
66 86 83
66 87 71
66 88 76
66 89 61
66 90 74
66 91 26
66 92 29
66 93 23
66 94 32
66 95 57
66 96 8
66 97 18
66 98 2
66 99 63
66 100 69
67 1 71
67 2 63
67 3 26
67 4 67
67 5 11
67 6 41
67 7 95
67 8 90
67 9 8
67 10 96
67 11 89
67 12 31
67 13 46
67 14 32
67 15 34
67 16 34
67 17 85
67 18 74
67 19 72
67 20 71
67 21 27
67 22 64
67 23 32
67 24 37
67 25 43
67 26 70
67 27 88
67 28 14
67 29 51
67 30 29
67 31 71
67 32 54
67 33 75
67 34 11
67 35 29
67 36 6
67 37 74
67 38 52
67 39 57
67 40 52
67 41 34
67 42 81
67 43 46
67 44 57
67 45 78
67 46 46
67 47 64
67 48 46
67 49 76
67 50 63
67 51 63
67 52 77
67 53 30
67 54 17
67 55 79
67 56 92
67 57 2
67 58 75
67 59 86
67 60 78
67 61 12
67 62 98
67 63 73
67 64 38
67 65 24
67 66 57
67 67 23
67 68 4
67 69 52
67 70 93
67 71 84
67 72 81
67 73 40
67 74 41
67 75 71
67 76 9
67 77 43
67 78 4
67 79 31
67 80 40
67 81 85
67 82 13
67 83 8
67 84 61
67 85 42
67 86 22
67 87 73
67 88 50
67 89 64
67 90 44
67 91 31
67 92 60
67 93 64
67 94 60
67 95 11
67 96 28
67 97 14
67 98 65
67 99 73
67 100 57
68 1 78
68 2 85
68 3 86
68 4 36
68 5 59
68 6 25
68 7 77
68 8 3
68 9 7
68 10 79
68 11 77
68 12 7
68 13 52
68 14 67
68 15 9
68 16 57
68 17 35
68 18 48
68 19 67
68 20 58
68 21 85
68 22 94
68 23 45
68 24 9
68 25 2
68 26 73
68 27 11
68 28 5
68 29 4
68 30 69
68 31 25
68 32 2
68 33 12
68 34 64
68 35 30
68 36 1
68 37 39
68 38 43
68 39 53
68 40 25
68 41 30
68 42 92
68 43 69
68 44 6
68 45 5
68 46 87
68 47 94
68 48 20
68 49 59
68 50 23
68 51 88
68 52 86
68 53 73
68 54 34
68 55 5
68 56 32
68 57 38
68 58 15
68 59 17
68 60 34
68 61 97
68 62 2
68 63 84
68 64 76
68 65 81
68 66 76
68 67 70
68 68 66
68 69 29
68 70 62
68 71 97
68 72 70
68 73 83
68 74 99
68 75 7
68 76 87
68 77 39
68 78 97
68 79 73
68 80 16
68 81 51
68 82 56
68 83 94
68 84 89
68 85 24
68 86 77
68 87 21
68 88 91
68 89 46
68 90 21
68 91 92
68 92 17
68 93 96
68 94 59
68 95 17
68 96 62
68 97 43
68 98 53
68 99 90
68 100 12
69 1 41
69 2 56
69 3 34
69 4 12
69 5 69
69 6 58
69 7 44
69 8 51
69 9 43
69 10 69
69 11 12
69 12 31
69 13 19
69 14 3
69 15 25
69 16 42
69 17 97
69 18 73
69 19 84
69 20 17
69 21 41
69 22 32
69 23 77
69 24 80
69 25 18
69 26 59
69 27 30
69 28 34
69 29 43
69 30 95
69 31 31
69 32 13
69 33 88
69 34 97
69 35 33
69 36 34
69 37 75
69 38 65
69 39 62
69 40 15
69 41 74
69 42 14
69 43 74
69 44 4
69 45 74
69 46 61
69 47 38
69 48 48
69 49 26
69 50 20
69 51 2
69 52 93
69 53 81
69 54 1
69 55 81
69 56 46
69 57 69
69 58 5
69 59 20
69 60 60
69 61 3
69 62 64
69 63 95
69 64 28
69 65 31
69 66 74
69 67 90
69 68 65
69 69 75
69 70 27
69 71 9
69 72 26
69 73 88
69 74 84
69 75 8
69 76 32
69 77 45
69 78 56
69 79 43
69 80 3
69 81 98
69 82 4
69 83 70
69 84 4
69 85 38
69 86 18
69 87 18
69 88 50
69 89 48
69 90 20
69 91 24
69 92 94
69 93 66
69 94 78
69 95 78
69 96 84
69 97 14
69 98 16
69 99 8
69 100 52
70 1 68
70 2 57
70 3 95
70 4 58
70 5 30
70 6 49
70 7 20
70 8 81
70 9 50
70 10 12
70 11 98
70 12 53
70 13 67
70 14 78
70 15 43
70 16 99
70 17 19
70 18 44
70 19 22
70 20 60
70 21 74
70 22 27
70 23 82
70 24 50
70 25 83
70 26 54
70 27 80
70 28 84
70 29 91
70 30 3
70 31 14
70 32 7
70 33 95
70 34 57
70 35 21
70 36 95
70 37 76
70 38 88
70 39 76
70 40 32
70 41 53
70 42 6
70 43 53
70 44 45
70 45 82
70 46 38
70 47 7
70 48 11
70 49 25
70 50 55
70 51 98
70 52 93
70 53 27
70 54 89
70 55 52
70 56 32
70 57 16
70 58 31
70 59 18
70 60 7
70 61 22
70 62 5
70 63 25
70 64 57
70 65 71
70 66 5
70 67 77
70 68 76
70 69 46
70 70 27
70 71 62
70 72 56
70 73 5
70 74 97
70 75 24
70 76 8
70 77 79
70 78 27
70 79 74
70 80 22
70 81 56
70 82 39
70 83 70
70 84 72
70 85 22
70 86 84
70 87 2
70 88 17
70 89 76
70 90 87
70 91 95
70 92 51
70 93 86
70 94 42
70 95 41
70 96 56
70 97 4
70 98 10
70 99 35
70 100 5
71 1 15
71 2 6
71 3 25
71 4 47
71 5 82
71 6 44
71 7 46
71 8 51
71 9 32
71 10 17
71 11 60
71 12 2
71 13 4
71 14 75
71 15 93
71 16 67
71 17 54
71 18 43
71 19 44
71 20 50
71 21 41
71 22 4
71 23 74
71 24 8
71 25 95
71 26 17
71 27 80
71 28 49
71 29 1
71 30 94
71 31 23
71 32 30
71 33 51
71 34 35
71 35 9
71 36 41
71 37 95
71 38 60
71 39 99
71 40 58
71 41 7
71 42 88
71 43 88
71 44 17
71 45 83
71 46 75
71 47 3
71 48 32
71 49 37
71 50 36
71 51 45
71 52 49
71 53 45
71 54 19
71 55 93
71 56 41
71 57 75
71 58 79
71 59 15
71 60 13
71 61 8
71 62 73
71 63 99
71 64 67
71 65 80
71 66 20
71 67 20
71 68 24
71 69 58
71 70 71
71 71 14
71 72 24
71 73 23
71 74 35
71 75 53
71 76 30
71 77 4
71 78 71
71 79 63
71 80 49
71 81 23
71 82 90
71 83 77
71 84 45
71 85 49
71 86 8
71 87 60
71 88 24
71 89 95
71 90 83
71 91 82
71 92 66
71 93 44
71 94 37
71 95 13
71 96 22
71 97 54
71 98 98
71 99 52
71 100 55
72 1 46
72 2 56
72 3 33
72 4 45
72 5 28
72 6 47
72 7 1
72 8 32
72 9 79
72 10 37
72 11 25
72 12 53
72 13 44
72 14 3
72 15 36
72 16 48
72 17 29
72 18 84
72 19 19
72 20 19
72 21 88
72 22 85
72 23 61
72 24 70
72 25 16
72 26 57
72 27 1
72 28 90
72 29 17
72 30 15
72 31 26
72 32 2
72 33 18
72 34 9
72 35 92
72 36 91
72 37 53
72 38 97
72 39 58
72 40 70
72 41 26
72 42 23
72 43 8
72 44 31
72 45 38
72 46 28
72 47 89
72 48 85
72 49 83
72 50 49
72 51 37
72 52 16
72 53 5
72 54 77
72 55 43
72 56 97
72 57 68
72 58 36
72 59 98
72 60 53
72 61 95
72 62 41
72 63 22
72 64 3
72 65 46
72 66 51
72 67 73
72 68 30
72 69 9
72 70 45
72 71 85
72 72 52
72 73 65
72 74 39
72 75 15
72 76 92
72 77 98
72 78 1
72 79 82
72 80 51
72 81 55
72 82 24
72 83 2
72 84 18
72 85 71
72 86 75
72 87 17
72 88 34
72 89 65
72 90 79
72 91 52
72 92 43
72 93 44
72 94 59
72 95 11
72 96 90
72 97 92
72 98 65
72 99 62
72 100 56
73 1 20
73 2 35
73 3 73
73 4 60
73 5 81
73 6 7
73 7 70
73 8 82
73 9 36
73 10 24
73 11 16
73 12 96
73 13 74
73 14 9
73 15 31
73 16 54
73 17 38
73 18 52
73 19 76
73 20 27
73 21 27
73 22 98
73 23 40
73 24 51
73 25 11
73 26 7
73 27 29
73 28 22
73 29 1
73 30 83
73 31 45
73 32 72
73 33 80
73 34 3
73 35 70
73 36 14
73 37 75
73 38 60
73 39 65
73 40 44
73 41 6
73 42 69
73 43 88
73 44 15
73 45 24
73 46 27
73 47 89
73 48 68
73 49 85
73 50 66
73 51 35
73 52 99
73 53 38
73 54 19
73 55 9
73 56 52
73 57 38
73 58 28
73 59 22
73 60 16
73 61 45
73 62 34
73 63 22
73 64 32
73 65 76
73 66 80
73 67 25
73 68 36
73 69 90
73 70 67
73 71 31
73 72 76
73 73 95
73 74 51
73 75 63
73 76 57
73 77 74
73 78 79
73 79 66
73 80 62
73 81 95
73 82 27
73 83 63
73 84 4
73 85 53
73 86 19
73 87 94
73 88 80
73 89 94
73 90 11
73 91 37
73 92 75
73 93 90
73 94 72
73 95 31
73 96 13
73 97 79
73 98 97
73 99 68
73 100 35
74 1 48
74 2 23
74 3 30
74 4 75
74 5 40
74 6 13
74 7 28
74 8 35
74 9 26
74 10 67
74 11 75
74 12 12
74 13 75
74 14 68
74 15 55
74 16 74
74 17 40
74 18 83
74 19 91
74 20 27
74 21 55
74 22 63
74 23 64
74 24 76
74 25 21
74 26 61
74 27 28
74 28 60
74 29 16
74 30 40
74 31 12
74 32 52
74 33 35
74 34 86
74 35 67
74 36 67
74 37 39
74 38 7
74 39 59
74 40 83
74 41 98
74 42 70
74 43 36
74 44 42
74 45 61
74 46 48
74 47 39
74 48 67
74 49 19
74 50 85
74 51 49
74 52 23
74 53 23
74 54 94
74 55 22
74 56 43
74 57 65
74 58 81
74 59 83
74 60 3
74 61 73
74 62 85
74 63 27
74 64 68
74 65 68
74 66 95
74 67 63
74 68 62
74 69 12
74 70 24
74 71 57
74 72 51
74 73 25
74 74 11
74 75 74
74 76 31
74 77 46
74 78 61
74 79 21
74 80 58
74 81 29
74 82 63
74 83 55
74 84 8
74 85 43
74 86 21
74 87 53
74 88 37
74 89 10
74 90 72
74 91 52
74 92 76
74 93 25
74 94 84
74 95 73
74 96 57
74 97 57
74 98 91
74 99 68
74 100 31
75 1 55
75 2 55
75 3 28
75 4 48
75 5 6
75 6 77
75 7 4
75 8 44
75 9 55
75 10 50
75 11 25
75 12 7
75 13 27
75 14 7
75 15 71
75 16 57
75 17 66
75 18 38
75 19 87
75 20 9
75 21 45
75 22 81
75 23 8
75 24 25
75 25 74
75 26 53
75 27 6
75 28 55
75 29 24
75 30 23
75 31 31
75 32 83
75 33 61
75 34 26
75 35 1
75 36 4
75 37 76
75 38 75
75 39 98
75 40 69
75 41 40
75 42 83
75 43 17
75 44 33
75 45 89
75 46 54
75 47 23
75 48 55
75 49 70
75 50 60
75 51 49
75 52 41
75 53 11
75 54 28
75 55 79
75 56 41
75 57 48
75 58 8
75 59 90
75 60 1
75 61 45
75 62 20
75 63 4
75 64 83
75 65 44
75 66 7
75 67 19
75 68 8
75 69 82
75 70 3
75 71 74
75 72 69
75 73 65
75 74 15
75 75 9
75 76 47
75 77 49
75 78 20
75 79 3
75 80 94
75 81 3
75 82 92
75 83 34
75 84 61
75 85 17
75 86 21
75 87 54
75 88 77
75 89 74
75 90 50
75 91 91
75 92 4
75 93 52
75 94 10
75 95 47
75 96 32
75 97 26
75 98 79
75 99 72
75 100 79
76 1 21
76 2 18
76 3 83
76 4 9
76 5 19
76 6 33
76 7 82
76 8 74
76 9 60
76 10 56
76 11 44
76 12 91
76 13 79
76 14 78
76 15 69
76 16 80
76 17 72
76 18 10
76 19 20
76 20 49
76 21 84
76 22 46
76 23 30
76 24 75
76 25 21
76 26 39
76 27 34
76 28 14
76 29 15
76 30 69
76 31 30
76 32 41
76 33 33
76 34 61
76 35 86
76 36 1
76 37 9
76 38 50
76 39 4
76 40 77
76 41 75
76 42 14
76 43 27
76 44 80
76 45 46
76 46 53
76 47 29
76 48 83
76 49 6
76 50 5
76 51 72
76 52 66
76 53 90
76 54 92
76 55 64
76 56 50
76 57 11
76 58 64
76 59 54
76 60 82
76 61 80
76 62 26
76 63 59
76 64 88
76 65 87
76 66 44
76 67 87
76 68 36
76 69 30
76 70 19
76 71 93
76 72 25
76 73 44
76 74 86
76 75 47
76 76 48
76 77 7
76 78 99
76 79 70
76 80 78
76 81 15
76 82 39
76 83 25
76 84 95
76 85 22
76 86 37
76 87 34
76 88 64
76 89 13
76 90 13
76 91 17
76 92 81
76 93 62
76 94 99
76 95 62
76 96 62
76 97 27
76 98 69
76 99 13
76 100 90
77 1 30
77 2 82
77 3 53
77 4 99
77 5 22
77 6 23
77 7 15
77 8 91
77 9 12
77 10 83
77 11 80
77 12 68
77 13 78
77 14 19
77 15 3
77 16 3
77 17 46
77 18 40
77 19 32
77 20 22
77 21 52
77 22 15
77 23 98
77 24 32
77 25 94
77 26 45
77 27 23
77 28 23
77 29 5
77 30 64
77 31 1
77 32 45
77 33 66
77 34 12
77 35 13
77 36 1
77 37 3
77 38 87
77 39 60
77 40 22
77 41 82
77 42 83
77 43 78
77 44 65
77 45 69
77 46 9
77 47 69
77 48 86
77 49 95
77 50 48
77 51 7
77 52 37
77 53 36
77 54 42
77 55 27
77 56 64
77 57 64
77 58 3
77 59 67
77 60 4
77 61 35
77 62 63
77 63 91
77 64 24
77 65 99
77 66 8
77 67 50
77 68 44
77 69 2
77 70 16
77 71 28
77 72 54
77 73 28
77 74 16
77 75 65
77 76 77
77 77 41
77 78 73
77 79 84
77 80 24
77 81 83
77 82 91
77 83 63
77 84 54
77 85 25
77 86 92
77 87 73
77 88 51
77 89 28
77 90 90
77 91 78
77 92 54
77 93 67
77 94 2
77 95 75
77 96 64
77 97 86
77 98 63
77 99 39
77 100 33
78 1 36
78 2 18
78 3 13
78 4 73
78 5 77
78 6 94
78 7 73
78 8 70
78 9 86
78 10 69
78 11 95
78 12 64
78 13 10
78 14 94
78 15 19
78 16 14
78 17 66
78 18 58
78 19 98
78 20 88
78 21 39
78 22 36
78 23 67
78 24 13
78 25 86
78 26 70
78 27 19
78 28 62
78 29 83
78 30 12
78 31 82
78 32 97
78 33 79
78 34 19
78 35 30
78 36 6
78 37 68
78 38 68
78 39 17
78 40 78
78 41 65
78 42 3
78 43 74
78 44 36
78 45 3
78 46 89
78 47 65
78 48 85
78 49 89
78 50 57
78 51 8
78 52 90
78 53 63
78 54 79
78 55 46
78 56 85
78 57 15
78 58 56
78 59 72
78 60 20
78 61 86
78 62 17
78 63 20
78 64 6
78 65 51
78 66 14
78 67 43
78 68 67
78 69 66
78 70 5
78 71 30
78 72 71
78 73 36
78 74 92
78 75 55
78 76 7
78 77 79
78 78 1
78 79 85
78 80 85
78 81 87
78 82 55
78 83 26
78 84 87
78 85 94
78 86 7
78 87 95
78 88 62
78 89 16
78 90 14
78 91 54
78 92 34
78 93 60
78 94 25
78 95 42
78 96 74
78 97 58
78 98 31
78 99 17
78 100 63
79 1 9
79 2 5
79 3 10
79 4 7
79 5 32
79 6 75
79 7 65
79 8 41
79 9 46
79 10 64
79 11 28
79 12 1
79 13 68
79 14 96
79 15 78
79 16 44
79 17 60
79 18 61
79 19 45
79 20 90
79 21 1
79 22 50
79 23 60
79 24 99
79 25 29
79 26 2
79 27 65
79 28 21
79 29 72
79 30 47
79 31 62
79 32 27
79 33 76
79 34 93
79 35 27
79 36 69
79 37 20
79 38 80
79 39 19
79 40 70
79 41 65
79 42 90
79 43 12
79 44 73
79 45 76
79 46 94
79 47 56
79 48 63
79 49 53
79 50 71
79 51 8
79 52 68
79 53 81
79 54 76
79 55 27
79 56 96
79 57 90
79 58 73
79 59 18
79 60 61
79 61 64
79 62 49
79 63 45
79 64 36
79 65 22
79 66 28
79 67 51
79 68 51
79 69 69
79 70 83
79 71 20
79 72 44
79 73 96
79 74 89
79 75 92
79 76 57
79 77 35
79 78 14
79 79 54
79 80 81
79 81 23
79 82 36
79 83 69
79 84 97
79 85 75
79 86 34
79 87 72
79 88 71
79 89 2
79 90 79
79 91 8
79 92 24
79 93 4
79 94 99
79 95 35
79 96 83
79 97 70
79 98 57
79 99 87
79 100 58
80 1 77
80 2 66
80 3 92
80 4 72
80 5 73
80 6 87
80 7 50
80 8 82
80 9 8
80 10 77
80 11 97
80 12 47
80 13 90
80 14 49
80 15 34
80 16 20
80 17 74
80 18 67
80 19 49
80 20 91
80 21 43
80 22 94
80 23 17
80 24 28
80 25 42
80 26 72
80 27 7
80 28 15
80 29 38
80 30 2
80 31 84
80 32 79
80 33 12
80 34 83
80 35 52
80 36 44
80 37 74
80 38 89
80 39 89
80 40 31
80 41 93
80 42 66
80 43 30
80 44 4
80 45 96
80 46 82
80 47 71
80 48 73
80 49 71
80 50 7
80 51 6
80 52 47
80 53 79
80 54 19
80 55 97
80 56 69
80 57 49
80 58 41
80 59 74
80 60 70
80 61 40
80 62 86
80 63 93
80 64 70
80 65 43
80 66 87
80 67 83
80 68 73
80 69 17
80 70 44
80 71 64
80 72 41
80 73 23
80 74 61
80 75 75
80 76 5
80 77 24
80 78 93
80 79 21
80 80 12
80 81 88
80 82 85
80 83 71
80 84 55
80 85 78
80 86 12
80 87 43
80 88 36
80 89 36
80 90 44
80 91 34
80 92 44
80 93 26
80 94 97
80 95 99
80 96 3
80 97 47
80 98 14
80 99 96
80 100 47
81 1 1
81 2 45
81 3 42
81 4 67
81 5 23
81 6 41
81 7 2
81 8 32
81 9 4
81 10 74
81 11 11
81 12 33
81 13 10
81 14 27
81 15 25
81 16 99
81 17 65
81 18 48
81 19 31
81 20 86
81 21 49
81 22 81
81 23 46
81 24 28
81 25 55
81 26 43
81 27 10
81 28 62
81 29 54
81 30 75
81 31 44
81 32 68
81 33 45
81 34 3
81 35 84
81 36 16
81 37 37
81 38 87
81 39 22
81 40 34
81 41 63
81 42 75
81 43 87
81 44 40
81 45 8
81 46 77
81 47 71
81 48 53
81 49 57
81 50 17
81 51 14
81 52 27
81 53 79
81 54 59
81 55 17
81 56 95
81 57 42
81 58 22
81 59 94
81 60 4
81 61 61
81 62 37
81 63 57
81 64 10
81 65 91
81 66 36
81 67 20
81 68 5
81 69 63
81 70 30
81 71 28
81 72 55
81 73 49
81 74 75
81 75 44
81 76 63
81 77 60
81 78 24
81 79 29
81 80 58
81 81 52
81 82 45
81 83 4
81 84 69
81 85 32
81 86 48
81 87 96
81 88 25
81 89 11
81 90 96
81 91 10
81 92 6
81 93 42
81 94 79
81 95 94
81 96 39
81 97 50
81 98 95
81 99 22
81 100 79
82 1 16
82 2 33
82 3 34
82 4 68
82 5 23
82 6 51
82 7 2
82 8 55
82 9 2
82 10 97
82 11 86
82 12 22
82 13 95
82 14 58
82 15 71
82 16 73
82 17 19
82 18 64
82 19 21
82 20 59
82 21 80
82 22 4
82 23 64
82 24 29
82 25 79
82 26 18
82 27 65
82 28 61
82 29 70
82 30 66
82 31 67
82 32 54
82 33 10
82 34 77
82 35 73
82 36 91
82 37 13
82 38 82
82 39 59
82 40 27
82 41 54
82 42 12
82 43 94
82 44 3
82 45 88
82 46 7
82 47 59
82 48 49
82 49 59
82 50 20
82 51 78
82 52 47
82 53 96
82 54 40
82 55 82
82 56 79
82 57 58
82 58 37
82 59 93
82 60 94
82 61 97
82 62 23
82 63 24
82 64 38
82 65 62
82 66 3
82 67 63
82 68 90
82 69 98
82 70 77
82 71 41
82 72 23
82 73 11
82 74 70
82 75 25
82 76 4
82 77 25
82 78 75
82 79 8
82 80 50
82 81 5
82 82 50
82 83 54
82 84 80
82 85 12
82 86 3
82 87 40
82 88 17
82 89 36
82 90 44
82 91 49
82 92 37
82 93 96
82 94 39
82 95 84
82 96 86
82 97 72
82 98 85
82 99 69
82 100 83
83 1 11
83 2 42
83 3 88
83 4 86
83 5 40
83 6 29
83 7 92
83 8 48
83 9 92
83 10 46
83 11 97
83 12 60
83 13 56
83 14 7
83 15 65
83 16 12
83 17 59
83 18 49
83 19 55
83 20 42
83 21 3
83 22 31
83 23 76
83 24 64
83 25 96
83 26 61
83 27 53
83 28 28
83 29 87
83 30 41
83 31 42
83 32 37
83 33 84
83 34 26
83 35 50
83 36 70
83 37 4
83 38 55
83 39 15
83 40 78
83 41 40
83 42 97
83 43 99
83 44 69
83 45 97
83 46 61
83 47 33
83 48 57
83 49 72
83 50 86
83 51 30
83 52 18
83 53 3
83 54 71
83 55 51
83 56 81
83 57 42
83 58 70
83 59 42
83 60 71
83 61 57
83 62 21
83 63 67
83 64 56
83 65 23
83 66 46
83 67 45
83 68 28
83 69 68
83 70 72
83 71 31
83 72 79
83 73 33
83 74 39
83 75 48
83 76 22
83 77 57
83 78 74
83 79 13
83 80 21
83 81 8
83 82 23
83 83 85
83 84 42
83 85 50
83 86 36
83 87 99
83 88 60
83 89 67
83 90 21
83 91 34
83 92 66
83 93 28
83 94 59
83 95 10
83 96 5
83 97 15
83 98 26
83 99 87
83 100 59
84 1 54
84 2 66
84 3 51
84 4 5
84 5 15
84 6 4
84 7 46
84 8 45
84 9 71
84 10 72
84 11 98
84 12 13
84 13 83
84 14 18
84 15 7
84 16 45
84 17 32
84 18 59
84 19 33
84 20 90
84 21 48
84 22 65
84 23 42
84 24 59
84 25 17
84 26 31
84 27 46
84 28 85
84 29 79
84 30 90
84 31 2
84 32 64
84 33 37
84 34 80
84 35 67
84 36 55
84 37 19
84 38 16
84 39 25
84 40 82
84 41 94
84 42 51
84 43 9
84 44 51
84 45 21
84 46 86
84 47 93
84 48 37
84 49 84
84 50 36
84 51 11
84 52 55
84 53 51
84 54 96
84 55 42
84 56 38
84 57 89
84 58 24
84 59 37
84 60 84
84 61 75
84 62 98
84 63 81
84 64 72
84 65 38
84 66 15
84 67 36
84 68 95
84 69 56
84 70 67
84 71 62
84 72 61
84 73 27
84 74 51
84 75 63
84 76 28
84 77 95
84 78 29
84 79 4
84 80 6
84 81 79
84 82 97
84 83 18
84 84 77
84 85 82
84 86 3
84 87 9
84 88 23
84 89 93
84 90 90
84 91 6
84 92 99
84 93 47
84 94 26
84 95 18
84 96 3
84 97 17
84 98 45
84 99 94
84 100 13
85 1 85
85 2 8
85 3 86
85 4 2
85 5 83
85 6 27
85 7 67
85 8 84
85 9 32
85 10 19
85 11 5
85 12 31
85 13 81
85 14 41
85 15 58
85 16 29
85 17 42
85 18 24
85 19 84
85 20 45
85 21 83
85 22 37
85 23 27
85 24 94
85 25 38
85 26 75
85 27 97
85 28 44
85 29 98
85 30 85
85 31 95
85 32 25
85 33 87
85 34 82
85 35 91
85 36 1
85 37 91
85 38 62
85 39 80
85 40 17
85 41 10
85 42 87
85 43 11
85 44 62
85 45 2
85 46 54
85 47 59
85 48 19
85 49 72
85 50 22
85 51 15
85 52 99
85 53 44
85 54 86
85 55 70
85 56 83
85 57 59
85 58 16
85 59 93
85 60 87
85 61 44
85 62 89
85 63 78
85 64 22
85 65 98
85 66 90
85 67 69
85 68 69
85 69 86
85 70 51
85 71 86
85 72 40
85 73 13
85 74 33
85 75 71
85 76 22
85 77 97
85 78 99
85 79 4
85 80 93
85 81 56
85 82 24
85 83 19
85 84 70
85 85 42
85 86 49
85 87 29
85 88 95
85 89 35
85 90 62
85 91 1
85 92 48
85 93 9
85 94 67
85 95 74
85 96 26
85 97 19
85 98 80
85 99 33
85 100 57
86 1 51
86 2 71
86 3 39
86 4 2
86 5 16
86 6 98
86 7 46
86 8 82
86 9 45
86 10 49
86 11 60
86 12 16
86 13 90
86 14 22
86 15 3
86 16 4
86 17 74
86 18 62
86 19 58
86 20 4
86 21 98
86 22 33
86 23 58
86 24 58
86 25 1
86 26 80
86 27 97
86 28 72
86 29 74
86 30 55
86 31 18
86 32 2
86 33 76
86 34 57
86 35 84
86 36 68
86 37 69
86 38 40
86 39 75
86 40 45
86 41 72
86 42 87
86 43 91
86 44 76
86 45 68
86 46 59
86 47 41
86 48 84
86 49 80
86 50 48
86 51 16
86 52 38
86 53 77
86 54 24
86 55 57
86 56 99
86 57 47
86 58 94
86 59 54
86 60 35
86 61 56
86 62 29
86 63 30
86 64 51
86 65 6
86 66 87
86 67 21
86 68 62
86 69 5
86 70 11
86 71 8
86 72 68
86 73 99
86 74 44
86 75 74
86 76 90
86 77 24
86 78 61
86 79 33
86 80 88
86 81 82
86 82 82
86 83 68
86 84 26
86 85 31
86 86 57
86 87 93
86 88 74
86 89 48
86 90 56
86 91 55
86 92 5
86 93 1
86 94 30
86 95 14
86 96 92
86 97 6
86 98 49
86 99 69
86 100 11
87 1 77
87 2 23
87 3 26
87 4 62
87 5 27
87 6 10
87 7 31
87 8 16
87 9 2
87 10 23
87 11 88
87 12 45
87 13 92
87 14 80
87 15 62
87 16 59
87 17 22
87 18 90
87 19 2
87 20 51
87 21 4
87 22 54
87 23 98
87 24 45
87 25 67
87 26 98
87 27 9
87 28 9
87 29 59
87 30 83
87 31 35
87 32 93
87 33 68
87 34 43
87 35 76
87 36 14
87 37 39
87 38 19
87 39 36
87 40 65
87 41 82
87 42 96
87 43 15
87 44 40
87 45 33
87 46 19
87 47 12
87 48 51
87 49 93
87 50 43
87 51 75
87 52 26
87 53 14
87 54 62
87 55 96
87 56 64
87 57 40
87 58 48
87 59 11
87 60 20
87 61 63
87 62 97
87 63 83
87 64 23
87 65 43
87 66 81
87 67 33
87 68 77
87 69 65
87 70 76
87 71 77
87 72 33
87 73 35
87 74 14
87 75 81
87 76 60
87 77 79
87 78 56
87 79 47
87 80 28
87 81 92
87 82 36
87 83 33
87 84 52
87 85 59
87 86 58
87 87 46
87 88 39
87 89 90
87 90 39
87 91 1
87 92 63
87 93 11
87 94 22
87 95 29
87 96 34
87 97 36
87 98 96
87 99 57
87 100 63
88 1 62
88 2 99
88 3 67
88 4 29
88 5 59
88 6 4
88 7 11
88 8 75
88 9 65
88 10 15
88 11 45
88 12 11
88 13 72
88 14 46
88 15 33
88 16 75
88 17 76
88 18 82
88 19 43
88 20 61
88 21 8
88 22 99
88 23 89
88 24 7
88 25 54
88 26 50
88 27 70
88 28 93
88 29 28
88 30 92
88 31 3
88 32 7
88 33 84
88 34 79
88 35 69
88 36 72
88 37 60
88 38 11
88 39 45
88 40 72
88 41 73
88 42 49
88 43 48
88 44 18
88 45 96
88 46 9
88 47 94
88 48 95
88 49 67
88 50 39
88 51 89
88 52 83
88 53 79
88 54 18
88 55 56
88 56 42
88 57 64
88 58 5
88 59 68
88 60 47
88 61 75
88 62 52
88 63 37
88 64 28
88 65 41
88 66 83
88 67 60
88 68 17
88 69 21
88 70 82
88 71 90
88 72 34
88 73 72
88 74 46
88 75 75
88 76 27
88 77 18
88 78 90
88 79 51
88 80 82
88 81 7
88 82 54
88 83 96
88 84 66
88 85 11
88 86 32
88 87 76
88 88 23
88 89 43
88 90 74
88 91 71
88 92 13
88 93 68
88 94 36
88 95 38
88 96 39
88 97 82
88 98 5
88 99 61
88 100 21
89 1 18
89 2 55
89 3 80
89 4 37
89 5 72
89 6 34
89 7 84
89 8 29
89 9 90
89 10 73
89 11 52
89 12 65
89 13 82
89 14 56
89 15 78
89 16 16
89 17 47
89 18 32
89 19 51
89 20 75
89 21 78
89 22 36
89 23 74
89 24 66
89 25 98
89 26 45
89 27 4
89 28 58
89 29 27
89 30 94
89 31 89
89 32 87
89 33 78
89 34 26
89 35 99
89 36 66
89 37 41
89 38 82
89 39 65
89 40 6
89 41 94
89 42 24
89 43 49
89 44 78
89 45 99
89 46 3
89 47 88
89 48 82
89 49 77
89 50 97
89 51 49
89 52 57
89 53 82
89 54 27
89 55 36
89 56 56
89 57 1
89 58 81
89 59 26
89 60 61
89 61 17
89 62 87
89 63 87
89 64 77
89 65 98
89 66 4
89 67 86
89 68 30
89 69 54
89 70 29
89 71 92
89 72 48
89 73 75
89 74 25
89 75 78
89 76 20
89 77 35
89 78 16
89 79 2
89 80 28
89 81 79
89 82 29
89 83 61
89 84 84
89 85 92
89 86 40
89 87 48
89 88 84
89 89 91
89 90 8
89 91 93
89 92 11
89 93 27
89 94 15
89 95 88
89 96 65
89 97 2
89 98 6
89 99 79
89 100 31
90 1 85
90 2 70
90 3 96
90 4 53
90 5 48
90 6 83
90 7 69
90 8 52
90 9 66
90 10 79
90 11 3
90 12 40
90 13 80
90 14 82
90 15 82
90 16 6
90 17 61
90 18 10
90 19 68
90 20 94
90 21 77
90 22 8
90 23 85
90 24 29
90 25 45
90 26 88
90 27 61
90 28 98
90 29 93
90 30 71
90 31 73
90 32 55
90 33 6
90 34 21
90 35 87
90 36 37
90 37 99
90 38 28
90 39 28
90 40 75
90 41 40
90 42 69
90 43 82
90 44 52
90 45 70
90 46 75
90 47 94
90 48 39
90 49 77
90 50 42
90 51 46
90 52 34
90 53 52
90 54 49
90 55 9
90 56 79
90 57 25
90 58 3
90 59 67
90 60 41
90 61 7
90 62 63
90 63 36
90 64 98
90 65 51
90 66 92
90 67 5
90 68 74
90 69 73
90 70 12
90 71 83
90 72 14
90 73 2
90 74 20
90 75 42
90 76 80
90 77 69
90 78 14
90 79 33
90 80 7
90 81 14
90 82 7
90 83 13
90 84 58
90 85 47
90 86 46
90 87 7
90 88 86
90 89 6
90 90 56
90 91 11
90 92 82
90 93 40
90 94 34
90 95 31
90 96 60
90 97 84
90 98 52
90 99 98
90 100 15
91 1 50
91 2 78
91 3 78
91 4 78
91 5 13
91 6 37
91 7 42
91 8 63
91 9 3
91 10 50
91 11 57
91 12 87
91 13 11
91 14 9
91 15 8
91 16 52
91 17 84
91 18 61
91 19 66
91 20 9
91 21 12
91 22 63
91 23 68
91 24 3
91 25 17
91 26 11
91 27 11
91 28 95
91 29 51
91 30 33
91 31 99
91 32 25
91 33 76
91 34 61
91 35 60
91 36 59
91 37 79
91 38 43
91 39 90
91 40 1
91 41 20
91 42 54
91 43 98
91 44 30
91 45 60
91 46 99
91 47 35
91 48 84
91 49 14
91 50 90
91 51 97
91 52 12
91 53 86
91 54 2
91 55 68
91 56 58
91 57 3
91 58 2
91 59 62
91 60 64
91 61 95
91 62 50
91 63 3
91 64 27
91 65 77
91 66 27
91 67 55
91 68 73
91 69 88
91 70 89
91 71 38
91 72 92
91 73 54
91 74 71
91 75 72
91 76 32
91 77 54
91 78 91
91 79 54
91 80 27
91 81 80
91 82 13
91 83 3
91 84 57
91 85 38
91 86 45
91 87 70
91 88 83
91 89 14
91 90 12
91 91 6
91 92 94
91 93 54
91 94 58
91 95 79
91 96 27
91 97 42
91 98 85
91 99 90
91 100 97
92 1 32
92 2 50
92 3 12
92 4 88
92 5 61
92 6 32
92 7 75
92 8 3
92 9 67
92 10 76
92 11 44
92 12 53
92 13 94
92 14 35
92 15 13
92 16 19
92 17 11
92 18 36
92 19 92
92 20 6
92 21 86
92 22 21
92 23 25
92 24 94
92 25 81
92 26 9
92 27 69
92 28 73
92 29 30
92 30 44
92 31 95
92 32 91
92 33 2
92 34 87
92 35 13
92 36 75
92 37 57
92 38 88
92 39 69
92 40 30
92 41 41
92 42 49
92 43 73
92 44 93
92 45 29
92 46 18
92 47 15
92 48 8
92 49 98
92 50 75
92 51 32
92 52 30
92 53 3
92 54 27
92 55 86
92 56 25
92 57 26
92 58 82
92 59 37
92 60 40
92 61 2
92 62 59
92 63 84
92 64 40
92 65 84
92 66 35
92 67 89
92 68 1
92 69 85
92 70 80
92 71 15
92 72 29
92 73 74
92 74 72
92 75 79
92 76 69
92 77 64
92 78 65
92 79 68
92 80 23
92 81 74
92 82 3
92 83 66
92 84 97
92 85 32
92 86 22
92 87 13
92 88 93
92 89 38
92 90 8
92 91 17
92 92 60
92 93 31
92 94 61
92 95 99
92 96 62
92 97 68
92 98 69
92 99 85
92 100 45
93 1 87
93 2 59
93 3 79
93 4 9
93 5 59
93 6 39
93 7 86
93 8 68
93 9 55
93 10 60
93 11 92
93 12 41
93 13 40
93 14 90
93 15 92
93 16 89
93 17 42
93 18 47
93 19 88
93 20 56
93 21 51
93 22 38
93 23 56
93 24 79
93 25 66
93 26 69
93 27 83
93 28 41
93 29 78
93 30 77
93 31 17
93 32 69
93 33 48
93 34 25
93 35 18
93 36 10
93 37 67
93 38 15
93 39 60
93 40 95
93 41 31
93 42 27
93 43 25
93 44 88
93 45 90
93 46 55
93 47 86
93 48 50
93 49 44
93 50 41
93 51 58
93 52 66
93 53 81
93 54 27
93 55 38
93 56 90
93 57 64
93 58 38
93 59 87
93 60 89
93 61 87
93 62 57
93 63 40
93 64 76
93 65 92
93 66 78
93 67 2
93 68 51
93 69 90
93 70 67
93 71 27
93 72 35
93 73 6
93 74 28
93 75 52
93 76 88
93 77 3
93 78 17
93 79 46
93 80 33
93 81 55
93 82 82
93 83 18
93 84 96
93 85 22
93 86 94
93 87 24
93 88 79
93 89 8
93 90 52
93 91 54
93 92 10
93 93 79
93 94 71
93 95 98
93 96 65
93 97 89
93 98 66
93 99 95
93 100 20
94 1 33
94 2 10
94 3 3
94 4 90
94 5 54
94 6 80
94 7 66
94 8 33
94 9 71
94 10 44
94 11 65
94 12 66
94 13 75
94 14 12
94 15 53
94 16 58
94 17 1
94 18 64
94 19 21
94 20 52
94 21 32
94 22 4
94 23 94
94 24 54
94 25 1
94 26 71
94 27 19
94 28 18
94 29 69
94 30 5
94 31 87
94 32 64
94 33 11
94 34 98
94 35 45
94 36 39
94 37 29
94 38 76
94 39 12
94 40 7
94 41 79
94 42 40
94 43 56
94 44 73
94 45 52
94 46 77
94 47 80
94 48 75
94 49 61
94 50 76
94 51 67
94 52 94
94 53 66
94 54 44
94 55 43
94 56 50
94 57 38
94 58 16
94 59 39
94 60 42
94 61 23
94 62 31
94 63 79
94 64 36
94 65 39
94 66 31
94 67 11
94 68 70
94 69 41
94 70 63
94 71 21
94 72 33
94 73 65
94 74 36
94 75 22
94 76 14
94 77 62
94 78 89
94 79 29
94 80 13
94 81 90
94 82 8
94 83 60
94 84 73
94 85 56
94 86 70
94 87 91
94 88 7
94 89 13
94 90 84
94 91 26
94 92 34
94 93 44
94 94 95
94 95 20
94 96 47
94 97 13
94 98 80
94 99 5
94 100 32
95 1 77
95 2 51
95 3 25
95 4 70
95 5 3
95 6 19
95 7 11
95 8 37
95 9 1
95 10 40
95 11 98
95 12 54
95 13 36
95 14 34
95 15 63
95 16 65
95 17 79
95 18 95
95 19 36
95 20 48
95 21 73
95 22 99
95 23 47
95 24 68
95 25 2
95 26 11
95 27 54
95 28 50
95 29 34
95 30 18
95 31 50
95 32 3
95 33 22
95 34 41
95 35 96
95 36 42
95 37 58
95 38 34
95 39 14
95 40 83
95 41 7
95 42 86
95 43 46
95 44 67
95 45 5
95 46 90
95 47 72
95 48 34
95 49 65
95 50 33
95 51 94
95 52 14
95 53 26
95 54 63
95 55 2
95 56 79
95 57 81
95 58 9
95 59 24
95 60 18
95 61 44
95 62 59
95 63 54
95 64 5
95 65 34
95 66 55
95 67 92
95 68 48
95 69 15
95 70 94
95 71 5
95 72 2
95 73 74
95 74 78
95 75 67
95 76 5
95 77 8
95 78 72
95 79 22
95 80 66
95 81 85
95 82 47
95 83 1
95 84 29
95 85 75
95 86 65
95 87 64
95 88 91
95 89 36
95 90 1
95 91 41
95 92 85
95 93 27
95 94 28
95 95 88
95 96 33
95 97 97
95 98 78
95 99 72
95 100 32
96 1 11
96 2 19
96 3 67
96 4 95
96 5 10
96 6 85
96 7 16
96 8 73
96 9 39
96 10 76
96 11 98
96 12 96
96 13 13
96 14 41
96 15 15
96 16 27
96 17 6
96 18 70
96 19 49
96 20 98
96 21 11
96 22 52
96 23 58
96 24 21
96 25 48
96 26 95
96 27 76
96 28 72
96 29 1
96 30 98
96 31 47
96 32 26
96 33 67
96 34 43
96 35 56
96 36 33
96 37 2
96 38 38
96 39 88
96 40 19
96 41 15
96 42 77
96 43 41
96 44 5
96 45 43
96 46 55
96 47 77
96 48 93
96 49 47
96 50 70
96 51 39
96 52 39
96 53 81
96 54 98
96 55 33
96 56 83
96 57 53
96 58 88
96 59 86
96 60 60
96 61 1
96 62 41
96 63 35
96 64 79
96 65 93
96 66 8
96 67 14
96 68 76
96 69 12
96 70 8
96 71 37
96 72 98
96 73 51
96 74 88
96 75 67
96 76 62
96 77 45
96 78 5
96 79 39
96 80 13
96 81 68
96 82 18
96 83 30
96 84 50
96 85 32
96 86 80
96 87 44
96 88 56
96 89 71
96 90 24
96 91 48
96 92 42
96 93 82
96 94 42
96 95 50
96 96 51
96 97 76
96 98 36
96 99 31
96 100 42
97 1 67
97 2 31
97 3 56
97 4 44
97 5 74
97 6 71
97 7 88
97 8 2
97 9 80
97 10 76
97 11 91
97 12 15
97 13 16
97 14 66
97 15 68
97 16 47
97 17 72
97 18 15
97 19 25
97 20 90
97 21 94
97 22 70
97 23 48
97 24 85
97 25 77
97 26 83
97 27 31
97 28 42
97 29 81
97 30 68
97 31 54
97 32 86
97 33 71
97 34 95
97 35 20
97 36 31
97 37 15
97 38 60
97 39 97
97 40 11
97 41 78
97 42 12
97 43 92
97 44 17
97 45 19
97 46 16
97 47 78
97 48 33
97 49 82
97 50 56
97 51 17
97 52 97
97 53 15
97 54 68
97 55 79
97 56 7
97 57 6
97 58 2
97 59 64
97 60 78
97 61 15
97 62 58
97 63 32
97 64 80
97 65 64
97 66 63
97 67 70
97 68 58
97 69 92
97 70 17
97 71 57
97 72 6
97 73 50
97 74 81
97 75 80
97 76 99
97 77 84
97 78 99
97 79 71
97 80 94
97 81 85
97 82 86
97 83 33
97 84 14
97 85 99
97 86 18
97 87 79
97 88 79
97 89 80
97 90 5
97 91 20
97 92 56
97 93 53
97 94 47
97 95 12
97 96 72
97 97 41
97 98 22
97 99 20
97 100 7
98 1 99
98 2 78
98 3 58
98 4 52
98 5 9
98 6 19
98 7 99
98 8 3
98 9 95
98 10 49
98 11 15
98 12 73
98 13 70
98 14 1
98 15 71
98 16 28
98 17 36
98 18 52
98 19 9
98 20 3
98 21 48
98 22 6
98 23 47
98 24 58
98 25 37
98 26 10
98 27 73
98 28 34
98 29 65
98 30 30
98 31 8
98 32 25
98 33 9
98 34 14
98 35 72
98 36 18
98 37 86
98 38 28
98 39 42
98 40 19
98 41 78
98 42 98
98 43 95
98 44 45
98 45 76
98 46 65
98 47 67
98 48 15
98 49 39
98 50 58
98 51 14
98 52 7
98 53 76
98 54 88
98 55 23
98 56 39
98 57 34
98 58 99
98 59 49
98 60 69
98 61 27
98 62 49
98 63 96
98 64 45
98 65 91
98 66 85
98 67 43
98 68 90
98 69 86
98 70 34
98 71 62
98 72 14
98 73 69
98 74 33
98 75 56
98 76 97
98 77 44
98 78 60
98 79 36
98 80 84
98 81 32
98 82 39
98 83 52
98 84 87
98 85 50
98 86 81
98 87 27
98 88 62
98 89 1
98 90 2
98 91 5
98 92 9
98 93 81
98 94 15
98 95 84
98 96 4
98 97 7
98 98 66
98 99 4
98 100 59
99 1 68
99 2 73
99 3 34
99 4 90
99 5 75
99 6 10
99 7 92
99 8 58
99 9 52
99 10 44
99 11 21
99 12 3
99 13 44
99 14 80
99 15 16
99 16 21
99 17 20
99 18 68
99 19 24
99 20 81
99 21 31
99 22 31
99 23 98
99 24 55
99 25 43
99 26 46
99 27 21
99 28 47
99 29 90
99 30 91
99 31 60
99 32 71
99 33 47
99 34 19
99 35 51
99 36 83
99 37 61
99 38 77
99 39 68
99 40 74
99 41 8
99 42 19
99 43 23
99 44 20
99 45 7
99 46 85
99 47 36
99 48 26
99 49 10
99 50 80
99 51 12
99 52 93
99 53 80
99 54 49
99 55 67
99 56 82
99 57 22
99 58 25
99 59 74
99 60 41
99 61 4
99 62 35
99 63 4
99 64 63
99 65 95
99 66 85
99 67 28
99 68 66
99 69 44
99 70 8
99 71 65
99 72 76
99 73 7
99 74 27
99 75 26
99 76 86
99 77 43
99 78 75
99 79 44
99 80 90
99 81 69
99 82 27
99 83 28
99 84 36
99 85 96
99 86 66
99 87 42
99 88 13
99 89 26
99 90 63
99 91 13
99 92 78
99 93 67
99 94 29
99 95 84
99 96 14
99 97 53
99 98 59
99 99 59
99 100 75
100 1 51
100 2 42
100 3 55
100 4 98
100 5 5
100 6 84
100 7 67
100 8 65
100 9 40
100 10 40
100 11 12
100 12 49
100 13 84
100 14 5
100 15 56
100 16 44
100 17 16
100 18 22
100 19 65
100 20 19
100 21 8
100 22 36
100 23 68
100 24 21
100 25 16
100 26 93
100 27 84
100 28 63
100 29 67
100 30 2
100 31 17
100 32 68
100 33 53
100 34 4
100 35 85
100 36 87
100 37 41
100 38 60
100 39 57
100 40 32
100 41 83
100 42 90
100 43 26
100 44 14
100 45 6
100 46 3
100 47 93
100 48 77
100 49 60
100 50 52
100 51 64
100 52 78
100 53 38
100 54 9
100 55 84
100 56 10
100 57 11
100 58 76
100 59 63
100 60 90
100 61 4
100 62 32
100 63 17
100 64 55
100 65 51
100 66 14
100 67 98
100 68 68
100 69 75
100 70 9
100 71 67
100 72 73
100 73 66
100 74 43
100 75 75
100 76 80
100 77 81
100 78 91
100 79 70
100 80 86
100 81 89
100 82 31
100 83 21
100 84 93
100 85 86
100 86 53
100 87 51
100 88 23
100 89 37
100 90 46
100 91 54
100 92 17
100 93 95
100 94 65
100 95 86
100 96 56
100 97 55
100 98 91
100 99 60
100 100 51