100 2
71
32
98
12
90
42
1
46
5
9
37
2
47
66
94
97
29
93
99
61
16
3
45
27
61
76
11
26
37
7
16
69
27
52
21
53
56
72
67
99
45
1
52
21
45
13
64
93
58
24
59
94
91
67
33
34
42
46
91
58
72
7
39
23
88
38
99
72
57
42
87
30
25
44
55
41
63
42
15
24
2
2
60
71
88
28
83
76
8
35
76
13
39
7
1
95
42
43
31
60
0 1 19
0 2 56
0 3 75
0 4 67
0 5 26
0 6 2
0 7 65
0 8 36
0 9 55
0 10 25
0 11 99
0 12 78
0 13 43
0 14 5
0 15 51
0 16 19
0 17 28
0 18 13
0 19 8
0 20 66
0 21 32
0 22 69
0 23 32
0 24 12
0 25 75
0 26 19
0 27 74
0 28 32
0 29 45
0 30 95
0 31 44
0 32 35
0 33 46
0 34 97
0 35 62
0 36 17
0 37 28
0 38 1
0 39 11
0 40 69
0 41 96
0 42 12
0 43 97
0 44 58
0 45 45
0 46 31
0 47 91
0 48 53
0 49 30
0 50 69
0 51 3
0 52 41
0 53 60
0 54 81
0 55 92
0 56 26
0 57 5
0 58 74
0 59 90
0 60 4
0 61 55
0 62 9
0 63 95
0 64 19
0 65 8
0 66 29
0 67 95
0 68 83
0 69 43
0 70 49
0 71 53
0 72 52
0 73 70
0 74 80
0 75 9
0 76 98
0 77 26
0 78 91
0 79 70
0 80 97
0 81 64
0 82 6
0 83 31
0 84 20
0 85 92
0 86 57
0 87 58
0 88 11
0 89 29
0 90 65
0 91 67
0 92 71
0 93 60
0 94 81
0 95 38
0 96 52
0 97 85
0 98 64
0 99 27
0 100 54
1 1 6
1 2 17
1 3 23
1 4 40
1 5 56
1 6 29
1 7 92
1 8 95
1 9 83
1 10 87
1 11 12
1 12 5
1 13 8
1 14 58
1 15 84
1 16 63
1 17 30
1 18 65
1 19 72
1 20 47
1 21 59
1 22 19
1 23 33
1 24 94
1 25 97
1 26 53
1 27 95
1 28 17
1 29 34
1 30 4
1 31 23
1 32 31
1 33 26
1 34 1
1 35 50
1 36 54
1 37 63
1 38 52
1 39 86
1 40 63
1 41 89
1 42 71
1 43 68
1 44 67
1 45 45
1 46 17
1 47 56
1 48 23
1 49 80
1 50 47
1 51 39
1 52 50
1 53 30
1 54 23
1 55 92
1 56 68
1 57 31
1 58 51
1 59 94
1 60 44
1 61 83
1 62 53
1 63 63
1 64 63
1 65 5
1 66 92
1 67 20
1 68 3
1 69 52
1 70 47
1 71 34
1 72 49
1 73 26
1 74 92
1 75 7
1 76 26
1 77 30
1 78 17
1 79 90
1 80 40
1 81 33
1 82 44
1 83 45
1 84 61
1 85 91
1 86 93
1 87 12
1 88 3
1 89 53
1 90 94
1 91 20
1 92 88
1 93 55
1 94 77
1 95 53
1 96 13
1 97 62
1 98 69
1 99 54
1 100 34
2 1 47
2 2 82
2 3 49
2 4 26
2 5 75
2 6 55
2 7 76
2 8 20
2 9 95
2 10 64
2 11 51
2 12 65
2 13 63
2 14 52
2 15 50
2 16 99
2 17 55
2 18 21
2 19 73
2 20 26
2 21 25
2 22 18
2 23 37
2 24 82
2 25 18
2 26 10
2 27 84
2 28 66
2 29 33
2 30 54
2 31 16
2 32 17
2 33 13
2 34 22
2 35 87
2 36 75
2 37 4
2 38 9
2 39 20
2 40 63
2 41 29
2 42 8
2 43 12
2 44 87
2 45 5
2 46 5
2 47 97
2 48 5
2 49 82
2 50 59
2 51 51
2 52 75
2 53 6
2 54 91
2 55 24
2 56 24
2 57 37
2 58 13
2 59 17
2 60 4
2 61 80
2 62 46
2 63 61
2 64 48
2 65 16
2 66 77
2 67 72
2 68 12
2 69 31
2 70 8
2 71 16
2 72 22
2 73 92
2 74 7
2 75 54
2 76 28
2 77 2
2 78 9
2 79 57
2 80 51
2 81 32
2 82 79
2 83 8
2 84 60
2 85 19
2 86 34
2 87 84
2 88 40
2 89 29
2 90 35
2 91 86
2 92 93
2 93 53
2 94 24
2 95 51
2 96 16
2 97 65
2 98 93
2 99 97
2 100 5
3 1 57
3 2 43
3 3 37
3 4 2
3 5 3
3 6 89
3 7 78
3 8 59
3 9 83
3 10 73
3 11 24
3 12 1
3 13 71
3 14 30
3 15 18
3 16 71
3 17 86
3 18 29
3 19 14
3 20 3
3 21 34
3 22 31
3 23 25
3 24 68
3 25 25
3 26 97
3 27 46
3 28 28
3 29 38
3 30 97
3 31 71
3 32 68
3 33 79
3 34 10
3 35 44
3 36 40
3 37 37
3 38 87
3 39 32
3 40 90
3 41 74
3 42 98
3 43 89
3 44 41
3 45 8
3 46 82
3 47 92
3 48 58
3 49 89
3 50 87
3 51 23
3 52 82
3 53 21
3 54 73
3 55 1
3 56 72
3 57 57
3 58 56
3 59 37
3 60 17
3 61 1
3 62 90
3 63 12
3 64 33
3 65 13
3 66 40
3 67 51
3 68 57
3 69 95
3 70 2
3 71 10
3 72 60
3 73 6
3 74 75
3 75 14
3 76 32
3 77 41
3 78 66
3 79 85
3 80 33
3 81 99
3 82 30
3 83 88
3 84 40
3 85 79
3 86 24
3 87 89
3 88 44
3 89 9
3 90 55
3 91 98
3 92 49
3 93 84
3 94 36
3 95 32
3 96 59
3 97 54
3 98 60
3 99 56
3 100 94
4 1 34
4 2 85
4 3 80
4 4 69
4 5 39
4 6 64
4 7 3
4 8 30
4 9 98
4 10 84
4 11 67
4 12 56
4 13 50
4 14 63
4 15 24
4 16 24
4 17 99
4 18 16
4 19 3
4 20 22
4 21 39
4 22 36
4 23 15
4 24 29
4 25 11
4 26 31
4 27 98
4 28 71
4 29 81
4 30 71
4 31 79
4 32 28
4 33 14
4 34 57
4 35 41
4 36 44
4 37 21
4 38 44
4 39 75
4 40 56
4 41 36
4 42 55
4 43 8
4 44 79
4 45 28
4 46 24
4 47 83
4 48 66
4 49 73
4 50 55
4 51 61
4 52 47
4 53 32
4 54 55
4 55 68
4 56 44
4 57 88
4 58 22
4 59 84
4 60 73
4 61 57
4 62 12
4 63 43
4 64 66
4 65 64
4 66 54
4 67 1
4 68 15
4 69 91
4 70 32
4 71 48
4 72 72
4 73 13
4 74 68
4 75 74
4 76 35
4 77 67
4 78 4
4 79 98
4 80 21
4 81 71
4 82 2
4 83 4
4 84 75
4 85 40
4 86 35
4 87 83
4 88 36
4 89 44
4 90 32
4 91 38
4 92 45
4 93 85
4 94 53
4 95 87
4 96 58
4 97 69
4 98 20
4 99 81
4 100 45
5 1 21
5 2 15
5 3 9
5 4 18
5 5 5
5 6 99
5 7 4
5 8 79
5 9 6
5 10 7
5 11 76
5 12 22
5 13 77
5 14 17
5 15 37
5 16 96
5 17 87
5 18 26
5 19 66
5 20 17
5 21 28
5 22 51
5 23 9
5 24 40
5 25 88
5 26 6
5 27 83
5 28 32
5 29 8
5 30 17
5 31 47
5 32 42
5 33 77
5 34 85
5 35 17
5 36 58
5 37 51
5 38 88
5 39 80
5 40 56
5 41 78
5 42 59
5 43 57
5 44 23
5 45 98
5 46 20
5 47 2
5 48 61
5 49 54
5 50 25
5 51 14
5 52 48
5 53 12
5 54 12
5 55 57
5 56 78
5 57 73
5 58 5
5 59 50
5 60 35
5 61 44
5 62 66
5 63 69
5 64 6
5 65 48
5 66 61
5 67 4
5 68 16
5 69 10
5 70 16
5 71 19
5 72 52
5 73 31
5 74 24
5 75 67
5 76 32
5 77 25
5 78 99
5 79 27
5 80 10
5 81 21
5 82 5
5 83 42
5 84 31
5 85 12
5 86 27
5 87 22
5 88 6
5 89 15
5 90 68
5 91 9
5 92 6
5 93 73
5 94 62
5 95 75
5 96 28
5 97 99
5 98 74
5 99 72
5 100 89
6 1 39
6 2 47
6 3 66
6 4 22
6 5 79
6 6 17
6 7 10
6 8 50
6 9 99
6 10 77
6 11 28
6 12 62
6 13 10
6 14 45
6 15 84
6 16 87
6 17 63
6 18 67
6 19 82
6 20 12
6 21 48
6 22 20
6 23 6
6 24 24
6 25 90
6 26 28
6 27 96
6 28 32
6 29 60
6 30 38
6 31 37
6 32 32
6 33 28
6 34 80
6 35 37
6 36 74
6 37 61
6 38 41
6 39 61
6 40 6
6 41 53
6 42 49
6 43 73
6 44 28
6 45 65
6 46 14
6 47 82
6 48 41
6 49 89
6 50 36
6 51 13
6 52 97
6 53 60
6 54 6
6 55 70
6 56 83
6 57 15
6 58 92
6 59 63
6 60 80
6 61 26
6 62 74
6 63 90
6 64 52
6 65 56
6 66 65
6 67 37
6 68 6
6 69 43
6 70 84
6 71 11
6 72 43
6 73 54
6 74 23
6 75 14
6 76 26
6 77 60
6 78 40
6 79 47
6 80 88
6 81 47
6 82 88
6 83 45
6 84 73
6 85 97
6 86 41
6 87 3
6 88 14
6 89 4
6 90 45
6 91 50
6 92 11
6 93 7
6 94 73
6 95 25
6 96 22
6 97 98
6 98 77
6 99 52
6 100 41
7 1 69
7 2 12
7 3 77
7 4 28
7 5 60
7 6 71
7 7 53
7 8 84
7 9 52
7 10 10
7 11 22
7 12 73
7 13 48
7 14 67
7 15 40
7 16 12
7 17 60
7 18 66
7 19 57
7 20 94
7 21 97
7 22 11
7 23 66
7 24 45
7 25 17
7 26 39
7 27 73
7 28 93
7 29 5
7 30 14
7 31 74
7 32 54
7 33 84
7 34 55
7 35 11
7 36 35
7 37 96
7 38 7
7 39 85
7 40 21
7 41 63
7 42 19
7 43 67
7 44 53
7 45 44
7 46 15
7 47 84
7 48 36
7 49 52
7 50 56
7 51 2
7 52 40
7 53 67
7 54 13
7 55 89
7 56 62
7 57 47
7 58 44
7 59 13
7 60 57
7 61 25
7 62 74
7 63 92
7 64 75
7 65 39
7 66 63
7 67 77
7 68 22
7 69 78
7 70 70
7 71 7
7 72 28
7 73 68
7 74 66
7 75 31
7 76 90
7 77 84
7 78 96
7 79 94
7 80 6
7 81 32
7 82 27
7 83 37
7 84 57
7 85 53
7 86 64
7 87 67
7 88 64
7 89 71
7 90 38
7 91 82
7 92 34
7 93 73
7 94 59
7 95 50
7 96 66
7 97 81
7 98 63
7 99 94
7 100 85
8 1 61
8 2 12
8 3 76
8 4 11
8 5 95
8 6 80
8 7 91
8 8 47
8 9 57
8 10 83
8 11 66
8 12 11
8 13 54
8 14 51
8 15 22
8 16 42
8 17 67
8 18 95
8 19 97
8 20 56
8 21 98
8 22 48
8 23 86
8 24 10
8 25 17
8 26 61
8 27 68
8 28 56
8 29 57
8 30 43
8 31 87
8 32 8
8 33 23
8 34 37
8 35 80
8 36 53
8 37 98
8 38 75
8 39 57
8 40 67
8 41 93
8 42 31
8 43 3
8 44 69
8 45 52
8 46 48
8 47 44
8 48 74
8 49 68
8 50 63
8 51 85
8 52 14
8 53 27
8 54 15
8 55 63
8 56 31
8 57 88
8 58 9
8 59 93
8 60 22
8 61 76
8 62 7
8 63 64
8 64 40
8 65 47
8 66 32
8 67 74
8 68 93
8 69 93
8 70 89
8 71 99
8 72 33
8 73 71
8 74 67
8 75 24
8 76 82
8 77 80
8 78 45
8 79 89
8 80 48
8 81 35
8 82 83
8 83 90
8 84 40
8 85 25
8 86 9
8 87 21
8 88 47
8 89 93
8 90 55
8 91 30
8 92 41
8 93 62
8 94 15
8 95 34
8 96 29
8 97 99
8 98 24
8 99 20
8 100 20
9 1 55
9 2 91
9 3 52
9 4 95
9 5 53
9 6 9
9 7 26
9 8 58
9 9 84
9 10 16
9 11 78
9 12 66
9 13 43
9 14 10
9 15 75
9 16 9
9 17 17
9 18 2
9 19 31
9 20 85
9 21 17
9 22 32
9 23 41
9 24 56
9 25 90
9 26 14
9 27 30
9 28 59
9 29 1
9 30 22
9 31 44
9 32 54
9 33 37
9 34 38
9 35 56
9 36 77
9 37 22
9 38 49
9 39 31
9 40 21
9 41 43
9 42 29
9 43 57
9 44 36
9 45 36
9 46 1
9 47 24
9 48 9
9 49 29
9 50 82
9 51 10
9 52 36
9 53 23
9 54 76
9 55 73
9 56 29
9 57 82
9 58 70
9 59 54
9 60 88
9 61 7
9 62 85
9 63 99
9 64 17
9 65 77
9 66 7
9 67 67
9 68 81
9 69 38
9 70 65
9 71 20
9 72 88
9 73 58
9 74 7
9 75 23
9 76 36
9 77 95
9 78 57
9 79 41
9 80 50
9 81 31
9 82 46
9 83 87
9 84 75
9 85 1
9 86 11
9 87 48
9 88 60
9 89 1
9 90 50
9 91 39
9 92 57
9 93 47
9 94 95
9 95 5
9 96 67
9 97 32
9 98 60
9 99 97
9 100 76
10 1 19
10 2 67
10 3 37
10 4 75
10 5 56
10 6 86
10 7 73
10 8 28
10 9 65
10 10 83
10 11 40
10 12 78
10 13 65
10 14 30
10 15 61
10 16 28
10 17 20
10 18 51
10 19 42
10 20 20
10 21 40
10 22 67
10 23 58
10 24 25
10 25 25
10 26 29
10 27 7
10 28 89
10 29 2
10 30 2
10 31 48
10 32 13
10 33 92
10 34 20
10 35 6
10 36 95
10 37 21
10 38 67
10 39 27
10 40 14
10 41 32
10 42 1
10 43 70
10 44 84
10 45 19
10 46 28
10 47 1
10 48 64
10 49 67
10 50 10
10 51 67
10 52 10
10 53 82
10 54 21
10 55 31
10 56 83
10 57 4
10 58 43
10 59 96
10 60 60
10 61 90
10 62 41
10 63 7
10 64 28
10 65 52
10 66 44
10 67 38
10 68 26
10 69 90
10 70 40
10 71 20
10 72 79
10 73 59
10 74 55
10 75 26
10 76 32
10 77 48
10 78 33
10 79 12
10 80 58
10 81 78
10 82 71
10 83 12
10 84 79
10 85 59
10 86 43
10 87 90
10 88 55
10 89 96
10 90 83
10 91 76
10 92 52
10 93 14
10 94 32
10 95 57
10 96 19
10 97 81
10 98 35
10 99 69
10 100 99
11 1 97
11 2 61
11 3 29
11 4 75
11 5 8
11 6 9
11 7 73
11 8 37
11 9 69
11 10 2
11 11 47
11 12 86
11 13 72
11 14 52
11 15 42
11 16 18
11 17 12
11 18 89
11 19 99
11 20 63
11 21 64
11 22 96
11 23 89
11 24 71
11 25 78
11 26 3
11 27 37
11 28 13
11 29 63
11 30 13
11 31 53
11 32 69
11 33 38
11 34 4
11 35 95
11 36 38
11 37 94
11 38 82
11 39 91
11 40 15
11 41 43
11 42 15
11 43 1
11 44 49
11 45 84
11 46 90
11 47 2
11 48 62
11 49 69
11 50 77
11 51 26
11 52 30
11 53 52
11 54 65
11 55 12
11 56 46
11 57 59
11 58 71
11 59 98
11 60 21
11 61 91
11 62 88
11 63 11
11 64 94
11 65 24
11 66 44
11 67 9
11 68 84
11 69 71
11 70 90
11 71 60
11 72 35
11 73 4
11 74 42
11 75 70
11 76 18
11 77 1
11 78 1
11 79 77
11 80 32
11 81 87
11 82 74
11 83 59
11 84 10
11 85 42
11 86 30
11 87 96
11 88 28
11 89 40
11 90 35
11 91 1
11 92 73
11 93 73
11 94 79
11 95 41
11 96 53
11 97 5
11 98 61
11 99 16
11 100 99
12 1 88
12 2 24
12 3 78
12 4 60
12 5 17
12 6 26
12 7 39
12 8 50
12 9 38
12 10 24
12 11 86
12 12 94
12 13 23
12 14 63
12 15 35
12 16 59
12 17 24
12 18 31
12 19 98
12 20 14
12 21 2
12 22 41
12 23 33
12 24 46
12 25 53
12 26 8
12 27 45
12 28 66
12 29 25
12 30 32
12 31 59
12 32 24
12 33 58
12 34 55
12 35 27
12 36 27
12 37 71
12 38 22
12 39 85
12 40 89
12 41 97
12 42 31
12 43 74
12 44 92
12 45 27
12 46 26
12 47 22
12 48 67
12 49 96
12 50 41
12 51 14
12 52 89
12 53 12
12 54 27
12 55 35
12 56 87
12 57 30
12 58 85
12 59 74
12 60 22
12 61 80
12 62 53
12 63 36
12 64 78
12 65 14
12 66 35
12 67 47
12 68 80
12 69 94
12 70 37
12 71 52
12 72 50
12 73 66
12 74 8
12 75 55
12 76 45
12 77 99
12 78 6
12 79 71
12 80 48
12 81 43
12 82 95
12 83 17
12 84 23
12 85 65
12 86 96
12 87 14
12 88 5
12 89 49
12 90 63
12 91 82
12 92 13
12 93 64
12 94 86
12 95 72
12 96 9
12 97 88
12 98 7
12 99 87
12 100 86
13 1 19
13 2 47
13 3 27
13 4 93
13 5 73
13 6 79
13 7 41
13 8 47
13 9 62
13 10 9
13 11 67
13 12 71
13 13 6
13 14 94
13 15 32
13 16 79
13 17 94
13 18 49
13 19 57
13 20 17
13 21 99
13 22 91
13 23 60
13 24 20
13 25 66
13 26 22
13 27 39
13 28 9
13 29 55
13 30 20
13 31 9
13 32 61
13 33 89
13 34 41
13 35 71
13 36 2
13 37 58
13 38 16
13 39 95
13 40 59
13 41 25
13 42 87
13 43 1
13 44 61
13 45 61
13 46 77
13 47 49
13 48 74
13 49 94
13 50 53
13 51 99
13 52 64
13 53 79
13 54 31
13 55 21
13 56 58
13 57 89
13 58 97
13 59 61
13 60 48
13 61 96
13 62 85
13 63 10
13 64 36
13 65 93
13 66 50
13 67 70
13 68 95
13 69 51
13 70 71
13 71 61
13 72 37
13 73 82
13 74 27
13 75 69
13 76 49
13 77 8
13 78 17
13 79 12
13 80 35
13 81 52
13 82 66
13 83 74
13 84 98
13 85 45
13 86 92
13 87 17
13 88 86
13 89 78
13 90 94
13 91 8
13 92 77
13 93 18
13 94 37
13 95 69
13 96 84
13 97 23
13 98 77
13 99 55
13 100 53
14 1 79
14 2 82
14 3 63
14 4 32
14 5 87
14 6 24
14 7 71
14 8 1
14 9 80
14 10 33
14 11 42
14 12 14
14 13 10
14 14 8
14 15 48
14 16 95
14 17 57
14 18 25
14 19 12
14 20 63
14 21 11
14 22 70
14 23 83
14 24 95
14 25 97
14 26 52
14 27 78
14 28 31
14 29 60
14 30 41
14 31 33
14 32 52
14 33 85
14 34 97
14 35 50
14 36 64
14 37 15
14 38 72
14 39 33
14 40 32
14 41 38
14 42 42
14 43 18
14 44 2
14 45 22
14 46 85
14 47 45
14 48 61
14 49 24
14 50 30
14 51 1
14 52 22
14 53 43
14 54 64
14 55 18
14 56 36
14 57 92
14 58 14
14 59 34
14 60 91
14 61 15
14 62 55
14 63 11
14 64 97
14 65 26
14 66 74
14 67 57
14 68 27
14 69 41
14 70 86
14 71 31
14 72 4
14 73 19
14 74 22
14 75 49
14 76 65
14 77 91
14 78 66
14 79 33
14 80 51
14 81 21
14 82 31
14 83 79
14 84 63
14 85 12
14 86 87
14 87 73
14 88 52
14 89 19
14 90 67
14 91 68
14 92 90
14 93 72
14 94 60
14 95 7
14 96 47
14 97 38
14 98 11
14 99 87
14 100 69
15 1 63
15 2 91
15 3 75
15 4 73
15 5 55
15 6 85
15 7 37
15 8 65
15 9 77
15 10 28
15 11 15
15 12 67
15 13 1
15 14 97
15 15 45
15 16 17
15 17 96
15 18 30
15 19 81
15 20 71
15 21 32
15 22 74
15 23 77
15 24 90
15 25 45
15 26 5
15 27 40
15 28 74
15 29 41
15 30 15
15 31 21
15 32 55
15 33 86
15 34 95
15 35 54
15 36 41
15 37 73
15 38 37
15 39 35
15 40 65
15 41 83
15 42 95
15 43 91
15 44 97
15 45 36
15 46 37
15 47 25
15 48 44
15 49 39
15 50 13
15 51 83
15 52 94
15 53 35
15 54 66
15 55 34
15 56 12
15 57 92
15 58 48
15 59 34
15 60 11
15 61 96
15 62 73
15 63 99
15 64 45
15 65 78
15 66 24
15 67 82
15 68 83
15 69 82
15 70 6
15 71 64
15 72 5
15 73 63
15 74 43
15 75 9
15 76 71
15 77 86
15 78 70
15 79 96
15 80 90
15 81 72
15 82 39
15 83 74
15 84 69
15 85 85
15 86 31
15 87 83
15 88 98
15 89 7
15 90 62
15 91 79
15 92 6
15 93 4
15 94 83
15 95 18
15 96 80
15 97 78
15 98 98
15 99 52
15 100 4
16 1 90
16 2 72
16 3 8
16 4 14
16 5 47
16 6 64
16 7 51
16 8 92
16 9 26
16 10 31
16 11 35
16 12 5
16 13 10
16 14 65
16 15 86
16 16 61
16 17 48
16 18 81
16 19 45
16 20 26
16 21 26
16 22 1
16 23 85
16 24 8
16 25 48
16 26 10
16 27 57
16 28 97
16 29 50
16 30 18
16 31 54
16 32 47
16 33 89
16 34 74
16 35 2
16 36 2
16 37 77
16 38 86
16 39 76
16 40 24
16 41 50
16 42 25
16 43 31
16 44 63
16 45 8
16 46 49
16 47 43
16 48 71
16 49 32
16 50 86
16 51 22
16 52 46
16 53 68
16 54 31
16 55 12
16 56 75
16 57 57
16 58 85
16 59 88
16 60 18
16 61 19
16 62 30
16 63 23
16 64 16
16 65 98
16 66 67
16 67 52
16 68 72
16 69 84
16 70 19
16 71 53
16 72 4
16 73 65
16 74 18
16 75 42
16 76 40
16 77 14
16 78 12
16 79 68
16 80 77
16 81 5
16 82 2
16 83 94
16 84 39
16 85 66
16 86 98
16 87 63
16 88 10
16 89 88
16 90 91
16 91 67
16 92 64
16 93 66
16 94 49
16 95 13
16 96 51
16 97 72
16 98 42
16 99 84
16 100 4
17 1 96
17 2 59
17 3 66
17 4 53
17 5 88
17 6 23
17 7 15
17 8 51
17 9 2
17 10 2
17 11 48
17 12 14
17 13 68
17 14 58
17 15 76
17 16 25
17 17 45
17 18 40
17 19 69
17 20 82
17 21 71
17 22 24
17 23 84
17 24 35
17 25 29
17 26 54
17 27 86
17 28 90
17 29 85
17 30 44
17 31 32
17 32 46
17 33 87
17 34 52
17 35 45
17 36 53
17 37 54
17 38 95
17 39 24
17 40 64
17 41 92
17 42 29
17 43 12
17 44 20
17 45 34
17 46 28
17 47 81
17 48 14
17 49 40
17 50 91
17 51 72
17 52 27
17 53 41
17 54 23
17 55 35
17 56 21
17 57 10
17 58 22
17 59 93
17 60 56
17 61 75
17 62 25
17 63 26
17 64 31
17 65 3
17 66 25
17 67 29
17 68 57
17 69 36
17 70 47
17 71 82
17 72 23
17 73 43
17 74 55
17 75 65
17 76 79
17 77 96
17 78 67
17 79 48
17 80 24
17 81 94
17 82 88
17 83 58
17 84 81
17 85 82
17 86 81
17 87 79
17 88 63
17 89 83
17 90 77
17 91 38
17 92 16
17 93 96
17 94 62
17 95 18
17 96 17
17 97 40
17 98 96
17 99 54
17 100 6
18 1 32
18 2 8
18 3 87
18 4 12
18 5 79
18 6 81
18 7 91
18 8 77
18 9 52
18 10 40
18 11 89
18 12 35
18 13 21
18 14 19
18 15 14
18 16 23
18 17 71
18 18 88
18 19 71
18 20 21
18 21 33
18 22 88
18 23 88
18 24 99
18 25 70
18 26 59
18 27 96
18 28 6
18 29 44
18 30 60
18 31 47
18 32 38
18 33 54
18 34 77
18 35 18
18 36 38
18 37 90
18 38 94
18 39 96
18 40 17
18 41 68
18 42 56
18 43 36
18 44 63
18 45 31
18 46 63
18 47 79
18 48 50
18 49 59
18 50 68
18 51 5
18 52 65
18 53 11
18 54 41
18 55 33
18 56 87
18 57 48
18 58 35
18 59 53
18 60 15
18 61 91
18 62 77
18 63 29
18 64 23
18 65 24
18 66 33
18 67 95
18 68 22
18 69 93
18 70 77
18 71 8
18 72 95
18 73 62
18 74 38
18 75 51
18 76 14
18 77 90
18 78 80
18 79 30
18 80 85
18 81 21
18 82 79
18 83 39
18 84 4
18 85 52
18 86 83
18 87 27
18 88 21
18 89 31
18 90 4
18 91 11
18 92 19
18 93 32
18 94 75
18 95 19
18 96 36
18 97 68
18 98 67
18 99 33
18 100 5
19 1 80
19 2 9
19 3 56
19 4 15
19 5 50
19 6 84
19 7 83
19 8 75
19 9 81
19 10 17
19 11 34
19 12 41
19 13 83
19 14 58
19 15 73
19 16 3
19 17 77
19 18 14
19 19 42
19 20 57
19 21 41
19 22 47
19 23 3
19 24 11
19 25 37
19 26 27
19 27 4
19 28 65
19 29 85
19 30 47
19 31 35
19 32 95
19 33 4
19 34 27
19 35 24
19 36 35
19 37 62
19 38 23
19 39 73
19 40 86
19 41 35
19 42 23
19 43 47
19 44 65
19 45 23
19 46 49
19 47 26
19 48 16
19 49 45
19 50 35
19 51 64
19 52 69
19 53 11
19 54 25
19 55 96
19 56 72
19 57 70
19 58 98
19 59 94
19 60 20
19 61 26
19 62 36
19 63 3
19 64 91
19 65 68
19 66 93
19 67 68
19 68 36
19 69 27
19 70 74
19 71 70
19 72 48
19 73 71
19 74 80
19 75 22
19 76 58
19 77 90
19 78 48
19 79 73
19 80 67
19 81 11
19 82 53
19 83 51
19 84 10
19 85 19
19 86 53
19 87 9
19 88 10
19 89 16
19 90 25
19 91 65
19 92 50
19 93 59
19 94 91
19 95 28
19 96 5
19 97 64
19 98 17
19 99 41
19 100 58
20 1 63
20 2 6
20 3 28
20 4 61
20 5 80
20 6 94
20 7 79
20 8 34
20 9 98
20 10 98
20 11 24
20 12 84
20 13 63
20 14 65
20 15 59
20 16 54
20 17 35
20 18 37
20 19 20
20 20 28
20 21 73
20 22 81
20 23 20
20 24 49
20 25 24
20 26 65
20 27 5
20 28 66
20 29 18
20 30 35
20 31 15
20 32 56
20 33 53
20 34 22
20 35 9
20 36 89
20 37 47
20 38 54
20 39 91
20 40 98
20 41 83
20 42 66
20 43 69
20 44 34
20 45 45
20 46 87
20 47 57
20 48 44
20 49 89
20 50 67
20 51 37
20 52 5
20 53 13
20 54 81
20 55 58
20 56 16
20 57 7
20 58 46
20 59 64
20 60 61
20 61 52
20 62 12
20 63 43
20 64 74
20 65 56
20 66 15
20 67 26
20 68 18
20 69 56
20 70 11
20 71 76
20 72 5
20 73 46
20 74 3
20 75 29
20 76 73
20 77 91
20 78 23
20 79 98
20 80 51
20 81 12
20 82 33
20 83 39
20 84 6
20 85 89
20 86 34
20 87 13
20 88 95
20 89 73
20 90 64
20 91 94
20 92 53
20 93 94
20 94 42
20 95 36
20 96 64
20 97 13
20 98 37
20 99 77
20 100 55
21 1 27
21 2 86
21 3 10
21 4 53
21 5 66
21 6 44
21 7 54
21 8 41
21 9 17
21 10 61
21 11 42
21 12 93
21 13 69
21 14 89
21 15 32
21 16 22
21 17 31
21 18 37
21 19 4
21 20 25
21 21 46
21 22 54
21 23 57
21 24 95
21 25 7
21 26 66
21 27 73
21 28 40
21 29 88
21 30 61
21 31 79
21 32 29
21 33 67
21 34 87
21 35 42
21 36 72
21 37 34
21 38 95
21 39 32
21 40 76
21 41 60
21 42 41
21 43 71
21 44 10
21 45 1
21 46 77
21 47 6
21 48 91
21 49 33
21 50 40
21 51 81
21 52 13
21 53 20
21 54 26
21 55 22
21 56 56
21 57 49
21 58 83
21 59 18
21 60 20
21 61 84
21 62 59
21 63 40
21 64 40
21 65 6
21 66 82
21 67 48
21 68 87
21 69 65
21 70 36
21 71 91
21 72 9
21 73 16
21 74 29
21 75 27
21 76 40
21 77 24
21 78 96
21 79 55
21 80 82
21 81 40
21 82 18
21 83 32
21 84 91
21 85 84
21 86 16
21 87 41
21 88 67
21 89 22
21 90 98
21 91 57
21 92 37
21 93 64
21 94 73
21 95 38
21 96 27
21 97 65
21 98 33
21 99 17
21 100 9
22 1 71
22 2 72
22 3 69
22 4 88
22 5 13
22 6 44
22 7 34
22 8 95
22 9 84
22 10 90
22 11 44
22 12 7
22 13 50
22 14 15
22 15 97
22 16 72
22 17 93
22 18 35
22 19 5
22 20 68
22 21 51
22 22 57
22 23 94
22 24 39
22 25 51
22 26 45
22 27 63
22 28 21
22 29 62
22 30 25
22 31 31
22 32 56
22 33 36
22 34 43
22 35 25
22 36 97
22 37 36
22 38 43
22 39 79
22 40 86
22 41 98
22 42 53
22 43 74
22 44 86
22 45 82
22 46 27
22 47 51
22 48 87
22 49 82
22 50 6
22 51 98
22 52 30
22 53 87
22 54 22
22 55 52
22 56 75
22 57 19
22 58 82
22 59 18
22 60 27
22 61 11
22 62 14
22 63 26
22 64 58
22 65 66
22 66 45
22 67 28
22 68 42
22 69 18
22 70 41
22 71 72
22 72 65
22 73 34
22 74 85
22 75 24
22 76 64
22 77 86
22 78 84
22 79 53
22 80 33
22 81 53
22 82 78
22 83 95
22 84 73
22 85 17
22 86 86
22 87 32
22 88 55
22 89 69
22 90 90
22 91 6
22 92 57
22 93 55
22 94 12
22 95 19
22 96 22
22 97 62
22 98 68
22 99 78
22 100 77
23 1 98
23 2 47
23 3 26
23 4 94
23 5 71
23 6 11
23 7 80
23 8 7
23 9 39
23 10 64
23 11 2
23 12 57
23 13 72
23 14 25
23 15 81
23 16 6
23 17 83
23 18 2
23 19 70
23 20 47
23 21 71
23 22 27
23 23 52
23 24 44
23 25 18
23 26 84
23 27 12
23 28 30
23 29 59
23 30 88
23 31 95
23 32 86
23 33 97
23 34 40
23 35 70
23 36 16
23 37 30
23 38 51
23 39 88
23 40 3
23 41 27
23 42 14
23 43 16
23 44 77
23 45 85
23 46 96
23 47 49
23 48 34
23 49 48
23 50 76
23 51 80
23 52 9
23 53 4
23 54 32
23 55 56
23 56 55
23 57 89
23 58 43
23 59 97
23 60 54
23 61 74
23 62 99
23 63 89
23 64 68
23 65 26
23 66 21
23 67 96
23 68 46
23 69 62
23 70 17
23 71 96
23 72 52
23 73 46
23 74 14
23 75 54
23 76 47
23 77 12
23 78 72
23 79 5
23 80 7
23 81 84
23 82 1
23 83 61
23 84 12
23 85 38
23 86 51
23 87 52
23 88 59
23 89 28
23 90 41
23 91 81
23 92 90
23 93 49
23 94 12
23 95 14
23 96 29
23 97 2
23 98 74
23 99 7
23 100 32
24 1 5
24 2 90
24 3 47
24 4 19
24 5 89
24 6 83
24 7 48
24 8 65
24 9 27
24 10 94
24 11 62
24 12 6
24 13 77
24 14 60
24 15 61
24 16 60
24 17 30
24 18 7
24 19 21
24 20 73
24 21 86
24 22 43
24 23 21
24 24 98
24 25 38
24 26 47
24 27 65
24 28 94
24 29 28
24 30 23
24 31 68
24 32 94
24 33 49
24 34 93
24 35 1
24 36 87
24 37 33
24 38 64
24 39 76
24 40 64
24 41 21
24 42 98
24 43 91
24 44 77
24 45 21
24 46 99
24 47 70
24 48 72
24 49 65
24 50 46
24 51 29
24 52 26
24 53 60
24 54 87
24 55 42
24 56 38
24 57 80
24 58 8
24 59 54
24 60 73
24 61 36
24 62 88
24 63 73
24 64 93
24 65 41
24 66 68
24 67 95
24 68 87
24 69 1
24 70 34
24 71 84
24 72 87
24 73 14
24 74 70
24 75 29
24 76 49
24 77 32
24 78 75
24 79 80
24 80 2
24 81 11
24 82 76
24 83 15
24 84 84
24 85 88
24 86 65
24 87 33
24 88 42
24 89 19
24 90 67
24 91 67
24 92 1
24 93 53
24 94 52
24 95 78
24 96 32
24 97 57
24 98 13
24 99 68
24 100 92
25 1 36
25 2 46
25 3 26
25 4 69
25 5 71
25 6 30
25 7 70
25 8 23
25 9 29
25 10 7
25 11 41
25 12 14
25 13 87
25 14 16
25 15 21
25 16 98
25 17 50
25 18 81
25 19 14
25 20 90
25 21 29
25 22 29
25 23 69
25 24 47
25 25 50
25 26 93
25 27 49
25 28 33
25 29 63
25 30 72
25 31 13
25 32 11
25 33 17
25 34 95
25 35 53
25 36 40
25 37 7
25 38 24
25 39 69
25 40 15
25 41 47
25 42 59
25 43 69
25 44 57
25 45 70
25 46 36
25 47 72
25 48 68
25 49 78
25 50 84
25 51 30
25 52 43
25 53 65
25 54 15
25 55 1
25 56 19
25 57 78
25 58 52
25 59 96
25 60 68
25 61 64
25 62 96
25 63 88
25 64 93
25 65 28
25 66 3
25 67 68
25 68 38
25 69 54
25 70 71
25 71 84
25 72 3
25 73 40
25 74 57
25 75 66
25 76 69
25 77 59
25 78 58
25 79 61
25 80 12
25 81 74
25 82 79
25 83 77
25 84 28
25 85 87
25 86 66
25 87 22
25 88 49
25 89 41
25 90 52
25 91 68
25 92 49
25 93 92
25 94 2
25 95 75
25 96 39
25 97 62
25 98 16
25 99 92
25 100 23
26 1 26
26 2 7
26 3 25
26 4 76
26 5 98
26 6 77
26 7 35
26 8 8
26 9 16
26 10 70
26 11 38
26 12 21
26 13 82
26 14 4
26 15 76
26 16 17
26 17 9
26 18 65
26 19 43
26 20 5
26 21 3
26 22 49
26 23 79
26 24 84
26 25 16
26 26 88
26 27 25
26 28 65
26 29 98
26 30 61
26 31 20
26 32 48
26 33 1
26 34 1
26 35 58
26 36 78
26 37 17
26 38 68
26 39 44
26 40 68
26 41 53
26 42 14
26 43 85
26 44 67
26 45 13
26 46 83
26 47 26
26 48 48
26 49 95
26 50 52
26 51 18
26 52 60
26 53 55
26 54 32
26 55 80
26 56 36
26 57 53
26 58 62
26 59 4
26 60 51
26 61 63
26 62 88
26 63 2
26 64 45
26 65 41
26 66 10
26 67 5
26 68 82
26 69 36
26 70 74
26 71 3
26 72 71
26 73 64
26 74 45
26 75 68
26 76 67
26 77 95
26 78 50
26 79 92
26 80 16
26 81 85
26 82 55
26 83 77
26 84 16
26 85 9
26 86 44
26 87 32
26 88 36
26 89 98
26 90 41
26 91 49
26 92 65
26 93 37
26 94 2
26 95 13
26 96 5
26 97 12
26 98 41
26 99 7
26 100 22
27 1 55
27 2 88
27 3 18
27 4 2
27 5 77
27 6 19
27 7 56
27 8 30
27 9 71
27 10 44
27 11 27
27 12 88
27 13 59
27 14 39
27 15 59
27 16 92
27 17 8
27 18 66
27 19 80
27 20 31
27 21 85
27 22 49
27 23 63
27 24 1
27 25 92
27 26 96
27 27 38
27 28 50
27 29 31
27 30 22
27 31 29
27 32 61
27 33 61
27 34 57
27 35 68
27 36 96
27 37 68
27 38 22
27 39 78
27 40 12
27 41 70
27 42 43
27 43 33
27 44 23
27 45 1
27 46 69
27 47 39
27 48 45
27 49 61
27 50 92
27 51 36
27 52 34
27 53 85
27 54 34
27 55 48
27 56 44
27 57 30
27 58 42
27 59 35
27 60 68
27 61 13
27 62 93
27 63 98
27 64 12
27 65 59
27 66 19
27 67 43
27 68 94
27 69 6
27 70 94
27 71 63
27 72 58
27 73 23
27 74 42
27 75 71
27 76 42
27 77 23
27 78 81
27 79 97
27 80 93
27 81 61
27 82 73
27 83 67
27 84 32
27 85 85
27 86 64
27 87 10
27 88 53
27 89 38
27 90 21
27 91 66
27 92 21
27 93 27
27 94 96
27 95 5
27 96 32
27 97 30
27 98 39
27 99 59
27 100 69
28 1 35
28 2 97
28 3 68
28 4 38
28 5 33
28 6 33
28 7 8
28 8 56
28 9 2
28 10 92
28 11 79
28 12 72
28 13 7
28 14 38
28 15 66
28 16 83
28 17 77
28 18 83
28 19 51
28 20 56
28 21 84
28 22 78
28 23 25
28 24 77
28 25 87
28 26 90
28 27 53
28 28 32
28 29 67
28 30 30
28 31 5
28 32 5
28 33 4
28 34 39
28 35 93
28 36 95
28 37 51
28 38 91
28 39 49
28 40 77
28 41 37
28 42 75
28 43 60
28 44 32
28 45 43
28 46 18
28 47 96
28 48 64
28 49 16
28 50 42
28 51 45
28 52 54
28 53 94
28 54 72
28 55 86
28 56 66
28 57 96
28 58 84
28 59 53
28 60 83
28 61 29
28 62 68
28 63 7
28 64 57
28 65 27
28 66 7
28 67 71
28 68 40
28 69 67
28 70 15
28 71 21
28 72 56
28 73 43
28 74 12
28 75 16
28 76 53
28 77 44
28 78 10
28 79 31
28 80 97
28 81 55
28 82 38
28 83 74
28 84 8
28 85 59
28 86 62
28 87 37
28 88 52
28 89 76
28 90 53
28 91 69
28 92 25
28 93 1
28 94 86
28 95 63
28 96 51
28 97 66
28 98 20
28 99 91
28 100 4
29 1 63
29 2 30
29 3 41
29 4 38
29 5 41
29 6 60
29 7 74
29 8 96
29 9 79
29 10 42
29 11 32
29 12 53
29 13 12
29 14 92
29 15 86
29 16 38
29 17 2
29 18 94
29 19 92
29 20 89
29 21 65
29 22 67
29 23 33
29 24 89
29 25 76
29 26 39
29 27 64
29 28 57
29 29 82
29 30 34
29 31 92
29 32 98
29 33 61
29 34 30
29 35 74
29 36 63
29 37 15
29 38 29
29 39 6
29 40 7
29 41 35
29 42 76
29 43 13
29 44 94
29 45 34
29 46 34
29 47 30
29 48 71
29 49 8
29 50 17
29 51 38
29 52 86
29 53 45
29 54 65
29 55 43
29 56 62
29 57 95
29 58 32
29 59 24
29 60 73
29 61 61
29 62 27
29 63 79
29 64 23
29 65 68
29 66 2
29 67 62
29 68 64
29 69 37
29 70 33
29 71 44
29 72 81
29 73 55
29 74 33
29 75 39
29 76 1
29 77 34
29 78 41
29 79 18
29 80 23
29 81 23
29 82 28
29 83 14
29 84 76
29 85 87
29 86 23
29 87 29
29 88 82
29 89 5
29 90 70
29 91 61
29 92 32
29 93 2
29 94 28
29 95 8
29 96 49
29 97 75
29 98 63
29 99 47
29 100 72
30 1 33
30 2 32
30 3 70
30 4 2
30 5 48
30 6 95
30 7 80
30 8 99
30 9 75
30 10 29
30 11 58
30 12 77
30 13 31
30 14 48
30 15 82
30 16 29
30 17 89
30 18 14
30 19 72
30 20 46
30 21 20
30 22 71
30 23 5
30 24 25
30 25 18
30 26 79
30 27 29
30 28 17
30 29 75
30 30 36
30 31 27
30 32 56
30 33 96
30 34 76
30 35 58
30 36 32
30 37 91
30 38 68
30 39 45
30 40 98
30 41 76
30 42 46
30 43 49
30 44 36
30 45 6
30 46 72
30 47 17
30 48 90
30 49 47
30 50 16
30 51 22
30 52 7
30 53 18
30 54 55
30 55 10
30 56 14
30 57 13
30 58 73
30 59 84
30 60 63
30 61 69
30 62 9
30 63 26
30 64 75
30 65 9
30 66 95
30 67 30
30 68 21
30 69 54
30 70 85
30 71 58
30 72 85
30 73 41
30 74 7
30 75 82
30 76 18
30 77 98
30 78 38
30 79 64
30 80 89
30 81 86
30 82 31
30 83 47
30 84 85
30 85 27
30 86 24
30 87 88
30 88 82
30 89 99
30 90 14
30 91 64
30 92 52
30 93 81
30 94 39
30 95 38
30 96 17
30 97 71
30 98 56
30 99 28
30 100 63
31 1 54
31 2 33
31 3 35
31 4 32
31 5 8
31 6 45
31 7 68
31 8 97
31 9 46
31 10 5
31 11 1
31 12 46
31 13 52
31 14 90
31 15 7
31 16 26
31 17 60
31 18 11
31 19 70
31 20 5
31 21 35
31 22 12
31 23 30
31 24 7
31 25 65
31 26 13
31 27 94
31 28 97
31 29 98
31 30 92
31 31 1
31 32 45
31 33 7
31 34 92
31 35 68
31 36 76
31 37 27
31 38 48
31 39 34
31 40 24
31 41 93
31 42 92
31 43 14
31 44 93
31 45 21
31 46 84
31 47 35
31 48 51
31 49 51
31 50 91
31 51 5
31 52 4
31 53 47
31 54 36
31 55 81
31 56 86
31 57 75
31 58 65
31 59 80
31 60 78
31 61 33
31 62 43
31 63 6
31 64 16
31 65 24
31 66 61
31 67 73
31 68 29
31 69 59
31 70 28
31 71 9
31 72 94
31 73 9
31 74 28
31 75 24
31 76 88
31 77 88
31 78 21
31 79 37
31 80 84
31 81 6
31 82 1
31 83 27
31 84 30
31 85 68
31 86 9
31 87 14
31 88 66
31 89 87
31 90 81
31 91 38
31 92 16
31 93 55
31 94 3
31 95 5
31 96 93
31 97 67
31 98 90
31 99 85
31 100 29
32 1 21
32 2 93
32 3 24
32 4 33
32 5 95
32 6 13
32 7 46
32 8 8
32 9 3
32 10 12
32 11 69
32 12 83
32 13 45
32 14 14
32 15 33
32 16 85
32 17 95
32 18 95
32 19 71
32 20 69
32 21 41
32 22 98
32 23 33
32 24 36
32 25 58
32 26 34
32 27 56
32 28 43
32 29 43
32 30 65
32 31 45
32 32 34
32 33 29
32 34 28
32 35 94
32 36 94
32 37 53
32 38 27
32 39 56
32 40 62
32 41 21
32 42 25
32 43 56
32 44 66
32 45 47
32 46 69
32 47 15
32 48 25
32 49 62
32 50 47
32 51 47
32 52 23
32 53 46
32 54 50
32 55 34
32 56 84
32 57 86
32 58 39
32 59 52
32 60 55
32 61 17
32 62 21
32 63 46
32 64 52
32 65 69
32 66 20
32 67 25
32 68 35
32 69 56
32 70 99
32 71 40
32 72 27
32 73 44
32 74 77
32 75 96
32 76 52
32 77 81
32 78 84
32 79 82
32 80 68
32 81 23
32 82 53
32 83 89
32 84 14
32 85 11
32 86 38
32 87 18
32 88 62
32 89 25
32 90 60
32 91 12
32 92 39
32 93 93
32 94 82
32 95 88
32 96 45
32 97 31
32 98 73
32 99 47
32 100 61
33 1 64
33 2 93
33 3 93
33 4 28
33 5 50
33 6 39
33 7 80
33 8 59
33 9 72
33 10 7
33 11 41
33 12 4
33 13 2
33 14 7
33 15 18
33 16 87
33 17 82
33 18 85
33 19 36
33 20 76
33 21 10
33 22 1
33 23 22
33 24 90
33 25 64
33 26 42
33 27 44
33 28 21
33 29 1
33 30 18
33 31 14
33 32 2
33 33 64
33 34 71
33 35 50
33 36 81
33 37 16
33 38 86
33 39 67
33 40 18
33 41 19
33 42 34
33 43 66
33 44 23
33 45 30
33 46 7
33 47 13
33 48 84
33 49 90
33 50 87
33 51 3
33 52 87
33 53 30
33 54 60
33 55 37
33 56 90
33 57 17
33 58 83
33 59 67
33 60 29
33 61 81
33 62 8
33 63 12
33 64 25
33 65 56
33 66 25
33 67 61
33 68 4
33 69 91
33 70 98
33 71 17
33 72 5
33 73 21
33 74 69
33 75 28
33 76 33
33 77 25
33 78 15
33 79 83
33 80 85
33 81 71
33 82 12
33 83 30
33 84 35
33 85 24
33 86 82
33 87 59
33 88 18
33 89 63
33 90 96
33 91 83
33 92 73
33 93 42
33 94 54
33 95 8
33 96 93
33 97 11
33 98 27
33 99 27
33 100 32
34 1 11
34 2 82
34 3 9
34 4 87
34 5 54
34 6 18
34 7 36
34 8 53
34 9 48
34 10 40
34 11 6
34 12 22
34 13 78
34 14 3
34 15 24
34 16 18
34 17 25
34 18 84
34 19 10
34 20 72
34 21 21
34 22 61
34 23 74
34 24 25
34 25 57
34 26 69
34 27 71
34 28 86
34 29 68
34 30 2
34 31 88
34 32 52
34 33 16
34 34 52
34 35 86
34 36 69
34 37 25
34 38 95
34 39 51
34 40 11
34 41 28
34 42 75
34 43 65
34 44 35
34 45 58
34 46 46
34 47 44
34 48 30
34 49 14
34 50 91
34 51 54
34 52 21
34 53 10
34 54 57
34 55 27
34 56 41
34 57 44
34 58 60
34 59 77
34 60 44
34 61 74
34 62 26
34 63 85
34 64 28
34 65 87
34 66 97
34 67 48
34 68 30
34 69 58
34 70 32
34 71 81
34 72 11
34 73 20
34 74 15
34 75 8
34 76 2
34 77 14
34 78 77
34 79 61
34 80 23
34 81 37
34 82 53
34 83 47
34 84 48
34 85 96
34 86 64
34 87 12
34 88 80
34 89 54
34 90 27
34 91 13
34 92 51
34 93 63
34 94 85
34 95 27
34 96 35
34 97 3
34 98 20
34 99 24
34 100 20
35 1 91
35 2 28
35 3 21
35 4 53
35 5 16
35 6 46
35 7 31
35 8 23
35 9 40
35 10 65
35 11 55
35 12 99
35 13 80
35 14 38
35 15 35
35 16 39
35 17 35
35 18 77
35 19 8
35 20 44
35 21 33
35 22 99
35 23 53
35 24 57
35 25 4
35 26 93
35 27 65
35 28 8
35 29 69
35 30 45
35 31 94
35 32 17
35 33 33
35 34 71
35 35 33
35 36 52
35 37 64
35 38 82
35 39 24
35 40 18
35 41 54
35 42 91
35 43 48
35 44 80
35 45 19
35 46 56
35 47 25
35 48 69
35 49 58
35 50 50
35 51 46
35 52 7
35 53 47
35 54 47
35 55 52
35 56 99
35 57 29
35 58 6
35 59 12
35 60 14
35 61 5
35 62 9
35 63 89
35 64 36
35 65 42
35 66 39
35 67 39
35 68 88
35 69 94
35 70 56
35 71 96
35 72 95
35 73 5
35 74 68
35 75 72
35 76 34
35 77 23
35 78 56
35 79 30
35 80 65
35 81 16
35 82 34
35 83 76
35 84 5
35 85 29
35 86 71
35 87 24
35 88 68
35 89 20
35 90 91
35 91 32
35 92 53
35 93 27
35 94 13
35 95 29
35 96 88
35 97 92
35 98 43
35 99 85
35 100 91
36 1 34
36 2 89
36 3 8
36 4 57
36 5 31
36 6 35
36 7 6
36 8 52
36 9 43
36 10 47
36 11 80
36 12 72
36 13 23
36 14 53
36 15 68
36 16 38
36 17 44
36 18 85
36 19 31
36 20 15
36 21 45
36 22 33
36 23 74
36 24 45
36 25 56
36 26 21
36 27 22
36 28 26
36 29 28
36 30 83
36 31 58
36 32 63
36 33 65
36 34 49
36 35 8
36 36 71
36 37 92
36 38 11
36 39 10
36 40 99
36 41 73
36 42 75
36 43 18
36 44 23
36 45 9
36 46 85
36 47 82
36 48 19
36 49 60
36 50 2
36 51 47
36 52 36
36 53 87
36 54 28
36 55 31
36 56 20
36 57 68
36 58 12
36 59 61
36 60 13
36 61 57
36 62 78
36 63 61
36 64 23
36 65 59
36 66 25
36 67 59
36 68 19
36 69 55
36 70 49
36 71 23
36 72 99
36 73 63
36 74 9
36 75 71
36 76 27
36 77 69
36 78 85
36 79 54
36 80 92
36 81 5
36 82 92
36 83 78
36 84 24
36 85 64
36 86 48
36 87 8
36 88 40
36 89 80
36 90 67
36 91 32
36 92 70
36 93 73
36 94 14
36 95 14
36 96 53
36 97 18
36 98 21
36 99 87
36 100 80
37 1 34
37 2 89
37 3 76
37 4 83
37 5 51
37 6 27
37 7 85
37 8 67
37 9 27
37 10 71
37 11 80
37 12 57
37 13 61
37 14 82
37 15 54
37 16 14
37 17 66
37 18 19
37 19 60
37 20 43
37 21 55
37 22 26
37 23 3
37 24 93
37 25 7
37 26 24
37 27 80
37 28 25
37 29 97
37 30 74
37 31 41
37 32 56
37 33 80
37 34 4
37 35 2
37 36 5
37 37 82
37 38 19
37 39 66
37 40 84
37 41 76
37 42 94
37 43 81
37 44 47
37 45 88
37 46 79
37 47 9
37 48 68
37 49 64
37 50 68
37 51 17
37 52 49
37 53 75
37 54 78
37 55 65
37 56 36
37 57 80
37 58 12
37 59 46
37 60 7
37 61 98
37 62 93
37 63 49
37 64 31
37 65 9
37 66 56
37 67 54
37 68 70
37 69 63
37 70 2
37 71 38
37 72 82
37 73 21
37 74 63
37 75 90
37 76 65
37 77 73
37 78 3
37 79 94
37 80 96
37 81 72
37 82 17
37 83 99
37 84 20
37 85 77
37 86 30
37 87 83
37 88 94
37 89 87
37 90 56
37 91 43
37 92 53
37 93 2
37 94 41
37 95 98
37 96 94
37 97 69
37 98 8
37 99 21
37 100 6
38 1 79
38 2 6
38 3 30
38 4 30
38 5 98
38 6 70
38 7 62
38 8 74
38 9 21
38 10 7
38 11 93
38 12 75
38 13 88
38 14 28
38 15 27
38 16 10
38 17 64
38 18 42
38 19 34
38 20 74
38 21 33
38 22 55
38 23 34
38 24 88
38 25 71
38 26 51
38 27 84
38 28 7
38 29 80
38 30 20
38 31 83
38 32 15
38 33 22
38 34 47
38 35 39
38 36 29
38 37 59
38 38 51
38 39 20
38 40 17
38 41 20
38 42 91
38 43 10
38 44 35
38 45 28
38 46 65
38 47 25
38 48 31
38 49 79
38 50 47
38 51 34
38 52 46
38 53 68
38 54 29
38 55 61
38 56 30
38 57 51
38 58 59
38 59 29
38 60 19
38 61 22
38 62 23
38 63 65
38 64 38
38 65 70
38 66 93
38 67 54
38 68 62
38 69 33
38 70 82
38 71 32
38 72 13
38 73 98
38 74 13
38 75 83
38 76 3
38 77 59
38 78 44
38 79 25
38 80 84
38 81 26
38 82 63
38 83 86
38 84 51
38 85 50
38 86 25
38 87 34
38 88 75
38 89 28
38 90 97
38 91 23
38 92 53
38 93 89
38 94 42
38 95 90
38 96 27
38 97 98
38 98 62
38 99 1
38 100 24
39 1 46
39 2 34
39 3 88
39 4 77
39 5 35
39 6 40
39 7 19
39 8 7
39 9 44
39 10 5
39 11 4
39 12 38
39 13 23
39 14 25
39 15 91
39 16 43
39 17 11
39 18 33
39 19 66
39 20 80
39 21 81
39 22 82
39 23 1
39 24 75
39 25 32
39 26 55
39 27 16
39 28 63
39 29 42
39 30 45
39 31 67
39 32 70
39 33 89
39 34 84
39 35 54
39 36 59
39 37 38
39 38 46
39 39 88
39 40 58
39 41 51
39 42 36
39 43 3
39 44 97
39 45 91
39 46 22
39 47 10
39 48 64
39 49 91
39 50 71
39 51 38
39 52 49
39 53 8
39 54 3
39 55 69
39 56 58
39 57 96
39 58 16
39 59 98
39 60 79
39 61 72
39 62 48
39 63 95
39 64 75
39 65 27
39 66 68
39 67 70
39 68 6
39 69 36
39 70 95
39 71 23
39 72 59
39 73 87
39 74 89
39 75 18
39 76 43
39 77 39
39 78 70
39 79 19
39 80 6
39 81 50
39 82 82
39 83 20
39 84 10
39 85 10
39 86 20
39 87 24
39 88 11
39 89 92
39 90 42
39 91 76
39 92 2
39 93 42
39 94 14
39 95 79
39 96 89
39 97 53
39 98 4
39 99 9
39 100 86
40 1 72
40 2 9
40 3 87
40 4 84
40 5 39
40 6 77
40 7 45
40 8 92
40 9 57
40 10 84
40 11 32
40 12 72
40 13 23
40 14 50
40 15 9
40 16 62
40 17 11
40 18 43
40 19 22
40 20 21
40 21 91
40 22 42
40 23 51
40 24 43
40 25 37
40 26 39
40 27 53
40 28 10
40 29 5
40 30 87
40 31 93
40 32 76
40 33 31
40 34 6
40 35 66
40 36 9
40 37 27
40 38 33
40 39 7
40 40 85
40 41 20
40 42 29
40 43 68
40 44 22
40 45 91
40 46 89
40 47 46
40 48 88
40 49 8
40 50 13
40 51 60
40 52 13
40 53 36
40 54 7
40 55 66
40 56 29
40 57 28
40 58 84
40 59 59
40 60 87
40 61 12
40 62 32
40 63 66
40 64 60
40 65 56
40 66 30
40 67 48
40 68 33
40 69 23
40 70 54
40 71 9
40 72 31
40 73 23
40 74 61
40 75 70
40 76 97
40 77 20
40 78 97
40 79 40
40 80 40
40 81 44
40 82 17
40 83 30
40 84 53
40 85 52
40 86 28
40 87 39
40 88 86
40 89 40
40 90 91
40 91 20
40 92 31
40 93 64
40 94 30
40 95 80
40 96 57
40 97 6
40 98 70
40 99 78
40 100 50
41 1 93
41 2 25
41 3 77
41 4 84
41 5 14
41 6 85
41 7 29
41 8 96
41 9 95
41 10 46
41 11 18
41 12 78
41 13 15
41 14 45
41 15 39
41 16 73
41 17 14
41 18 18
41 19 79
41 20 48
41 21 62
41 22 4
41 23 9
41 24 18
41 25 19
41 26 2
41 27 28
41 28 87
41 29 78
41 30 70
41 31 97
41 32 89
41 33 91
41 34 80
41 35 55
41 36 71
41 37 93
41 38 14
41 39 20
41 40 87
41 41 58
41 42 93
41 43 52
41 44 9
41 45 64
41 46 57
41 47 49
41 48 39
41 49 81
41 50 58
41 51 61
41 52 47
41 53 18
41 54 1
41 55 65
41 56 6
41 57 55
41 58 89
41 59 33
41 60 85
41 61 81
41 62 75
41 63 2
41 64 33
41 65 49
41 66 94
41 67 85
41 68 40
41 69 63
41 70 60
41 71 67
41 72 73
41 73 67
41 74 3
41 75 31
41 76 94
41 77 19
41 78 31
41 79 16
41 80 94
41 81 8
41 82 50
41 83 42
41 84 48
41 85 11
41 86 47
41 87 19
41 88 96
41 89 98
41 90 77
41 91 65
41 92 23
41 93 31
41 94 11
41 95 5
41 96 74
41 97 83
41 98 1
41 99 6
41 100 92
42 1 73
42 2 8
42 3 46
42 4 29
42 5 78
42 6 45
42 7 8
42 8 68
42 9 27
42 10 84
42 11 75
42 12 38
42 13 32
42 14 16
42 15 85
42 16 68
42 17 73
42 18 24
42 19 85
42 20 67
42 21 47
42 22 60
42 23 21
42 24 59
42 25 64
42 26 23
42 27 39
42 28 52
42 29 14
42 30 32
42 31 80
42 32 11
42 33 80
42 34 18
42 35 65
42 36 57
42 37 22
42 38 14
42 39 54
42 40 99
42 41 1
42 42 57
42 43 28
42 44 75
42 45 43
42 46 90
42 47 15
42 48 78
42 49 65
42 50 82
42 51 85
42 52 57
42 53 12
42 54 74
42 55 71
42 56 21
42 57 26
42 58 81
42 59 42
42 60 23
42 61 84
42 62 21
42 63 98
42 64 14
42 65 31
42 66 81
42 67 88
42 68 22
42 69 40
42 70 39
42 71 83
42 72 31
42 73 94
42 74 26
42 75 23
42 76 86
42 77 86
42 78 93
42 79 21
42 80 55
42 81 26
42 82 98
42 83 48
42 84 10
42 85 24
42 86 47
42 87 8
42 88 90
42 89 95
42 90 27
42 91 94
42 92 1
42 93 48
42 94 14
42 95 33
42 96 81
42 97 45
42 98 41
42 99 14
42 100 81
43 1 14
43 2 96
43 3 50
43 4 11
43 5 22
43 6 28
43 7 77
43 8 70
43 9 14
43 10 62
43 11 40
43 12 54
43 13 76
43 14 11
43 15 85
43 16 15
43 17 71
43 18 48
43 19 6
43 20 71
43 21 99
43 22 62
43 23 69
43 24 66
43 25 90
43 26 33
43 27 24
43 28 53
43 29 72
43 30 98
43 31 36
43 32 87
43 33 86
43 34 12
43 35 98
43 36 25
43 37 80
43 38 45
43 39 66
43 40 33
43 41 42
43 42 90
43 43 98
43 44 43
43 45 84
43 46 20
43 47 72
43 48 72
43 49 97
43 50 70
43 51 54
43 52 91
43 53 88
43 54 83
43 55 40
43 56 15
43 57 33
43 58 59
43 59 75
43 60 52
43 61 46
43 62 53
43 63 11
43 64 69
43 65 78
43 66 93
43 67 75
43 68 32
43 69 21
43 70 98
43 71 95
43 72 41
43 73 29
43 74 11
43 75 48
43 76 16
43 77 12
43 78 22
43 79 67
43 80 79
43 81 14
43 82 79
43 83 81
43 84 57
43 85 7
43 86 8
43 87 81
43 88 61
43 89 26
43 90 67
43 91 63
43 92 67
43 93 88
43 94 22
43 95 1
43 96 63
43 97 99
43 98 20
43 99 97
43 100 13
44 1 74
44 2 65
44 3 60
44 4 10
44 5 7
44 6 58
44 7 42
44 8 44
44 9 29
44 10 78
44 11 15
44 12 33
44 13 36
44 14 32
44 15 57
44 16 20
44 17 16
44 18 18
44 19 31
44 20 85
44 21 13
44 22 90
44 23 34
44 24 33
44 25 85
44 26 82
44 27 51
44 28 14
44 29 84
44 30 75
44 31 52
44 32 31
44 33 68
44 34 10
44 35 23
44 36 87
44 37 55
44 38 3
44 39 27
44 40 74
44 41 29
44 42 92
44 43 49
44 44 38
44 45 44
44 46 20
44 47 86
44 48 68
44 49 17
44 50 1
44 51 27
44 52 32
44 53 35
44 54 36
44 55 2
44 56 71
44 57 65
44 58 79
44 59 8
44 60 56
44 61 75
44 62 14
44 63 53
44 64 98
44 65 20
44 66 6
44 67 49
44 68 18
44 69 26
44 70 30
44 71 36
44 72 89
44 73 51
44 74 34
44 75 32
44 76 80
44 77 89
44 78 7
44 79 15
44 80 24
44 81 7
44 82 36
44 83 78
44 84 81
44 85 84
44 86 71
44 87 77
44 88 62
44 89 24
44 90 47
44 91 19
44 92 10
44 93 51
44 94 93
44 95 27
44 96 41
44 97 1
44 98 37
44 99 69
44 100 61
45 1 98
45 2 33
45 3 84
45 4 4
45 5 72
45 6 1
45 7 91
45 8 62
45 9 95
45 10 32
45 11 73
45 12 31
45 13 39
45 14 31
45 15 58
45 16 90
45 17 75
45 18 78
45 19 27
45 20 42
45 21 57
45 22 82
45 23 48
45 24 30
45 25 9
45 26 88
45 27 15
45 28 72
45 29 77
45 30 67
45 31 64
45 32 39
45 33 19
45 34 66
45 35 64
45 36 50
45 37 20
45 38 5
45 39 28
45 40 53
45 41 40
45 42 24
45 43 99
45 44 20
45 45 63
45 46 81
45 47 43
45 48 24
45 49 24
45 50 70
45 51 77
45 52 25
45 53 72
45 54 62
45 55 92
45 56 50
45 57 19
45 58 96
45 59 7
45 60 10
45 61 20
45 62 51
45 63 54
45 64 53
45 65 64
45 66 7
45 67 67
45 68 47
45 69 45
45 70 97
45 71 85
45 72 27
45 73 94
45 74 30
45 75 91
45 76 6
45 77 35
45 78 70
45 79 60
45 80 60
45 81 68
45 82 58
45 83 51
45 84 8
45 85 91
45 86 1
45 87 33
45 88 85
45 89 86
45 90 43
45 91 26
45 92 42
45 93 51
45 94 9
45 95 34
45 96 90
45 97 99
45 98 71
45 99 87
45 100 4
46 1 70
46 2 85
46 3 46
46 4 19
46 5 56
46 6 26
46 7 5
46 8 68
46 9 35
46 10 82
46 11 34
46 12 94
46 13 40
46 14 13
46 15 90
46 16 45
46 17 6
46 18 47
46 19 89
46 20 55
46 21 86
46 22 25
46 23 90
46 24 71
46 25 91
46 26 63
46 27 84
46 28 39
46 29 46
46 30 96
46 31 1
46 32 25
46 33 83
46 34 52
46 35 43
46 36 80
46 37 37
46 38 40
46 39 12
46 40 24
46 41 88
46 42 45
46 43 70
46 44 22
46 45 82
46 46 47
46 47 80
46 48 84
46 49 96
46 50 7
46 51 33
46 52 65
46 53 13
46 54 92
46 55 74
46 56 85
46 57 13
46 58 60
46 59 42
46 60 96
46 61 86
46 62 32
46 63 60
46 64 34
46 65 2
46 66 28
46 67 58
46 68 75
46 69 68
46 70 91
46 71 32
46 72 49
46 73 27
46 74 68
46 75 28
46 76 67
46 77 42
46 78 53
46 79 50
46 80 33
46 81 73
46 82 19
46 83 47
46 84 43
46 85 79
46 86 97
46 87 96
46 88 84
46 89 42
46 90 10
46 91 8
46 92 46
46 93 3
46 94 5
46 95 43
46 96 48
46 97 78
46 98 54
46 99 82
46 100 6
47 1 30
47 2 36
47 3 79
47 4 7
47 5 21
47 6 44
47 7 38
47 8 17
47 9 98
47 10 33
47 11 30
47 12 92
47 13 80
47 14 58
47 15 30
47 16 76
47 17 63
47 18 39
47 19 22
47 20 44
47 21 32
47 22 34
47 23 61
47 24 64
47 25 18
47 26 2
47 27 91
47 28 3
47 29 82
47 30 18
47 31 77
47 32 90
47 33 14
47 34 76
47 35 65
47 36 4
47 37 92
47 38 39
47 39 42
47 40 33
47 41 43
47 42 74
47 43 84
47 44 87
47 45 6
47 46 62
47 47 73
47 48 45
47 49 84
47 50 60
47 51 82
47 52 74
47 53 55
47 54 56
47 55 47
47 56 87
47 57 70
47 58 24
47 59 92
47 60 57
47 61 16
47 62 27
47 63 11
47 64 89
47 65 47
47 66 44
47 67 68
47 68 59
47 69 59
47 70 3
47 71 38
47 72 28
47 73 83
47 74 75
47 75 2
47 76 10
47 77 65
47 78 88
47 79 8
47 80 3
47 81 53
47 82 77
47 83 19
47 84 60
47 85 57
47 86 9
47 87 45
47 88 24
47 89 93
47 90 90
47 91 70
47 92 98
47 93 43
47 94 38
47 95 23
47 96 44
47 97 57
47 98 59
47 99 23
47 100 23
48 1 26
48 2 68
48 3 69
48 4 46
48 5 21
48 6 90
48 7 66
48 8 41
48 9 41
48 10 98
48 11 16
48 12 85
48 13 93
48 14 43
48 15 33
48 16 81
48 17 47
48 18 59
48 19 68
48 20 91
48 21 73
48 22 40
48 23 87
48 24 40
48 25 33
48 26 91
48 27 7
48 28 79
48 29 74
48 30 12
48 31 69
48 32 97
48 33 35
48 34 83
48 35 28
48 36 34
48 37 71
48 38 49
48 39 69
48 40 19
48 41 60
48 42 62
48 43 88
48 44 55
48 45 20
48 46 3
48 47 35
48 48 94
48 49 38
48 50 1
48 51 14
48 52 38
48 53 74
48 54 87
48 55 33
48 56 55
48 57 46
48 58 85
48 59 74
48 60 21
48 61 10
48 62 48
48 63 95
48 64 29
48 65 46
48 66 51
48 67 1
48 68 10
48 69 82
48 70 85
48 71 90
48 72 43
48 73 16
48 74 71
48 75 65
48 76 14
48 77 47
48 78 8
48 79 33
48 80 48
48 81 20
48 82 33
48 83 97
48 84 3
48 85 11
48 86 31
48 87 43
48 88 97
48 89 10
48 90 42
48 91 39
48 92 65
48 93 40
48 94 63
48 95 99
48 96 45
48 97 44
48 98 42
48 99 34
48 100 29
49 1 99
49 2 48
49 3 52
49 4 23
49 5 25
49 6 31
49 7 92
49 8 2
49 9 63
49 10 1
49 11 73
49 12 84
49 13 33
49 14 9
49 15 53
49 16 66
49 17 90
49 18 78
49 19 4
49 20 80
49 21 74
49 22 58
49 23 16
49 24 53
49 25 75
49 26 59
49 27 14
49 28 35
49 29 37
49 30 94
49 31 40
49 32 81
49 33 92
49 34 17
49 35 17
49 36 6
49 37 52
49 38 70
49 39 7
49 40 87
49 41 9
49 42 9
49 43 85
49 44 2
49 45 88
49 46 62
49 47 30
49 48 45
49 49 64
49 50 92
49 51 3
49 52 4
49 53 29
49 54 2
49 55 3
49 56 13
49 57 78
49 58 92
49 59 30
49 60 11
49 61 60
49 62 41
49 63 78
49 64 50
49 65 23
49 66 80
49 67 54
49 68 70
49 69 3
49 70 13
49 71 22
49 72 78
49 73 18
49 74 90
49 75 82
49 76 69
49 77 48
49 78 47
49 79 26
49 80 81
49 81 83
49 82 58
49 83 3
49 84 84
49 85 32
49 86 26
49 87 85
49 88 53
49 89 40
49 90 32
49 91 59
49 92 36
49 93 97
49 94 59
49 95 96
49 96 3
49 97 9
49 98 36
49 99 11
49 100 44
50 1 18
50 2 36
50 3 90
50 4 9
50 5 43
50 6 46
50 7 28
50 8 40
50 9 69
50 10 43
50 11 56
50 12 53
50 13 13
50 14 75
50 15 29
50 16 63
50 17 12
50 18 75
50 19 25
50 20 55
50 21 35
50 22 32
50 23 60
50 24 39
50 25 8
50 26 48
50 27 8
50 28 21
50 29 44
50 30 2
50 31 44
50 32 36
50 33 30
50 34 39
50 35 41
50 36 96
50 37 95
50 38 35
50 39 16
50 40 74
50 41 39
50 42 24
50 43 24
50 44 30
50 45 77
50 46 18
50 47 83
50 48 28
50 49 25
50 50 49
50 51 64
50 52 3
50 53 15
50 54 89
50 55 71
50 56 13
50 57 95
50 58 12
50 59 73
50 60 3
50 61 50
50 62 46
50 63 24
50 64 52
50 65 33
50 66 24
50 67 27
50 68 95
50 69 41
50 70 23
50 71 7
50 72 13
50 73 22
50 74 92
50 75 28
50 76 26
50 77 16
50 78 49
50 79 74
50 80 50
50 81 58
50 82 97
50 83 52
50 84 35
50 85 65
50 86 40
50 87 69
50 88 15
50 89 11
50 90 59
50 91 47
50 92 65
50 93 21
50 94 76
50 95 86
50 96 36
50 97 32
50 98 51
50 99 84
50 100 52
51 1 27
51 2 90
51 3 28
51 4 49
51 5 60
51 6 71
51 7 83
51 8 22
51 9 65
51 10 73
51 11 30
51 12 77
51 13 66
51 14 87
51 15 22
51 16 17
51 17 15
51 18 82
51 19 44
51 20 8
51 21 93
51 22 10
51 23 24
51 24 42
51 25 73
51 26 70
51 27 16
51 28 79
51 29 16
51 30 81
51 31 39
51 32 47
51 33 1
51 34 47
51 35 6
51 36 10
51 37 58
51 38 2
51 39 28
51 40 84
51 41 77
51 42 14
51 43 26
51 44 35
51 45 62
51 46 85
51 47 69
51 48 82
51 49 1
51 50 91
51 51 85
51 52 26
51 53 91
51 54 75
51 55 64
51 56 55
51 57 6
51 58 94
51 59 99
51 60 46
51 61 96
51 62 90
51 63 29
51 64 96
51 65 15
51 66 7
51 67 52
51 68 70
51 69 94
51 70 81
51 71 81
51 72 78
51 73 91
51 74 83
51 75 62
51 76 79
51 77 20
51 78 10
51 79 67
51 80 25
51 81 24
51 82 30
51 83 57
51 84 1
51 85 50
51 86 12
51 87 4
51 88 2
51 89 1
51 90 37
51 91 59
51 92 90
51 93 2
51 94 43
51 95 82
51 96 58
51 97 88
51 98 15
51 99 54
51 100 93
52 1 89
52 2 84
52 3 48
52 4 53
52 5 84
52 6 68
52 7 41
52 8 19
52 9 37
52 10 76
52 11 43
52 12 12
52 13 43
52 14 74
52 15 28
52 16 53
52 17 59
52 18 89
52 19 90
52 20 20
52 21 51
52 22 27
52 23 37
52 24 18
52 25 62
52 26 84
52 27 24
52 28 31
52 29 90
52 30 4
52 31 27
52 32 69
52 33 26
52 34 62
52 35 36
52 36 47
52 37 8
52 38 31
52 39 56
52 40 27
52 41 35
52 42 90
52 43 81
52 44 94
52 45 25
52 46 16
52 47 72
52 48 23
52 49 91
52 50 19
52 51 65
52 52 27
52 53 23
52 54 67
52 55 28
52 56 15
52 57 98
52 58 31
52 59 78
52 60 1
52 61 72
52 62 21
52 63 65
52 64 1
52 65 96
52 66 79
52 67 4
52 68 51
52 69 69
52 70 4
52 71 22
52 72 27
52 73 61
52 74 58
52 75 55
52 76 87
52 77 48
52 78 14
52 79 78
52 80 45
52 81 67
52 82 52
52 83 59
52 84 89
52 85 33
52 86 58
52 87 81
52 88 36
52 89 57
52 90 96
52 91 74
52 92 77
52 93 71
52 94 91
52 95 73
52 96 93
52 97 83
52 98 30
52 99 87
52 100 10
53 1 13
53 2 74
53 3 1
53 4 40
53 5 6
53 6 37
53 7 45
53 8 26
53 9 39
53 10 13
53 11 40
53 12 99
53 13 38
53 14 64
53 15 76
53 16 64
53 17 72
53 18 53
53 19 90
53 20 5
53 21 74
53 22 39
53 23 14
53 24 62
53 25 39
53 26 79
53 27 79
53 28 16
53 29 94
53 30 81
53 31 55
53 32 94
53 33 44
53 34 33
53 35 49
53 36 17
53 37 88
53 38 90
53 39 18
53 40 44
53 41 74
53 42 62
53 43 9
53 44 18
53 45 57
53 46 56
53 47 47
53 48 36
53 49 59
53 50 97
53 51 70
53 52 40
53 53 49
53 54 49
53 55 87
53 56 93
53 57 45
53 58 12
53 59 8
53 60 74
53 61 38
53 62 63
53 63 61
53 64 55
53 65 12
53 66 3
53 67 2
53 68 57
53 69 82
53 70 41
53 71 90
53 72 28
53 73 74
53 74 98
53 75 16
53 76 53
53 77 22
53 78 39
53 79 25
53 80 40
53 81 68
53 82 81
53 83 11
53 84 56
53 85 66
53 86 72
53 87 76
53 88 8
53 89 60
53 90 3
53 91 59
53 92 51
53 93 25
53 94 26
53 95 81
53 96 83
53 97 89
53 98 32
53 99 9
53 100 85
54 1 83
54 2 29
54 3 60
54 4 76
54 5 38
54 6 65
54 7 90
54 8 42
54 9 88
54 10 65
54 11 88
54 12 66
54 13 38
54 14 47
54 15 36
54 16 92
54 17 74
54 18 49
54 19 18
54 20 30
54 21 77
54 22 34
54 23 75
54 24 4
54 25 57
54 26 74
54 27 11
54 28 93
54 29 56
54 30 48
54 31 18
54 32 22
54 33 14
54 34 87
54 35 13
54 36 41
54 37 24
54 38 21
54 39 9
54 40 56
54 41 48
54 42 38
54 43 77
54 44 26
54 45 10
54 46 3
54 47 51
54 48 65
54 49 57
54 50 3
54 51 32
54 52 99
54 53 94
54 54 76
54 55 82
54 56 69
54 57 90
54 58 17
54 59 24
54 60 14
54 61 97
54 62 59
54 63 54
54 64 89
54 65 81
54 66 99
54 67 96
54 68 70
54 69 31
54 70 24
54 71 3
54 72 20
54 73 9
54 74 17
54 75 23
54 76 24
54 77 53
54 78 10
54 79 85
54 80 68
54 81 94
54 82 12
54 83 62
54 84 28
54 85 66
54 86 1
54 87 45
54 88 15
54 89 44
54 90 7
54 91 10
54 92 61
54 93 84
54 94 14
54 95 50
54 96 77
54 97 45
54 98 27
54 99 19
54 100 64
55 1 15
55 2 75
55 3 33
55 4 32
55 5 23
55 6 43
55 7 95
55 8 8
55 9 64
55 10 6
55 11 57
55 12 94
55 13 47
55 14 67
55 15 38
55 16 7
55 17 69
55 18 79
55 19 95
55 20 72
55 21 73
55 22 47
55 23 78
55 24 33
55 25 38
55 26 94
55 27 58
55 28 67
55 29 62
55 30 14
55 31 90
55 32 37
55 33 86
55 34 23
55 35 13
55 36 79
55 37 46
55 38 65
55 39 98
55 40 32
55 41 98
55 42 98
55 43 52
55 44 35
55 45 51
55 46 87
55 47 45
55 48 2
55 49 76
55 50 31
55 51 19
55 52 49
55 53 89
55 54 8
55 55 77
55 56 26
55 57 46
55 58 86
55 59 30
55 60 37
55 61 37
55 62 17
55 63 56
55 64 27
55 65 66
55 66 6
55 67 99
55 68 62
55 69 59
55 70 81
55 71 48
55 72 87
55 73 24
55 74 40
55 75 52
55 76 62
55 77 72
55 78 97
55 79 52
55 80 10
55 81 85
55 82 10
55 83 43
55 84 76
55 85 76
55 86 80
55 87 91
55 88 1
55 89 80
55 90 76
55 91 76
55 92 49
55 93 78
55 94 67
55 95 8
55 96 96
55 97 20
55 98 71
55 99 21
55 100 28
56 1 78
56 2 38
56 3 40
56 4 86
56 5 34
56 6 46
56 7 34
56 8 42
56 9 86
56 10 19
56 11 61
56 12 55
56 13 43
56 14 60
56 15 98
56 16 57
56 17 61
56 18 95
56 19 31
56 20 24
56 21 26
56 22 9
56 23 56
56 24 32
56 25 10
56 26 65
56 27 79
56 28 41
56 29 76
56 30 54
56 31 42
56 32 92
56 33 27
56 34 48
56 35 67
56 36 50
56 37 8
56 38 72
56 39 86
56 40 64
56 41 31
56 42 62
56 43 1
56 44 22
56 45 55
56 46 72
56 47 54
56 48 12
56 49 10
56 50 74
56 51 39
56 52 72
56 53 72
56 54 23
56 55 65
56 56 2
56 57 21
56 58 40
56 59 9
56 60 12
56 61 41
56 62 67
56 63 55
56 64 63
56 65 79
56 66 89
56 67 88
56 68 4
56 69 10
56 70 99
56 71 32
56 72 23
56 73 1
56 74 80
56 75 26
56 76 81
56 77 54
56 78 39
56 79 13
56 80 58
56 81 61
56 82 68
56 83 21
56 84 27
56 85 94
56 86 75
56 87 46
56 88 75
56 89 96
56 90 46
56 91 98
56 92 85
56 93 83
56 94 99
56 95 90
56 96 44
56 97 88
56 98 48
56 99 62
56 100 7
57 1 33
57 2 40
57 3 88
57 4 70
57 5 86
57 6 97
57 7 19
57 8 7
57 9 35
57 10 91
57 11 33
57 12 1
57 13 84
57 14 52
57 15 88
57 16 5
57 17 95
57 18 90
57 19 94
57 20 36
57 21 13
57 22 26
57 23 41
57 24 53
57 25 89
57 26 31
57 27 87
57 28 9
57 29 3
57 30 61
57 31 62
57 32 32
57 33 41
57 34 99
57 35 43
57 36 77
57 37 14
57 38 21
57 39 10
57 40 74
57 41 14
57 42 43
57 43 64
57 44 47
57 45 74
57 46 88
57 47 40
57 48 98
57 49 8
57 50 9
57 51 9
57 52 14
57 53 78
57 54 31
57 55 41
57 56 95
57 57 19
57 58 6
57 59 56
57 60 89
57 61 42
57 62 62
57 63 2
57 64 79
57 65 90
57 66 23
57 67 60
57 68 15
57 69 10
57 70 89
57 71 89
57 72 34
57 73 33
57 74 94
57 75 90
57 76 9
57 77 56
57 78 14
57 79 51
57 80 17
57 81 18
57 82 15
57 83 24
57 84 91
57 85 62
57 86 80
57 87 85
57 88 50
57 89 87
57 90 92
57 91 32
57 92 80
57 93 15
57 94 82
57 95 60
57 96 27
57 97 50
57 98 9
57 99 72
57 100 72
58 1 80
58 2 58
58 3 77
58 4 63
58 5 37
58 6 88
58 7 46
58 8 26
58 9 97
58 10 18
58 11 32
58 12 33
58 13 33
58 14 13
58 15 99
58 16 31
58 17 71
58 18 52
58 19 42
58 20 25
58 21 22
58 22 9
58 23 54
58 24 6
58 25 10
58 26 62
58 27 18
58 28 29
58 29 73
58 30 18
58 31 52
58 32 96
58 33 84
58 34 74
58 35 87
58 36 77
58 37 99
58 38 63
58 39 51
58 40 4
58 41 29
58 42 43
58 43 98
58 44 39
58 45 30
58 46 51
58 47 97
58 48 18
58 49 61
58 50 10
58 51 60
58 52 99
58 53 70
58 54 87
58 55 78
58 56 41
58 57 26
58 58 59
58 59 12
58 60 21
58 61 7
58 62 86
58 63 61
58 64 66
58 65 6
58 66 69
58 67 19
58 68 94
58 69 14
58 70 20
58 71 53
58 72 87
58 73 28
58 74 46
58 75 95
58 76 56
58 77 55
58 78 45
58 79 39
58 80 21
58 81 70
58 82 8
58 83 74
58 84 94
58 85 2
58 86 85
58 87 34
58 88 74
58 89 36
58 90 10
58 91 88
58 92 23
58 93 13
58 94 24
58 95 78
58 96 41
58 97 26
58 98 72
58 99 69
58 100 80
59 1 4
59 2 84
59 3 15
59 4 51
59 5 31
59 6 67
59 7 18
59 8 58
59 9 86
59 10 58
59 11 1
59 12 70
59 13 69
59 14 69
59 15 87
59 16 46
59 17 53
59 18 77
59 19 10
59 20 89
59 21 15
59 22 3
59 23 97
59 24 85
59 25 38
59 26 97
59 27 30
59 28 41
59 29 15
59 30 97
59 31 97
59 32 90
59 33 50
59 34 87
59 35 44
59 36 12
59 37 87
59 38 93
59 39 94
59 40 13
59 41 13
59 42 54
59 43 52
59 44 63
59 45 42
59 46 22
59 47 94
59 48 66
59 49 17
59 50 21
59 51 51
59 52 73
59 53 84
59 54 69
59 55 6
59 56 43
59 57 9
59 58 92
59 59 28
59 60 50
59 61 79
59 62 51
59 63 70
59 64 74
59 65 54
59 66 38
59 67 61
59 68 96
59 69 90
59 70 59
59 71 52
59 72 3
59 73 28
59 74 20
59 75 36
59 76 62
59 77 5
59 78 56
59 79 10
59 80 54
59 81 37
59 82 80
59 83 28
59 84 45
59 85 52
59 86 99
59 87 78
59 88 48
59 89 37
59 90 2
59 91 21
59 92 45
59 93 46
59 94 12
59 95 16
59 96 72
59 97 72
59 98 14
59 99 91
59 100 93
60 1 82
60 2 42
60 3 56
60 4 30
60 5 66
60 6 10
60 7 42
60 8 7
60 9 56
60 10 60
60 11 59
60 12 66
60 13 96
60 14 14
60 15 3
60 16 57
60 17 32
60 18 19
60 19 5
60 20 6
60 21 12
60 22 96
60 23 93
60 24 15
60 25 34
60 26 88
60 27 92
60 28 19
60 29 3
60 30 16
60 31 95
60 32 81
60 33 6
60 34 54
60 35 29
60 36 21
60 37 63
60 38 65
60 39 18
60 40 5
60 41 55
60 42 12
60 43 20
60 44 39
60 45 10
60 46 84
60 47 38
60 48 38
60 49 47
60 50 99
60 51 95
60 52 3
60 53 50
60 54 48
60 55 48
60 56 39
60 57 20
60 58 57
60 59 13
60 60 17
60 61 74
60 62 84
60 63 4
60 64 83
60 65 48
60 66 62
60 67 17
60 68 24
60 69 19
60 70 30
60 71 50
60 72 8
60 73 67
60 74 70
60 75 63
60 76 11
60 77 19
60 78 49
60 79 16
60 80 10
60 81 40
60 82 15
60 83 33
60 84 97
60 85 96
60 86 37
60 87 89
60 88 61
60 89 57
60 90 44
60 91 84
60 92 95
60 93 19
60 94 87
60 95 4
60 96 48
60 97 94
60 98 90
60 99 26
60 100 54
61 1 96
61 2 87
61 3 22
61 4 14
61 5 91
61 6 73
61 7 63
61 8 89
61 9 17
61 10 67
61 11 47
61 12 65
61 13 47
61 14 98
61 15 99
61 16 91
61 17 18
61 18 62
61 19 24
61 20 60
61 21 80
61 22 83
61 23 16
61 24 43
61 25 52
61 26 61
61 27 67
61 28 4
61 29 58
61 30 82
61 31 26
61 32 97
61 33 20
61 34 23
61 35 64
61 36 27
61 37 24
61 38 43
61 39 56
61 40 45
61 41 51
61 42 56
61 43 69
61 44 15
61 45 69
61 46 18
61 47 21
61 48 62
61 49 24
61 50 11
61 51 82
61 52 35
61 53 80
61 54 99
61 55 35
61 56 58
61 57 95
61 58 66
61 59 41
61 60 76
61 61 59
61 62 42
61 63 7
61 64 87
61 65 81
61 66 51
61 67 9
61 68 44
61 69 70
61 70 40
61 71 60
61 72 74
61 73 33
61 74 94
61 75 67
61 76 85
61 77 96
61 78 19
61 79 51
61 80 87
61 81 36
61 82 18
61 83 90
61 84 92
61 85 41
61 86 44
61 87 65
61 88 39
61 89 15
61 90 9
61 91 15
61 92 98
61 93 13
61 94 80
61 95 82
61 96 21
61 97 15
61 98 66
61 99 65
61 100 66
62 1 69
62 2 7
62 3 78
62 4 24
62 5 76
62 6 90
62 7 20
62 8 51
62 9 7
62 10 40
62 11 51
62 12 52
62 13 67
62 14 31
62 15 9
62 16 14
62 17 81
62 18 65
62 19 45
62 20 18
62 21 1
62 22 14
62 23 19
62 24 48
62 25 18
62 26 25
62 27 45
62 28 88
62 29 62
62 30 96
62 31 85
62 32 87
62 33 62
62 34 19
62 35 70
62 36 41
62 37 93
62 38 79
62 39 30
62 40 19
62 41 81
62 42 3
62 43 38
62 44 58
62 45 79
62 46 59
62 47 4
62 48 26
62 49 62
62 50 87
62 51 17
62 52 37
62 53 84
62 54 84
62 55 25
62 56 14
62 57 51
62 58 13
62 59 97
62 60 7
62 61 82
62 62 93
62 63 50
62 64 76
62 65 19
62 66 65
62 67 88
62 68 95
62 69 16
62 70 32
62 71 7
62 72 36
62 73 62
62 74 32
62 75 52
62 76 96
62 77 14
62 78 74
62 79 39
62 80 36
62 81 49
62 82 55
62 83 9
62 84 74
62 85 9
62 86 75
62 87 96
62 88 32
62 89 62
62 90 28
62 91 90
62 92 25
62 93 7
62 94 38
62 95 68
62 96 48
62 97 67
62 98 87
62 99 15
62 100 47
63 1 9
63 2 43
63 3 94
63 4 66
63 5 24
63 6 42
63 7 10
63 8 57
63 9 52
63 10 27
63 11 74
63 12 92
63 13 72
63 14 86
63 15 85
63 16 36
63 17 8
63 18 64
63 19 4
63 20 74
63 21 18
63 22 11
63 23 25
63 24 99
63 25 14
63 26 6
63 27 86
63 28 59
63 29 23
63 30 51
63 31 35
63 32 88
63 33 44
63 34 77
63 35 11
63 36 29
63 37 20
63 38 38
63 39 60
63 40 86
63 41 7
63 42 27
63 43 47
63 44 23
63 45 91
63 46 45
63 47 66
63 48 63
63 49 42
63 50 92
63 51 92
63 52 27
63 53 80
63 54 60
63 55 20
63 56 18
63 57 90
63 58 24
63 59 54
63 60 38
63 61 94
63 62 73
63 63 4
63 64 31
63 65 86
63 66 86
63 67 50
63 68 93
63 69 97
63 70 74
63 71 43
63 72 52
63 73 21
63 74 80
63 75 43
63 76 33
63 77 36
63 78 24
63 79 21
63 80 54
63 81 87
63 82 64
63 83 45
63 84 75
63 85 23
63 86 73
63 87 24
63 88 53
63 89 94
63 90 36
63 91 29
63 92 63
63 93 91
63 94 43
63 95 52
63 96 38
63 97 87
63 98 32
63 99 6
63 100 11
64 1 99
64 2 21
64 3 91
64 4 50
64 5 99
64 6 68
64 7 25
64 8 13
64 9 95
64 10 97
64 11 40
64 12 99
64 13 71
64 14 19
64 15 28
64 16 94
64 17 36
64 18 50
64 19 19
64 20 65
64 21 74
64 22 91
64 23 88
64 24 50
64 25 89
64 26 38
64 27 84
64 28 31
64 29 35
64 30 86
64 31 56
64 32 72
64 33 28
64 34 75
64 35 32
64 36 63
64 37 77
64 38 3
64 39 99
64 40 57
64 41 31
64 42 41
64 43 29
64 44 95
64 45 97
64 46 20
64 47 44
64 48 53
64 49 15
64 50 45
64 51 44
64 52 15
64 53 76
64 54 28
64 55 72
64 56 88
64 57 47
64 58 63
64 59 73
64 60 30
64 61 24
64 62 63
64 63 79
64 64 37
64 65 25
64 66 24
64 67 46
64 68 80
64 69 42
64 70 75
64 71 46
64 72 64
64 73 74
64 74 11
64 75 83
64 76 72
64 77 44
64 78 85
64 79 33
64 80 30
64 81 93
64 82 44
64 83 84
64 84 89
64 85 13
64 86 83
64 87 33
64 88 73
64 89 41
64 90 8
64 91 52
64 92 14
64 93 46
64 94 35
64 95 13
64 96 64
64 97 48
64 98 58
64 99 37
64 100 67
65 1 4
65 2 73
65 3 66
65 4 53
65 5 77
65 6 68
65 7 54
65 8 65
65 9 68
65 10 37
65 11 69
65 12 65
65 13 9
65 14 81
65 15 94
65 16 2
65 17 66
65 18 33
65 19 79
65 20 43
65 21 96
65 22 43
65 23 67
65 24 3
65 25 35
65 26 39
65 27 48
65 28 93
65 29 24
65 30 28
65 31 67
65 32 79
65 33 55
65 34 38
65 35 95
65 36 39
65 37 49
65 38 75
65 39 36
65 40 99
65 41 66
65 42 35
65 43 92
65 44 76
65 45 75
65 46 52
65 47 84
65 48 66
65 49 98
65 50 1
65 51 97
65 52 68
65 53 70
65 54 73
65 55 38
65 56 87
65 57 43
65 58 27
65 59 64
65 60 16
65 61 84
65 62 14
65 63 93
65 64 26
65 65 97
65 66 26
65 67 4
65 68 1
65 69 42
65 70 78
65 71 17
65 72 77
65 73 2
65 74 2
65 75 66
65 76 39
65 77 4
65 78 30
65 79 2
65 80 49
65 81 2
65 82 85
65 83 12
65 84 22
65 85 94
65 86 68
65 87 85
65 88 94
65 89 29
65 90 82
65 91 96
65 92 14
65 93 40
65 94 38
65 95 98
65 96 19
65 97 28
65 98 77
65 99 79
65 100 3
66 1 96
66 2 78
66 3 50
66 4 49
66 5 55
66 6 65
66 7 47
66 8 69
66 9 12
66 10 11
66 11 96
66 12 12
66 13 42
66 14 46
66 15 52
66 16 12
66 17 13
66 18 1
66 19 25
66 20 54
66 21 59
66 22 3
66 23 37
66 24 8
66 25 25
66 26 27
66 27 32
66 28 47
66 29 74
66 30 97
66 31 75
66 32 26
66 33 7
66 34 92
66 35 20
66 36 51
66 37 51
66 38 48
66 39 31
66 40 36
66 41 90
66 42 78
66 43 45
66 44 96
66 45 99
66 46 75
66 47 54
66 48 80
66 49 57
66 50 2
66 51 14
66 52 25
66 53 39
66 54 53
66 55 18
66 56 31
66 57 21
66 58 39
66 59 33
66 60 69
66 61 29
66 62 40
66 63 45
66 64 46
66 65 57
66 66 48
66 67 57
66 68 42
66 69 55
66 70 77
66 71 67
66 72 13
66 73 38
66 74 9
66 75 65
66 76 12
66 77 96
66 78 54
66 79 90
66 80 3
66 81 85
66 82 41
66 83 76
66 84 42
66 85 65
66 86 4
66 87 43
66 88 71
66 89 42
66 90 12
66 91 93
66 92 16
66 93 26
66 94 30
66 95 2
66 96 94
66 97 39
66 98 64
66 99 47
66 100 34
67 1 55
67 2 51
67 3 57
67 4 97
67 5 22
67 6 26
67 7 71
67 8 64
67 9 45
67 10 59
67 11 1
67 12 43
67 13 38
67 14 72
67 15 45
67 16 94
67 17 1
67 18 14
67 19 61
67 20 32
67 21 63
67 22 17
67 23 92
67 24 41
67 25 60
67 26 52
67 27 85
67 28 78
67 29 77
67 30 98
67 31 60
67 32 54
67 33 44
67 34 17
67 35 72
67 36 28
67 37 7
67 38 94
67 39 91
67 40 58
67 41 18
67 42 86
67 43 45
67 44 81
67 45 32
67 46 54
67 47 16
67 48 32
67 49 45
67 50 65
67 51 43
67 52 43
67 53 97
67 54 31
67 55 54
67 56 80
67 57 37
67 58 14
67 59 81
67 60 59
67 61 31
67 62 51
67 63 78
67 64 75
67 65 74
67 66 29
67 67 4
67 68 88
67 69 83
67 70 98
67 71 8
67 72 85
67 73 69
67 74 40
67 75 8
67 76 48
67 77 15
67 78 45
67 79 15
67 80 22
67 81 27
67 82 34
67 83 69
67 84 53
67 85 97
67 86 37
67 87 67
67 88 37
67 89 71
67 90 28
67 91 14
67 92 2
67 93 78
67 94 23
67 95 55
67 96 8
67 97 71
67 98 25
67 99 36
67 100 21
68 1 99
68 2 73
68 3 67
68 4 51
68 5 93
68 6 10
68 7 15
68 8 14
68 9 83
68 10 52
68 11 88
68 12 75
68 13 85
68 14 52
68 15 51
68 16 75
68 17 3
68 18 10
68 19 38
68 20 21
68 21 84
68 22 78
68 23 31
68 24 91
68 25 41
68 26 56
68 27 95
68 28 37
68 29 29
68 30 46
68 31 47
68 32 29
68 33 14
68 34 85
68 35 47
68 36 87
68 37 16
68 38 26
68 39 45
68 40 61
68 41 51
68 42 32
68 43 69
68 44 27
68 45 36
68 46 15
68 47 18
68 48 64
68 49 77
68 50 39
68 51 91
68 52 61
68 53 23
68 54 78
68 55 68
68 56 80
68 57 44
68 58 23
68 59 39
68 60 34
68 61 71
68 62 9
68 63 9
68 64 20
68 65 30
68 66 32
68 67 63
68 68 26
68 69 73
68 70 83
68 71 93
68 72 43
68 73 29
68 74 59
68 75 10
68 76 15
68 77 81
68 78 5
68 79 15
68 80 93
68 81 11
68 82 87
68 83 72
68 84 74
68 85 84
68 86 59
68 87 15
68 88 37
68 89 87
68 90 52
68 91 67
68 92 39
68 93 21
68 94 81
68 95 21
68 96 59
68 97 95
68 98 63
68 99 47
68 100 20
69 1 74
69 2 1
69 3 82
69 4 13
69 5 58
69 6 3
69 7 23
69 8 71
69 9 96
69 10 62
69 11 23
69 12 10
69 13 74
69 14 4
69 15 83
69 16 54
69 17 83
69 18 3
69 19 38
69 20 42
69 21 62
69 22 36
69 23 21
69 24 96
69 25 67
69 26 1
69 27 67
69 28 27
69 29 86
69 30 74
69 31 98
69 32 56
69 33 24
69 34 37
69 35 73
69 36 80
69 37 4
69 38 73
69 39 2
69 40 26
69 41 65
69 42 70
69 43 32
69 44 21
69 45 60
69 46 55
69 47 50
69 48 96
69 49 78
69 50 97
69 51 33
69 52 82
69 53 3
69 54 56
69 55 46
69 56 8
69 57 47
69 58 99
69 59 16
69 60 75
69 61 33
69 62 7
69 63 16
69 64 25
69 65 56
69 66 63
69 67 52
69 68 15
69 69 21
69 70 30
69 71 2
69 72 24
69 73 66
69 74 98
69 75 62
69 76 89
69 77 48
69 78 51
69 79 98
69 80 66
69 81 19
69 82 90
69 83 45
69 84 36
69 85 16
69 86 82
69 87 74
69 88 4
69 89 57
69 90 91
69 91 18
69 92 35
69 93 87
69 94 54
69 95 11
69 96 58
69 97 7
69 98 21
69 99 67
69 100 92
70 1 62
70 2 97
70 3 87
70 4 30
70 5 38
70 6 34
70 7 13
70 8 53
70 9 26
70 10 42
70 11 26
70 12 21
70 13 87
70 14 87
70 15 21
70 16 12
70 17 89
70 18 25
70 19 24
70 20 49
70 21 95
70 22 46
70 23 40
70 24 18
70 25 8
70 26 31
70 27 48
70 28 54
70 29 47
70 30 60
70 31 31
70 32 82
70 33 20
70 34 21
70 35 50
70 36 91
70 37 99
70 38 67
70 39 86
70 40 86
70 41 67
70 42 38
70 43 62
70 44 44
70 45 34
70 46 44
70 47 94
70 48 80
70 49 44
70 50 1
70 51 34
70 52 77
70 53 20
70 54 4
70 55 97
70 56 51
70 57 23
70 58 4
70 59 74
70 60 85
70 61 60
70 62 27
70 63 29
70 64 94
70 65 42
70 66 67
70 67 56
70 68 80
70 69 18
70 70 67
70 71 53
70 72 50
70 73 85
70 74 40
70 75 44
70 76 98
70 77 13
70 78 98
70 79 43
70 80 44
70 81 31
70 82 89
70 83 22
70 84 53
70 85 89
70 86 99
70 87 65
70 88 87
70 89 79
70 90 21
70 91 22
70 92 46
70 93 28
70 94 41
70 95 68
70 96 18
70 97 65
70 98 35
70 99 3
70 100 72
71 1 85
71 2 81
71 3 80
71 4 20
71 5 81
71 6 1
71 7 27
71 8 95
71 9 43
71 10 32
71 11 18
71 12 52
71 13 11
71 14 60
71 15 12
71 16 4
71 17 14
71 18 75
71 19 95
71 20 78
71 21 36
71 22 8
71 23 52
71 24 95
71 25 4
71 26 34
71 27 51
71 28 9
71 29 55
71 30 88
71 31 83
71 32 56
71 33 28
71 34 91
71 35 27
71 36 62
71 37 92
71 38 20
71 39 61
71 40 81
71 41 35
71 42 7
71 43 76
71 44 63
71 45 21
71 46 48
71 47 56
71 48 33
71 49 52
71 50 92
71 51 65
71 52 38
71 53 40
71 54 53
71 55 93
71 56 91
71 57 26
71 58 17
71 59 94
71 60 16
71 61 44
71 62 53
71 63 1
71 64 49
71 65 80
71 66 18
71 67 72
71 68 82
71 69 81
71 70 53
71 71 62
71 72 66
71 73 30
71 74 30
71 75 44
71 76 17
71 77 5
71 78 78
71 79 89
71 80 43
71 81 74
71 82 29
71 83 58
71 84 43
71 85 94
71 86 1
71 87 24
71 88 42
71 89 96
71 90 16
71 91 49
71 92 26
71 93 58
71 94 13
71 95 9
71 96 25
71 97 51
71 98 87
71 99 81
71 100 53
72 1 95
72 2 44
72 3 74
72 4 48
72 5 43
72 6 28
72 7 80
72 8 19
72 9 54
72 10 67
72 11 25
72 12 38
72 13 79
72 14 61
72 15 80
72 16 41
72 17 68
72 18 72
72 19 54
72 20 67
72 21 84
72 22 70
72 23 99
72 24 25
72 25 69
72 26 23
72 27 3
72 28 67
72 29 25
72 30 89
72 31 84
72 32 84
72 33 72
72 34 53
72 35 28
72 36 94
72 37 91
72 38 47
72 39 24
72 40 80
72 41 73
72 42 62
72 43 55
72 44 8
72 45 42
72 46 9
72 47 28
72 48 2
72 49 44
72 50 48
72 51 73
72 52 77
72 53 4
72 54 12
72 55 86
72 56 92
72 57 92
72 58 52
72 59 29
72 60 20
72 61 32
72 62 96
72 63 65
72 64 43
72 65 34
72 66 27
72 67 19
72 68 16
72 69 25
72 70 17
72 71 6
72 72 8
72 73 45
72 74 91
72 75 73
72 76 65
72 77 91
72 78 1
72 79 40
72 80 30
72 81 56
72 82 33
72 83 19
72 84 82
72 85 72
72 86 29
72 87 24
72 88 25
72 89 71
72 90 73
72 91 85
72 92 43
72 93 83
72 94 73
72 95 47
72 96 51
72 97 25
72 98 41
72 99 44
72 100 64
73 1 50
73 2 74
73 3 71
73 4 10
73 5 16
73 6 94
73 7 44
73 8 54
73 9 29
73 10 31
73 11 26
73 12 75
73 13 83
73 14 47
73 15 66
73 16 11
73 17 83
73 18 30
73 19 10
73 20 78
73 21 99
73 22 44
73 23 8
73 24 53
73 25 84
73 26 47
73 27 59
73 28 69
73 29 81
73 30 39
73 31 2
73 32 95
73 33 35
73 34 88
73 35 68
73 36 8
73 37 59
73 38 83
73 39 70
73 40 92
73 41 12
73 42 20
73 43 99
73 44 92
73 45 67
73 46 54
73 47 37
73 48 60
73 49 39
73 50 66
73 51 42
73 52 75
73 53 3
73 54 29
73 55 91
73 56 2
73 57 65
73 58 63
73 59 3
73 60 39
73 61 89
73 62 85
73 63 69
73 64 57
73 65 61
73 66 5
73 67 41
73 68 30
73 69 60
73 70 19
73 71 29
73 72 58
73 73 44
73 74 3
73 75 20
73 76 46
73 77 67
73 78 54
73 79 28
73 80 73
73 81 80
73 82 9
73 83 64
73 84 78
73 85 23
73 86 73
73 87 83
73 88 10
73 89 99
73 90 78
73 91 64
73 92 85
73 93 8
73 94 1
73 95 39
73 96 94
73 97 69
73 98 19
73 99 78
73 100 21
74 1 83
74 2 92
74 3 95
74 4 52
74 5 26
74 6 45
74 7 15
74 8 6
74 9 38
74 10 30
74 11 45
74 12 63
74 13 70
74 14 15
74 15 94
74 16 78
74 17 4
74 18 98
74 19 38
74 20 40
74 21 93
74 22 4
74 23 3
74 24 91
74 25 3
74 26 17
74 27 61
74 28 2
74 29 87
74 30 92
74 31 99
74 32 96
74 33 26
74 34 1
74 35 70
74 36 38
74 37 56
74 38 54
74 39 24
74 40 74
74 41 6
74 42 27
74 43 4
74 44 74
74 45 49
74 46 71
74 47 32
74 48 95
74 49 36
74 50 40
74 51 72
74 52 58
74 53 60
74 54 32
74 55 65
74 56 77
74 57 58
74 58 62
74 59 95
74 60 60
74 61 97
74 62 54
74 63 90
74 64 26
74 65 85
74 66 19
74 67 75
74 68 37
74 69 23
74 70 10
74 71 86
74 72 52
74 73 72
74 74 35
74 75 28
74 76 13
74 77 29
74 78 84
74 79 20
74 80 7
74 81 21
74 82 66
74 83 93
74 84 4
74 85 85
74 86 87
74 87 59
74 88 3
74 89 20
74 90 82
74 91 85
74 92 32
74 93 93
74 94 36
74 95 65
74 96 61
74 97 81
74 98 17
74 99 8
74 100 22
75 1 90
75 2 99
75 3 81
75 4 28
75 5 4
75 6 17
75 7 2
75 8 64
75 9 36
75 10 96
75 11 84
75 12 21
75 13 51
75 14 24
75 15 30
75 16 72
75 17 56
75 18 77
75 19 37
75 20 13
75 21 37
75 22 98
75 23 58
75 24 67
75 25 89
75 26 19
75 27 92
75 28 22
75 29 24
75 30 29
75 31 4
75 32 59
75 33 49
75 34 98
75 35 44
75 36 10
75 37 15
75 38 28
75 39 72
75 40 48
75 41 23
75 42 21
75 43 87
75 44 27
75 45 19
75 46 74
75 47 22
75 48 6
75 49 85
75 50 85
75 51 58
75 52 28
75 53 86
75 54 11
75 55 28
75 56 40
75 57 11
75 58 72
75 59 96
75 60 57
75 61 98
75 62 85
75 63 72
75 64 26
75 65 54
75 66 65
75 67 89
75 68 65
75 69 94
75 70 18
75 71 43
75 72 95
75 73 85
75 74 23
75 75 64
75 76 26
75 77 6
75 78 47
75 79 16
75 80 57
75 81 4
75 82 44
75 83 75
75 84 86
75 85 60
75 86 43
75 87 4
75 88 84
75 89 88
75 90 61
75 91 79
75 92 41
75 93 97
75 94 8
75 95 55
75 96 51
75 97 43
75 98 42
75 99 76
75 100 13
76 1 89
76 2 25
76 3 42
76 4 51
76 5 18
76 6 38
76 7 52
76 8 61
76 9 97
76 10 74
76 11 44
76 12 43
76 13 43
76 14 1
76 15 84
76 16 28
76 17 16
76 18 90
76 19 26
76 20 56
76 21 62
76 22 13
76 23 64
76 24 87
76 25 69
76 26 31
76 27 37
76 28 27
76 29 93
76 30 68
76 31 77
76 32 25
76 33 92
76 34 38
76 35 95
76 36 49
76 37 9
76 38 84
76 39 67
76 40 62
76 41 89
76 42 34
76 43 92
76 44 64
76 45 65
76 46 73
76 47 15
76 48 21
76 49 87
76 50 3
76 51 76
76 52 4
76 53 18
76 54 32
76 55 97
76 56 32
76 57 19
76 58 12
76 59 88
76 60 25
76 61 2
76 62 71
76 63 55
76 64 94
76 65 50
76 66 5
76 67 44
76 68 80
76 69 55
76 70 31
76 71 7
76 72 37
76 73 67
76 74 86
76 75 55
76 76 81
76 77 90
76 78 57
76 79 95
76 80 76
76 81 40
76 82 20
76 83 28
76 84 89
76 85 56
76 86 98
76 87 63
76 88 54
76 89 47
76 90 21
76 91 28
76 92 39
76 93 84
76 94 85
76 95 65
76 96 37
76 97 79
76 98 41
76 99 4
76 100 63
77 1 82
77 2 66
77 3 91
77 4 12
77 5 91
77 6 96
77 7 72
77 8 53
77 9 45
77 10 86
77 11 5
77 12 93
77 13 44
77 14 55
77 15 4
77 16 31
77 17 8
77 18 65
77 19 73
77 20 21
77 21 74
77 22 3
77 23 99
77 24 95
77 25 92
77 26 76
77 27 56
77 28 9
77 29 33
77 30 72
77 31 3
77 32 2
77 33 47
77 34 32
77 35 54
77 36 75
77 37 80
77 38 68
77 39 15
77 40 92
77 41 90
77 42 5
77 43 80
77 44 18
77 45 87
77 46 79
77 47 44
77 48 60
77 49 61
77 50 61
77 51 81
77 52 25
77 53 81
77 54 48
77 55 66
77 56 42
77 57 34
77 58 94
77 59 61
77 60 46
77 61 36
77 62 64
77 63 86
77 64 40
77 65 37
77 66 49
77 67 92
77 68 53
77 69 17
77 70 13
77 71 31
77 72 95
77 73 10
77 74 54
77 75 23
77 76 47
77 77 95
77 78 62
77 79 76
77 80 3
77 81 43
77 82 47
77 83 12
77 84 17
77 85 41
77 86 21
77 87 88
77 88 28
77 89 88
77 90 32
77 91 40
77 92 58
77 93 47
77 94 58
77 95 35
77 96 56
77 97 67
77 98 65
77 99 20
77 100 45
78 1 52
78 2 18
78 3 80
78 4 24
78 5 45
78 6 92
78 7 89
78 8 60
78 9 36
78 10 77
78 11 2
78 12 21
78 13 60
78 14 63
78 15 66
78 16 96
78 17 70
78 18 99
78 19 59
78 20 28
78 21 4
78 22 90
78 23 2
78 24 61
78 25 45
78 26 6
78 27 82
78 28 8
78 29 18
78 30 87
78 31 15
78 32 75
78 33 42
78 34 29
78 35 36
78 36 36
78 37 91
78 38 8
78 39 33
78 40 28
78 41 11
78 42 69
78 43 66
78 44 85
78 45 4
78 46 91
78 47 76
78 48 73
78 49 38
78 50 54
78 51 49
78 52 72
78 53 95
78 54 23
78 55 89
78 56 38
78 57 3
78 58 89
78 59 67
78 60 2
78 61 96
78 62 95
78 63 35
78 64 56
78 65 77
78 66 28
78 67 97
78 68 20
78 69 57
78 70 81
78 71 38
78 72 36
78 73 28
78 74 64
78 75 2
78 76 46
78 77 44
78 78 27
78 79 8
78 80 72
78 81 78
78 82 24
78 83 41
78 84 15
78 85 52
78 86 56
78 87 71
78 88 91
78 89 6
78 90 6
78 91 3
78 92 28
78 93 13
78 94 69
78 95 3
78 96 66
78 97 8
78 98 74
78 99 88
78 100 12
79 1 36
79 2 33
79 3 26
79 4 24
79 5 50
79 6 42
79 7 50
79 8 25
79 9 85
79 10 90
79 11 89
79 12 78
79 13 37
79 14 56
79 15 35
79 16 7
79 17 88
79 18 4
79 19 86
79 20 75
79 21 12
79 22 81
79 23 48
79 24 69
79 25 4
79 26 15
79 27 43
79 28 37
79 29 9
79 30 46
79 31 82
79 32 79
79 33 9
79 34 19
79 35 13
79 36 16
79 37 77
79 38 86
79 39 86
79 40 5
79 41 22
79 42 92
79 43 20
79 44 57
79 45 67
79 46 60
79 47 51
79 48 79
79 49 94
79 50 73
79 51 62
79 52 5
79 53 48
79 54 5
79 55 70
79 56 89
79 57 85
79 58 28
79 59 7
79 60 53
79 61 23
79 62 25
79 63 8
79 64 46
79 65 57
79 66 35
79 67 77
79 68 81
79 69 13
79 70 16
79 71 94
79 72 76
79 73 5
79 74 1
79 75 53
79 76 21
79 77 20
79 78 30
79 79 22
79 80 90
79 81 39
79 82 86
79 83 48
79 84 34
79 85 23
79 86 62
79 87 52
79 88 62
79 89 83
79 90 35
79 91 44
79 92 28
79 93 42
79 94 40
79 95 10
79 96 47
79 97 61
79 98 81
79 99 9
79 100 64
80 1 99
80 2 47
80 3 58
80 4 86
80 5 83
80 6 57
80 7 15
80 8 34
80 9 10
80 10 33
80 11 68
80 12 30
80 13 94
80 14 66
80 15 72
80 16 28
80 17 40
80 18 73
80 19 41
80 20 62
80 21 37
80 22 96
80 23 88
80 24 36
80 25 64
80 26 96
80 27 97
80 28 87
80 29 1
80 30 71
80 31 66
80 32 18
80 33 96
80 34 31
80 35 17
80 36 81
80 37 51
80 38 1
80 39 47
80 40 89
80 41 7
80 42 97
80 43 70
80 44 36
80 45 85
80 46 64
80 47 73
80 48 7
80 49 37
80 50 51
80 51 87
80 52 92
80 53 29
80 54 89
80 55 15
80 56 62
80 57 34
80 58 16
80 59 13
80 60 77
80 61 98
80 62 58
80 63 92
80 64 88
80 65 51
80 66 68
80 67 81
80 68 15
80 69 48
80 70 30
80 71 32
80 72 96
80 73 13
80 74 19
80 75 62
80 76 41
80 77 19
80 78 53
80 79 37
80 80 60
80 81 57
80 82 27
80 83 89
80 84 31
80 85 30
80 86 96
80 87 63
80 88 31
80 89 99
80 90 73
80 91 3
80 92 9
80 93 26
80 94 22
80 95 46
80 96 68
80 97 99
80 98 47
80 99 51
80 100 31
81 1 55
81 2 17
81 3 12
81 4 92
81 5 20
81 6 1
81 7 35
81 8 41
81 9 8
81 10 44
81 11 39
81 12 53
81 13 70
81 14 6
81 15 51
81 16 54
81 17 36
81 18 46
81 19 67
81 20 82
81 21 69
81 22 10
81 23 90
81 24 71
81 25 66
81 26 46
81 27 9
81 28 83
81 29 98
81 30 4
81 31 37
81 32 80
81 33 28
81 34 39
81 35 15
81 36 61
81 37 87
81 38 42
81 39 43
81 40 18
81 41 46
81 42 70
81 43 92
81 44 42
81 45 27
81 46 41
81 47 7
81 48 1
81 49 79
81 50 31
81 51 47
81 52 73
81 53 7
81 54 89
81 55 55
81 56 49
81 57 59
81 58 84
81 59 59
81 60 21
81 61 63
81 62 50
81 63 52
81 64 47
81 65 6
81 66 15
81 67 32
81 68 24
81 69 66
81 70 84
81 71 46
81 72 22
81 73 79
81 74 96
81 75 53
81 76 4
81 77 98
81 78 12
81 79 18
81 80 77
81 81 79
81 82 25
81 83 12
81 84 35
81 85 61
81 86 42
81 87 28
81 88 79
81 89 86
81 90 42
81 91 59
81 92 46
81 93 8
81 94 80
81 95 76
81 96 36
81 97 41
81 98 52
81 99 59
81 100 11
82 1 75
82 2 14
82 3 87
82 4 17
82 5 19
82 6 87
82 7 91
82 8 70
82 9 16
82 10 87
82 11 91
82 12 70
82 13 69
82 14 80
82 15 78
82 16 47
82 17 47
82 18 34
82 19 38
82 20 36
82 21 64
82 22 64
82 23 49
82 24 49
82 25 87
82 26 35
82 27 85
82 28 34
82 29 62
82 30 3
82 31 22
82 32 94
82 33 31
82 34 35
82 35 43
82 36 72
82 37 27
82 38 16
82 39 30
82 40 13
82 41 5
82 42 90
82 43 69
82 44 4
82 45 28
82 46 58
82 47 47
82 48 33
82 49 44
82 50 30
82 51 4
82 52 7
82 53 64
82 54 68
82 55 45
82 56 52
82 57 75
82 58 38
82 59 56
82 60 1
82 61 81
82 62 20
82 63 3
82 64 95
82 65 49
82 66 49
82 67 30
82 68 32
82 69 56
82 70 41
82 71 45
82 72 31
82 73 45
82 74 98
82 75 94
82 76 65
82 77 80
82 78 90
82 79 68
82 80 6
82 81 83
82 82 32
82 83 44
82 84 87
82 85 36
82 86 6
82 87 37
82 88 76
82 89 14
82 90 91
82 91 90
82 92 68
82 93 49
82 94 72
82 95 81
82 96 13
82 97 89
82 98 76
82 99 57
82 100 85
83 1 42
83 2 99
83 3 77
83 4 98
83 5 6
83 6 53
83 7 3
83 8 77
83 9 23
83 10 44
83 11 58
83 12 98
83 13 99
83 14 21
83 15 64
83 16 68
83 17 24
83 18 36
83 19 87
83 20 88
83 21 83
83 22 37
83 23 75
83 24 60
83 25 99
83 26 46
83 27 64
83 28 97
83 29 40
83 30 61
83 31 93
83 32 23
83 33 28
83 34 33
83 35 92
83 36 71
83 37 40
83 38 41
83 39 46
83 40 63
83 41 23
83 42 52
83 43 76
83 44 53
83 45 31
83 46 87
83 47 17
83 48 71
83 49 82
83 50 53
83 51 12
83 52 39
83 53 42
83 54 52
83 55 42
83 56 12
83 57 75
83 58 72
83 59 6
83 60 85
83 61 76
83 62 62
83 63 24
83 64 84
83 65 38
83 66 90
83 67 60
83 68 46
83 69 86
83 70 99
83 71 54
83 72 41
83 73 83
83 74 69
83 75 50
83 76 58
83 77 50
83 78 42
83 79 27
83 80 13
83 81 69
83 82 26
83 83 40
83 84 22
83 85 85
83 86 6
83 87 81
83 88 45
83 89 70
83 90 6
83 91 77
83 92 74
83 93 63
83 94 2
83 95 13
83 96 64
83 97 25
83 98 96
83 99 4
83 100 16
84 1 85
84 2 13
84 3 15
84 4 56
84 5 13
84 6 69
84 7 75
84 8 85
84 9 19
84 10 66
84 11 75
84 12 63
84 13 66
84 14 59
84 15 6
84 16 27
84 17 40
84 18 46
84 19 95
84 20 23
84 21 8
84 22 72
84 23 77
84 24 82
84 25 70
84 26 51
84 27 14
84 28 45
84 29 51
84 30 20
84 31 38
84 32 5
84 33 84
84 34 83
84 35 41
84 36 24
84 37 5
84 38 69
84 39 18
84 40 56
84 41 56
84 42 27
84 43 53
84 44 45
84 45 64
84 46 73
84 47 86
84 48 64
84 49 67
84 50 87
84 51 93
84 52 73
84 53 72
84 54 1
84 55 86
84 56 6
84 57 35
84 58 6
84 59 63
84 60 26
84 61 14
84 62 69
84 63 7
84 64 40
84 65 26
84 66 67
84 67 93
84 68 81
84 69 21
84 70 72
84 71 32
84 72 24
84 73 67
84 74 49
84 75 7
84 76 39
84 77 69
84 78 86
84 79 63
84 80 44
84 81 3
84 82 41
84 83 17
84 84 46
84 85 5
84 86 9
84 87 23
84 88 3
84 89 65
84 90 99
84 91 44
84 92 57
84 93 52
84 94 42
84 95 38
84 96 31
84 97 37
84 98 63
84 99 28
84 100 74
85 1 38
85 2 40
85 3 92
85 4 3
85 5 91
85 6 63
85 7 99
85 8 82
85 9 51
85 10 36
85 11 10
85 12 30
85 13 68
85 14 58
85 15 11
85 16 61
85 17 59
85 18 37
85 19 68
85 20 2
85 21 30
85 22 99
85 23 37
85 24 59
85 25 57
85 26 1
85 27 79
85 28 54
85 29 71
85 30 25
85 31 68
85 32 71
85 33 53
85 34 63
85 35 9
85 36 62
85 37 91
85 38 41
85 39 21
85 40 1
85 41 77
85 42 27
85 43 88
85 44 5
85 45 85
85 46 91
85 47 72
85 48 80
85 49 1
85 50 41
85 51 71
85 52 87
85 53 14
85 54 81
85 55 45
85 56 71
85 57 39
85 58 66
85 59 88
85 60 47
85 61 55
85 62 56
85 63 85
85 64 93
85 65 61
85 66 51
85 67 35
85 68 46
85 69 80
85 70 2
85 71 21
85 72 60
85 73 25
85 74 2
85 75 41
85 76 98
85 77 96
85 78 89
85 79 86
85 80 53
85 81 46
85 82 51
85 83 88
85 84 72
85 85 30
85 86 2
85 87 51
85 88 15
85 89 8
85 90 2
85 91 98
85 92 43
85 93 90
85 94 99
85 95 10
85 96 88
85 97 25
85 98 42
85 99 92
85 100 74
86 1 32
86 2 43
86 3 16
86 4 63
86 5 14
86 6 40
86 7 47
86 8 66
86 9 32
86 10 24
86 11 46
86 12 51
86 13 44
86 14 95
86 15 8
86 16 19
86 17 69
86 18 41
86 19 42
86 20 90
86 21 6
86 22 89
86 23 60
86 24 6
86 25 80
86 26 85
86 27 93
86 28 40
86 29 7
86 30 76
86 31 48
86 32 15
86 33 89
86 34 48
86 35 92
86 36 56
86 37 87
86 38 8
86 39 74
86 40 78
86 41 48
86 42 64
86 43 17
86 44 86
86 45 2
86 46 79
86 47 60
86 48 69
86 49 71
86 50 76
86 51 82
86 52 17
86 53 6
86 54 34
86 55 17
86 56 77
86 57 22
86 58 71
86 59 32
86 60 97
86 61 7
86 62 2
86 63 45
86 64 21
86 65 38
86 66 73
86 67 89
86 68 94
86 69 97
86 70 94
86 71 20
86 72 75
86 73 51
86 74 88
86 75 53
86 76 48
86 77 90
86 78 74
86 79 74
86 80 65
86 81 28
86 82 65
86 83 36
86 84 54
86 85 17
86 86 59
86 87 65
86 88 21
86 89 66
86 90 74
86 91 30
86 92 19
86 93 34
86 94 23
86 95 96
86 96 9
86 97 92
86 98 82
86 99 31
86 100 44
87 1 55
87 2 9
87 3 72
87 4 88
87 5 97
87 6 76
87 7 62
87 8 42
87 9 68
87 10 31
87 11 59
87 12 29
87 13 29
87 14 68
87 15 63
87 16 19
87 17 96
87 18 86
87 19 37
87 20 63
87 21 86
87 22 80
87 23 65
87 24 77
87 25 95
87 26 67
87 27 75
87 28 4
87 29 20
87 30 58
87 31 59
87 32 92
87 33 49
87 34 96
87 35 85
87 36 5
87 37 86
87 38 70
87 39 49
87 40 89
87 41 21
87 42 59
87 43 72
87 44 15
87 45 59
87 46 69
87 47 21
87 48 19
87 49 96
87 50 45
87 51 85
87 52 22
87 53 12
87 54 70
87 55 36
87 56 88
87 57 80
87 58 44
87 59 52
87 60 81
87 61 70
87 62 87
87 63 1
87 64 81
87 65 25
87 66 26
87 67 42
87 68 27
87 69 73
87 70 88
87 71 84
87 72 18
87 73 70
87 74 16
87 75 53
87 76 11
87 77 22
87 78 39
87 79 64
87 80 91
87 81 33
87 82 21
87 83 84
87 84 67
87 85 8
87 86 28
87 87 57
87 88 63
87 89 61
87 90 14
87 91 22
87 92 55
87 93 16
87 94 81
87 95 34
87 96 37
87 97 77
87 98 22
87 99 77
87 100 23
88 1 29
88 2 99
88 3 10
88 4 84
88 5 69
88 6 32
88 7 54
88 8 28
88 9 41
88 10 93
88 11 61
88 12 13
88 13 15
88 14 61
88 15 24
88 16 39
88 17 34
88 18 57
88 19 3
88 20 33
88 21 30
88 22 1
88 23 11
88 24 97
88 25 31
88 26 48
88 27 22
88 28 59
88 29 94
88 30 94
88 31 91
88 32 96
88 33 72
88 34 67
88 35 36
88 36 4
88 37 71
88 38 20
88 39 62
88 40 7
88 41 40
88 42 28
88 43 4
88 44 60
88 45 95
88 46 17
88 47 49
88 48 55
88 49 36
88 50 27
88 51 53
88 52 80
88 53 83
88 54 61
88 55 99
88 56 61
88 57 70
88 58 46
88 59 41
88 60 86
88 61 48
88 62 45
88 63 64
88 64 99
88 65 8
88 66 93
88 67 19
88 68 23
88 69 21
88 70 57
88 71 67
88 72 25
88 73 11
88 74 22
88 75 60
88 76 31
88 77 37
88 78 63
88 79 90
88 80 86
88 81 75
88 82 83
88 83 11
88 84 76
88 85 36
88 86 29
88 87 93
88 88 71
88 89 50
88 90 82
88 91 55
88 92 12
88 93 11
88 94 64
88 95 60
88 96 11
88 97 43
88 98 2
88 99 95
88 100 60
89 1 63
89 2 95
89 3 25
89 4 33
89 5 74
89 6 90
89 7 61
89 8 76
89 9 81
89 10 55
89 11 72
89 12 63
89 13 94
89 14 47
89 15 39
89 16 19
89 17 15
89 18 37
89 19 70
89 20 31
89 21 99
89 22 38
89 23 68
89 24 61
89 25 68
89 26 3
89 27 5
89 28 80
89 29 98
89 30 9
89 31 99
89 32 56
89 33 72
89 34 7
89 35 11
89 36 18
89 37 51
89 38 51
89 39 82
89 40 37
89 41 76
89 42 2
89 43 83
89 44 92
89 45 99
89 46 37
89 47 96
89 48 16
89 49 66
89 50 82
89 51 16
89 52 84
89 53 36
89 54 81
89 55 33
89 56 21
89 57 83
89 58 60
89 59 53
89 60 84
89 61 3
89 62 97
89 63 82
89 64 58
89 65 60
89 66 12
89 67 57
89 68 58
89 69 53
89 70 44
89 71 76
89 72 93
89 73 73
89 74 66
89 75 29
89 76 95
89 77 30
89 78 47
89 79 44
89 80 40
89 81 93
89 82 85
89 83 52
89 84 31
89 85 92
89 86 52
89 87 26
89 88 96
89 89 62
89 90 43
89 91 83
89 92 53
89 93 5
89 94 26
89 95 41
89 96 26
89 97 40
89 98 88
89 99 69
89 100 94
90 1 33
90 2 77
90 3 12
90 4 85
90 5 4
90 6 88
90 7 20
90 8 58
90 9 42
90 10 11
90 11 33
90 12 26
90 13 29
90 14 53
90 15 10
90 16 73
90 17 22
90 18 94
90 19 99
90 20 90
90 21 12
90 22 10
90 23 79
90 24 58
90 25 30
90 26 61
90 27 4
90 28 50
90 29 51
90 30 37
90 31 91
90 32 72
90 33 23
90 34 71
90 35 14
90 36 34
90 37 92
90 38 37
90 39 75
90 40 96
90 41 16
90 42 39
90 43 76
90 44 36
90 45 29
90 46 44
90 47 73
90 48 48
90 49 83
90 50 89
90 51 90
90 52 76
90 53 20
90 54 48
90 55 74
90 56 43
90 57 20
90 58 54
90 59 97
90 60 27
90 61 5
90 62 88
90 63 79
90 64 41
90 65 47
90 66 18
90 67 49
90 68 99
90 69 57
90 70 39
90 71 64
90 72 76
90 73 92
90 74 41
90 75 81
90 76 2
90 77 9
90 78 56
90 79 92
90 80 19
90 81 90
90 82 85
90 83 70
90 84 23
90 85 50
90 86 37
90 87 71
90 88 74
90 89 69
90 90 63
90 91 50
90 92 36
90 93 93
90 94 59
90 95 85
90 96 39
90 97 87
90 98 48
90 99 14
90 100 90
91 1 15
91 2 77
91 3 35
91 4 6
91 5 17
91 6 77
91 7 97
91 8 49
91 9 48
91 10 70
91 11 51
91 12 51
91 13 57
91 14 14
91 15 81
91 16 34
91 17 25
91 18 54
91 19 20
91 20 29
91 21 89
91 22 99
91 23 84
91 24 52
91 25 14
91 26 44
91 27 8
91 28 26
91 29 69
91 30 86
91 31 85
91 32 5
91 33 21
91 34 22
91 35 14
91 36 25
91 37 63
91 38 21
91 39 80
91 40 14
91 41 80
91 42 93
91 43 86
91 44 58
91 45 90
91 46 31
91 47 25
91 48 63
91 49 89
91 50 9
91 51 6
91 52 69
91 53 86
91 54 58
91 55 27
91 56 29
91 57 85
91 58 28
91 59 51
91 60 31
91 61 10
91 62 3
91 63 73
91 64 77
91 65 69
91 66 89
91 67 76
91 68 79
91 69 62
91 70 31
91 71 57
91 72 57
91 73 46
91 74 8
91 75 68
91 76 75
91 77 51
91 78 62
91 79 6
91 80 22
91 81 37
91 82 32
91 83 97
91 84 40
91 85 12
91 86 61
91 87 4
91 88 20
91 89 64
91 90 34
91 91 35
91 92 93
91 93 37
91 94 85
91 95 2
91 96 98
91 97 61
91 98 65
91 99 1
91 100 89
92 1 47
92 2 28
92 3 8
92 4 9
92 5 17
92 6 36
92 7 7
92 8 40
92 9 36
92 10 98
92 11 81
92 12 34
92 13 2
92 14 94
92 15 57
92 16 80
92 17 63
92 18 54
92 19 8
92 20 75
92 21 14
92 22 3
92 23 75
92 24 4
92 25 29
92 26 13
92 27 69
92 28 65
92 29 60
92 30 21
92 31 31
92 32 3
92 33 40
92 34 90
92 35 68
92 36 7
92 37 35
92 38 46
92 39 58
92 40 53
92 41 37
92 42 5
92 43 49
92 44 67
92 45 64
92 46 49
92 47 5
92 48 17
92 49 79
92 50 21
92 51 85
92 52 82
92 53 37
92 54 23
92 55 37
92 56 78
92 57 9
92 58 61
92 59 2
92 60 65
92 61 73
92 62 31
92 63 36
92 64 41
92 65 55
92 66 5
92 67 71
92 68 72
92 69 13
92 70 41
92 71 49
92 72 36
92 73 60
92 74 34
92 75 98
92 76 84
92 77 75
92 78 84
92 79 56
92 80 61
92 81 15
92 82 69
92 83 57
92 84 70
92 85 65
92 86 91
92 87 96
92 88 65
92 89 90
92 90 42
92 91 20
92 92 90
92 93 65
92 94 43
92 95 61
92 96 41
92 97 14
92 98 12
92 99 96
92 100 18
93 1 25
93 2 8
93 3 21
93 4 87
93 5 56
93 6 79
93 7 40
93 8 50
93 9 14
93 10 16
93 11 72
93 12 58
93 13 35
93 14 35
93 15 30
93 16 4
93 17 63
93 18 89
93 19 8
93 20 46
93 21 77
93 22 34
93 23 96
93 24 3
93 25 34
93 26 48
93 27 91
93 28 48
93 29 9
93 30 67
93 31 87
93 32 79
93 33 59
93 34 84
93 35 70
93 36 86
93 37 24
93 38 52
93 39 53
93 40 6
93 41 67
93 42 39
93 43 31
93 44 42
93 45 14
93 46 82
93 47 82
93 48 61
93 49 66
93 50 68
93 51 64
93 52 99
93 53 73
93 54 51
93 55 23
93 56 97
93 57 49
93 58 48
93 59 3
93 60 54
93 61 71
93 62 44
93 63 32
93 64 46
93 65 37
93 66 46
93 67 9
93 68 30
93 69 1
93 70 72
93 71 43
93 72 80
93 73 33
93 74 30
93 75 14
93 76 45
93 77 30
93 78 82
93 79 38
93 80 12
93 81 37
93 82 31
93 83 14
93 84 4
93 85 45
93 86 48
93 87 91
93 88 45
93 89 33
93 90 82
93 91 65
93 92 99
93 93 6
93 94 8
93 95 82
93 96 35
93 97 68
93 98 52
93 99 30
93 100 55
94 1 86
94 2 74
94 3 87
94 4 72
94 5 26
94 6 79
94 7 30
94 8 15
94 9 53
94 10 52
94 11 70
94 12 13
94 13 38
94 14 27
94 15 32
94 16 97
94 17 43
94 18 78
94 19 80
94 20 69
94 21 59
94 22 99
94 23 71
94 24 24
94 25 66
94 26 1
94 27 94
94 28 53
94 29 16
94 30 28
94 31 74
94 32 98
94 33 22
94 34 40
94 35 91
94 36 92
94 37 24
94 38 2
94 39 79
94 40 97
94 41 50
94 42 13
94 43 46
94 44 7
94 45 59
94 46 12
94 47 12
94 48 23
94 49 71
94 50 71
94 51 8
94 52 61
94 53 43
94 54 9
94 55 40
94 56 5
94 57 55
94 58 93
94 59 96
94 60 67
94 61 95
94 62 47
94 63 47
94 64 49
94 65 30
94 66 79
94 67 85
94 68 8
94 69 28
94 70 69
94 71 53
94 72 43
94 73 14
94 74 26
94 75 76
94 76 95
94 77 70
94 78 12
94 79 18
94 80 98
94 81 46
94 82 60
94 83 42
94 84 83
94 85 64
94 86 75
94 87 91
94 88 15
94 89 1
94 90 86
94 91 3
94 92 35
94 93 13
94 94 42
94 95 62
94 96 71
94 97 24
94 98 85
94 99 24
94 100 43
95 1 56
95 2 89
95 3 73
95 4 25
95 5 93
95 6 18
95 7 24
95 8 70
95 9 69
95 10 72
95 11 91
95 12 9
95 13 33
95 14 66
95 15 59
95 16 20
95 17 46
95 18 16
95 19 66
95 20 44
95 21 97
95 22 48
95 23 30
95 24 9
95 25 5
95 26 55
95 27 51
95 28 8
95 29 80
95 30 68
95 31 85
95 32 49
95 33 20
95 34 50
95 35 75
95 36 13
95 37 26
95 38 6
95 39 50
95 40 39
95 41 76
95 42 41
95 43 86
95 44 30
95 45 5
95 46 17
95 47 56
95 48 22
95 49 52
95 50 99
95 51 71
95 52 24
95 53 99
95 54 31
95 55 99
95 56 94
95 57 22
95 58 16
95 59 12
95 60 48
95 61 16
95 62 46
95 63 27
95 64 17
95 65 68
95 66 17
95 67 76
95 68 36
95 69 1
95 70 22
95 71 33
95 72 30
95 73 78
95 74 7
95 75 73
95 76 37
95 77 8
95 78 2
95 79 27
95 80 60
95 81 53
95 82 64
95 83 85
95 84 89
95 85 71
95 86 56
95 87 40
95 88 23
95 89 32
95 90 80
95 91 50
95 92 87
95 93 17
95 94 96
95 95 78
95 96 15
95 97 45
95 98 26
95 99 46
95 100 4
96 1 57
96 2 38
96 3 8
96 4 41
96 5 81
96 6 8
96 7 89
96 8 95
96 9 3
96 10 48
96 11 52
96 12 44
96 13 60
96 14 94
96 15 57
96 16 41
96 17 62
96 18 5
96 19 25
96 20 25
96 21 4
96 22 43
96 23 49
96 24 83
96 25 62
96 26 74
96 27 97
96 28 39
96 29 30
96 30 59
96 31 65
96 32 97
96 33 60
96 34 22
96 35 6
96 36 43
96 37 17
96 38 31
96 39 86
96 40 42
96 41 59
96 42 61
96 43 92
96 44 27
96 45 94
96 46 94
96 47 9
96 48 1
96 49 28
96 50 74
96 51 4
96 52 37
96 53 75
96 54 37
96 55 51
96 56 72
96 57 8
96 58 27
96 59 4
96 60 40
96 61 5
96 62 32
96 63 96
96 64 69
96 65 57
96 66 11
96 67 94
96 68 86
96 69 26
96 70 72
96 71 33
96 72 2
96 73 39
96 74 99
96 75 40
96 76 64
96 77 71
96 78 29
96 79 71
96 80 36
96 81 13
96 82 73
96 83 90
96 84 87
96 85 64
96 86 65
96 87 85
96 88 70
96 89 44
96 90 54
96 91 55
96 92 36
96 93 42
96 94 37
96 95 6
96 96 42
96 97 42
96 98 28
96 99 44
96 100 42
97 1 19
97 2 27
97 3 25
97 4 47
97 5 33
97 6 73
97 7 70
97 8 96
97 9 73
97 10 76
97 11 7
97 12 16
97 13 21
97 14 12
97 15 11
97 16 44
97 17 16
97 18 58
97 19 96
97 20 41
97 21 15
97 22 22
97 23 64
97 24 4
97 25 75
97 26 85
97 27 94
97 28 12
97 29 67
97 30 64
97 31 37
97 32 81
97 33 26
97 34 49
97 35 98
97 36 40
97 37 56
97 38 77
97 39 13
97 40 17
97 41 39
97 42 51
97 43 16
97 44 77
97 45 15
97 46 52
97 47 86
97 48 83
97 49 63
97 50 92
97 51 12
97 52 90
97 53 70
97 54 70
97 55 84
97 56 56
97 57 99
97 58 68
97 59 55
97 60 97
97 61 5
97 62 12
97 63 98
97 64 43
97 65 77
97 66 87
97 67 92
97 68 30
97 69 97
97 70 33
97 71 19
97 72 44
97 73 80
97 74 13
97 75 56
97 76 22
97 77 42
97 78 17
97 79 49
97 80 85
97 81 73
97 82 4
97 83 24
97 84 28
97 85 86
97 86 45
97 87 42
97 88 73
97 89 51
97 90 29
97 91 73
97 92 76
97 93 24
97 94 75
97 95 99
97 96 81
97 97 73
97 98 93
97 99 67
97 100 46
98 1 91
98 2 14
98 3 17
98 4 74
98 5 49
98 6 47
98 7 6
98 8 19
98 9 66
98 10 43
98 11 93
98 12 44
98 13 79
98 14 35
98 15 69
98 16 32
98 17 26
98 18 17
98 19 23
98 20 73
98 21 24
98 22 45
98 23 44
98 24 48
98 25 5
98 26 5
98 27 77
98 28 77
98 29 89
98 30 58
98 31 31
98 32 49
98 33 51
98 34 25
98 35 95
98 36 39
98 37 32
98 38 73
98 39 65
98 40 39
98 41 2
98 42 64
98 43 95
98 44 41
98 45 33
98 46 67
98 47 20
98 48 94
98 49 22
98 50 57
98 51 67
98 52 98
98 53 20
98 54 96
98 55 99
98 56 54
98 57 89
98 58 38
98 59 10
98 60 38
98 61 64
98 62 68
98 63 87
98 64 64
98 65 66
98 66 92
98 67 85
98 68 27
98 69 89
98 70 60
98 71 44
98 72 62
98 73 99
98 74 5
98 75 34
98 76 9
98 77 8
98 78 13
98 79 32
98 80 18
98 81 84
98 82 49
98 83 97
98 84 74
98 85 93
98 86 70
98 87 72
98 88 79
98 89 19
98 90 2
98 91 88
98 92 37
98 93 23
98 94 58
98 95 19
98 96 16
98 97 87
98 98 5
98 99 69
98 100 70
99 1 77
99 2 95
99 3 19
99 4 79
99 5 12
99 6 34
99 7 23
99 8 36
99 9 19
99 10 44
99 11 72
99 12 33
99 13 4
99 14 75
99 15 95
99 16 16
99 17 22
99 18 22
99 19 62
99 20 97
99 21 23
99 22 94
99 23 76
99 24 52
99 25 43
99 26 35
99 27 99
99 28 13
99 29 46
99 30 69
99 31 56
99 32 87
99 33 31
99 34 90
99 35 51
99 36 3
99 37 37
99 38 73
99 39 63
99 40 35
99 41 87
99 42 80
99 43 12
99 44 43
99 45 23
99 46 59
99 47 94
99 48 81
99 49 22
99 50 40
99 51 20
99 52 35
99 53 16
99 54 44
99 55 34
99 56 6
99 57 55
99 58 20
99 59 87
99 60 29
99 61 74
99 62 35
99 63 81
99 64 36
99 65 49
99 66 14
99 67 34
99 68 58
99 69 85
99 70 67
99 71 9
99 72 13
99 73 31
99 74 5
99 75 39
99 76 65
99 77 31
99 78 41
99 79 95
99 80 94
99 81 97
99 82 3
99 83 13
99 84 27
99 85 25
99 86 18
99 87 29
99 88 19
99 89 24
99 90 14
99 91 36
99 92 86
99 93 5
99 94 58
99 95 4
99 96 22
99 97 19
99 98 88
99 99 96
99 100 14
100 1 36
100 2 78
100 3 95
100 4 59
100 5 8
100 6 49
100 7 93
100 8 89
100 9 60
100 10 18
100 11 78
100 12 42
100 13 44
100 14 14
100 15 94
100 16 53
100 17 40
100 18 94
100 19 83
100 20 2
100 21 81
100 22 16
100 23 43
100 24 63
100 25 1
100 26 27
100 27 87
100 28 28
100 29 56
100 30 62
100 31 46
100 32 68
100 33 22
100 34 45
100 35 65
100 36 44
100 37 69
100 38 36
100 39 48
100 40 66
100 41 87
100 42 58
100 43 15
100 44 94
100 45 48
100 46 65
100 47 49
100 48 40
100 49 53
100 50 61
100 51 82
100 52 91
100 53 15
100 54 92
100 55 27
100 56 81
100 57 51
100 58 37
100 59 59
100 60 43
100 61 76
100 62 84
100 63 69
100 64 20
100 65 64
100 66 20
100 67 1
100 68 95
100 69 57
100 70 96
100 71 10
100 72 82
100 73 85
100 74 76
100 75 82
100 76 90
100 77 96
100 78 86
100 79 94
100 80 19
100 81 16
100 82 7
100 83 57
100 84 64
100 85 93
100 86 23
100 87 47
100 88 54
100 89 19
100 90 36
100 91 15
100 92 66
100 93 18
100 94 94
100 95 78
100 96 57
100 97 32
100 98 20
100 99 67
100 100 8