100 5
50
12
32
31
36
67
7
47
60
23
48
36
92
68
57
76
53
60
76
27
5
31
81
80
68
98
34
21
3
74
12
78
69
91
96
84
37
44
2
4
5
46
96
15
35
36
36
1
30
61
48
71
23
49
7
41
96
25
69
81
36
39
86
64
21
30
42
66
57
79
54
45
89
1
99
84
2
16
82
49
27
16
89
62
90
15
52
57
97
85
60
4
9
41
74
20
68
48
37
65
0 1 28
0 2 38
0 3 40
0 4 20
0 5 43
0 6 99
0 7 60
0 8 40
0 9 2
0 10 68
0 11 45
0 12 2
0 13 89
0 14 69
0 15 20
0 16 34
0 17 21
0 18 51
0 19 33
0 20 51
0 21 59
0 22 59
0 23 99
0 24 12
0 25 60
0 26 11
0 27 99
0 28 78
0 29 80
0 30 78
0 31 32
0 32 25
0 33 56
0 34 67
0 35 54
0 36 49
0 37 75
0 38 43
0 39 17
0 40 47
0 41 11
0 42 92
0 43 6
0 44 42
0 45 94
0 46 95
0 47 71
0 48 81
0 49 25
0 50 49
0 51 85
0 52 2
0 53 89
0 54 15
0 55 38
0 56 96
0 57 10
0 58 32
0 59 43
0 60 44
0 61 35
0 62 34
0 63 16
0 64 22
0 65 61
0 66 80
0 67 83
0 68 96
0 69 42
0 70 60
0 71 52
0 72 42
0 73 72
0 74 21
0 75 95
0 76 89
0 77 16
0 78 44
0 79 28
0 80 60
0 81 35
0 82 49
0 83 7
0 84 23
0 85 53
0 86 59
0 87 10
0 88 31
0 89 57
0 90 88
0 91 82
0 92 64
0 93 81
0 94 89
0 95 53
0 96 81
0 97 89
0 98 49
0 99 18
0 100 78
1 1 78
1 2 78
1 3 78
1 4 40
1 5 34
1 6 5
1 7 13
1 8 70
1 9 70
1 10 20
1 11 5
1 12 4
1 13 95
1 14 42
1 15 34
1 16 5
1 17 69
1 18 68
1 19 47
1 20 76
1 21 81
1 22 60
1 23 88
1 24 32
1 25 74
1 26 90
1 27 60
1 28 63
1 29 63
1 30 26
1 31 67
1 32 26
1 33 62
1 34 39
1 35 46
1 36 6
1 37 71
1 38 93
1 39 40
1 40 26
1 41 45
1 42 80
1 43 48
1 44 83
1 45 59
1 46 73
1 47 1
1 48 27
1 49 62
1 50 87
1 51 50
1 52 26
1 53 85
1 54 90
1 55 9
1 56 70
1 57 94
1 58 65
1 59 56
1 60 77
1 61 81
1 62 71
1 63 55
1 64 21
1 65 59
1 66 99
1 67 4
1 68 62
1 69 13
1 70 39
1 71 60
1 72 35
1 73 40
1 74 80
1 75 16
1 76 20
1 77 46
1 78 32
1 79 94
1 80 61
1 81 39
1 82 60
1 83 94
1 84 2
1 85 85
1 86 51
1 87 50
1 88 19
1 89 51
1 90 39
1 91 17
1 92 59
1 93 32
1 94 7
1 95 27
1 96 51
1 97 25
1 98 87
1 99 75
1 100 60
2 1 90
2 2 33
2 3 9
2 4 9
2 5 9
2 6 9
2 7 2
2 8 21
2 9 7
2 10 26
2 11 67
2 12 34
2 13 87
2 14 80
2 15 88
2 16 83
2 17 57
2 18 25
2 19 38
2 20 91
2 21 35
2 22 16
2 23 71
2 24 46
2 25 56
2 26 41
2 27 92
2 28 98
2 29 2
2 30 33
2 31 92
2 32 19
2 33 41
2 34 20
2 35 57
2 36 40
2 37 59
2 38 76
2 39 88
2 40 30
2 41 77
2 42 25
2 43 25
2 44 69
2 45 44
2 46 71
2 47 7
2 48 13
2 49 24
2 50 14
2 51 94
2 52 13
2 53 19
2 54 71
2 55 12
2 56 77
2 57 52
2 58 43
2 59 28
2 60 15
2 61 59
2 62 65
2 63 48
2 64 63
2 65 65
2 66 96
2 67 77
2 68 25
2 69 92
2 70 6
2 71 95
2 72 98
2 73 78
2 74 58
2 75 14
2 76 15
2 77 2
2 78 46
2 79 91
2 80 61
2 81 70
2 82 91
2 83 57
2 84 58
2 85 73
2 86 95
2 87 92
2 88 1
2 89 12
2 90 75
2 91 78
2 92 44
2 93 50
2 94 24
2 95 5
2 96 70
2 97 32
2 98 24
2 99 42
2 100 77
3 1 21
3 2 88
3 3 15
3 4 90
3 5 81
3 6 89
3 7 89
3 8 89
3 9 89
3 10 20
3 11 22
3 12 33
3 13 90
3 14 15
3 15 89
3 16 16
3 17 23
3 18 19
3 19 78
3 20 63
3 21 37
3 22 5
3 23 44
3 24 97
3 25 29
3 26 91
3 27 99
3 28 69
3 29 20
3 30 11
3 31 32
3 32 67
3 33 23
3 34 92
3 35 8
3 36 90
3 37 7
3 38 16
3 39 10
3 40 11
3 41 98
3 42 32
3 43 60
3 44 88
3 45 75
3 46 7
3 47 14
3 48 75
3 49 50
3 50 42
3 51 95
3 52 77
3 53 94
3 54 61
3 55 4
3 56 35
3 57 62
3 58 40
3 59 16
3 60 73
3 61 77
3 62 72
3 63 22
3 64 26
3 65 68
3 66 27
3 67 71
3 68 64
3 69 52
3 70 53
3 71 3
3 72 51
3 73 58
3 74 37
3 75 56
3 76 53
3 77 26
3 78 87
3 79 51
3 80 31
3 81 74
3 82 64
3 83 96
3 84 19
3 85 8
3 86 17
3 87 7
3 88 55
3 89 56
3 90 16
3 91 1
3 92 16
3 93 26
3 94 89
3 95 29
3 96 38
3 97 89
3 98 87
3 99 74
3 100 68
4 1 72
4 2 3
4 3 88
4 4 10
4 5 77
4 6 47
4 7 59
4 8 63
4 9 31
4 10 31
4 11 31
4 12 31
4 13 9
4 14 31
4 15 18
4 16 11
4 17 70
4 18 19
4 19 34
4 20 89
4 21 24
4 22 73
4 23 53
4 24 16
4 25 79
4 26 82
4 27 84
4 28 54
4 29 2
4 30 69
4 31 4
4 32 67
4 33 60
4 34 46
4 35 9
4 36 81
4 37 76
4 38 98
4 39 13
4 40 25
4 41 74
4 42 55
4 43 96
4 44 22
4 45 79
4 46 88
4 47 38
4 48 60
4 49 81
4 50 39
4 51 31
4 52 46
4 53 83
4 54 3
4 55 80
4 56 22
4 57 38
4 58 80
4 59 18
4 60 77
4 61 31
4 62 7
4 63 38
4 64 85
4 65 50
4 66 17
4 67 6
4 68 56
4 69 13
4 70 95
4 71 94
4 72 41
4 73 82
4 74 16
4 75 93
4 76 27
4 77 39
4 78 79
4 79 64
4 80 31
4 81 56
4 82 83
4 83 16
4 84 3
4 85 27
4 86 59
4 87 83
4 88 10
4 89 88
4 90 85
4 91 62
4 92 54
4 93 91
4 94 21
4 95 48
4 96 91
4 97 57
4 98 87
4 99 86
4 100 39
5 1 9
5 2 29
5 3 10
5 4 80
5 5 94
5 6 52
5 7 78
5 8 52
5 9 93
5 10 19
5 11 89
5 12 32
5 13 32
5 14 32
5 15 32
5 16 34
5 17 95
5 18 82
5 19 62
5 20 49
5 21 12
5 22 99
5 23 80
5 24 72
5 25 84
5 26 70
5 27 61
5 28 36
5 29 19
5 30 10
5 31 33
5 32 74
5 33 72
5 34 20
5 35 99
5 36 58
5 37 87
5 38 20
5 39 60
5 40 78
5 41 14
5 42 85
5 43 13
5 44 82
5 45 77
5 46 44
5 47 86
5 48 84
5 49 89
5 50 71
5 51 85
5 52 38
5 53 46
5 54 11
5 55 47
5 56 83
5 57 21
5 58 27
5 59 60
5 60 29
5 61 24
5 62 20
5 63 10
5 64 81
5 65 96
5 66 53
5 67 60
5 68 79
5 69 82
5 70 66
5 71 54
5 72 39
5 73 82
5 74 42
5 75 64
5 76 17
5 77 75
5 78 19
5 79 54
5 80 41
5 81 13
5 82 78
5 83 66
5 84 66
5 85 40
5 86 84
5 87 46
5 88 54
5 89 54
5 90 23
5 91 48
5 92 87
5 93 76
5 94 91
5 95 66
5 96 41
5 97 91
5 98 45
5 99 15
5 100 80
6 1 48
6 2 75
6 3 91
6 4 47
6 5 57
6 6 77
6 7 5
6 8 22
6 9 70
6 10 53
6 11 37
6 12 76
6 13 26
6 14 19
6 15 61
6 16 61
6 17 61
6 18 61
6 19 86
6 20 52
6 21 32
6 22 69
6 23 49
6 24 59
6 25 7
6 26 43
6 27 90
6 28 14
6 29 35
6 30 14
6 31 34
6 32 34
6 33 30
6 34 48
6 35 37
6 36 34
6 37 45
6 38 2
6 39 19
6 40 69
6 41 14
6 42 12
6 43 26
6 44 38
6 45 11
6 46 7
6 47 34
6 48 59
6 49 13
6 50 12
6 51 77
6 52 61
6 53 34
6 54 30
6 55 80
6 56 94
6 57 79
6 58 8
6 59 31
6 60 35
6 61 1
6 62 62
6 63 30
6 64 95
6 65 53
6 66 81
6 67 46
6 68 29
6 69 92
6 70 82
6 71 17
6 72 14
6 73 36
6 74 65
6 75 70
6 76 43
6 77 49
6 78 87
6 79 93
6 80 88
6 81 64
6 82 78
6 83 33
6 84 56
6 85 73
6 86 49
6 87 69
6 88 11
6 89 49
6 90 29
6 91 57
6 92 85
6 93 94
6 94 6
6 95 59
6 96 4
6 97 51
6 98 58
6 99 81
6 100 93
7 1 26
7 2 38
7 3 41
7 4 36
7 5 85
7 6 35
7 7 37
7 8 48
7 9 87
7 10 92
7 11 96
7 12 27
7 13 6
7 14 36
7 15 34
7 16 36
7 17 74
7 18 51
7 19 51
7 20 51
7 21 51
7 22 21
7 23 43
7 24 10
7 25 66
7 26 51
7 27 92
7 28 15
7 29 45
7 30 74
7 31 93
7 32 56
7 33 46
7 34 39
7 35 34
7 36 38
7 37 84
7 38 70
7 39 1
7 40 38
7 41 51
7 42 22
7 43 30
7 44 14
7 45 25
7 46 32
7 47 11
7 48 21
7 49 50
7 50 27
7 51 73
7 52 11
7 53 7
7 54 21
7 55 64
7 56 73
7 57 79
7 58 34
7 59 44
7 60 52
7 61 24
7 62 3
7 63 64
7 64 64
7 65 41
7 66 80
7 67 41
7 68 47
7 69 94
7 70 43
7 71 31
7 72 14
7 73 49
7 74 30
7 75 63
7 76 74
7 77 46
7 78 42
7 79 25
7 80 57
7 81 43
7 82 22
7 83 79
7 84 78
7 85 78
7 86 13
7 87 46
7 88 78
7 89 75
7 90 69
7 91 27
7 92 54
7 93 84
7 94 54
7 95 3
7 96 50
7 97 16
7 98 12
7 99 22
7 100 75
8 1 44
8 2 56
8 3 8
8 4 14
8 5 60
8 6 31
8 7 77
8 8 94
8 9 5
8 10 47
8 11 58
8 12 70
8 13 14
8 14 99
8 15 63
8 16 23
8 17 36
8 18 80
8 19 87
8 20 76
8 21 94
8 22 94
8 23 94
8 24 94
8 25 54
8 26 96
8 27 89
8 28 78
8 29 4
8 30 59
8 31 98
8 32 72
8 33 1
8 34 1
8 35 60
8 36 91
8 37 45
8 38 47
8 39 96
8 40 66
8 41 51
8 42 51
8 43 98
8 44 41
8 45 62
8 46 50
8 47 12
8 48 86
8 49 10
8 50 93
8 51 28
8 52 29
8 53 83
8 54 59
8 55 19
8 56 1
8 57 59
8 58 29
8 59 78
8 60 40
8 61 17
8 62 90
8 63 86
8 64 57
8 65 42
8 66 44
8 67 44
8 68 88
8 69 70
8 70 39
8 71 16
8 72 47
8 73 39
8 74 83
8 75 47
8 76 10
8 77 12
8 78 57
8 79 3
8 80 87
8 81 79
8 82 20
8 83 41
8 84 4
8 85 52
8 86 92
8 87 45
8 88 34
8 89 81
8 90 24
8 91 66
8 92 62
8 93 5
8 94 34
8 95 19
8 96 97
8 97 63
8 98 25
8 99 65
8 100 2
9 1 36
9 2 32
9 3 39
9 4 82
9 5 88
9 6 26
9 7 97
9 8 6
9 9 23
9 10 14
9 11 82
9 12 60
9 13 23
9 14 17
9 15 32
9 16 40
9 17 73
9 18 4
9 19 12
9 20 65
9 21 30
9 22 94
9 23 99
9 24 81
9 25 81
9 26 81
9 27 81
9 28 4
9 29 73
9 30 94
9 31 85
9 32 69
9 33 16
9 34 85
9 35 91
9 36 7
9 37 22
9 38 85
9 39 30
9 40 1
9 41 47
9 42 55
9 43 75
9 44 73
9 45 43
9 46 27
9 47 8
9 48 69
9 49 31
9 50 39
9 51 33
9 52 83
9 53 69
9 54 59
9 55 29
9 56 83
9 57 71
9 58 86
9 59 27
9 60 48
9 61 23
9 62 25
9 63 33
9 64 34
9 65 54
9 66 4
9 67 6
9 68 4
9 69 59
9 70 87
9 71 41
9 72 57
9 73 92
9 74 40
9 75 51
9 76 41
9 77 66
9 78 7
9 79 42
9 80 46
9 81 18
9 82 47
9 83 59
9 84 63
9 85 79
9 86 43
9 87 82
9 88 16
9 89 13
9 90 68
9 91 76
9 92 32
9 93 10
9 94 67
9 95 68
9 96 37
9 97 75
9 98 9
9 99 14
9 100 59
10 1 35
10 2 3
10 3 85
10 4 92
10 5 97
10 6 54
10 7 61
10 8 68
10 9 6
10 10 35
10 11 86
10 12 25
10 13 95
10 14 56
10 15 64
10 16 50
10 17 51
10 18 46
10 19 13
10 20 69
10 21 23
10 22 99
10 23 31
10 24 73
10 25 7
10 26 80
10 27 32
10 28 32
10 29 32
10 30 32
10 31 3
10 32 21
10 33 49
10 34 86
10 35 62
10 36 31
10 37 97
10 38 47
10 39 55
10 40 70
10 41 37
10 42 89
10 43 34
10 44 31
10 45 55
10 46 97
10 47 61
10 48 40
10 49 67
10 50 84
10 51 26
10 52 82
10 53 88
10 54 12
10 55 35
10 56 51
10 57 92
10 58 38
10 59 6
10 60 73
10 61 59
10 62 23
10 63 74
10 64 87
10 65 62
10 66 50
10 67 93
10 68 72
10 69 73
10 70 52
10 71 68
10 72 62
10 73 78
10 74 25
10 75 54
10 76 65
10 77 23
10 78 39
10 79 2
10 80 57
10 81 67
10 82 20
10 83 65
10 84 88
10 85 98
10 86 87
10 87 63
10 88 53
10 89 6
10 90 96
10 91 22
10 92 46
10 93 53
10 94 94
10 95 80
10 96 19
10 97 71
10 98 73
10 99 85
10 100 83
11 1 31
11 2 35
11 3 80
11 4 8
11 5 95
11 6 22
11 7 74
11 8 47
11 9 22
11 10 10
11 11 1
11 12 40
11 13 33
11 14 63
11 15 59
11 16 72
11 17 2
11 18 69
11 19 23
11 20 86
11 21 69
11 22 63
11 23 92
11 24 63
11 25 54
11 26 67
11 27 67
11 28 67
11 29 42
11 30 14
11 31 14
11 32 14
11 33 14
11 34 34
11 35 30
11 36 46
11 37 64
11 38 23
11 39 38
11 40 53
11 41 7
11 42 98
11 43 52
11 44 7
11 45 95
11 46 35
11 47 41
11 48 71
11 49 41
11 50 89
11 51 85
11 52 87
11 53 5
11 54 19
11 55 4
11 56 70
11 57 5
11 58 19
11 59 60
11 60 13
11 61 11
11 62 26
11 63 49
11 64 48
11 65 62
11 66 47
11 67 16
11 68 35
11 69 43
11 70 45
11 71 82
11 72 42
11 73 1
11 74 54
11 75 35
11 76 79
11 77 16
11 78 93
11 79 83
11 80 35
11 81 45
11 82 66
11 83 24
11 84 15
11 85 39
11 86 98
11 87 65
11 88 90
11 89 92
11 90 69
11 91 10
11 92 92
11 93 78
11 94 10
11 95 47
11 96 64
11 97 9
11 98 76
11 99 80
11 100 91
12 1 92
12 2 74
12 3 97
12 4 14
12 5 85
12 6 12
12 7 98
12 8 71
12 9 86
12 10 43
12 11 23
12 12 35
12 13 73
12 14 39
12 15 26
12 16 4
12 17 86
12 18 58
12 19 31
12 20 81
12 21 31
12 22 79
12 23 43
12 24 32
12 25 2
12 26 65
12 27 71
12 28 67
12 29 44
12 30 86
12 31 42
12 32 96
12 33 26
12 34 26
12 35 26
12 36 26
12 37 65
12 38 98
12 39 54
12 40 18
12 41 89
12 42 63
12 43 19
12 44 28
12 45 61
12 46 30
12 47 43
12 48 31
12 49 56
12 50 32
12 51 89
12 52 31
12 53 43
12 54 26
12 55 59
12 56 73
12 57 17
12 58 86
12 59 57
12 60 3
12 61 69
12 62 68
12 63 57
12 64 90
12 65 15
12 66 12
12 67 64
12 68 60
12 69 67
12 70 34
12 71 36
12 72 46
12 73 82
12 74 32
12 75 63
12 76 51
12 77 97
12 78 5
12 79 53
12 80 37
12 81 64
12 82 11
12 83 55
12 84 94
12 85 73
12 86 82
12 87 1
12 88 41
12 89 37
12 90 54
12 91 28
12 92 43
12 93 41
12 94 32
12 95 50
12 96 82
12 97 55
12 98 62
12 99 11
12 100 62
13 1 7
13 2 74
13 3 68
13 4 12
13 5 83
13 6 35
13 7 73
13 8 63
13 9 31
13 10 1
13 11 9
13 12 51
13 13 30
13 14 42
13 15 67
13 16 30
13 17 66
13 18 91
13 19 16
13 20 46
13 21 70
13 22 9
13 23 87
13 24 26
13 25 98
13 26 36
13 27 4
13 28 57
13 29 35
13 30 92
13 31 90
13 32 79
13 33 1
13 34 5
13 35 2
13 36 43
13 37 43
13 38 43
13 39 43
13 40 39
13 41 34
13 42 42
13 43 9
13 44 73
13 45 32
13 46 47
13 47 52
13 48 85
13 49 34
13 50 2
13 51 41
13 52 96
13 53 40
13 54 12
13 55 67
13 56 45
13 57 68
13 58 81
13 59 74
13 60 93
13 61 80
13 62 71
13 63 11
13 64 70
13 65 51
13 66 62
13 67 29
13 68 14
13 69 72
13 70 40
13 71 90
13 72 23
13 73 5
13 74 30
13 75 52
13 76 10
13 77 21
13 78 83
13 79 64
13 80 43
13 81 92
13 82 35
13 83 44
13 84 46
13 85 74
13 86 32
13 87 12
13 88 47
13 89 40
13 90 82
13 91 65
13 92 74
13 93 85
13 94 97
13 95 55
13 96 75
13 97 33
13 98 80
13 99 97
13 100 20
14 1 24
14 2 69
14 3 54
14 4 3
14 5 21
14 6 43
14 7 35
14 8 70
14 9 39
14 10 15
14 11 49
14 12 55
14 13 55
14 14 30
14 15 79
14 16 78
14 17 18
14 18 50
14 19 62
14 20 41
14 21 97
14 22 59
14 23 96
14 24 46
14 25 78
14 26 55
14 27 12
14 28 97
14 29 74
14 30 39
14 31 36
14 32 46
14 33 89
14 34 51
14 35 75
14 36 4
14 37 54
14 38 69
14 39 44
14 40 44
14 41 44
14 42 44
14 43 38
14 44 53
14 45 4
14 46 65
14 47 97
14 48 28
14 49 17
14 50 64
14 51 50
14 52 29
14 53 21
14 54 44
14 55 85
14 56 24
14 57 13
14 58 95
14 59 33
14 60 10
14 61 90
14 62 4
14 63 53
14 64 8
14 65 6
14 66 64
14 67 87
14 68 28
14 69 43
14 70 26
14 71 33
14 72 4
14 73 62
14 74 36
14 75 94
14 76 65
14 77 35
14 78 56
14 79 88
14 80 63
14 81 14
14 82 28
14 83 73
14 84 65
14 85 53
14 86 84
14 87 22
14 88 73
14 89 21
14 90 33
14 91 62
14 92 38
14 93 46
14 94 45
14 95 54
14 96 58
14 97 73
14 98 32
14 99 19
14 100 2
15 1 64
15 2 28
15 3 27
15 4 92
15 5 30
15 6 20
15 7 87
15 8 82
15 9 60
15 10 53
15 11 42
15 12 74
15 13 32
15 14 84
15 15 29
15 16 93
15 17 54
15 18 9
15 19 48
15 20 21
15 21 61
15 22 90
15 23 87
15 24 40
15 25 2
15 26 93
15 27 43
15 28 25
15 29 19
15 30 84
15 31 25
15 32 32
15 33 1
15 34 8
15 35 74
15 36 98
15 37 62
15 38 23
15 39 65
15 40 91
15 41 29
15 42 75
15 43 75
15 44 75
15 45 75
15 46 87
15 47 42
15 48 56
15 49 17
15 50 51
15 51 26
15 52 81
15 53 51
15 54 98
15 55 90
15 56 54
15 57 11
15 58 51
15 59 28
15 60 43
15 61 27
15 62 91
15 63 98
15 64 7
15 65 96
15 66 22
15 67 22
15 68 6
15 69 23
15 70 56
15 71 74
15 72 26
15 73 70
15 74 28
15 75 69
15 76 51
15 77 71
15 78 25
15 79 83
15 80 30
15 81 21
15 82 27
15 83 14
15 84 14
15 85 37
15 86 50
15 87 17
15 88 34
15 89 83
15 90 96
15 91 40
15 92 24
15 93 4
15 94 72
15 95 12
15 96 43
15 97 24
15 98 55
15 99 56
15 100 83
16 1 39
16 2 6
16 3 41
16 4 52
16 5 49
16 6 18
16 7 41
16 8 77
16 9 6
16 10 26
16 11 64
16 12 35
16 13 96
16 14 33
16 15 52
16 16 45
16 17 44
16 18 47
16 19 30
16 20 20
16 21 77
16 22 51
16 23 27
16 24 74
16 25 1
16 26 7
16 27 98
16 28 32
16 29 38
16 30 26
16 31 55
16 32 56
16 33 98
16 34 23
16 35 53
16 36 47
16 37 81
16 38 38
16 39 3
16 40 26
16 41 83
16 42 90
16 43 19
16 44 13
16 45 32
16 46 32
16 47 32
16 48 32
16 49 28
16 50 3
16 51 80
16 52 72
16 53 49
16 54 86
16 55 93
16 56 75
16 57 29
16 58 43
16 59 38
16 60 35
16 61 90
16 62 62
16 63 1
16 64 62
16 65 5
16 66 81
16 67 10
16 68 57
16 69 28
16 70 42
16 71 39
16 72 44
16 73 55
16 74 8
16 75 58
16 76 75
16 77 14
16 78 62
16 79 81
16 80 24
16 81 26
16 82 90
16 83 14
16 84 14
16 85 2
16 86 56
16 87 3
16 88 6
16 89 75
16 90 68
16 91 86
16 92 91
16 93 91
16 94 97
16 95 52
16 96 34
16 97 5
16 98 6
16 99 77
16 100 38
17 1 40
17 2 54
17 3 42
17 4 54
17 5 28
17 6 25
17 7 36
17 8 92
17 9 48
17 10 94
17 11 60
17 12 81
17 13 97
17 14 25
17 15 65
17 16 16
17 17 91
17 18 57
17 19 5
17 20 92
17 21 61
17 22 37
17 23 30
17 24 30
17 25 1
17 26 6
17 27 39
17 28 2
17 29 39
17 30 87
17 31 50
17 32 70
17 33 76
17 34 9
17 35 23
17 36 76
17 37 63
17 38 80
17 39 84
17 40 90
17 41 4
17 42 5
17 43 79
17 44 95
17 45 8
17 46 21
17 47 32
17 48 81
17 49 81
17 50 81
17 51 81
17 52 52
17 53 42
17 54 51
17 55 84
17 56 22
17 57 73
17 58 92
17 59 21
17 60 97
17 61 99
17 62 49
17 63 63
17 64 39
17 65 46
17 66 48
17 67 13
17 68 51
17 69 96
17 70 28
17 71 8
17 72 83
17 73 97
17 74 14
17 75 77
17 76 4
17 77 85
17 78 26
17 79 73
17 80 3
17 81 88
17 82 27
17 83 70
17 84 34
17 85 37
17 86 98
17 87 32
17 88 65
17 89 24
17 90 57
17 91 80
17 92 87
17 93 44
17 94 52
17 95 99
17 96 62
17 97 64
17 98 93
17 99 11
17 100 23
18 1 70
18 2 21
18 3 41
18 4 72
18 5 69
18 6 87
18 7 87
18 8 61
18 9 12
18 10 8
18 11 12
18 12 74
18 13 10
18 14 28
18 15 87
18 16 16
18 17 97
18 18 52
18 19 39
18 20 75
18 21 70
18 22 35
18 23 52
18 24 35
18 25 82
18 26 52
18 27 66
18 28 18
18 29 73
18 30 32
18 31 66
18 32 68
18 33 3
18 34 7
18 35 99
18 36 44
18 37 46
18 38 34
18 39 33
18 40 8
18 41 98
18 42 29
18 43 66
18 44 34
18 45 97
18 46 79
18 47 78
18 48 80
18 49 21
18 50 57
18 51 60
18 52 60
18 53 60
18 54 60
18 55 48
18 56 27
18 57 6
18 58 76
18 59 49
18 60 9
18 61 14
18 62 24
18 63 28
18 64 89
18 65 50
18 66 13
18 67 81
18 68 40
18 69 95
18 70 21
18 71 98
18 72 91
18 73 66
18 74 73
18 75 81
18 76 24
18 77 93
18 78 49
18 79 17
18 80 26
18 81 97
18 82 69
18 83 33
18 84 12
18 85 25
18 86 27
18 87 98
18 88 98
18 89 42
18 90 92
18 91 15
18 92 25
18 93 76
18 94 97
18 95 70
18 96 56
18 97 84
18 98 90
18 99 88
18 100 13
19 1 70
19 2 41
19 3 96
19 4 45
19 5 68
19 6 53
19 7 26
19 8 72
19 9 26
19 10 83
19 11 90
19 12 67
19 13 34
19 14 43
19 15 83
19 16 11
19 17 10
19 18 50
19 19 76
19 20 99
19 21 98
19 22 81
19 23 87
19 24 33
19 25 13
19 26 38
19 27 11
19 28 87
19 29 47
19 30 11
19 31 17
19 32 84
19 33 97
19 34 60
19 35 34
19 36 77
19 37 25
19 38 86
19 39 13
19 40 52
19 41 72
19 42 94
19 43 38
19 44 84
19 45 58
19 46 64
19 47 81
19 48 95
19 49 72
19 50 72
19 51 61
19 52 10
19 53 52
19 54 95
19 55 95
19 56 95
19 57 95
19 58 30
19 59 63
19 60 15
19 61 31
19 62 85
19 63 79
19 64 68
19 65 16
19 66 26
19 67 9
19 68 2
19 69 67
19 70 1
19 71 66
19 72 84
19 73 41
19 74 18
19 75 29
19 76 28
19 77 56
19 78 49
19 79 25
19 80 35
19 81 73
19 82 61
19 83 65
19 84 64
19 85 90
19 86 65
19 87 81
19 88 28
19 89 63
19 90 99
19 91 61
19 92 7
19 93 70
19 94 10
19 95 55
19 96 40
19 97 15
19 98 26
19 99 95
19 100 81
20 1 8
20 2 18
20 3 42
20 4 38
20 5 77
20 6 62
20 7 49
20 8 94
20 9 54
20 10 18
20 11 20
20 12 26
20 13 40
20 14 76
20 15 15
20 16 3
20 17 91
20 18 17
20 19 34
20 20 12
20 21 59
20 22 36
20 23 73
20 24 48
20 25 42
20 26 66
20 27 80
20 28 59
20 29 88
20 30 33
20 31 37
20 32 32
20 33 28
20 34 11
20 35 22
20 36 29
20 37 79
20 38 53
20 39 87
20 40 55
20 41 22
20 42 80
20 43 15
20 44 35
20 45 64
20 46 94
20 47 16
20 48 51
20 49 41
20 50 72
20 51 38
20 52 66
20 53 39
20 54 73
20 55 45
20 56 90
20 57 80
20 58 80
20 59 80
20 60 80
20 61 18
20 62 55
20 63 78
20 64 71
20 65 70
20 66 51
20 67 16
20 68 86
20 69 3
20 70 62
20 71 52
20 72 15
20 73 50
20 74 75
20 75 19
20 76 99
20 77 29
20 78 47
20 79 82
20 80 29
20 81 62
20 82 11
20 83 6
20 84 8
20 85 76
20 86 36
20 87 85
20 88 35
20 89 47
20 90 2
20 91 4
20 92 41
20 93 72
20 94 25
20 95 13
20 96 99
20 97 9
20 98 3
20 99 44
20 100 92
21 1 76
21 2 51
21 3 49
21 4 19
21 5 49
21 6 95
21 7 93
21 8 54
21 9 81
21 10 87
21 11 92
21 12 54
21 13 36
21 14 95
21 15 98
21 16 50
21 17 37
21 18 19
21 19 25
21 20 82
21 21 23
21 22 40
21 23 34
21 24 85
21 25 41
21 26 85
21 27 39
21 28 67
21 29 71
21 30 60
21 31 17
21 32 62
21 33 67
21 34 92
21 35 17
21 36 39
21 37 88
21 38 83
21 39 91
21 40 53
21 41 31
21 42 12
21 43 33
21 44 61
21 45 50
21 46 74
21 47 29
21 48 40
21 49 5
21 50 22
21 51 87
21 52 32
21 53 70
21 54 89
21 55 94
21 56 65
21 57 32
21 58 52
21 59 83
21 60 48
21 61 48
21 62 48
21 63 48
21 64 2
21 65 15
21 66 14
21 67 71
21 68 29
21 69 37
21 70 43
21 71 26
21 72 86
21 73 90
21 74 23
21 75 41
21 76 27
21 77 7
21 78 70
21 79 31
21 80 64
21 81 91
21 82 17
21 83 16
21 84 56
21 85 99
21 86 33
21 87 8
21 88 36
21 89 82
21 90 81
21 91 92
21 92 5
21 93 65
21 94 65
21 95 83
21 96 20
21 97 80
21 98 90
21 99 75
21 100 41
22 1 59
22 2 63
22 3 90
22 4 92
22 5 36
22 6 11
22 7 63
22 8 8
22 9 98
22 10 37
22 11 84
22 12 95
22 13 84
22 14 33
22 15 17
22 16 22
22 17 84
22 18 7
22 19 59
22 20 33
22 21 3
22 22 82
22 23 13
22 24 7
22 25 77
22 26 74
22 27 24
22 28 78
22 29 33
22 30 33
22 31 36
22 32 11
22 33 61
22 34 4
22 35 1
22 36 35
22 37 98
22 38 10
22 39 31
22 40 50
22 41 44
22 42 64
22 43 60
22 44 77
22 45 33
22 46 31
22 47 13
22 48 38
22 49 59
22 50 50
22 51 46
22 52 68
22 53 32
22 54 28
22 55 27
22 56 92
22 57 70
22 58 80
22 59 66
22 60 38
22 61 98
22 62 48
22 63 14
22 64 14
22 65 14
22 66 14
22 67 35
22 68 87
22 69 30
22 70 4
22 71 92
22 72 24
22 73 67
22 74 95
22 75 17
22 76 54
22 77 27
22 78 58
22 79 63
22 80 22
22 81 31
22 82 10
22 83 99
22 84 54
22 85 44
22 86 58
22 87 6
22 88 57
22 89 74
22 90 61
22 91 28
22 92 26
22 93 66
22 94 79
22 95 52
22 96 38
22 97 38
22 98 57
22 99 81
22 100 94
23 1 9
23 2 82
23 3 64
23 4 44
23 5 35
23 6 24
23 7 61
23 8 49
23 9 14
23 10 84
23 11 80
23 12 45
23 13 85
23 14 53
23 15 73
23 16 29
23 17 40
23 18 30
23 19 62
23 20 12
23 21 75
23 22 75
23 23 55
23 24 50
23 25 14
23 26 14
23 27 18
23 28 13
23 29 89
23 30 92
23 31 44
23 32 8
23 33 1
23 34 47
23 35 5
23 36 17
23 37 53
23 38 89
23 39 5
23 40 37
23 41 55
23 42 50
23 43 95
23 44 39
23 45 36
23 46 67
23 47 96
23 48 54
23 49 95
23 50 97
23 51 42
23 52 45
23 53 88
23 54 85
23 55 74
23 56 50
23 57 12
23 58 64
23 59 13
23 60 33
23 61 25
23 62 28
23 63 81
23 64 16
23 65 95
23 66 33
23 67 33
23 68 33
23 69 33
23 70 80
23 71 16
23 72 59
23 73 79
23 74 68
23 75 25
23 76 93
23 77 70
23 78 53
23 79 22
23 80 9
23 81 55
23 82 39
23 83 66
23 84 62
23 85 75
23 86 87
23 87 65
23 88 98
23 89 26
23 90 40
23 91 32
23 92 2
23 93 68
23 94 23
23 95 67
23 96 57
23 97 70
23 98 13
23 99 21
23 100 46
24 1 41
24 2 73
24 3 24
24 4 3
24 5 71
24 6 80
24 7 9
24 8 5
24 9 25
24 10 6
24 11 35
24 12 94
24 13 75
24 14 3
24 15 60
24 16 6
24 17 6
24 18 22
24 19 72
24 20 65
24 21 47
24 22 3
24 23 73
24 24 36
24 25 71
24 26 65
24 27 31
24 28 58
24 29 83
24 30 93
24 31 79
24 32 97
24 33 75
24 34 69
24 35 93
24 36 48
24 37 28
24 38 63
24 39 57
24 40 6
24 41 97
24 42 48
24 43 42
24 44 78
24 45 16
24 46 16
24 47 94
24 48 47
24 49 52
24 50 14
24 51 9
24 52 15
24 53 64
24 54 41
24 55 43
24 56 21
24 57 1
24 58 29
24 59 43
24 60 91
24 61 3
24 62 61
24 63 95
24 64 24
24 65 52
24 66 33
24 67 1
24 68 76
24 69 11
24 70 11
24 71 11
24 72 11
24 73 49
24 74 97
24 75 91
24 76 28
24 77 10
24 78 90
24 79 26
24 80 88
24 81 49
24 82 37
24 83 66
24 84 94
24 85 35
24 86 21
24 87 63
24 88 84
24 89 2
24 90 12
24 91 78
24 92 58
24 93 30
24 94 82
24 95 12
24 96 24
24 97 5
24 98 19
24 99 81
24 100 21
25 1 18
25 2 5
25 3 9
25 4 75
25 5 46
25 6 17
25 7 14
25 8 87
25 9 59
25 10 19
25 11 29
25 12 88
25 13 92
25 14 26
25 15 33
25 16 44
25 17 67
25 18 42
25 19 31
25 20 59
25 21 1
25 22 59
25 23 45
25 24 92
25 25 87
25 26 29
25 27 20
25 28 29
25 29 61
25 30 60
25 31 79
25 32 87
25 33 81
25 34 56
25 35 60
25 36 72
25 37 27
25 38 91
25 39 1
25 40 31
25 41 75
25 42 99
25 43 84
25 44 16
25 45 72
25 46 67
25 47 66
25 48 73
25 49 85
25 50 62
25 51 75
25 52 13
25 53 13
25 54 20
25 55 40
25 56 87
25 57 27
25 58 28
25 59 13
25 60 81
25 61 54
25 62 61
25 63 93
25 64 78
25 65 21
25 66 44
25 67 84
25 68 31
25 69 50
25 70 97
25 71 86
25 72 14
25 73 14
25 74 14
25 75 14
25 76 79
25 77 83
25 78 90
25 79 15
25 80 95
25 81 31
25 82 83
25 83 68
25 84 83
25 85 95
25 86 19
25 87 14
25 88 6
25 89 46
25 90 81
25 91 95
25 92 81
25 93 44
25 94 58
25 95 64
25 96 70
25 97 93
25 98 91
25 99 41
25 100 37
26 1 81
26 2 78
26 3 88
26 4 19
26 5 75
26 6 68
26 7 24
26 8 64
26 9 2
26 10 9
26 11 97
26 12 60
26 13 85
26 14 45
26 15 17
26 16 97
26 17 92
26 18 46
26 19 52
26 20 3
26 21 17
26 22 56
26 23 7
26 24 98
26 25 39
26 26 68
26 27 50
26 28 25
26 29 77
26 30 95
26 31 13
26 32 47
26 33 9
26 34 83
26 35 32
26 36 23
26 37 82
26 38 72
26 39 49
26 40 33
26 41 1
26 42 2
26 43 67
26 44 46
26 45 48
26 46 60
26 47 42
26 48 55
26 49 95
26 50 16
26 51 76
26 52 25
26 53 81
26 54 67
26 55 49
26 56 82
26 57 21
26 58 42
26 59 56
26 60 9
26 61 16
26 62 2
26 63 19
26 64 38
26 65 20
26 66 27
26 67 11
26 68 7
26 69 55
26 70 38
26 71 41
26 72 71
26 73 79
26 74 12
26 75 90
26 76 90
26 77 90
26 78 90
26 79 22
26 80 16
26 81 49
26 82 73
26 83 59
26 84 59
26 85 91
26 86 50
26 87 43
26 88 6
26 89 71
26 90 93
26 91 64
26 92 95
26 93 17
26 94 2
26 95 4
26 96 24
26 97 33
26 98 80
26 99 70
26 100 30
27 1 49
27 2 35
27 3 80
27 4 61
27 5 47
27 6 58
27 7 20
27 8 95
27 9 95
27 10 38
27 11 47
27 12 5
27 13 73
27 14 23
27 15 13
27 16 99
27 17 80
27 18 62
27 19 60
27 20 30
27 21 22
27 22 89
27 23 15
27 24 3
27 25 63
27 26 90
27 27 53
27 28 49
27 29 43
27 30 6
27 31 9
27 32 7
27 33 84
27 34 93
27 35 14
27 36 7
27 37 59
27 38 47
27 39 58
27 40 81
27 41 8
27 42 27
27 43 4
27 44 45
27 45 88
27 46 1
27 47 12
27 48 71
27 49 63
27 50 58
27 51 64
27 52 36
27 53 52
27 54 55
27 55 72
27 56 41
27 57 80
27 58 6
27 59 37
27 60 46
27 61 38
27 62 31
27 63 61
27 64 82
27 65 50
27 66 77
27 67 25
27 68 13
27 69 49
27 70 16
27 71 6
27 72 14
27 73 79
27 74 37
27 75 48
27 76 44
27 77 49
27 78 79
27 79 79
27 80 79
27 81 79
27 82 68
27 83 66
27 84 17
27 85 27
27 86 45
27 87 20
27 88 67
27 89 87
27 90 78
27 91 62
27 92 65
27 93 64
27 94 25
27 95 35
27 96 63
27 97 27
27 98 62
27 99 23
27 100 18
28 1 94
28 2 33
28 3 50
28 4 71
28 5 91
28 6 42
28 7 5
28 8 93
28 9 63
28 10 55
28 11 76
28 12 95
28 13 33
28 14 46
28 15 83
28 16 32
28 17 64
28 18 20
28 19 7
28 20 2
28 21 8
28 22 70
28 23 75
28 24 91
28 25 72
28 26 94
28 27 74
28 28 47
28 29 56
28 30 65
28 31 58
28 32 70
28 33 82
28 34 32
28 35 72
28 36 32
28 37 62
28 38 40
28 39 92
28 40 34
28 41 35
28 42 22
28 43 15
28 44 38
28 45 47
28 46 70
28 47 3
28 48 31
28 49 19
28 50 90
28 51 17
28 52 90
28 53 41
28 54 89
28 55 16
28 56 37
28 57 23
28 58 61
28 59 22
28 60 18
28 61 1
28 62 11
28 63 58
28 64 17
28 65 16
28 66 75
28 67 99
28 68 76
28 69 35
28 70 74
28 71 15
28 72 59
28 73 79
28 74 93
28 75 68
28 76 83
28 77 22
28 78 75
28 79 70
28 80 49
28 81 67
28 82 67
28 83 67
28 84 67
28 85 71
28 86 38
28 87 26
28 88 3
28 89 86
28 90 15
28 91 3
28 92 19
28 93 12
28 94 10
28 95 34
28 96 41
28 97 96
28 98 51
28 99 92
28 100 46
29 1 25
29 2 19
29 3 42
29 4 89
29 5 10
29 6 95
29 7 51
29 8 99
29 9 31
29 10 25
29 11 7
29 12 32
29 13 28
29 14 74
29 15 85
29 16 41
29 17 2
29 18 84
29 19 91
29 20 27
29 21 73
29 22 10
29 23 65
29 24 1
29 25 77
29 26 38
29 27 95
29 28 14
29 29 24
29 30 52
29 31 74
29 32 42
29 33 83
29 34 41
29 35 64
29 36 79
29 37 31
29 38 39
29 39 76
29 40 68
29 41 8
29 42 66
29 43 64
29 44 84
29 45 80
29 46 5
29 47 83
29 48 63
29 49 72
29 50 44
29 51 40
29 52 39
29 53 75
29 54 47
29 55 34
29 56 4
29 57 4
29 58 36
29 59 91
29 60 92
29 61 71
29 62 10
29 63 38
29 64 56
29 65 25
29 66 98
29 67 24
29 68 44
29 69 38
29 70 24
29 71 50
29 72 90
29 73 29
29 74 28
29 75 17
29 76 68
29 77 95
29 78 39
29 79 75
29 80 13
29 81 25
29 82 91
29 83 77
29 84 10
29 85 10
29 86 10
29 87 10
29 88 74
29 89 52
29 90 10
29 91 20
29 92 50
29 93 69
29 94 46
29 95 71
29 96 42
29 97 17
29 98 97
29 99 4
29 100 38
30 1 85
30 2 10
30 3 6
30 4 24
30 5 86
30 6 14
30 7 63
30 8 30
30 9 50
30 10 24
30 11 2
30 12 34
30 13 94
30 14 40
30 15 68
30 16 12
30 17 43
30 18 81
30 19 53
30 20 12
30 21 32
30 22 54
30 23 22
30 24 17
30 25 48
30 26 43
30 27 16
30 28 57
30 29 83
30 30 76
30 31 71
30 32 73
30 33 99
30 34 70
30 35 72
30 36 48
30 37 64
30 38 34
30 39 58
30 40 31
30 41 49
30 42 69
30 43 33
30 44 55
30 45 76
30 46 83
30 47 39
30 48 35
30 49 76
30 50 23
30 51 55
30 52 8
30 53 96
30 54 27
30 55 17
30 56 74
30 57 97
30 58 21
30 59 41
30 60 7
30 61 8
30 62 73
30 63 48
30 64 95
30 65 94
30 66 32
30 67 63
30 68 82
30 69 23
30 70 48
30 71 57
30 72 34
30 73 47
30 74 33
30 75 41
30 76 30
30 77 58
30 78 42
30 79 12
30 80 76
30 81 83
30 82 15
30 83 83
30 84 97
30 85 4
30 86 81
30 87 80
30 88 80
30 89 80
30 90 80
30 91 53
30 92 68
30 93 65
30 94 99
30 95 41
30 96 58
30 97 61
30 98 63
30 99 30
30 100 37
31 1 85
31 2 8
31 3 17
31 4 48
31 5 34
31 6 88
31 7 96
31 8 57
31 9 49
31 10 94
31 11 74
31 12 4
31 13 99
31 14 22
31 15 63
31 16 78
31 17 9
31 18 99
31 19 81
31 20 92
31 21 95
31 22 11
31 23 39
31 24 69
31 25 84
31 26 32
31 27 54
31 28 90
31 29 70
31 30 84
31 31 43
31 32 24
31 33 99
31 34 30
31 35 45
31 36 55
31 37 55
31 38 48
31 39 45
31 40 18
31 41 63
31 42 72
31 43 93
31 44 82
31 45 80
31 46 29
31 47 44
31 48 92
31 49 22
31 50 17
31 51 60
31 52 57
31 53 25
31 54 72
31 55 88
31 56 98
31 57 41
31 58 69
31 59 16
31 60 36
31 61 21
31 62 92
31 63 9
31 64 66
31 65 70
31 66 36
31 67 92
31 68 96
31 69 63
31 70 5
31 71 33
31 72 95
31 73 56
31 74 30
31 75 72
31 76 29
31 77 71
31 78 7
31 79 4
31 80 49
31 81 8
31 82 53
31 83 4
31 84 78
31 85 4
31 86 7
31 87 99
31 88 92
31 89 86
31 90 18
31 91 18
31 92 18
31 93 18
31 94 21
31 95 70
31 96 14
31 97 52
31 98 49
31 99 52
31 100 54
32 1 21
32 2 81
32 3 25
32 4 57
32 5 29
32 6 83
32 7 86
32 8 71
32 9 68
32 10 33
32 11 52
32 12 9
32 13 87
32 14 12
32 15 72
32 16 72
32 17 79
32 18 35
32 19 83
32 20 8
32 21 9
32 22 32
32 23 63
32 24 31
32 25 14
32 26 97
32 27 92
32 28 80
32 29 25
32 30 16
32 31 76
32 32 87
32 33 66
32 34 33
32 35 38
32 36 98
32 37 66
32 38 26
32 39 52
32 40 70
32 41 28
32 42 77
32 43 50
32 44 37
32 45 28
32 46 28
32 47 89
32 48 31
32 49 2
32 50 46
32 51 49
32 52 79
32 53 56
32 54 32
32 55 64
32 56 3
32 57 80
32 58 14
32 59 70
32 60 26
32 61 23
32 62 84
32 63 2
32 64 98
32 65 75
32 66 74
32 67 53
32 68 83
32 69 35
32 70 31
32 71 57
32 72 24
32 73 94
32 74 67
32 75 96
32 76 72
32 77 16
32 78 39
32 79 47
32 80 68
32 81 99
32 82 64
32 83 57
32 84 17
32 85 49
32 86 86
32 87 72
32 88 9
32 89 85
32 90 95
32 91 52
32 92 80
32 93 87
32 94 87
32 95 87
32 96 87
32 97 62
32 98 70
32 99 3
32 100 85
33 1 47
33 2 9
33 3 20
33 4 50
33 5 42
33 6 55
33 7 41
33 8 33
33 9 52
33 10 96
33 11 26
33 12 72
33 13 76
33 14 59
33 15 82
33 16 26
33 17 62
33 18 31
33 19 58
33 20 96
33 21 61
33 22 23
33 23 3
33 24 36
33 25 41
33 26 62
33 27 76
33 28 49
33 29 59
33 30 74
33 31 75
33 32 59
33 33 5
33 34 73
33 35 32
33 36 60
33 37 45
33 38 48
33 39 51
33 40 39
33 41 87
33 42 34
33 43 75
33 44 18
33 45 57
33 46 73
33 47 38
33 48 57
33 49 58
33 50 87
33 51 59
33 52 85
33 53 32
33 54 35
33 55 16
33 56 56
33 57 3
33 58 20
33 59 7
33 60 40
33 61 72
33 62 87
33 63 6
33 64 37
33 65 76
33 66 71
33 67 43
33 68 45
33 69 52
33 70 32
33 71 37
33 72 39
33 73 3
33 74 16
33 75 85
33 76 65
33 77 58
33 78 39
33 79 19
33 80 50
33 81 58
33 82 48
33 83 74
33 84 68
33 85 74
33 86 2
33 87 17
33 88 48
33 89 89
33 90 1
33 91 92
33 92 89
33 93 32
33 94 14
33 95 27
33 96 6
33 97 6
33 98 6
33 99 6
33 100 29
34 1 22
34 2 15
34 3 75
34 4 91
34 5 47
34 6 55
34 7 89
34 8 50
34 9 94
34 10 57
34 11 1
34 12 20
34 13 42
34 14 59
34 15 92
34 16 98
34 17 67
34 18 89
34 19 13
34 20 86
34 21 45
34 22 1
34 23 96
34 24 95
34 25 41
34 26 76
34 27 96
34 28 92
34 29 31
34 30 41
34 31 49
34 32 63
34 33 67
34 34 1
34 35 78
34 36 25
34 37 88
34 38 97
34 39 89
34 40 34
34 41 69
34 42 60
34 43 37
34 44 68
34 45 65
34 46 33
34 47 69
34 48 26
34 49 11
34 50 77
34 51 54
34 52 22
34 53 56
34 54 41
34 55 33
34 56 92
34 57 92
34 58 41
34 59 10
34 60 89
34 61 31
34 62 84
34 63 53
34 64 80
34 65 40
34 66 49
34 67 41
34 68 7
34 69 82
34 70 88
34 71 30
34 72 17
34 73 32
34 74 1
34 75 39
34 76 39
34 77 12
34 78 5
34 79 82
34 80 60
34 81 69
34 82 15
34 83 75
34 84 77
34 85 43
34 86 39
34 87 62
34 88 76
34 89 82
34 90 93
34 91 75
34 92 72
34 93 56
34 94 89
34 95 67
34 96 37
34 97 56
34 98 60
34 99 64
34 100 64
35 1 64
35 2 64
35 3 80
35 4 44
35 5 10
35 6 11
35 7 7
35 8 60
35 9 18
35 10 23
35 11 29
35 12 31
35 13 37
35 14 73
35 15 27
35 16 85
35 17 2
35 18 63
35 19 92
35 20 14
35 21 76
35 22 14
35 23 10
35 24 39
35 25 78
35 26 87
35 27 81
35 28 85
35 29 70
35 30 33
35 31 22
35 32 58
35 33 94
35 34 56
35 35 58
35 36 70
35 37 52
35 38 24
35 39 17
35 40 35
35 41 2
35 42 93
35 43 74
35 44 31
35 45 2
35 46 41
35 47 96
35 48 33
35 49 62
35 50 88
35 51 99
35 52 5
35 53 8
35 54 55
35 55 20
35 56 48
35 57 93
35 58 86
35 59 90
35 60 27
35 61 75
35 62 27
35 63 80
35 64 46
35 65 46
35 66 20
35 67 1
35 68 50
35 69 92
35 70 74
35 71 6
35 72 6
35 73 75
35 74 9
35 75 93
35 76 95
35 77 64
35 78 36
35 79 77
35 80 28
35 81 17
35 82 96
35 83 4
35 84 87
35 85 24
35 86 79
35 87 9
35 88 31
35 89 71
35 90 95
35 91 13
35 92 36
35 93 34
35 94 4
35 95 9
35 96 58
35 97 28
35 98 44
35 99 60
35 100 38
36 1 98
36 2 14
36 3 14
36 4 14
36 5 14
36 6 70
36 7 3
36 8 96
36 9 1
36 10 25
36 11 73
36 12 43
36 13 21
36 14 85
36 15 79
36 16 4
36 17 46
36 18 69
36 19 60
36 20 49
36 21 32
36 22 67
36 23 11
36 24 18
36 25 44
36 26 17
36 27 27
36 28 55
36 29 40
36 30 29
36 31 35
36 32 29
36 33 75
36 34 77
36 35 55
36 36 24
36 37 30
36 38 43
36 39 29
36 40 46
36 41 78
36 42 21
36 43 21
36 44 54
36 45 35
36 46 79
36 47 44
36 48 30
36 49 12
36 50 70
36 51 87
36 52 38
36 53 27
36 54 9
36 55 51
36 56 96
36 57 70
36 58 17
36 59 68
36 60 13
36 61 23
36 62 69
36 63 88
36 64 25
36 65 6
36 66 57
36 67 58
36 68 41
36 69 74
36 70 52
36 71 51
36 72 11
36 73 43
36 74 53
36 75 2
36 76 91
36 77 56
36 78 26
36 79 93
36 80 24
36 81 86
36 82 20
36 83 75
36 84 69
36 85 82
36 86 78
36 87 77
36 88 85
36 89 72
36 90 99
36 91 17
36 92 24
36 93 24
36 94 16
36 95 38
36 96 55
36 97 60
36 98 95
36 99 34
36 100 18
37 1 72
37 2 58
37 3 64
37 4 62
37 5 75
37 6 75
37 7 75
37 8 75
37 9 59
37 10 45
37 11 36
37 12 73
37 13 1
37 14 93
37 15 37
37 16 47
37 17 49
37 18 42
37 19 71
37 20 24
37 21 85
37 22 77
37 23 56
37 24 54
37 25 44
37 26 10
37 27 80
37 28 5
37 29 40
37 30 44
37 31 51
37 32 51
37 33 38
37 34 35
37 35 49
37 36 62
37 37 84
37 38 94
37 39 75
37 40 83
37 41 93
37 42 5
37 43 25
37 44 60
37 45 42
37 46 82
37 47 34
37 48 39
37 49 84
37 50 74
37 51 19
37 52 20
37 53 1
37 54 88
37 55 20
37 56 56
37 57 45
37 58 82
37 59 35
37 60 4
37 61 74
37 62 86
37 63 16
37 64 44
37 65 19
37 66 26
37 67 94
37 68 55
37 69 8
37 70 8
37 71 20
37 72 25
37 73 62
37 74 28
37 75 55
37 76 64
37 77 89
37 78 35
37 79 94
37 80 7
37 81 15
37 82 25
37 83 22
37 84 28
37 85 73
37 86 44
37 87 15
37 88 39
37 89 85
37 90 53
37 91 90
37 92 45
37 93 82
37 94 40
37 95 97
37 96 12
37 97 46
37 98 73
37 99 46
37 100 80
38 1 64
38 2 58
38 3 88
38 4 22
38 5 46
38 6 81
38 7 2
38 8 71
38 9 71
38 10 71
38 11 71
38 12 5
38 13 29
38 14 19
38 15 91
38 16 82
38 17 51
38 18 37
38 19 56
38 20 57
38 21 18
38 22 38
38 23 97
38 24 84
38 25 79
38 26 73
38 27 38
38 28 11
38 29 47
38 30 29
38 31 73
38 32 3
38 33 77
38 34 11
38 35 58
38 36 98
38 37 33
38 38 21
38 39 47
38 40 97
38 41 27
38 42 99
38 43 68
38 44 19
38 45 51
38 46 40
38 47 54
38 48 42
38 49 97
38 50 68
38 51 13
38 52 83
38 53 44
38 54 67
38 55 62
38 56 1
38 57 93
38 58 34
38 59 16
38 60 41
38 61 61
38 62 34
38 63 63
38 64 10
38 65 47
38 66 68
38 67 50
38 68 83
38 69 86
38 70 53
38 71 15
38 72 22
38 73 85
38 74 50
38 75 86
38 76 24
38 77 1
38 78 86
38 79 14
38 80 76
38 81 20
38 82 33
38 83 60
38 84 14
38 85 28
38 86 20
38 87 86
38 88 87
38 89 76
38 90 14
38 91 82
38 92 40
38 93 85
38 94 86
38 95 20
38 96 70
38 97 72
38 98 2
38 99 76
38 100 9
39 1 13
39 2 29
39 3 92
39 4 68
39 5 55
39 6 39
39 7 66
39 8 81
39 9 78
39 10 90
39 11 13
39 12 13
39 13 13
39 14 13
39 15 15
39 16 4
39 17 8
39 18 70
39 19 64
39 20 32
39 21 7
39 22 55
39 23 2
39 24 72
39 25 25
39 26 73
39 27 50
39 28 6
39 29 8
39 30 5
39 31 95
39 32 6
39 33 26
39 34 65
39 35 58
39 36 20
39 37 26
39 38 37
39 39 6
39 40 64
39 41 24
39 42 22
39 43 47
39 44 55
39 45 82
39 46 99
39 47 62
39 48 38
39 49 2
39 50 61
39 51 35
39 52 83
39 53 88
39 54 67
39 55 98
39 56 13
39 57 41
39 58 93
39 59 52
39 60 98
39 61 18
39 62 59
39 63 76
39 64 28
39 65 14
39 66 94
39 67 34
39 68 12
39 69 53
39 70 80
39 71 74
39 72 1
39 73 92
39 74 37
39 75 39
39 76 29
39 77 35
39 78 88
39 79 25
39 80 59
39 81 69
39 82 69
39 83 39
39 84 15
39 85 33
39 86 6
39 87 59
39 88 63
39 89 57
39 90 1
39 91 91
39 92 20
39 93 70
39 94 29
39 95 46
39 96 29
39 97 91
39 98 89
39 99 86
39 100 99
40 1 53
40 2 66
40 3 23
40 4 63
40 5 24
40 6 26
40 7 5
40 8 59
40 9 68
40 10 87
40 11 43
40 12 84
40 13 52
40 14 72
40 15 72
40 16 72
40 17 72
40 18 56
40 19 14
40 20 2
40 21 30
40 22 59
40 23 40
40 24 36
40 25 45
40 26 37
40 27 70
40 28 62
40 29 70
40 30 70
40 31 39
40 32 8
40 33 28
40 34 83
40 35 76
40 36 4
40 37 33
40 38 18
40 39 63
40 40 75
40 41 1
40 42 98
40 43 44
40 44 6
40 45 15
40 46 13
40 47 14
40 48 37
40 49 33
40 50 30
40 51 78
40 52 76
40 53 59
40 54 68
40 55 77
40 56 90
40 57 63
40 58 87
40 59 63
40 60 19
40 61 94
40 62 91
40 63 39
40 64 16
40 65 30
40 66 1
40 67 47
40 68 35
40 69 64
40 70 16
40 71 78
40 72 48
40 73 55
40 74 39
40 75 37
40 76 64
40 77 51
40 78 49
40 79 40
40 80 26
40 81 76
40 82 30
40 83 79
40 84 68
40 85 77
40 86 50
40 87 64
40 88 8
40 89 47
40 90 3
40 91 23
40 92 24
40 93 11
40 94 8
40 95 53
40 96 75
40 97 11
40 98 37
40 99 98
40 100 35
41 1 96
41 2 56
41 3 64
41 4 2
41 5 40
41 6 25
41 7 19
41 8 96
41 9 80
41 10 22
41 11 93
41 12 63
41 13 51
41 14 90
41 15 29
41 16 46
41 17 70
41 18 70
41 19 70
41 20 70
41 21 53
41 22 34
41 23 39
41 24 11
41 25 59
41 26 76
41 27 5
41 28 55
41 29 55
41 30 12
41 31 74
41 32 93
41 33 90
41 34 27
41 35 91
41 36 33
41 37 21
41 38 92
41 39 6
41 40 11
41 41 23
41 42 15
41 43 19
41 44 45
41 45 1
41 46 29
41 47 59
41 48 1
41 49 61
41 50 94
41 51 31
41 52 41
41 53 68
41 54 82
41 55 86
41 56 78
41 57 74
41 58 16
41 59 27
41 60 17
41 61 70
41 62 69
41 63 72
41 64 61
41 65 5
41 66 4
41 67 85
41 68 94
41 69 48
41 70 53
41 71 66
41 72 10
41 73 67
41 74 60
41 75 8
41 76 91
41 77 96
41 78 61
41 79 48
41 80 35
41 81 79
41 82 88
41 83 17
41 84 31
41 85 79
41 86 94
41 87 92
41 88 95
41 89 19
41 90 43
41 91 67
41 92 5
41 93 96
41 94 56
41 95 37
41 96 51
41 97 72
41 98 34
41 99 47
41 100 17
42 1 95
42 2 44
42 3 59
42 4 16
42 5 79
42 6 11
42 7 98
42 8 51
42 9 69
42 10 77
42 11 34
42 12 70
42 13 84
42 14 60
42 15 34
42 16 79
42 17 19
42 18 87
42 19 28
42 20 75
42 21 75
42 22 75
42 23 75
42 24 20
42 25 96
42 26 82
42 27 26
42 28 23
42 29 58
42 30 61
42 31 44
42 32 89
42 33 48
42 34 51
42 35 31
42 36 37
42 37 73
42 38 18
42 39 35
42 40 45
42 41 52
42 42 96
42 43 36
42 44 30
42 45 48
42 46 80
42 47 31
42 48 79
42 49 85
42 50 48
42 51 37
42 52 77
42 53 51
42 54 34
42 55 80
42 56 19
42 57 32
42 58 62
42 59 64
42 60 9
42 61 86
42 62 99
42 63 55
42 64 83
42 65 52
42 66 41
42 67 81
42 68 11
42 69 94
42 70 66
42 71 26
42 72 71
42 73 45
42 74 88
42 75 91
42 76 41
42 77 86
42 78 53
42 79 23
42 80 6
42 81 82
42 82 46
42 83 88
42 84 55
42 85 55
42 86 4
42 87 87
42 88 56
42 89 59
42 90 56
42 91 69
42 92 69
42 93 92
42 94 21
42 95 39
42 96 12
42 97 21
42 98 91
42 99 50
42 100 57
43 1 10
43 2 44
43 3 7
43 4 59
43 5 42
43 6 78
43 7 17
43 8 59
43 9 34
43 10 49
43 11 32
43 12 12
43 13 7
43 14 76
43 15 20
43 16 2
43 17 98
43 18 78
43 19 97
43 20 30
43 21 22
43 22 38
43 23 20
43 24 20
43 25 20
43 26 20
43 27 53
43 28 79
43 29 81
43 30 31
43 31 59
43 32 81
43 33 8
43 34 89
43 35 29
43 36 96
43 37 26
43 38 94
43 39 30
43 40 73
43 41 62
43 42 40
43 43 88
43 44 54
43 45 59
43 46 59
43 47 46
43 48 53
43 49 94
43 50 4
43 51 91
43 52 60
43 53 86
43 54 65
43 55 51
43 56 52
43 57 96
43 58 54
43 59 23
43 60 54
43 61 19
43 62 48
43 63 39
43 64 64
43 65 97
43 66 22
43 67 62
43 68 1
43 69 96
43 70 73
43 71 11
43 72 85
43 73 78
43 74 3
43 75 5
43 76 82
43 77 76
43 78 23
43 79 88
43 80 14
43 81 70
43 82 44
43 83 31
43 84 99
43 85 64
43 86 87
43 87 7
43 88 94
43 89 6
43 90 57
43 91 47
43 92 78
43 93 19
43 94 61
43 95 29
43 96 76
43 97 15
43 98 5
43 99 36
43 100 89
44 1 20
44 2 64
44 3 95
44 4 78
44 5 55
44 6 17
44 7 73
44 8 56
44 9 7
44 10 36
44 11 16
44 12 57
44 13 88
44 14 58
44 15 84
44 16 59
44 17 76
44 18 97
44 19 15
44 20 40
44 21 36
44 22 85
44 23 30
44 24 9
44 25 58
44 26 62
44 27 62
44 28 62
44 29 62
44 30 45
44 31 89
44 32 92
44 33 78
44 34 5
44 35 12
44 36 96
44 37 23
44 38 39
44 39 25
44 40 69
44 41 56
44 42 56
44 43 58
44 44 70
44 45 91
44 46 2
44 47 51
44 48 51
44 49 48
44 50 99
44 51 43
44 52 16
44 53 78
44 54 31
44 55 33
44 56 84
44 57 34
44 58 77
44 59 5
44 60 12
44 61 69
44 62 33
44 63 55
44 64 63
44 65 92
44 66 87
44 67 84
44 68 30
44 69 3
44 70 40
44 71 12
44 72 59
44 73 34
44 74 2
44 75 89
44 76 60
44 77 19
44 78 28
44 79 88
44 80 94
44 81 84
44 82 82
44 83 59
44 84 5
44 85 36
44 86 24
44 87 64
44 88 6
44 89 48
44 90 71
44 91 92
44 92 29
44 93 65
44 94 77
44 95 23
44 96 53
44 97 88
44 98 31
44 99 91
44 100 54
45 1 61
45 2 26
45 3 10
45 4 94
45 5 75
45 6 85
45 7 68
45 8 79
45 9 29
45 10 40
45 11 71
45 12 39
45 13 31
45 14 22
45 15 17
45 16 1
45 17 97
45 18 13
45 19 29
45 20 4
45 21 42
45 22 13
45 23 19
45 24 98
45 25 77
45 26 76
45 27 89
45 28 69
45 29 34
45 30 34
45 31 34
45 32 34
45 33 72
45 34 17
45 35 58
45 36 19
45 37 70
45 38 21
45 39 81
45 40 39
45 41 11
45 42 51
45 43 58
45 44 56
45 45 72
45 46 89
45 47 32
45 48 6
45 49 77
45 50 56
45 51 92
45 52 51
45 53 20
45 54 79
45 55 84
45 56 97
45 57 46
45 58 1
45 59 3
45 60 18
45 61 9
45 62 38
45 63 7
45 64 2
45 65 8
45 66 94
45 67 25
45 68 83
45 69 72
45 70 23
45 71 17
45 72 12
45 73 90
45 74 19
45 75 84
45 76 23
45 77 55
45 78 78
45 79 30
45 80 4
45 81 1
45 82 73
45 83 71
45 84 85
45 85 44
45 86 70
45 87 4
45 88 28
45 89 26
45 90 17
45 91 50
45 92 24
45 93 96
45 94 60
45 95 70
45 96 14
45 97 93
45 98 89
45 99 87
45 100 13
46 1 39
46 2 3
46 3 35
46 4 63
46 5 82
46 6 76
46 7 28
46 8 57
46 9 61
46 10 3
46 11 45
46 12 45
46 13 90
46 14 98
46 15 15
46 16 11
46 17 39
46 18 43
46 19 8
46 20 15
46 21 47
46 22 53
46 23 65
46 24 59
46 25 94
46 26 81
46 27 77
46 28 26
46 29 93
46 30 45
46 31 99
46 32 1
46 33 1
46 34 1
46 35 1
46 36 4
46 37 10
46 38 62
46 39 79
46 40 45
46 41 33
46 42 66
46 43 97
46 44 3
46 45 2
46 46 9
46 47 9
46 48 88
46 49 85
46 50 57
46 51 3
46 52 93
46 53 65
46 54 2
46 55 10
46 56 82
46 57 13
46 58 56
46 59 89
46 60 34
46 61 82
46 62 84
46 63 92
46 64 39
46 65 79
46 66 80
46 67 80
46 68 66
46 69 77
46 70 11
46 71 90
46 72 26
46 73 43
46 74 38
46 75 3
46 76 12
46 77 45
46 78 2
46 79 77
46 80 66
46 81 26
46 82 25
46 83 94
46 84 56
46 85 79
46 86 13
46 87 80
46 88 44
46 89 89
46 90 61
46 91 36
46 92 74
46 93 57
46 94 75
46 95 71
46 96 72
46 97 72
46 98 8
46 99 93
46 100 23
47 1 75
47 2 78
47 3 12
47 4 49
47 5 32
47 6 46
47 7 49
47 8 74
47 9 66
47 10 16
47 11 66
47 12 46
47 13 55
47 14 18
47 15 32
47 16 39
47 17 41
47 18 34
47 19 24
47 20 30
47 21 49
47 22 73
47 23 61
47 24 91
47 25 61
47 26 41
47 27 82
47 28 73
47 29 83
47 30 1
47 31 4
47 32 97
47 33 78
47 34 43
47 35 80
47 36 80
47 37 80
47 38 80
47 39 33
47 40 98
47 41 99
47 42 91
47 43 71
47 44 13
47 45 19
47 46 59
47 47 55
47 48 90
47 49 40
47 50 53
47 51 12
47 52 62
47 53 73
47 54 83
47 55 60
47 56 16
47 57 37
47 58 5
47 59 68
47 60 85
47 61 81
47 62 29
47 63 7
47 64 43
47 65 83
47 66 44
47 67 69
47 68 18
47 69 57
47 70 37
47 71 70
47 72 7
47 73 76
47 74 88
47 75 36
47 76 59
47 77 75
47 78 50
47 79 59
47 80 43
47 81 70
47 82 34
47 83 33
47 84 63
47 85 41
47 86 60
47 87 64
47 88 3
47 89 59
47 90 49
47 91 79
47 92 21
47 93 6
47 94 58
47 95 94
47 96 75
47 97 6
47 98 90
47 99 42
47 100 90
48 1 59
48 2 63
48 3 92
48 4 84
48 5 45
48 6 37
48 7 70
48 8 84
48 9 43
48 10 66
48 11 45
48 12 20
48 13 56
48 14 54
48 15 55
48 16 46
48 17 76
48 18 15
48 19 27
48 20 14
48 21 13
48 22 48
48 23 15
48 24 17
48 25 11
48 26 36
48 27 51
48 28 24
48 29 63
48 30 81
48 31 87
48 32 91
48 33 10
48 34 64
48 35 75
48 36 90
48 37 73
48 38 80
48 39 80
48 40 80
48 41 80
48 42 56
48 43 82
48 44 40
48 45 70
48 46 10
48 47 43
48 48 10
48 49 99
48 50 78
48 51 33
48 52 20
48 53 70
48 54 60
48 55 43
48 56 4
48 57 45
48 58 79
48 59 11
48 60 82
48 61 57
48 62 36
48 63 81
48 64 36
48 65 49
48 66 30
48 67 87
48 68 85
48 69 61
48 70 37
48 71 28
48 72 56
48 73 7
48 74 48
48 75 89
48 76 17
48 77 75
48 78 45
48 79 47
48 80 53
48 81 97
48 82 38
48 83 72
48 84 98
48 85 97
48 86 88
48 87 57
48 88 17
48 89 21
48 90 49
48 91 8
48 92 2
48 93 20
48 94 87
48 95 37
48 96 70
48 97 15
48 98 2
48 99 96
48 100 34
49 1 73
49 2 36
49 3 57
49 4 11
49 5 52
49 6 59
49 7 21
49 8 42
49 9 96
49 10 27
49 11 88
49 12 25
49 13 63
49 14 20
49 15 21
49 16 77
49 17 37
49 18 30
49 19 8
49 20 27
49 21 99
49 22 37
49 23 84
49 24 20
49 25 36
49 26 97
49 27 11
49 28 9
49 29 5
49 30 94
49 31 6
49 32 24
49 33 42
49 34 76
49 35 27
49 36 15
49 37 19
49 38 4
49 39 91
49 40 71
49 41 87
49 42 87
49 43 87
49 44 87
49 45 64
49 46 21
49 47 79
49 48 14
49 49 73
49 50 10
49 51 80
49 52 61
49 53 95
49 54 39
49 55 21
49 56 89
49 57 59
49 58 86
49 59 9
49 60 25
49 61 2
49 62 76
49 63 84
49 64 79
49 65 67
49 66 10
49 67 10
49 68 66
49 69 4
49 70 72
49 71 23
49 72 11
49 73 28
49 74 39
49 75 28
49 76 25
49 77 14
49 78 7
49 79 98
49 80 8
49 81 76
49 82 47
49 83 26
49 84 37
49 85 35
49 86 3
49 87 15
49 88 81
49 89 32
49 90 44
49 91 20
49 92 56
49 93 66
49 94 67
49 95 75
49 96 61
49 97 73
49 98 74
49 99 31
49 100 44
50 1 97
50 2 20
50 3 71
50 4 81
50 5 95
50 6 76
50 7 8
50 8 73
50 9 73
50 10 52
50 11 87
50 12 60
50 13 56
50 14 25
50 15 55
50 16 46
50 17 65
50 18 67
50 19 97
50 20 15
50 21 27
50 22 49
50 23 63
50 24 96
50 25 82
50 26 91
50 27 84
50 28 50
50 29 32
50 30 9
50 31 57
50 32 18
50 33 7
50 34 95
50 35 73
50 36 39
50 37 48
50 38 3
50 39 23
50 40 41
50 41 17
50 42 99
50 43 3
50 44 63
50 45 63
50 46 63
50 47 63
50 48 2
50 49 48
50 50 33
50 51 88
50 52 28
50 53 33
50 54 51
50 55 8
50 56 18
50 57 76
50 58 51
50 59 1
50 60 38
50 61 74
50 62 27
50 63 81
50 64 26
50 65 91
50 66 3
50 67 12
50 68 93
50 69 5
50 70 1
50 71 50
50 72 7
50 73 21
50 74 26
50 75 63
50 76 57
50 77 72
50 78 65
50 79 85
50 80 66
50 81 96
50 82 19
50 83 97
50 84 97
50 85 77
50 86 91
50 87 3
50 88 39
50 89 23
50 90 26
50 91 52
50 92 14
50 93 76
50 94 27
50 95 36
50 96 45
50 97 28
50 98 39
50 99 59
50 100 84
51 1 39
51 2 71
51 3 28
51 4 28
51 5 96
51 6 55
51 7 87
51 8 89
51 9 47
51 10 93
51 11 99
51 12 83
51 13 54
51 14 21
51 15 35
51 16 79
51 17 31
51 18 61
51 19 94
51 20 50
51 21 84
51 22 18
51 23 17
51 24 42
51 25 48
51 26 26
51 27 93
51 28 76
51 29 52
51 30 34
51 31 8
51 32 10
51 33 4
51 34 37
51 35 42
51 36 86
51 37 48
51 38 32
51 39 75
51 40 78
51 41 33
51 42 81
51 43 93
51 44 21
51 45 7
51 46 30
51 47 29
51 48 29
51 49 29
51 50 29
51 51 81
51 52 99
51 53 85
51 54 57
51 55 17
51 56 91
51 57 12
51 58 98
51 59 72
51 60 71
51 61 31
51 62 90
51 63 3
51 64 45
51 65 10
51 66 71
51 67 31
51 68 27
51 69 60
51 70 49
51 71 12
51 72 24
51 73 10
51 74 9
51 75 27
51 76 16
51 77 55
51 78 47
51 79 82
51 80 38
51 81 69
51 82 25
51 83 70
51 84 8
51 85 73
51 86 81
51 87 63
51 88 87
51 89 93
51 90 84
51 91 86
51 92 53
51 93 43
51 94 30
51 95 64
51 96 14
51 97 9
51 98 69
51 99 8
51 100 98
52 1 65
52 2 15
52 3 69
52 4 53
52 5 44
52 6 37
52 7 53
52 8 47
52 9 73
52 10 11
52 11 76
52 12 33
52 13 73
52 14 70
52 15 46
52 16 70
52 17 37
52 18 55
52 19 51
52 20 4
52 21 86
52 22 60
52 23 80
52 24 49
52 25 67
52 26 8
52 27 14
52 28 77
52 29 17
52 30 67
52 31 75
52 32 96
52 33 98
52 34 51
52 35 16
52 36 23
52 37 81
52 38 76
52 39 36
52 40 3
52 41 7
52 42 47
52 43 85
52 44 17
52 45 34
52 46 47
52 47 18
52 48 68
52 49 27
52 50 99
52 51 99
52 52 99
52 53 99
52 54 17
52 55 4
52 56 59
52 57 83
52 58 43
52 59 4
52 60 41
52 61 38
52 62 41
52 63 84
52 64 83
52 65 85
52 66 28
52 67 19
52 68 28
52 69 65
52 70 13
52 71 96
52 72 85
52 73 92
52 74 49
52 75 59
52 76 1
52 77 65
52 78 30
52 79 58
52 80 50
52 81 49
52 82 7
52 83 72
52 84 64
52 85 64
52 86 79
52 87 12
52 88 53
52 89 53
52 90 60
52 91 45
52 92 96
52 93 75
52 94 40
52 95 91
52 96 26
52 97 57
52 98 18
52 99 55
52 100 81
53 1 30
53 2 89
53 3 77
53 4 31
53 5 64
53 6 93
53 7 94
53 8 94
53 9 69
53 10 68
53 11 8
53 12 12
53 13 10
53 14 29
53 15 61
53 16 95
53 17 52
53 18 80
53 19 74
53 20 98
53 21 12
53 22 55
53 23 40
53 24 53
53 25 81
53 26 14
53 27 43
53 28 96
53 29 50
53 30 35
53 31 97
53 32 47
53 33 51
53 34 72
53 35 76
53 36 24
53 37 11
53 38 48
53 39 95
53 40 43
53 41 78
53 42 96
53 43 18
53 44 61
53 45 47
53 46 9
53 47 35
53 48 80
53 49 65
53 50 89
53 51 19
53 52 35
53 53 63
53 54 63
53 55 63
53 56 63
53 57 93
53 58 77
53 59 83
53 60 4
53 61 76
53 62 61
53 63 2
53 64 11
53 65 91
53 66 47
53 67 17
53 68 80
53 69 29
53 70 38
53 71 99
53 72 9
53 73 56
53 74 67
53 75 92
53 76 25
53 77 78
53 78 18
53 79 39
53 80 2
53 81 52
53 82 11
53 83 36
53 84 19
53 85 93
53 86 73
53 87 26
53 88 13
53 89 74
53 90 34
53 91 82
53 92 56
53 93 73
53 94 46
53 95 19
53 96 62
53 97 45
53 98 74
53 99 7
53 100 63
54 1 77
54 2 90
54 3 74
54 4 43
54 5 81
54 6 90
54 7 87
54 8 40
54 9 50
54 10 93
54 11 59
54 12 95
54 13 74
54 14 25
54 15 75
54 16 26
54 17 39
54 18 71
54 19 29
54 20 64
54 21 30
54 22 7
54 23 43
54 24 6
54 25 27
54 26 6
54 27 19
54 28 24
54 29 59
54 30 79
54 31 76
54 32 17
54 33 20
54 34 75
54 35 32
54 36 40
54 37 37
54 38 47
54 39 84
54 40 9
54 41 54
54 42 96
54 43 3
54 44 68
54 45 91
54 46 81
54 47 48
54 48 96
54 49 93
54 50 95
54 51 40
54 52 19
54 53 73
54 54 54
54 55 84
54 56 34
54 57 34
54 58 34
54 59 34
54 60 93
54 61 63
54 62 5
54 63 70
54 64 73
54 65 95
54 66 36
54 67 66
54 68 11
54 69 74
54 70 77
54 71 7
54 72 26
54 73 64
54 74 85
54 75 11
54 76 73
54 77 13
54 78 14
54 79 80
54 80 60
54 81 26
54 82 73
54 83 85
54 84 12
54 85 13
54 86 22
54 87 57
54 88 91
54 89 29
54 90 68
54 91 1
54 92 41
54 93 15
54 94 84
54 95 8
54 96 83
54 97 66
54 98 93
54 99 46
54 100 21
55 1 24
55 2 77
55 3 86
55 4 22
55 5 40
55 6 10
55 7 65
55 8 38
55 9 58
55 10 41
55 11 19
55 12 12
55 13 49
55 14 51
55 15 11
55 16 50
55 17 74
55 18 88
55 19 94
55 20 10
55 21 74
55 22 15
55 23 48
55 24 87
55 25 7
55 26 68
55 27 94
55 28 76
55 29 12
55 30 21
55 31 1
55 32 29
55 33 84
55 34 40
55 35 59
55 36 30
55 37 82
55 38 18
55 39 86
55 40 7
55 41 86
55 42 21
55 43 92
55 44 26
55 45 69
55 46 58
55 47 26
55 48 27
55 49 26
55 50 23
55 51 49
55 52 27
55 53 23
55 54 3
55 55 3
55 56 53
55 57 23
55 58 65
55 59 1
55 60 1
55 61 1
55 62 1
55 63 87
55 64 35
55 65 80
55 66 69
55 67 52
55 68 9
55 69 43
55 70 5
55 71 64
55 72 56
55 73 55
55 74 67
55 75 13
55 76 41
55 77 69
55 78 92
55 79 41
55 80 59
55 81 41
55 82 76
55 83 10
55 84 68
55 85 68
55 86 5
55 87 77
55 88 36
55 89 87
55 90 89
55 91 3
55 92 37
55 93 6
55 94 49
55 95 71
55 96 97
55 97 51
55 98 53
55 99 24
55 100 83
56 1 88
56 2 4
56 3 62
56 4 92
56 5 97
56 6 58
56 7 78
56 8 71
56 9 94
56 10 28
56 11 46
56 12 21
56 13 10
56 14 7
56 15 66
56 16 67
56 17 43
56 18 9
56 19 13
56 20 40
56 21 53
56 22 3
56 23 33
56 24 35
56 25 11
56 26 42
56 27 43
56 28 70
56 29 2
56 30 45
56 31 33
56 32 51
56 33 81
56 34 99
56 35 34
56 36 39
56 37 37
56 38 91
56 39 57
56 40 12
56 41 45
56 42 49
56 43 21
56 44 7
56 45 37
56 46 42
56 47 99
56 48 35
56 49 34
56 50 39
56 51 64
56 52 44
56 53 6
56 54 25
56 55 1
56 56 58
56 57 77
56 58 62
56 59 27
56 60 24
56 61 81
56 62 63
56 63 63
56 64 63
56 65 63
56 66 33
56 67 99
56 68 89
56 69 65
56 70 9
56 71 66
56 72 42
56 73 84
56 74 70
56 75 92
56 76 30
56 77 5
56 78 54
56 79 93
56 80 28
56 81 54
56 82 12
56 83 13
56 84 6
56 85 45
56 86 23
56 87 12
56 88 27
56 89 25
56 90 88
56 91 44
56 92 89
56 93 76
56 94 63
56 95 49
56 96 93
56 97 80
56 98 44
56 99 36
56 100 14
57 1 54
57 2 50
57 3 31
57 4 56
57 5 66
57 6 82
57 7 62
57 8 60
57 9 3
57 10 41
57 11 40
57 12 24
57 13 54
57 14 43
57 15 84
57 16 27
57 17 58
57 18 1
57 19 25
57 20 35
57 21 58
57 22 43
57 23 1
57 24 83
57 25 27
57 26 16
57 27 18
57 28 96
57 29 25
57 30 67
57 31 82
57 32 16
57 33 14
57 34 87
57 35 20
57 36 90
57 37 42
57 38 23
57 39 50
57 40 6
57 41 40
57 42 19
57 43 9
57 44 25
57 45 90
57 46 52
57 47 62
57 48 29
57 49 72
57 50 25
57 51 61
57 52 44
57 53 25
57 54 11
57 55 35
57 56 72
57 57 66
57 58 79
57 59 34
57 60 91
57 61 17
57 62 81
57 63 85
57 64 28
57 65 11
57 66 11
57 67 11
57 68 11
57 69 90
57 70 23
57 71 78
57 72 1
57 73 4
57 74 40
57 75 85
57 76 64
57 77 3
57 78 55
57 79 76
57 80 27
57 81 16
57 82 39
57 83 80
57 84 39
57 85 4
57 86 54
57 87 84
57 88 95
57 89 61
57 90 83
57 91 98
57 92 35
57 93 23
57 94 80
57 95 81
57 96 20
57 97 24
57 98 62
57 99 12
57 100 29
58 1 67
58 2 69
58 3 82
58 4 84
58 5 21
58 6 87
58 7 12
58 8 43
58 9 23
58 10 1
58 11 87
58 12 63
58 13 83
58 14 68
58 15 32
58 16 23
58 17 36
58 18 61
58 19 1
58 20 56
58 21 66
58 22 2
58 23 9
58 24 4
58 25 21
58 26 8
58 27 19
58 28 54
58 29 33
58 30 32
58 31 98
58 32 25
58 33 77
58 34 87
58 35 47
58 36 60
58 37 10
58 38 6
58 39 90
58 40 5
58 41 37
58 42 99
58 43 26
58 44 71
58 45 83
58 46 77
58 47 52
58 48 10
58 49 86
58 50 38
58 51 54
58 52 62
58 53 98
58 54 2
58 55 39
58 56 59
58 57 3
58 58 94
58 59 32
58 60 21
58 61 18
58 62 70
58 63 79
58 64 79
58 65 8
58 66 69
58 67 26
58 68 87
58 69 87
58 70 87
58 71 87
58 72 55
58 73 75
58 74 71
58 75 42
58 76 22
58 77 81
58 78 12
58 79 17
58 80 82
58 81 97
58 82 74
58 83 8
58 84 14
58 85 48
58 86 60
58 87 47
58 88 9
58 89 63
58 90 4
58 91 65
58 92 35
58 93 80
58 94 81
58 95 77
58 96 98
58 97 8
58 98 42
58 99 50
58 100 39
59 1 90
59 2 45
59 3 24
59 4 21
59 5 99
59 6 65
59 7 79
59 8 80
59 9 21
59 10 37
59 11 98
59 12 5
59 13 7
59 14 15
59 15 57
59 16 11
59 17 45
59 18 62
59 19 70
59 20 71
59 21 98
59 22 11
59 23 98
59 24 20
59 25 20
59 26 5
59 27 31
59 28 98
59 29 47
59 30 83
59 31 35
59 32 37
59 33 25
59 34 90
59 35 95
59 36 39
59 37 83
59 38 32
59 39 22
59 40 77
59 41 73
59 42 3
59 43 39
59 44 15
59 45 11
59 46 82
59 47 4
59 48 18
59 49 63
59 50 54
59 51 57
59 52 66
59 53 24
59 54 28
59 55 13
59 56 23
59 57 5
59 58 68
59 59 70
59 60 85
59 61 18
59 62 38
59 63 81
59 64 34
59 65 54
59 66 43
59 67 58
59 68 31
59 69 86
59 70 61
59 71 9
59 72 9
59 73 9
59 74 9
59 75 44
59 76 5
59 77 50
59 78 82
59 79 43
59 80 62
59 81 22
59 82 14
59 83 41
59 84 41
59 85 21
59 86 99
59 87 91
59 88 17
59 89 32
59 90 77
59 91 38
59 92 72
59 93 98
59 94 61
59 95 45
59 96 91
59 97 15
59 98 10
59 99 72
59 100 73
60 1 20
60 2 77
60 3 46
60 4 63
60 5 45
60 6 64
60 7 98
60 8 18
60 9 97
60 10 32
60 11 36
60 12 15
60 13 91
60 14 45
60 15 94
60 16 76
60 17 84
60 18 94
60 19 26
60 20 14
60 21 26
60 22 97
60 23 26
60 24 9
60 25 93
60 26 44
60 27 31
60 28 63
60 29 85
60 30 12
60 31 42
60 32 5
60 33 15
60 34 43
60 35 87
60 36 8
60 37 65
60 38 20
60 39 39
60 40 8
60 41 2
60 42 91
60 43 64
60 44 45
60 45 36
60 46 66
60 47 52
60 48 19
60 49 31
60 50 21
60 51 20
60 52 21
60 53 22
60 54 33
60 55 20
60 56 56
60 57 4
60 58 93
60 59 52
60 60 59
60 61 20
60 62 22
60 63 97
60 64 80
60 65 75
60 66 57
60 67 77
60 68 85
60 69 92
60 70 27
60 71 65
60 72 7
60 73 61
60 74 90
60 75 90
60 76 90
60 77 90
60 78 17
60 79 35
60 80 84
60 81 18
60 82 40
60 83 68
60 84 10
60 85 4
60 86 54
60 87 64
60 88 64
60 89 89
60 90 1
60 91 47
60 92 3
60 93 20
60 94 10
60 95 23
60 96 94
60 97 97
60 98 87
60 99 68
60 100 61
61 1 97
61 2 1
61 3 8
61 4 44
61 5 83
61 6 20
61 7 5
61 8 41
61 9 87
61 10 53
61 11 71
61 12 24
61 13 23
61 14 77
61 15 98
61 16 46
61 17 55
61 18 96
61 19 80
61 20 49
61 21 12
61 22 11
61 23 40
61 24 46
61 25 32
61 26 83
61 27 59
61 28 11
61 29 18
61 30 41
61 31 15
61 32 97
61 33 48
61 34 60
61 35 54
61 36 46
61 37 96
61 38 35
61 39 36
61 40 82
61 41 68
61 42 97
61 43 74
61 44 12
61 45 32
61 46 61
61 47 87
61 48 86
61 49 21
61 50 27
61 51 41
61 52 81
61 53 86
61 54 79
61 55 56
61 56 1
61 57 13
61 58 19
61 59 34
61 60 50
61 61 30
61 62 67
61 63 66
61 64 84
61 65 31
61 66 68
61 67 28
61 68 8
61 69 32
61 70 96
61 71 48
61 72 83
61 73 4
61 74 81
61 75 43
61 76 42
61 77 64
61 78 64
61 79 64
61 80 64
61 81 49
61 82 42
61 83 72
61 84 8
61 85 6
61 86 48
61 87 50
61 88 90
61 89 57
61 90 85
61 91 66
61 92 63
61 93 97
61 94 55
61 95 14
61 96 11
61 97 64
61 98 13
61 99 11
61 100 55
62 1 58
62 2 92
62 3 50
62 4 60
62 5 74
62 6 15
62 7 76
62 8 39
62 9 29
62 10 15
62 11 9
62 12 23
62 13 82
62 14 66
62 15 39
62 16 14
62 17 72
62 18 81
62 19 46
62 20 73
62 21 95
62 22 12
62 23 66
62 24 64
62 25 61
62 26 2
62 27 72
62 28 48
62 29 63
62 30 39
62 31 72
62 32 42
62 33 91
62 34 16
62 35 64
62 36 19
62 37 46
62 38 12
62 39 26
62 40 40
62 41 45
62 42 65
62 43 50
62 44 89
62 45 2
62 46 89
62 47 64
62 48 4
62 49 29
62 50 49
62 51 60
62 52 90
62 53 14
62 54 97
62 55 96
62 56 6
62 57 49
62 58 45
62 59 51
62 60 14
62 61 97
62 62 24
62 63 72
62 64 50
62 65 28
62 66 30
62 67 8
62 68 30
62 69 79
62 70 88
62 71 29
62 72 2
62 73 21
62 74 31
62 75 50
62 76 44
62 77 98
62 78 36
62 79 64
62 80 1
62 81 1
62 82 1
62 83 1
62 84 68
62 85 70
62 86 88
62 87 85
62 88 73
62 89 12
62 90 33
62 91 89
62 92 96
62 93 60
62 94 82
62 95 4
62 96 93
62 97 13
62 98 92
62 99 13
62 100 22
63 1 85
63 2 44
63 3 66
63 4 72
63 5 8
63 6 60
63 7 83
63 8 35
63 9 91
63 10 7
63 11 45
63 12 84
63 13 38
63 14 66
63 15 95
63 16 62
63 17 81
63 18 90
63 19 42
63 20 37
63 21 91
63 22 66
63 23 67
63 24 27
63 25 47
63 26 20
63 27 91
63 28 14
63 29 93
63 30 34
63 31 90
63 32 27
63 33 35
63 34 32
63 35 50
63 36 33
63 37 81
63 38 65
63 39 79
63 40 51
63 41 17
63 42 56
63 43 86
63 44 74
63 45 60
63 46 21
63 47 28
63 48 56
63 49 44
63 50 46
63 51 11
63 52 30
63 53 68
63 54 44
63 55 6
63 56 84
63 57 69
63 58 6
63 59 81
63 60 69
63 61 56
63 62 81
63 63 90
63 64 33
63 65 50
63 66 67
63 67 87
63 68 45
63 69 19
63 70 58
63 71 43
63 72 2
63 73 49
63 74 50
63 75 6
63 76 23
63 77 35
63 78 56
63 79 91
63 80 60
63 81 65
63 82 74
63 83 70
63 84 70
63 85 70
63 86 70
63 87 79
63 88 5
63 89 25
63 90 25
63 91 6
63 92 91
63 93 57
63 94 14
63 95 7
63 96 7
63 97 26
63 98 57
63 99 28
63 100 9
64 1 66
64 2 80
64 3 1
64 4 14
64 5 50
64 6 8
64 7 93
64 8 57
64 9 8
64 10 67
64 11 44
64 12 23
64 13 63
64 14 91
64 15 54
64 16 37
64 17 23
64 18 65
64 19 46
64 20 84
64 21 25
64 22 41
64 23 36
64 24 42
64 25 24
64 26 62
64 27 76
64 28 60
64 29 27
64 30 31
64 31 54
64 32 26
64 33 42
64 34 59
64 35 33
64 36 10
64 37 40
64 38 43
64 39 66
64 40 44
64 41 24
64 42 24
64 43 50
64 44 8
64 45 90
64 46 92
64 47 41
64 48 29
64 49 13
64 50 22
64 51 30
64 52 10
64 53 57
64 54 94
64 55 61
64 56 29
64 57 66
64 58 64
64 59 5
64 60 68
64 61 45
64 62 17
64 63 32
64 64 98
64 65 92
64 66 54
64 67 98
64 68 59
64 69 80
64 70 19
64 71 60
64 72 70
64 73 1
64 74 78
64 75 59
64 76 68
64 77 5
64 78 48
64 79 45
64 80 17
64 81 66
64 82 29
64 83 17
64 84 16
64 85 46
64 86 78
64 87 78
64 88 78
64 89 78
64 90 80
64 91 50
64 92 15
64 93 35
64 94 62
64 95 9
64 96 1
64 97 61
64 98 51
64 99 38
64 100 30
65 1 84
65 2 25
65 3 4
65 4 53
65 5 51
65 6 49
65 7 34
65 8 99
65 9 43
65 10 1
65 11 93
65 12 5
65 13 23
65 14 7
65 15 80
65 16 73
65 17 54
65 18 99
65 19 67
65 20 99
65 21 5
65 22 83
65 23 89
65 24 49
65 25 54
65 26 1
65 27 89
65 28 85
65 29 4
65 30 18
65 31 78
65 32 66
65 33 50
65 34 73
65 35 35
65 36 17
65 37 65
65 38 2
65 39 26
65 40 51
65 41 48
65 42 96
65 43 85
65 44 19
65 45 12
65 46 42
65 47 20
65 48 93
65 49 28
65 50 22
65 51 39
65 52 46
65 53 17
65 54 37
65 55 70
65 56 82
65 57 65
65 58 44
65 59 7
65 60 99
65 61 60
65 62 47
65 63 88
65 64 8
65 65 30
65 66 5
65 67 16
65 68 34
65 69 8
65 70 97
65 71 27
65 72 53
65 73 10
65 74 86
65 75 25
65 76 18
65 77 12
65 78 38
65 79 33
65 80 39
65 81 73
65 82 9
65 83 25
65 84 79
65 85 80
65 86 42
65 87 65
65 88 6
65 89 61
65 90 61
65 91 61
65 92 61
65 93 27
65 94 17
65 95 83
65 96 87
65 97 23
65 98 23
65 99 50
65 100 93
66 1 25
66 2 12
66 3 41
66 4 8
66 5 65
66 6 23
66 7 16
66 8 88
66 9 53
66 10 93
66 11 60
66 12 37
66 13 36
66 14 10
66 15 86
66 16 99
66 17 38
66 18 65
66 19 6
66 20 76
66 21 73
66 22 16
66 23 36
66 24 38
66 25 23
66 26 31
66 27 83
66 28 6
66 29 98
66 30 53
66 31 2
66 32 23
66 33 16
66 34 54
66 35 60
66 36 15
66 37 46
66 38 97
66 39 23
66 40 61
66 41 55
66 42 53
66 43 6
66 44 35
66 45 28
66 46 49
66 47 35
66 48 7
66 49 9
66 50 72
66 51 73
66 52 78
66 53 69
66 54 54
66 55 8
66 56 10
66 57 65
66 58 11
66 59 6
66 60 47
66 61 2
66 62 60
66 63 21
66 64 37
66 65 32
66 66 2
66 67 46
66 68 96
66 69 44
66 70 70
66 71 88
66 72 1
66 73 82
66 74 41
66 75 7
66 76 32
66 77 1
66 78 32
66 79 54
66 80 64
66 81 22
66 82 71
66 83 59
66 84 89
66 85 7
66 86 17
66 87 65
66 88 67
66 89 53
66 90 14
66 91 39
66 92 32
66 93 32
66 94 32
66 95 32
66 96 87
66 97 39
66 98 26
66 99 32
66 100 59
67 1 75
67 2 43
67 3 5
67 4 28
67 5 27
67 6 31
67 7 56
67 8 3
67 9 11
67 10 18
67 11 81
67 12 46
67 13 49
67 14 51
67 15 49
67 16 56
67 17 17
67 18 36
67 19 41
67 20 1
67 21 1
67 22 62
67 23 90
67 24 80
67 25 73
67 26 17
67 27 7
67 28 57
67 29 19
67 30 75
67 31 23
67 32 47
67 33 83
67 34 48
67 35 7
67 36 70
67 37 4
67 38 57
67 39 41
67 40 55
67 41 31
67 42 81
67 43 41
67 44 44
67 45 9
67 46 82
67 47 29
67 48 51
67 49 58
67 50 80
67 51 26
67 52 84
67 53 52
67 54 11
67 55 70
67 56 65
67 57 3
67 58 14
67 59 23
67 60 71
67 61 77
67 62 79
67 63 45
67 64 28
67 65 2
67 66 55
67 67 30
67 68 39
67 69 7
67 70 44
67 71 88
67 72 46
67 73 41
67 74 94
67 75 25
67 76 41
67 77 19
67 78 15
67 79 7
67 80 96
67 81 43
67 82 20
67 83 42
67 84 88
67 85 40
67 86 35
67 87 96
67 88 29
67 89 97
67 90 31
67 91 59
67 92 69
67 93 49
67 94 19
67 95 65
67 96 65
67 97 65
67 98 65
67 99 12
67 100 8
68 1 46
68 2 37
68 3 75
68 4 76
68 5 65
68 6 48
68 7 28
68 8 11
68 9 57
68 10 62
68 11 77
68 12 72
68 13 72
68 14 50
68 15 12
68 16 62
68 17 85
68 18 64
68 19 68
68 20 60
68 21 3
68 22 17
68 23 35
68 24 88
68 25 66
68 26 41
68 27 71
68 28 69
68 29 95
68 30 79
68 31 61
68 32 65
68 33 42
68 34 77
68 35 76
68 36 88
68 37 28
68 38 34
68 39 54
68 40 37
68 41 86
68 42 26
68 43 67
68 44 19
68 45 68
68 46 59
68 47 16
68 48 5
68 49 98
68 50 62
68 51 54
68 52 6
68 53 39
68 54 16
68 55 68
68 56 65
68 57 97
68 58 46
68 59 16
68 60 9
68 61 41
68 62 26
68 63 48
68 64 57
68 65 13
68 66 31
68 67 98
68 68 73
68 69 94
68 70 2
68 71 30
68 72 22
68 73 28
68 74 20
68 75 30
68 76 34
68 77 26
68 78 92
68 79 57
68 80 51
68 81 91
68 82 16
68 83 91
68 84 96
68 85 17
68 86 96
68 87 23
68 88 43
68 89 21
68 90 72
68 91 68
68 92 8
68 93 53
68 94 7
68 95 43
68 96 43
68 97 15
68 98 65
68 99 65
68 100 65
69 1 65
69 2 47
69 3 79
69 4 86
69 5 19
69 6 50
69 7 88
69 8 21
69 9 39
69 10 99
69 11 11
69 12 24
69 13 79
69 14 8
69 15 14
69 16 55
69 17 77
69 18 95
69 19 64
69 20 4
69 21 46
69 22 63
69 23 1
69 24 59
69 25 25
69 26 36
69 27 54
69 28 82
69 29 77
69 30 49
69 31 61
69 32 94
69 33 27
69 34 51
69 35 55
69 36 42
69 37 87
69 38 91
69 39 96
69 40 79
69 41 30
69 42 24
69 43 66
69 44 51
69 45 90
69 46 49
69 47 50
69 48 65
69 49 28
69 50 71
69 51 58
69 52 78
69 53 15
69 54 5
69 55 87
69 56 16
69 57 32
69 58 37
69 59 42
69 60 15
69 61 82
69 62 44
69 63 36
69 64 16
69 65 97
69 66 60
69 67 30
69 68 40
69 69 73
69 70 92
69 71 47
69 72 19
69 73 6
69 74 15
69 75 80
69 76 14
69 77 95
69 78 91
69 79 44
69 80 27
69 81 3
69 82 74
69 83 47
69 84 59
69 85 80
69 86 9
69 87 76
69 88 6
69 89 74
69 90 86
69 91 18
69 92 99
69 93 33
69 94 76
69 95 55
69 96 70
69 97 27
69 98 88
69 99 63
69 100 28
70 1 2
70 2 2
70 3 2
70 4 2
70 5 82
70 6 14
70 7 87
70 8 45
70 9 31
70 10 70
70 11 42
70 12 14
70 13 59
70 14 96
70 15 62
70 16 95
70 17 84
70 18 17
70 19 5
70 20 12
70 21 60
70 22 65
70 23 30
70 24 94
70 25 1
70 26 93
70 27 25
70 28 52
70 29 59
70 30 27
70 31 43
70 32 64
70 33 83
70 34 87
70 35 6
70 36 26
70 37 89
70 38 73
70 39 50
70 40 60
70 41 23
70 42 84
70 43 95
70 44 27
70 45 12
70 46 97
70 47 15
70 48 91
70 49 6
70 50 13
70 51 51
70 52 12
70 53 51
70 54 26
70 55 62
70 56 1
70 57 46
70 58 76
70 59 30
70 60 95
70 61 26
70 62 56
70 63 47
70 64 59
70 65 79
70 66 82
70 67 26
70 68 89
70 69 88
70 70 44
70 71 13
70 72 95
70 73 89
70 74 95
70 75 30
70 76 44
70 77 74
70 78 8
70 79 94
70 80 44
70 81 99
70 82 96
70 83 65
70 84 46
70 85 61
70 86 47
70 87 99
70 88 19
70 89 72
70 90 31
70 91 93
70 92 60
70 93 2
70 94 94
70 95 39
70 96 48
70 97 70
70 98 12
70 99 48
70 100 97
71 1 93
71 2 56
71 3 82
71 4 20
71 5 20
71 6 20
71 7 20
71 8 41
71 9 12
71 10 38
71 11 93
71 12 88
71 13 9
71 14 41
71 15 22
71 16 45
71 17 5
71 18 90
71 19 41
71 20 22
71 21 38
71 22 27
71 23 95
71 24 98
71 25 4
71 26 27
71 27 47
71 28 46
71 29 24
71 30 71
71 31 78
71 32 80
71 33 12
71 34 60
71 35 25
71 36 99
71 37 68
71 38 78
71 39 98
71 40 4
71 41 24
71 42 89
71 43 21
71 44 54
71 45 14
71 46 20
71 47 43
71 48 10
71 49 60
71 50 95
71 51 36
71 52 92
71 53 35
71 54 87
71 55 29
71 56 50
71 57 40
71 58 23
71 59 46
71 60 82
71 61 46
71 62 15
71 63 83
71 64 24
71 65 26
71 66 32
71 67 55
71 68 32
71 69 58
71 70 48
71 71 85
71 72 50
71 73 21
71 74 75
71 75 5
71 76 90
71 77 99
71 78 28
71 79 58
71 80 25
71 81 17
71 82 58
71 83 54
71 84 8
71 85 4
71 86 29
71 87 64
71 88 71
71 89 64
71 90 12
71 91 48
71 92 27
71 93 89
71 94 95
71 95 3
71 96 66
71 97 34
71 98 21
71 99 17
71 100 19
72 1 13
72 2 38
72 3 95
72 4 70
72 5 5
72 6 66
72 7 54
72 8 54
72 9 54
72 10 54
72 11 43
72 12 61
72 13 21
72 14 28
72 15 42
72 16 59
72 17 13
72 18 28
72 19 4
72 20 72
72 21 14
72 22 26
72 23 23
72 24 23
72 25 97
72 26 88
72 27 2
72 28 52
72 29 91
72 30 71
72 31 83
72 32 94
72 33 72
72 34 89
72 35 76
72 36 26
72 37 73
72 38 78
72 39 7
72 40 30
72 41 77
72 42 63
72 43 63
72 44 19
72 45 21
72 46 80
72 47 57
72 48 68
72 49 83
72 50 85
72 51 94
72 52 3
72 53 23
72 54 17
72 55 31
72 56 61
72 57 56
72 58 65
72 59 38
72 60 26
72 61 23
72 62 29
72 63 85
72 64 29
72 65 2
72 66 31
72 67 12
72 68 73
72 69 17
72 70 64
72 71 7
72 72 53
72 73 84
72 74 16
72 75 6
72 76 29
72 77 7
72 78 2
72 79 85
72 80 37
72 81 90
72 82 10
72 83 51
72 84 7
72 85 49
72 86 71
72 87 2
72 88 77
72 89 76
72 90 86
72 91 33
72 92 46
72 93 77
72 94 97
72 95 10
72 96 67
72 97 34
72 98 84
72 99 52
72 100 82
73 1 14
73 2 50
73 3 35
73 4 8
73 5 72
73 6 75
73 7 20
73 8 13
73 9 86
73 10 35
73 11 35
73 12 35
73 13 35
73 14 47
73 15 59
73 16 31
73 17 56
73 18 43
73 19 65
73 20 38
73 21 34
73 22 87
73 23 78
73 24 42
73 25 49
73 26 40
73 27 7
73 28 42
73 29 67
73 30 53
73 31 6
73 32 62
73 33 16
73 34 86
73 35 56
73 36 9
73 37 80
73 38 97
73 39 61
73 40 3
73 41 55
73 42 50
73 43 26
73 44 15
73 45 33
73 46 45
73 47 57
73 48 60
73 49 33
73 50 66
73 51 4
73 52 18
73 53 11
73 54 44
73 55 76
73 56 62
73 57 37
73 58 9
73 59 5
73 60 33
73 61 76
73 62 88
73 63 50
73 64 22
73 65 19
73 66 51
73 67 8
73 68 75
73 69 62
73 70 63
73 71 71
73 72 15
73 73 6
73 74 6
73 75 63
73 76 7
73 77 66
73 78 47
73 79 1
73 80 18
73 81 38
73 82 9
73 83 78
73 84 26
73 85 50
73 86 57
73 87 12
73 88 86
73 89 60
73 90 8
73 91 60
73 92 11
73 93 35
73 94 32
73 95 46
73 96 53
73 97 79
73 98 66
73 99 50
73 100 49
74 1 12
74 2 47
74 3 43
74 4 30
74 5 22
74 6 81
74 7 48
74 8 43
74 9 63
74 10 48
74 11 79
74 12 3
74 13 62
74 14 62
74 15 62
74 16 62
74 17 22
74 18 4
74 19 57
74 20 4
74 21 73
74 22 60
74 23 40
74 24 3
74 25 55
74 26 94
74 27 83
74 28 69
74 29 85
74 30 85
74 31 30
74 32 51
74 33 55
74 34 73
74 35 11
74 36 25
74 37 99
74 38 27
74 39 45
74 40 37
74 41 4
74 42 42
74 43 6
74 44 60
74 45 59
74 46 6
74 47 42
74 48 52
74 49 16
74 50 18
74 51 58
74 52 49
74 53 52
74 54 37
74 55 10
74 56 62
74 57 39
74 58 66
74 59 98
74 60 24
74 61 7
74 62 58
74 63 85
74 64 33
74 65 29
74 66 86
74 67 5
74 68 93
74 69 4
74 70 34
74 71 46
74 72 43
74 73 50
74 74 11
74 75 15
74 76 49
74 77 9
74 78 75
74 79 83
74 80 34
74 81 33
74 82 2
74 83 64
74 84 73
74 85 19
74 86 87
74 87 22
74 88 69
74 89 28
74 90 91
74 91 40
74 92 57
74 93 64
74 94 66
74 95 3
74 96 68
74 97 80
74 98 32
74 99 66
74 100 74
75 1 48
75 2 76
75 3 53
75 4 78
75 5 70
75 6 40
75 7 86
75 8 76
75 9 94
75 10 76
75 11 26
75 12 56
75 13 40
75 14 90
75 15 53
75 16 91
75 17 91
75 18 91
75 19 91
75 20 87
75 21 38
75 22 90
75 23 96
75 24 96
75 25 28
75 26 45
75 27 64
75 28 59
75 29 36
75 30 49
75 31 64
75 32 78
75 33 26
75 34 81
75 35 77
75 36 59
75 37 46
75 38 17
75 39 95
75 40 45
75 41 68
75 42 38
75 43 4
75 44 73
75 45 91
75 46 87
75 47 8
75 48 8
75 49 91
75 50 21
75 51 25
75 52 99
75 53 97
75 54 87
75 55 16
75 56 88
75 57 32
75 58 55
75 59 59
75 60 34
75 61 95
75 62 78
75 63 98
75 64 43
75 65 25
75 66 85
75 67 94
75 68 94
75 69 12
75 70 15
75 71 4
75 72 54
75 73 13
75 74 2
75 75 89
75 76 95
75 77 62
75 78 98
75 79 87
75 80 53
75 81 36
75 82 63
75 83 28
75 84 19
75 85 10
75 86 5
75 87 7
75 88 43
75 89 15
75 90 85
75 91 49
75 92 86
75 93 91
75 94 54
75 95 98
75 96 86
75 97 77
75 98 11
75 99 93
75 100 59
76 1 86
76 2 97
76 3 68
76 4 45
76 5 77
76 6 75
76 7 26
76 8 50
76 9 82
76 10 90
76 11 25
76 12 29
76 13 76
76 14 6
76 15 40
76 16 89
76 17 80
76 18 16
76 19 17
76 20 17
76 21 17
76 22 17
76 23 40
76 24 7
76 25 51
76 26 34
76 27 72
76 28 29
76 29 81
76 30 85
76 31 27
76 32 72
76 33 63
76 34 66
76 35 15
76 36 83
76 37 27
76 38 37
76 39 70
76 40 19
76 41 99
76 42 58
76 43 64
76 44 88
76 45 13
76 46 21
76 47 55
76 48 74
76 49 8
76 50 60
76 51 14
76 52 37
76 53 7
76 54 20
76 55 74
76 56 4
76 57 98
76 58 96
76 59 90
76 60 40
76 61 77
76 62 10
76 63 93
76 64 58
76 65 75
76 66 15
76 67 48
76 68 49
76 69 33
76 70 85
76 71 49
76 72 66
76 73 67
76 74 92
76 75 64
76 76 46
76 77 90
76 78 55
76 79 31
76 80 11
76 81 17
76 82 63
76 83 95
76 84 71
76 85 86
76 86 20
76 87 63
76 88 46
76 89 5
76 90 42
76 91 25
76 92 51
76 93 41
76 94 55
76 95 86
76 96 66
76 97 64
76 98 52
76 99 80
76 100 33
77 1 74
77 2 94
77 3 65
77 4 73
77 5 2
77 6 84
77 7 91
77 8 73
77 9 6
77 10 75
77 11 77
77 12 27
77 13 13
77 14 43
77 15 36
77 16 20
77 17 16
77 18 78
77 19 11
77 20 59
77 21 37
77 22 56
77 23 56
77 24 56
77 25 56
77 26 49
77 27 70
77 28 29
77 29 23
77 30 4
77 31 56
77 32 93
77 33 76
77 34 51
77 35 32
77 36 86
77 37 27
77 38 44
77 39 59
77 40 33
77 41 38
77 42 46
77 43 23
77 44 22
77 45 81
77 46 70
77 47 26
77 48 66
77 49 65
77 50 41
77 51 15
77 52 47
77 53 96
77 54 48
77 55 14
77 56 96
77 57 70
77 58 9
77 59 6
77 60 70
77 61 68
77 62 10
77 63 79
77 64 86
77 65 56
77 66 81
77 67 29
77 68 19
77 69 55
77 70 85
77 71 24
77 72 98
77 73 91
77 74 14
77 75 56
77 76 79
77 77 46
77 78 40
77 79 7
77 80 21
77 81 69
77 82 92
77 83 65
77 84 57
77 85 31
77 86 76
77 87 5
77 88 68
77 89 56
77 90 90
77 91 4
77 92 98
77 93 70
77 94 48
77 95 77
77 96 92
77 97 81
77 98 31
77 99 53
77 100 30
78 1 91
78 2 93
78 3 53
78 4 65
78 5 30
78 6 73
78 7 17
78 8 14
78 9 70
78 10 21
78 11 70
78 12 89
78 13 1
78 14 63
78 15 43
78 16 70
78 17 66
78 18 98
78 19 42
78 20 7
78 21 3
78 22 32
78 23 72
78 24 54
78 25 53
78 26 53
78 27 53
78 28 53
78 29 11
78 30 30
78 31 44
78 32 96
78 33 63
78 34 55
78 35 29
78 36 25
78 37 2
78 38 50
78 39 78
78 40 87
78 41 38
78 42 6
78 43 31
78 44 73
78 45 76
78 46 83
78 47 49
78 48 58
78 49 89
78 50 96
78 51 82
78 52 77
78 53 10
78 54 20
78 55 87
78 56 11
78 57 30
78 58 33
78 59 53
78 60 92
78 61 75
78 62 12
78 63 98
78 64 54
78 65 77
78 66 27
78 67 58
78 68 43
78 69 19
78 70 46
78 71 12
78 72 24
78 73 40
78 74 97
78 75 26
78 76 89
78 77 32
78 78 2
78 79 48
78 80 86
78 81 88
78 82 32
78 83 1
78 84 14
78 85 12
78 86 24
78 87 62
78 88 54
78 89 69
78 90 8
78 91 58
78 92 44
78 93 68
78 94 73
78 95 56
78 96 33
78 97 67
78 98 87
78 99 70
78 100 76
79 1 19
79 2 33
79 3 25
79 4 45
79 5 65
79 6 46
79 7 84
79 8 16
79 9 47
79 10 84
79 11 62
79 12 38
79 13 96
79 14 18
79 15 27
79 16 61
79 17 38
79 18 66
79 19 61
79 20 20
79 21 4
79 22 42
79 23 82
79 24 97
79 25 43
79 26 22
79 27 26
79 28 62
79 29 62
79 30 62
79 31 62
79 32 43
79 33 50
79 34 38
79 35 77
79 36 66
79 37 15
79 38 48
79 39 27
79 40 49
79 41 50
79 42 96
79 43 42
79 44 27
79 45 68
79 46 74
79 47 47
79 48 26
79 49 93
79 50 39
79 51 48
79 52 77
79 53 55
79 54 17
79 55 94
79 56 23
79 57 75
79 58 17
79 59 25
79 60 82
79 61 46
79 62 10
79 63 43
79 64 61
79 65 32
79 66 36
79 67 14
79 68 85
79 69 79
79 70 83
79 71 45
79 72 9
79 73 44
79 74 97
79 75 84
79 76 27
79 77 23
79 78 27
79 79 31
79 80 48
79 81 4
79 82 97
79 83 92
79 84 81
79 85 86
79 86 50
79 87 84
79 88 3
79 89 85
79 90 60
79 91 23
79 92 37
79 93 50
79 94 41
79 95 54
79 96 41
79 97 18
79 98 18
79 99 51
79 100 78
80 1 32
80 2 73
80 3 95
80 4 44
80 5 49
80 6 23
80 7 95
80 8 42
80 9 23
80 10 93
80 11 75
80 12 31
80 13 40
80 14 3
80 15 18
80 16 39
80 17 7
80 18 22
80 19 19
80 20 28
80 21 24
80 22 73
80 23 1
80 24 35
80 25 35
80 26 80
80 27 3
80 28 54
80 29 80
80 30 49
80 31 35
80 32 35
80 33 35
80 34 35
80 35 16
80 36 20
80 37 66
80 38 46
80 39 46
80 40 59
80 41 84
80 42 7
80 43 19
80 44 66
80 45 16
80 46 77
80 47 44
80 48 5
80 49 85
80 50 44
80 51 19
80 52 76
80 53 16
80 54 59
80 55 68
80 56 38
80 57 6
80 58 28
80 59 56
80 60 31
80 61 85
80 62 77
80 63 76
80 64 97
80 65 19
80 66 19
80 67 81
80 68 80
80 69 48
80 70 84
80 71 66
80 72 28
80 73 12
80 74 66
80 75 79
80 76 29
80 77 99
80 78 71
80 79 24
80 80 50
80 81 77
80 82 79
80 83 44
80 84 18
80 85 25
80 86 67
80 87 8
80 88 22
80 89 65
80 90 42
80 91 85
80 92 31
80 93 42
80 94 99
80 95 24
80 96 81
80 97 61
80 98 66
80 99 14
80 100 81
81 1 22
81 2 87
81 3 20
81 4 8
81 5 28
81 6 40
81 7 94
81 8 2
81 9 50
81 10 82
81 11 57
81 12 34
81 13 6
81 14 63
81 15 28
81 16 86
81 17 65
81 18 78
81 19 7
81 20 25
81 21 4
81 22 83
81 23 25
81 24 41
81 25 61
81 26 27
81 27 31
81 28 37
81 29 62
81 30 57
81 31 68
81 32 77
81 33 25
81 34 14
81 35 14
81 36 14
81 37 14
81 38 83
81 39 19
81 40 62
81 41 78
81 42 94
81 43 85
81 44 19
81 45 60
81 46 13
81 47 3
81 48 13
81 49 63
81 50 32
81 51 44
81 52 87
81 53 57
81 54 97
81 55 24
81 56 2
81 57 55
81 58 98
81 59 63
81 60 21
81 61 11
81 62 56
81 63 68
81 64 63
81 65 36
81 66 92
81 67 89
81 68 49
81 69 75
81 70 90
81 71 56
81 72 56
81 73 78
81 74 12
81 75 5
81 76 40
81 77 63
81 78 98
81 79 23
81 80 57
81 81 24
81 82 43
81 83 93
81 84 49
81 85 76
81 86 17
81 87 66
81 88 11
81 89 11
81 90 8
81 91 27
81 92 96
81 93 51
81 94 76
81 95 33
81 96 33
81 97 61
81 98 77
81 99 59
81 100 72
82 1 97
82 2 22
82 3 98
82 4 1
82 5 91
82 6 89
82 7 41
82 8 15
82 9 19
82 10 90
82 11 76
82 12 94
82 13 33
82 14 83
82 15 45
82 16 63
82 17 50
82 18 81
82 19 24
82 20 18
82 21 38
82 22 77
82 23 53
82 24 51
82 25 29
82 26 35
82 27 6
82 28 59
82 29 24
82 30 53
82 31 85
82 32 77
82 33 3
82 34 75
82 35 59
82 36 11
82 37 17
82 38 17
82 39 17
82 40 17
82 41 79
82 42 30
82 43 41
82 44 55
82 45 14
82 46 21
82 47 21
82 48 32
82 49 37
82 50 29
82 51 79
82 52 29
82 53 59
82 54 95
82 55 87
82 56 90
82 57 30
82 58 10
82 59 13
82 60 85
82 61 90
82 62 49
82 63 34
82 64 78
82 65 29
82 66 46
82 67 68
82 68 78
82 69 50
82 70 68
82 71 68
82 72 21
82 73 27
82 74 16
82 75 72
82 76 67
82 77 29
82 78 51
82 79 80
82 80 21
82 81 64
82 82 79
82 83 28
82 84 32
82 85 60
82 86 23
82 87 75
82 88 56
82 89 97
82 90 83
82 91 7
82 92 96
82 93 60
82 94 95
82 95 76
82 96 2
82 97 89
82 98 39
82 99 97
82 100 33
83 1 70
83 2 52
83 3 16
83 4 96
83 5 94
83 6 41
83 7 34
83 8 8
83 9 28
83 10 66
83 11 6
83 12 74
83 13 70
83 14 8
83 15 42
83 16 88
83 17 85
83 18 11
83 19 39
83 20 91
83 21 1
83 22 15
83 23 2
83 24 45
83 25 11
83 26 3
83 27 73
83 28 80
83 29 64
83 30 63
83 31 11
83 32 46
83 33 27
83 34 79
83 35 3
83 36 54
83 37 90
83 38 44
83 39 83
83 40 21
83 41 21
83 42 21
83 43 21
83 44 55
83 45 62
83 46 15
83 47 9
83 48 72
83 49 32
83 50 7
83 51 32
83 52 91
83 53 41
83 54 67
83 55 79
83 56 69
83 57 87
83 58 53
83 59 89
83 60 71
83 61 19
83 62 85
83 63 47
83 64 56
83 65 69
83 66 10
83 67 30
83 68 3
83 69 64
83 70 99
83 71 7
83 72 68
83 73 85
83 74 41
83 75 89
83 76 36
83 77 29
83 78 67
83 79 33
83 80 85
83 81 27
83 82 62
83 83 40
83 84 58
83 85 50
83 86 69
83 87 99
83 88 3
83 89 90
83 90 89
83 91 24
83 92 85
83 93 17
83 94 30
83 95 67
83 96 83
83 97 77
83 98 37
83 99 1
83 100 50
84 1 3
84 2 78
84 3 17
84 4 27
84 5 80
84 6 50
84 7 77
84 8 41
84 9 52
84 10 39
84 11 78
84 12 27
84 13 66
84 14 2
84 15 3
84 16 19
84 17 88
84 18 47
84 19 40
84 20 33
84 21 75
84 22 46
84 23 44
84 24 83
84 25 8
84 26 43
84 27 31
84 28 78
84 29 98
84 30 97
84 31 6
84 32 46
84 33 67
84 34 70
84 35 88
84 36 72
84 37 53
84 38 12
84 39 40
84 40 51
84 41 1
84 42 36
84 43 35
84 44 35
84 45 35
84 46 35
84 47 96
84 48 65
84 49 27
84 50 7
84 51 81
84 52 60
84 53 46
84 54 92
84 55 71
84 56 30
84 57 83
84 58 11
84 59 59
84 60 13
84 61 51
84 62 43
84 63 77
84 64 23
84 65 44
84 66 1
84 67 18
84 68 44
84 69 45
84 70 53
84 71 12
84 72 27
84 73 66
84 74 81
84 75 3
84 76 4
84 77 60
84 78 22
84 79 98
84 80 5
84 81 35
84 82 13
84 83 71
84 84 13
84 85 81
84 86 5
84 87 4
84 88 75
84 89 35
84 90 4
84 91 2
84 92 95
84 93 89
84 94 53
84 95 8
84 96 80
84 97 60
84 98 6
84 99 82
84 100 60
85 1 75
85 2 12
85 3 75
85 4 90
85 5 72
85 6 53
85 7 63
85 8 91
85 9 91
85 10 50
85 11 42
85 12 89
85 13 86
85 14 47
85 15 9
85 16 31
85 17 98
85 18 48
85 19 29
85 20 43
85 21 92
85 22 94
85 23 81
85 24 5
85 25 46
85 26 39
85 27 68
85 28 37
85 29 22
85 30 48
85 31 39
85 32 7
85 33 5
85 34 22
85 35 13
85 36 12
85 37 34
85 38 36
85 39 28
85 40 69
85 41 3
85 42 6
85 43 23
85 44 49
85 45 2
85 46 1
85 47 1
85 48 1
85 49 1
85 50 18
85 51 95
85 52 27
85 53 98
85 54 93
85 55 41
85 56 81
85 57 68
85 58 57
85 59 27
85 60 35
85 61 77
85 62 91
85 63 99
85 64 25
85 65 49
85 66 63
85 67 86
85 68 86
85 69 50
85 70 71
85 71 7
85 72 10
85 73 4
85 74 43
85 75 52
85 76 33
85 77 23
85 78 92
85 79 77
85 80 29
85 81 63
85 82 23
85 83 27
85 84 81
85 85 73
85 86 47
85 87 20
85 88 69
85 89 81
85 90 11
85 91 18
85 92 21
85 93 51
85 94 4
85 95 8
85 96 14
85 97 78
85 98 17
85 99 4
85 100 78
86 1 61
86 2 74
86 3 78
86 4 11
86 5 95
86 6 56
86 7 83
86 8 24
86 9 72
86 10 74
86 11 61
86 12 7
86 13 21
86 14 77
86 15 51
86 16 86
86 17 89
86 18 31
86 19 26
86 20 33
86 21 47
86 22 60
86 23 24
86 24 82
86 25 96
86 26 27
86 27 51
86 28 46
86 29 58
86 30 12
86 31 30
86 32 69
86 33 1
86 34 92
86 35 11
86 36 86
86 37 42
86 38 41
86 39 55
86 40 74
86 41 23
86 42 91
86 43 4
86 44 63
86 45 89
86 46 56
86 47 41
86 48 43
86 49 99
86 50 99
86 51 99
86 52 99
86 53 13
86 54 34
86 55 25
86 56 2
86 57 33
86 58 46
86 59 10
86 60 93
86 61 36
86 62 82
86 63 8
86 64 44
86 65 97
86 66 37
86 67 56
86 68 39
86 69 91
86 70 33
86 71 5
86 72 95
86 73 40
86 74 6
86 75 26
86 76 1
86 77 17
86 78 41
86 79 99
86 80 96
86 81 24
86 82 36
86 83 58
86 84 86
86 85 46
86 86 98
86 87 64
86 88 15
86 89 78
86 90 88
86 91 69
86 92 73
86 93 58
86 94 77
86 95 9
86 96 70
86 97 65
86 98 73
86 99 78
86 100 60
87 1 52
87 2 58
87 3 22
87 4 9
87 5 81
87 6 29
87 7 69
87 8 44
87 9 20
87 10 41
87 11 4
87 12 10
87 13 45
87 14 13
87 15 63
87 16 71
87 17 67
87 18 33
87 19 83
87 20 6
87 21 74
87 22 8
87 23 85
87 24 78
87 25 53
87 26 5
87 27 55
87 28 95
87 29 23
87 30 79
87 31 84
87 32 14
87 33 43
87 34 13
87 35 3
87 36 6
87 37 78
87 38 64
87 39 48
87 40 98
87 41 92
87 42 19
87 43 56
87 44 22
87 45 9
87 46 72
87 47 5
87 48 76
87 49 44
87 50 27
87 51 31
87 52 66
87 53 66
87 54 66
87 55 66
87 56 1
87 57 52
87 58 73
87 59 73
87 60 59
87 61 91
87 62 29
87 63 92
87 64 80
87 65 80
87 66 96
87 67 29
87 68 12
87 69 66
87 70 71
87 71 95
87 72 3
87 73 29
87 74 44
87 75 53
87 76 79
87 77 83
87 78 90
87 79 2
87 80 26
87 81 78
87 82 60
87 83 44
87 84 85
87 85 77
87 86 98
87 87 59
87 88 42
87 89 49
87 90 21
87 91 48
87 92 4
87 93 6
87 94 15
87 95 47
87 96 77
87 97 54
87 98 14
87 99 9
87 100 96
88 1 16
88 2 99
88 3 36
88 4 46
88 5 45
88 6 23
88 7 8
88 8 36
88 9 34
88 10 87
88 11 44
88 12 69
88 13 51
88 14 32
88 15 49
88 16 42
88 17 75
88 18 49
88 19 60
88 20 37
88 21 99
88 22 46
88 23 11
88 24 83
88 25 26
88 26 51
88 27 28
88 28 98
88 29 71
88 30 29
88 31 13
88 32 34
88 33 98
88 34 84
88 35 57
88 36 99
88 37 90
88 38 80
88 39 8
88 40 72
88 41 74
88 42 83
88 43 22
88 44 81
88 45 86
88 46 9
88 47 38
88 48 28
88 49 99
88 50 31
88 51 66
88 52 39
88 53 78
88 54 67
88 55 27
88 56 27
88 57 27
88 58 27
88 59 88
88 60 23
88 61 81
88 62 75
88 63 75
88 64 12
88 65 28
88 66 86
88 67 47
88 68 22
88 69 17
88 70 67
88 71 77
88 72 49
88 73 30
88 74 48
88 75 94
88 76 85
88 77 30
88 78 83
88 79 86
88 80 23
88 81 8
88 82 23
88 83 90
88 84 62
88 85 17
88 86 59
88 87 52
88 88 50
88 89 40
88 90 83
88 91 57
88 92 10
88 93 95
88 94 43
88 95 4
88 96 24
88 97 92
88 98 3
88 99 7
88 100 12
89 1 40
89 2 12
89 3 38
89 4 9
89 5 16
89 6 51
89 7 91
89 8 76
89 9 82
89 10 8
89 11 88
89 12 39
89 13 62
89 14 14
89 15 3
89 16 16
89 17 86
89 18 66
89 19 72
89 20 28
89 21 79
89 22 55
89 23 15
89 24 35
89 25 60
89 26 56
89 27 35
89 28 24
89 29 88
89 30 95
89 31 59
89 32 1
89 33 16
89 34 67
89 35 50
89 36 15
89 37 70
89 38 46
89 39 31
89 40 86
89 41 41
89 42 25
89 43 47
89 44 56
89 45 10
89 46 25
89 47 72
89 48 29
89 49 77
89 50 76
89 51 87
89 52 13
89 53 62
89 54 27
89 55 44
89 56 97
89 57 18
89 58 22
89 59 22
89 60 22
89 61 22
89 62 28
89 63 87
89 64 95
89 65 91
89 66 58
89 67 80
89 68 35
89 69 12
89 70 38
89 71 46
89 72 63
89 73 4
89 74 64
89 75 34
89 76 44
89 77 63
89 78 47
89 79 30
89 80 38
89 81 38
89 82 80
89 83 74
89 84 36
89 85 94
89 86 80
89 87 7
89 88 60
89 89 24
89 90 40
89 91 59
89 92 32
89 93 93
89 94 26
89 95 74
89 96 80
89 97 93
89 98 91
89 99 26
89 100 62
90 1 52
90 2 1
90 3 50
90 4 73
90 5 76
90 6 97
90 7 40
90 8 40
90 9 19
90 10 75
90 11 52
90 12 5
90 13 99
90 14 88
90 15 87
90 16 4
90 17 2
90 18 45
90 19 33
90 20 57
90 21 67
90 22 23
90 23 77
90 24 95
90 25 24
90 26 46
90 27 3
90 28 7
90 29 96
90 30 56
90 31 10
90 32 35
90 33 58
90 34 3
90 35 97
90 36 22
90 37 36
90 38 94
90 39 78
90 40 63
90 41 28
90 42 8
90 43 46
90 44 15
90 45 34
90 46 62
90 47 74
90 48 70
90 49 79
90 50 32
90 51 16
90 52 78
90 53 78
90 54 72
90 55 80
90 56 65
90 57 5
90 58 7
90 59 94
90 60 14
90 61 21
90 62 21
90 63 21
90 64 21
90 65 10
90 66 82
90 67 21
90 68 33
90 69 88
90 70 47
90 71 90
90 72 84
90 73 51
90 74 22
90 75 36
90 76 49
90 77 78
90 78 95
90 79 59
90 80 88
90 81 56
90 82 28
90 83 92
90 84 29
90 85 17
90 86 38
90 87 22
90 88 42
90 89 89
90 90 36
90 91 60
90 92 71
90 93 76
90 94 11
90 95 79
90 96 1
90 97 47
90 98 4
90 99 67
90 100 9
91 1 32
91 2 26
91 3 63
91 4 60
91 5 46
91 6 26
91 7 35
91 8 26
91 9 10
91 10 67
91 11 52
91 12 54
91 13 55
91 14 77
91 15 93
91 16 57
91 17 25
91 18 97
91 19 10
91 20 99
91 21 31
91 22 12
91 23 29
91 24 53
91 25 2
91 26 64
91 27 48
91 28 96
91 29 84
91 30 26
91 31 64
91 32 74
91 33 28
91 34 45
91 35 45
91 36 87
91 37 71
91 38 7
91 39 91
91 40 72
91 41 16
91 42 73
91 43 70
91 44 64
91 45 83
91 46 12
91 47 87
91 48 22
91 49 23
91 50 11
91 51 42
91 52 44
91 53 85
91 54 41
91 55 51
91 56 41
91 57 63
91 58 73
91 59 11
91 60 1
91 61 3
91 62 65
91 63 28
91 64 90
91 65 90
91 66 90
91 67 90
91 68 11
91 69 99
91 70 6
91 71 52
91 72 44
91 73 62
91 74 19
91 75 7
91 76 2
91 77 64
91 78 20
91 79 50
91 80 57
91 81 16
91 82 29
91 83 12
91 84 77
91 85 80
91 86 99
91 87 40
91 88 65
91 89 86
91 90 95
91 91 55
91 92 15
91 93 2
91 94 55
91 95 45
91 96 23
91 97 64
91 98 70
91 99 17
91 100 42
92 1 67
92 2 98
92 3 96
92 4 79
92 5 15
92 6 85
92 7 10
92 8 58
92 9 85
92 10 67
92 11 83
92 12 35
92 13 85
92 14 4
92 15 97
92 16 94
92 17 52
92 18 45
92 19 29
92 20 10
92 21 95
92 22 57
92 23 87
92 24 80
92 25 7
92 26 89
92 27 28
92 28 48
92 29 45
92 30 54
92 31 55
92 32 61
92 33 40
92 34 34
92 35 33
92 36 32
92 37 67
92 38 19
92 39 81
92 40 21
92 41 73
92 42 32
92 43 44
92 44 6
92 45 53
92 46 73
92 47 32
92 48 61
92 49 45
92 50 49
92 51 16
92 52 41
92 53 35
92 54 41
92 55 97
92 56 10
92 57 17
92 58 45
92 59 29
92 60 11
92 61 46
92 62 79
92 63 57
92 64 40
92 65 82
92 66 68
92 67 41
92 68 41
92 69 41
92 70 41
92 71 74
92 72 39
92 73 32
92 74 91
92 75 24
92 76 56
92 77 62
92 78 51
92 79 53
92 80 88
92 81 84
92 82 16
92 83 69
92 84 14
92 85 50
92 86 81
92 87 88
92 88 71
92 89 92
92 90 36
92 91 89
92 92 90
92 93 44
92 94 90
92 95 57
92 96 70
92 97 9
92 98 58
92 99 99
92 100 99
93 1 45
93 2 25
93 3 87
93 4 99
93 5 57
93 6 6
93 7 71
93 8 95
93 9 40
93 10 42
93 11 2
93 12 5
93 13 3
93 14 63
93 15 55
93 16 8
93 17 22
93 18 56
93 19 17
93 20 24
93 21 15
93 22 68
93 23 77
93 24 99
93 25 32
93 26 79
93 27 45
93 28 68
93 29 65
93 30 4
93 31 24
93 32 96
93 33 29
93 34 19
93 35 45
93 36 33
93 37 44
93 38 4
93 39 86
93 40 66
93 41 22
93 42 72
93 43 1
93 44 65
93 45 9
93 46 71
93 47 47
93 48 33
93 49 1
93 50 43
93 51 99
93 52 9
93 53 19
93 54 47
93 55 32
93 56 38
93 57 16
93 58 81
93 59 34
93 60 86
93 61 7
93 62 97
93 63 6
93 64 46
93 65 45
93 66 73
93 67 66
93 68 68
93 69 97
93 70 10
93 71 10
93 72 10
93 73 10
93 74 59
93 75 70
93 76 97
93 77 30
93 78 36
93 79 95
93 80 84
93 81 57
93 82 43
93 83 31
93 84 87
93 85 45
93 86 96
93 87 15
93 88 19
93 89 77
93 90 60
93 91 61
93 92 92
93 93 12
93 94 87
93 95 28
93 96 86
93 97 32
93 98 40
93 99 76
93 100 44
94 1 93
94 2 94
94 3 67
94 4 95
94 5 55
94 6 13
94 7 13
94 8 67
94 9 10
94 10 60
94 11 4
94 12 26
94 13 60
94 14 80
94 15 98
94 16 45
94 17 27
94 18 33
94 19 30
94 20 50
94 21 5
94 22 31
94 23 11
94 24 52
94 25 91
94 26 9
94 27 76
94 28 66
94 29 69
94 30 33
94 31 79
94 32 24
94 33 46
94 34 80
94 35 19
94 36 83
94 37 85
94 38 20
94 39 4
94 40 77
94 41 57
94 42 53
94 43 33
94 44 60
94 45 88
94 46 25
94 47 12
94 48 5
94 49 8
94 50 14
94 51 5
94 52 83
94 53 79
94 54 29
94 55 75
94 56 35
94 57 82
94 58 44
94 59 26
94 60 87
94 61 62
94 62 8
94 63 50
94 64 99
94 65 36
94 66 5
94 67 21
94 68 96
94 69 19
94 70 89
94 71 78
94 72 87
94 73 22
94 74 22
94 75 22
94 76 22
94 77 64
94 78 75
94 79 41
94 80 27
94 81 57
94 82 67
94 83 53
94 84 71
94 85 45
94 86 58
94 87 2
94 88 38
94 89 3
94 90 8
94 91 45
94 92 13
94 93 3
94 94 68
94 95 99
94 96 41
94 97 99
94 98 24
94 99 94
94 100 76
95 1 9
95 2 71
95 3 72
95 4 15
95 5 20
95 6 89
95 7 38
95 8 58
95 9 59
95 10 33
95 11 69
95 12 19
95 13 41
95 14 56
95 15 18
95 16 98
95 17 93
95 18 16
95 19 22
95 20 4
95 21 9
95 22 47
95 23 34
95 24 18
95 25 72
95 26 42
95 27 60
95 28 6
95 29 80
95 30 79
95 31 4
95 32 8
95 33 64
95 34 14
95 35 53
95 36 88
95 37 45
95 38 51
95 39 26
95 40 86
95 41 74
95 42 93
95 43 79
95 44 88
95 45 88
95 46 93
95 47 18
95 48 16
95 49 49
95 50 99
95 51 16
95 52 47
95 53 21
95 54 25
95 55 98
95 56 26
95 57 90
95 58 22
95 59 82
95 60 14
95 61 2
95 62 46
95 63 96
95 64 94
95 65 97
95 66 52
95 67 16
95 68 86
95 69 5
95 70 66
95 71 37
95 72 99
95 73 18
95 74 36
95 75 75
95 76 35
95 77 35
95 78 35
95 79 35
95 80 16
95 81 29
95 82 1
95 83 29
95 84 13
95 85 66
95 86 41
95 87 86
95 88 25
95 89 73
95 90 22
95 91 83
95 92 70
95 93 41
95 94 57
95 95 71
95 96 57
95 97 33
95 98 71
95 99 44
95 100 95
96 1 43
96 2 31
96 3 53
96 4 87
96 5 46
96 6 26
96 7 62
96 8 58
96 9 39
96 10 2
96 11 24
96 12 40
96 13 89
96 14 48
96 15 79
96 16 15
96 17 62
96 18 16
96 19 24
96 20 98
96 21 65
96 22 85
96 23 44
96 24 89
96 25 57
96 26 7
96 27 67
96 28 25
96 29 95
96 30 76
96 31 76
96 32 36
96 33 49
96 34 45
96 35 46
96 36 82
96 37 65
96 38 22
96 39 97
96 40 45
96 41 57
96 42 56
96 43 85
96 44 96
96 45 34
96 46 2
96 47 20
96 48 96
96 49 72
96 50 73
96 51 76
96 52 62
96 53 34
96 54 55
96 55 71
96 56 33
96 57 9
96 58 37
96 59 44
96 60 44
96 61 86
96 62 61
96 63 24
96 64 24
96 65 78
96 66 41
96 67 50
96 68 27
96 69 61
96 70 40
96 71 16
96 72 80
96 73 93
96 74 51
96 75 26
96 76 38
96 77 96
96 78 56
96 79 20
96 80 20
96 81 20
96 82 20
96 83 89
96 84 49
96 85 77
96 86 69
96 87 25
96 88 96
96 89 57
96 90 67
96 91 14
96 92 17
96 93 6
96 94 67
96 95 58
96 96 95
96 97 94
96 98 28
96 99 37
96 100 34
97 1 69
97 2 28
97 3 31
97 4 12
97 5 87
97 6 41
97 7 63
97 8 79
97 9 89
97 10 57
97 11 15
97 12 49
97 13 47
97 14 40
97 15 40
97 16 25
97 17 59
97 18 37
97 19 17
97 20 17
97 21 53
97 22 54
97 23 11
97 24 49
97 25 81
97 26 23
97 27 3
97 28 19
97 29 67
97 30 15
97 31 56
97 32 37
97 33 7
97 34 50
97 35 66
97 36 62
97 37 44
97 38 19
97 39 31
97 40 36
97 41 79
97 42 10
97 43 75
97 44 71
97 45 44
97 46 64
97 47 35
97 48 35
97 49 32
97 50 8
97 51 60
97 52 27
97 53 26
97 54 1
97 55 72
97 56 73
97 57 2
97 58 51
97 59 71
97 60 30
97 61 53
97 62 26
97 63 44
97 64 41
97 65 63
97 66 10
97 67 17
97 68 63
97 69 50
97 70 30
97 71 45
97 72 31
97 73 68
97 74 72
97 75 60
97 76 70
97 77 46
97 78 9
97 79 90
97 80 4
97 81 88
97 82 35
97 83 35
97 84 35
97 85 35
97 86 26
97 87 71
97 88 20
97 89 53
97 90 29
97 91 19
97 92 14
97 93 86
97 94 87
97 95 67
97 96 68
97 97 49
97 98 27
97 99 90
97 100 40
98 1 36
98 2 42
98 3 67
98 4 49
98 5 62
98 6 56
98 7 16
98 8 85
98 9 41
98 10 63
98 11 65
98 12 4
98 13 63
98 14 53
98 15 57
98 16 64
98 17 27
98 18 50
98 19 68
98 20 93
98 21 89
98 22 64
98 23 59
98 24 28
98 25 28
98 26 9
98 27 97
98 28 55
98 29 66
98 30 83
98 31 77
98 32 89
98 33 84
98 34 82
98 35 47
98 36 6
98 37 77
98 38 47
98 39 67
98 40 67
98 41 52
98 42 61
98 43 95
98 44 38
98 45 35
98 46 71
98 47 71
98 48 7
98 49 77
98 50 98
98 51 23
98 52 83
98 53 20
98 54 54
98 55 60
98 56 34
98 57 29
98 58 70
98 59 73
98 60 47
98 61 67
98 62 8
98 63 75
98 64 66
98 65 21
98 66 23
98 67 39
98 68 55
98 69 32
98 70 23
98 71 19
98 72 35
98 73 80
98 74 75
98 75 17
98 76 94
98 77 14
98 78 65
98 79 74
98 80 54
98 81 66
98 82 28
98 83 68
98 84 42
98 85 68
98 86 68
98 87 68
98 88 68
98 89 3
98 90 74
98 91 72
98 92 69
98 93 50
98 94 66
98 95 63
98 96 37
98 97 24
98 98 44
98 99 95
98 100 25
99 1 69
99 2 77
99 3 22
99 4 40
99 5 47
99 6 28
99 7 77
99 8 4
99 9 98
99 10 95
99 11 54
99 12 61
99 13 95
99 14 78
99 15 74
99 16 71
99 17 80
99 18 40
99 19 84
99 20 20
99 21 9
99 22 93
99 23 26
99 24 21
99 25 15
99 26 39
99 27 60
99 28 2
99 29 41
99 30 35
99 31 2
99 32 29
99 33 69
99 34 90
99 35 96
99 36 64
99 37 93
99 38 68
99 39 70
99 40 65
99 41 92
99 42 15
99 43 53
99 44 93
99 45 48
99 46 13
99 47 40
99 48 83
99 49 2
99 50 75
99 51 71
99 52 8
99 53 46
99 54 85
99 55 93
99 56 58
99 57 97
99 58 69
99 59 28
99 60 71
99 61 20
99 62 70
99 63 46
99 64 6
99 65 21
99 66 22
99 67 32
99 68 7
99 69 67
99 70 78
99 71 88
99 72 73
99 73 1
99 74 44
99 75 61
99 76 24
99 77 3
99 78 23
99 79 59
99 80 25
99 81 52
99 82 54
99 83 89
99 84 67
99 85 61
99 86 18
99 87 50
99 88 83
99 89 83
99 90 83
99 91 83
99 92 35
99 93 78
99 94 57
99 95 96
99 96 44
99 97 81
99 98 53
99 99 33
99 100 14
100 1 90
100 2 53
100 3 16
100 4 92
100 5 75
100 6 79
100 7 30
100 8 73
100 9 8
100 10 54
100 11 98
100 12 18
100 13 96
100 14 55
100 15 86
100 16 13
100 17 97
100 18 45
100 19 92
100 20 85
100 21 68
100 22 47
100 23 42
100 24 7
100 25 84
100 26 42
100 27 6
100 28 42
100 29 94
100 30 70
100 31 72
100 32 95
100 33 84
100 34 29
100 35 47
100 36 72
100 37 89
100 38 64
100 39 65
100 40 45
100 41 73
100 42 80
100 43 3
100 44 43
100 45 66
100 46 54
100 47 72
100 48 22
100 49 51
100 50 49
100 51 10
100 52 83
100 53 64
100 54 76
100 55 37
100 56 43
100 57 83
100 58 24
100 59 46
100 60 95
100 61 74
100 62 99
100 63 52
100 64 10
100 65 83
100 66 95
100 67 4
100 68 13
100 69 15
100 70 45
100 71 94
100 72 69
100 73 61
100 74 34
100 75 74
100 76 94
100 77 53
100 78 92
100 79 91
100 80 29
100 81 34
100 82 5
100 83 5
100 84 90
100 85 57
100 86 81
100 87 69
100 88 94
100 89 47
100 90 96
100 91 67
100 92 67
100 93 67
100 94 67
100 95 41
100 96 22
100 97 98
100 98 7
100 99 50
100 100 21