100 5
18
16
17
1
1
71
42
83
86
21
37
30
75
41
36
17
31
12
80
79
70
26
21
43
4
94
84
31
99
80
67
58
70
39
73
7
59
4
50
66
66
74
7
7
73
86
95
45
8
46
41
22
17
79
3
30
77
29
1
95
16
69
59
29
87
67
79
31
75
54
15
51
78
18
73
94
67
20
6
36
76
85
83
19
90
8
22
43
99
31
54
78
23
8
61
78
99
74
81
37
0 1 45
0 2 32
0 3 1
0 4 65
0 5 58
0 6 81
0 7 97
0 8 4
0 9 21
0 10 24
0 11 73
0 12 79
0 13 17
0 14 49
0 15 35
0 16 58
0 17 49
0 18 71
0 19 20
0 20 90
0 21 45
0 22 52
0 23 33
0 24 12
0 25 99
0 26 12
0 27 41
0 28 52
0 29 74
0 30 63
0 31 17
0 32 81
0 33 72
0 34 27
0 35 74
0 36 70
0 37 3
0 38 9
0 39 97
0 40 6
0 41 9
0 42 96
0 43 77
0 44 63
0 45 31
0 46 84
0 47 30
0 48 49
0 49 17
0 50 35
0 51 52
0 52 9
0 53 30
0 54 72
0 55 12
0 56 38
0 57 90
0 58 40
0 59 43
0 60 54
0 61 66
0 62 57
0 63 22
0 64 58
0 65 78
0 66 98
0 67 67
0 68 57
0 69 15
0 70 40
0 71 7
0 72 44
0 73 99
0 74 31
0 75 52
0 76 73
0 77 18
0 78 17
0 79 71
0 80 49
0 81 40
0 82 77
0 83 84
0 84 22
0 85 78
0 86 50
0 87 27
0 88 73
0 89 79
0 90 47
0 91 8
0 92 93
0 93 5
0 94 61
0 95 96
0 96 85
0 97 7
0 98 88
0 99 20
0 100 64
1 1 64
1 2 64
1 3 64
1 4 61
1 5 38
1 6 54
1 7 45
1 8 56
1 9 91
1 10 23
1 11 25
1 12 13
1 13 61
1 14 63
1 15 97
1 16 42
1 17 8
1 18 32
1 19 61
1 20 97
1 21 41
1 22 89
1 23 51
1 24 79
1 25 42
1 26 92
1 27 3
1 28 45
1 29 76
1 30 22
1 31 86
1 32 45
1 33 10
1 34 32
1 35 28
1 36 24
1 37 97
1 38 85
1 39 84
1 40 78
1 41 35
1 42 33
1 43 79
1 44 35
1 45 30
1 46 9
1 47 74
1 48 72
1 49 39
1 50 34
1 51 57
1 52 31
1 53 75
1 54 78
1 55 69
1 56 61
1 57 55
1 58 53
1 59 9
1 60 71
1 61 81
1 62 32
1 63 38
1 64 1
1 65 31
1 66 34
1 67 34
1 68 96
1 69 2
1 70 50
1 71 1
1 72 38
1 73 47
1 74 73
1 75 42
1 76 57
1 77 62
1 78 74
1 79 49
1 80 3
1 81 73
1 82 75
1 83 40
1 84 12
1 85 95
1 86 59
1 87 16
1 88 97
1 89 52
1 90 40
1 91 35
1 92 19
1 93 9
1 94 11
1 95 68
1 96 44
1 97 41
1 98 84
1 99 71
1 100 46
2 1 81
2 2 9
2 3 75
2 4 75
2 5 75
2 6 75
2 7 10
2 8 74
2 9 95
2 10 24
2 11 82
2 12 84
2 13 37
2 14 93
2 15 27
2 16 59
2 17 20
2 18 42
2 19 98
2 20 16
2 21 69
2 22 97
2 23 83
2 24 34
2 25 58
2 26 80
2 27 91
2 28 38
2 29 79
2 30 10
2 31 42
2 32 45
2 33 36
2 34 48
2 35 18
2 36 10
2 37 4
2 38 46
2 39 21
2 40 81
2 41 5
2 42 40
2 43 50
2 44 81
2 45 37
2 46 77
2 47 96
2 48 56
2 49 8
2 50 22
2 51 14
2 52 96
2 53 98
2 54 75
2 55 6
2 56 86
2 57 95
2 58 29
2 59 44
2 60 40
2 61 18
2 62 16
2 63 14
2 64 33
2 65 47
2 66 92
2 67 13
2 68 23
2 69 72
2 70 15
2 71 72
2 72 75
2 73 54
2 74 22
2 75 57
2 76 98
2 77 92
2 78 58
2 79 31
2 80 59
2 81 63
2 82 71
2 83 12
2 84 49
2 85 9
2 86 57
2 87 10
2 88 26
2 89 15
2 90 86
2 91 7
2 92 89
2 93 6
2 94 60
2 95 22
2 96 42
2 97 2
2 98 19
2 99 16
2 100 73
3 1 8
3 2 73
3 3 13
3 4 62
3 5 35
3 6 30
3 7 30
3 8 30
3 9 30
3 10 72
3 11 18
3 12 46
3 13 51
3 14 99
3 15 4
3 16 44
3 17 61
3 18 12
3 19 3
3 20 16
3 21 90
3 22 91
3 23 49
3 24 10
3 25 38
3 26 38
3 27 90
3 28 97
3 29 95
3 30 90
3 31 12
3 32 85
3 33 70
3 34 5
3 35 96
3 36 81
3 37 75
3 38 2
3 39 95
3 40 52
3 41 94
3 42 80
3 43 3
3 44 35
3 45 99
3 46 57
3 47 82
3 48 27
3 49 93
3 50 77
3 51 64
3 52 51
3 53 72
3 54 99
3 55 75
3 56 24
3 57 88
3 58 16
3 59 2
3 60 99
3 61 90
3 62 12
3 63 56
3 64 90
3 65 94
3 66 20
3 67 76
3 68 90
3 69 15
3 70 17
3 71 94
3 72 17
3 73 30
3 74 71
3 75 93
3 76 22
3 77 28
3 78 29
3 79 30
3 80 76
3 81 15
3 82 31
3 83 86
3 84 41
3 85 66
3 86 46
3 87 31
3 88 89
3 89 12
3 90 95
3 91 63
3 92 40
3 93 28
3 94 88
3 95 83
3 96 69
3 97 74
3 98 73
3 99 35
3 100 55
4 1 22
4 2 54
4 3 84
4 4 18
4 5 24
4 6 65
4 7 37
4 8 55
4 9 98
4 10 98
4 11 98
4 12 98
4 13 68
4 14 55
4 15 21
4 16 16
4 17 3
4 18 27
4 19 28
4 20 59
4 21 26
4 22 57
4 23 1
4 24 81
4 25 84
4 26 28
4 27 5
4 28 67
4 29 7
4 30 34
4 31 17
4 32 60
4 33 97
4 34 21
4 35 78
4 36 83
4 37 75
4 38 16
4 39 78
4 40 13
4 41 22
4 42 37
4 43 8
4 44 14
4 45 70
4 46 40
4 47 73
4 48 61
4 49 61
4 50 87
4 51 19
4 52 28
4 53 92
4 54 75
4 55 5
4 56 53
4 57 38
4 58 34
4 59 30
4 60 94
4 61 36
4 62 89
4 63 48
4 64 10
4 65 43
4 66 87
4 67 77
4 68 49
4 69 63
4 70 74
4 71 32
4 72 11
4 73 52
4 74 88
4 75 17
4 76 74
4 77 80
4 78 38
4 79 88
4 80 38
4 81 14
4 82 14
4 83 14
4 84 71
4 85 20
4 86 73
4 87 47
4 88 33
4 89 98
4 90 93
4 91 58
4 92 43
4 93 36
4 94 53
4 95 64
4 96 40
4 97 59
4 98 57
4 99 76
4 100 31
5 1 63
5 2 33
5 3 27
5 4 44
5 5 24
5 6 26
5 7 6
5 8 55
5 9 99
5 10 28
5 11 62
5 12 25
5 13 25
5 14 25
5 15 25
5 16 76
5 17 61
5 18 63
5 19 57
5 20 83
5 21 15
5 22 27
5 23 40
5 24 84
5 25 66
5 26 5
5 27 29
5 28 35
5 29 89
5 30 47
5 31 63
5 32 14
5 33 82
5 34 14
5 35 21
5 36 31
5 37 44
5 38 32
5 39 63
5 40 20
5 41 88
5 42 89
5 43 30
5 44 17
5 45 8
5 46 67
5 47 61
5 48 17
5 49 74
5 50 81
5 51 45
5 52 85
5 53 31
5 54 47
5 55 58
5 56 55
5 57 84
5 58 77
5 59 85
5 60 48
5 61 54
5 62 38
5 63 57
5 64 49
5 65 61
5 66 19
5 67 23
5 68 86
5 69 87
5 70 93
5 71 47
5 72 14
5 73 36
5 74 29
5 75 55
5 76 28
5 77 39
5 78 43
5 79 85
5 80 35
5 81 41
5 82 29
5 83 71
5 84 51
5 85 26
5 86 47
5 87 60
5 88 27
5 89 56
5 90 4
5 91 14
5 92 10
5 93 49
5 94 86
5 95 31
5 96 47
5 97 3
5 98 50
5 99 25
5 100 45
6 1 93
6 2 45
6 3 75
6 4 84
6 5 69
6 6 23
6 7 52
6 8 29
6 9 20
6 10 85
6 11 73
6 12 29
6 13 15
6 14 40
6 15 16
6 16 16
6 17 16
6 18 16
6 19 33
6 20 14
6 21 31
6 22 6
6 23 46
6 24 11
6 25 94
6 26 85
6 27 37
6 28 99
6 29 12
6 30 54
6 31 25
6 32 16
6 33 57
6 34 44
6 35 73
6 36 96
6 37 66
6 38 27
6 39 81
6 40 40
6 41 12
6 42 9
6 43 26
6 44 18
6 45 3
6 46 44
6 47 7
6 48 46
6 49 90
6 50 26
6 51 21
6 52 67
6 53 48
6 54 62
6 55 33
6 56 56
6 57 67
6 58 41
6 59 1
6 60 16
6 61 59
6 62 47
6 63 59
6 64 87
6 65 54
6 66 51
6 67 27
6 68 43
6 69 38
6 70 73
6 71 43
6 72 64
6 73 66
6 74 21
6 75 41
6 76 31
6 77 87
6 78 60
6 79 58
6 80 70
6 81 7
6 82 26
6 83 71
6 84 14
6 85 23
6 86 21
6 87 30
6 88 12
6 89 95
6 90 50
6 91 29
6 92 35
6 93 33
6 94 54
6 95 88
6 96 97
6 97 51
6 98 34
6 99 40
6 100 57
7 1 36
7 2 28
7 3 25
7 4 58
7 5 92
7 6 69
7 7 21
7 8 16
7 9 6
7 10 96
7 11 27
7 12 43
7 13 24
7 14 73
7 15 64
7 16 41
7 17 37
7 18 68
7 19 68
7 20 68
7 21 68
7 22 56
7 23 74
7 24 85
7 25 57
7 26 24
7 27 29
7 28 43
7 29 20
7 30 63
7 31 81
7 32 37
7 33 62
7 34 24
7 35 30
7 36 1
7 37 77
7 38 76
7 39 88
7 40 8
7 41 8
7 42 4
7 43 28
7 44 93
7 45 82
7 46 46
7 47 15
7 48 95
7 49 41
7 50 14
7 51 51
7 52 43
7 53 45
7 54 64
7 55 86
7 56 89
7 57 91
7 58 27
7 59 66
7 60 26
7 61 24
7 62 97
7 63 42
7 64 93
7 65 50
7 66 41
7 67 3
7 68 25
7 69 2
7 70 84
7 71 80
7 72 88
7 73 16
7 74 55
7 75 39
7 76 14
7 77 62
7 78 70
7 79 92
7 80 93
7 81 14
7 82 14
7 83 71
7 84 56
7 85 64
7 86 86
7 87 50
7 88 94
7 89 74
7 90 10
7 91 10
7 92 86
7 93 55
7 94 19
7 95 83
7 96 89
7 97 46
7 98 30
7 99 89
7 100 41
8 1 63
8 2 20
8 3 75
8 4 69
8 5 96
8 6 80
8 7 90
8 8 54
8 9 83
8 10 51
8 11 38
8 12 3
8 13 3
8 14 26
8 15 96
8 16 43
8 17 31
8 18 69
8 19 64
8 20 39
8 21 51
8 22 51
8 23 51
8 24 51
8 25 74
8 26 80
8 27 39
8 28 64
8 29 9
8 30 41
8 31 15
8 32 5
8 33 95
8 34 71
8 35 19
8 36 93
8 37 99
8 38 34
8 39 71
8 40 21
8 41 23
8 42 65
8 43 54
8 44 28
8 45 15
8 46 32
8 47 99
8 48 56
8 49 47
8 50 6
8 51 39
8 52 98
8 53 73
8 54 33
8 55 27
8 56 87
8 57 46
8 58 43
8 59 80
8 60 46
8 61 37
8 62 3
8 63 37
8 64 90
8 65 25
8 66 60
8 67 76
8 68 35
8 69 38
8 70 30
8 71 67
8 72 81
8 73 99
8 74 44
8 75 70
8 76 50
8 77 42
8 78 10
8 79 73
8 80 98
8 81 8
8 82 58
8 83 59
8 84 38
8 85 29
8 86 77
8 87 31
8 88 18
8 89 47
8 90 11
8 91 51
8 92 31
8 93 51
8 94 58
8 95 22
8 96 67
8 97 87
8 98 16
8 99 75
8 100 86
9 1 88
9 2 83
9 3 82
9 4 61
9 5 17
9 6 5
9 7 3
9 8 25
9 9 4
9 10 12
9 11 37
9 12 83
9 13 94
9 14 47
9 15 34
9 16 43
9 17 58
9 18 42
9 19 15
9 20 73
9 21 52
9 22 63
9 23 53
9 24 49
9 25 49
9 26 49
9 27 49
9 28 31
9 29 19
9 30 82
9 31 9
9 32 42
9 33 19
9 34 62
9 35 66
9 36 73
9 37 40
9 38 51
9 39 66
9 40 41
9 41 55
9 42 95
9 43 72
9 44 84
9 45 15
9 46 67
9 47 56
9 48 13
9 49 31
9 50 29
9 51 20
9 52 12
9 53 33
9 54 17
9 55 37
9 56 82
9 57 82
9 58 92
9 59 32
9 60 28
9 61 74
9 62 54
9 63 90
9 64 58
9 65 13
9 66 5
9 67 35
9 68 63
9 69 19
9 70 2
9 71 1
9 72 89
9 73 23
9 74 70
9 75 10
9 76 94
9 77 54
9 78 25
9 79 42
9 80 83
9 81 3
9 82 46
9 83 73
9 84 11
9 85 83
9 86 37
9 87 67
9 88 60
9 89 65
9 90 29
9 91 15
9 92 54
9 93 62
9 94 9
9 95 12
9 96 96
9 97 13
9 98 19
9 99 11
9 100 17
10 1 81
10 2 10
10 3 11
10 4 78
10 5 13
10 6 46
10 7 37
10 8 95
10 9 77
10 10 18
10 11 92
10 12 46
10 13 27
10 14 56
10 15 48
10 16 54
10 17 38
10 18 57
10 19 90
10 20 30
10 21 28
10 22 71
10 23 82
10 24 31
10 25 28
10 26 58
10 27 89
10 28 89
10 29 89
10 30 89
10 31 69
10 32 88
10 33 6
10 34 37
10 35 89
10 36 40
10 37 72
10 38 56
10 39 26
10 40 25
10 41 90
10 42 64
10 43 50
10 44 13
10 45 76
10 46 57
10 47 59
10 48 35
10 49 22
10 50 8
10 51 33
10 52 96
10 53 6
10 54 50
10 55 97
10 56 93
10 57 13
10 58 48
10 59 85
10 60 7
10 61 29
10 62 90
10 63 89
10 64 76
10 65 69
10 66 4
10 67 2
10 68 19
10 69 31
10 70 77
10 71 96
10 72 38
10 73 47
10 74 66
10 75 67
10 76 41
10 77 81
10 78 2
10 79 21
10 80 22
10 81 24
10 82 56
10 83 28
10 84 59
10 85 46
10 86 88
10 87 23
10 88 90
10 89 23
10 90 67
10 91 95
10 92 47
10 93 46
10 94 29
10 95 40
10 96 19
10 97 64
10 98 21
10 99 91
10 100 41
11 1 94
11 2 63
11 3 60
11 4 88
11 5 23
11 6 66
11 7 45
11 8 1
11 9 45
11 10 29
11 11 30
11 12 68
11 13 88
11 14 74
11 15 80
11 16 96
11 17 35
11 18 86
11 19 85
11 20 1
11 21 84
11 22 28
11 23 55
11 24 89
11 25 8
11 26 71
11 27 45
11 28 97
11 29 78
11 30 15
11 31 15
11 32 15
11 33 15
11 34 19
11 35 3
11 36 5
11 37 28
11 38 41
11 39 18
11 40 39
11 41 7
11 42 25
11 43 52
11 44 36
11 45 21
11 46 27
11 47 88
11 48 51
11 49 1
11 50 51
11 51 20
11 52 14
11 53 5
11 54 54
11 55 78
11 56 12
11 57 59
11 58 38
11 59 58
11 60 95
11 61 52
11 62 46
11 63 87
11 64 39
11 65 82
11 66 1
11 67 87
11 68 8
11 69 84
11 70 71
11 71 42
11 72 50
11 73 91
11 74 88
11 75 32
11 76 14
11 77 49
11 78 50
11 79 37
11 80 80
11 81 97
11 82 13
11 83 39
11 84 95
11 85 40
11 86 32
11 87 97
11 88 16
11 89 29
11 90 72
11 91 71
11 92 88
11 93 50
11 94 13
11 95 55
11 96 8
11 97 27
11 98 10
11 99 51
11 100 30
12 1 15
12 2 11
12 3 81
12 4 81
12 5 8
12 6 5
12 7 68
12 8 4
12 9 64
12 10 62
12 11 90
12 12 71
12 13 95
12 14 95
12 15 14
12 16 83
12 17 91
12 18 25
12 19 85
12 20 41
12 21 66
12 22 4
12 23 90
12 24 85
12 25 24
12 26 76
12 27 17
12 28 88
12 29 70
12 30 97
12 31 13
12 32 92
12 33 20
12 34 20
12 35 20
12 36 20
12 37 42
12 38 52
12 39 87
12 40 24
12 41 80
12 42 28
12 43 12
12 44 15
12 45 58
12 46 53
12 47 85
12 48 58
12 49 18
12 50 7
12 51 12
12 52 59
12 53 74
12 54 36
12 55 10
12 56 12
12 57 55
12 58 59
12 59 78
12 60 87
12 61 53
12 62 29
12 63 98
12 64 16
12 65 42
12 66 88
12 67 16
12 68 28
12 69 54
12 70 8
12 71 57
12 72 64
12 73 16
12 74 27
12 75 8
12 76 77
12 77 79
12 78 32
12 79 84
12 80 57
12 81 51
12 82 44
12 83 57
12 84 54
12 85 8
12 86 85
12 87 84
12 88 16
12 89 75
12 90 47
12 91 29
12 92 56
12 93 73
12 94 6
12 95 18
12 96 60
12 97 16
12 98 34
12 99 97
12 100 40
13 1 86
13 2 86
13 3 7
13 4 79
13 5 31
13 6 2
13 7 52
13 8 55
13 9 43
13 10 89
13 11 36
13 12 81
13 13 45
13 14 11
13 15 35
13 16 71
13 17 46
13 18 60
13 19 50
13 20 49
13 21 74
13 22 78
13 23 3
13 24 85
13 25 55
13 26 50
13 27 38
13 28 21
13 29 6
13 30 46
13 31 47
13 32 4
13 33 39
13 34 90
13 35 73
13 36 84
13 37 84
13 38 84
13 39 84
13 40 35
13 41 77
13 42 9
13 43 14
13 44 46
13 45 6
13 46 51
13 47 97
13 48 21
13 49 43
13 50 27
13 51 5
13 52 31
13 53 83
13 54 51
13 55 32
13 56 56
13 57 63
13 58 84
13 59 89
13 60 40
13 61 92
13 62 2
13 63 11
13 64 64
13 65 32
13 66 87
13 67 91
13 68 10
13 69 78
13 70 46
13 71 31
13 72 79
13 73 10
13 74 75
13 75 10
13 76 89
13 77 28
13 78 98
13 79 82
13 80 60
13 81 31
13 82 68
13 83 40
13 84 56
13 85 95
13 86 34
13 87 49
13 88 81
13 89 11
13 90 39
13 91 10
13 92 21
13 93 64
13 94 5
13 95 30
13 96 95
13 97 50
13 98 62
13 99 35
13 100 17
14 1 49
14 2 38
14 3 35
14 4 31
14 5 31
14 6 10
14 7 22
14 8 86
14 9 72
14 10 36
14 11 21
14 12 18
14 13 64
14 14 2
14 15 52
14 16 84
14 17 13
14 18 47
14 19 6
14 20 13
14 21 88
14 22 13
14 23 45
14 24 58
14 25 5
14 26 78
14 27 70
14 28 50
14 29 32
14 30 98
14 31 75
14 32 77
14 33 53
14 34 77
14 35 28
14 36 52
14 37 85
14 38 12
14 39 85
14 40 85
14 41 85
14 42 85
14 43 54
14 44 36
14 45 8
14 46 34
14 47 61
14 48 79
14 49 77
14 50 83
14 51 17
14 52 59
14 53 65
14 54 44
14 55 81
14 56 13
14 57 64
14 58 53
14 59 79
14 60 34
14 61 13
14 62 14
14 63 1
14 64 87
14 65 99
14 66 66
14 67 1
14 68 55
14 69 60
14 70 28
14 71 33
14 72 49
14 73 27
14 74 87
14 75 77
14 76 29
14 77 9
14 78 22
14 79 87
14 80 16
14 81 6
14 82 47
14 83 65
14 84 82
14 85 72
14 86 30
14 87 77
14 88 69
14 89 75
14 90 67
14 91 36
14 92 83
14 93 78
14 94 57
14 95 27
14 96 2
14 97 49
14 98 82
14 99 76
14 100 77
15 1 98
15 2 80
15 3 84
15 4 27
15 5 57
15 6 65
15 7 59
15 8 90
15 9 54
15 10 32
15 11 52
15 12 53
15 13 61
15 14 1
15 15 67
15 16 7
15 17 84
15 18 35
15 19 73
15 20 79
15 21 5
15 22 72
15 23 67
15 24 75
15 25 8
15 26 43
15 27 41
15 28 56
15 29 5
15 30 68
15 31 36
15 32 24
15 33 32
15 34 33
15 35 95
15 36 19
15 37 75
15 38 9
15 39 15
15 40 60
15 41 93
15 42 28
15 43 28
15 44 28
15 45 28
15 46 2
15 47 54
15 48 20
15 49 81
15 50 91
15 51 93
15 52 99
15 53 60
15 54 52
15 55 80
15 56 57
15 57 42
15 58 36
15 59 95
15 60 69
15 61 31
15 62 15
15 63 9
15 64 59
15 65 57
15 66 40
15 67 15
15 68 56
15 69 7
15 70 47
15 71 90
15 72 94
15 73 15
15 74 67
15 75 67
15 76 1
15 77 65
15 78 96
15 79 67
15 80 95
15 81 30
15 82 29
15 83 7
15 84 33
15 85 73
15 86 92
15 87 74
15 88 64
15 89 15
15 90 90
15 91 11
15 92 57
15 93 13
15 94 20
15 95 40
15 96 14
15 97 6
15 98 26
15 99 28
15 100 69
16 1 47
16 2 13
16 3 75
16 4 69
16 5 81
16 6 82
16 7 25
16 8 69
16 9 34
16 10 39
16 11 28
16 12 57
16 13 42
16 14 9
16 15 91
16 16 38
16 17 99
16 18 73
16 19 74
16 20 80
16 21 63
16 22 29
16 23 47
16 24 20
16 25 77
16 26 87
16 27 58
16 28 59
16 29 52
16 30 40
16 31 9
16 32 90
16 33 75
16 34 7
16 35 86
16 36 88
16 37 66
16 38 44
16 39 17
16 40 86
16 41 18
16 42 3
16 43 58
16 44 54
16 45 84
16 46 84
16 47 84
16 48 84
16 49 93
16 50 31
16 51 6
16 52 35
16 53 91
16 54 61
16 55 55
16 56 92
16 57 43
16 58 91
16 59 74
16 60 8
16 61 10
16 62 63
16 63 10
16 64 13
16 65 22
16 66 79
16 67 98
16 68 24
16 69 2
16 70 92
16 71 95
16 72 72
16 73 75
16 74 82
16 75 28
16 76 51
16 77 59
16 78 71
16 79 25
16 80 34
16 81 40
16 82 74
16 83 2
16 84 37
16 85 58
16 86 19
16 87 5
16 88 43
16 89 41
16 90 54
16 91 56
16 92 41
16 93 78
16 94 16
16 95 99
16 96 10
16 97 17
16 98 93
16 99 42
16 100 32
17 1 21
17 2 88
17 3 56
17 4 41
17 5 90
17 6 70
17 7 81
17 8 81
17 9 9
17 10 6
17 11 20
17 12 11
17 13 95
17 14 83
17 15 68
17 16 84
17 17 9
17 18 56
17 19 66
17 20 49
17 21 32
17 22 12
17 23 83
17 24 90
17 25 18
17 26 1
17 27 61
17 28 24
17 29 47
17 30 77
17 31 83
17 32 60
17 33 70
17 34 51
17 35 86
17 36 49
17 37 68
17 38 25
17 39 84
17 40 69
17 41 59
17 42 35
17 43 9
17 44 52
17 45 38
17 46 49
17 47 67
17 48 27
17 49 27
17 50 27
17 51 27
17 52 69
17 53 26
17 54 83
17 55 37
17 56 44
17 57 8
17 58 63
17 59 40
17 60 96
17 61 41
17 62 64
17 63 7
17 64 48
17 65 58
17 66 28
17 67 22
17 68 71
17 69 22
17 70 4
17 71 48
17 72 90
17 73 24
17 74 39
17 75 3
17 76 90
17 77 87
17 78 96
17 79 15
17 80 79
17 81 98
17 82 74
17 83 23
17 84 43
17 85 81
17 86 41
17 87 13
17 88 29
17 89 53
17 90 96
17 91 81
17 92 2
17 93 53
17 94 18
17 95 31
17 96 36
17 97 14
17 98 22
17 99 37
17 100 56
18 1 94
18 2 84
18 3 20
18 4 83
18 5 82
18 6 69
18 7 89
18 8 53
18 9 3
18 10 15
18 11 47
18 12 51
18 13 37
18 14 49
18 15 15
18 16 32
18 17 76
18 18 63
18 19 75
18 20 42
18 21 48
18 22 46
18 23 73
18 24 59
18 25 14
18 26 94
18 27 2
18 28 92
18 29 89
18 30 94
18 31 90
18 32 3
18 33 69
18 34 16
18 35 12
18 36 38
18 37 18
18 38 70
18 39 34
18 40 70
18 41 69
18 42 96
18 43 30
18 44 44
18 45 39
18 46 16
18 47 14
18 48 96
18 49 23
18 50 82
18 51 71
18 52 71
18 53 71
18 54 71
18 55 9
18 56 74
18 57 4
18 58 27
18 59 49
18 60 68
18 61 4
18 62 47
18 63 81
18 64 25
18 65 98
18 66 70
18 67 1
18 68 69
18 69 60
18 70 87
18 71 47
18 72 21
18 73 75
18 74 66
18 75 13
18 76 22
18 77 65
18 78 27
18 79 91
18 80 54
18 81 38
18 82 17
18 83 16
18 84 1
18 85 3
18 86 28
18 87 58
18 88 66
18 89 58
18 90 31
18 91 41
18 92 96
18 93 77
18 94 48
18 95 33
18 96 79
18 97 18
18 98 4
18 99 42
18 100 66
19 1 84
19 2 26
19 3 23
19 4 36
19 5 56
19 6 45
19 7 28
19 8 37
19 9 13
19 10 17
19 11 26
19 12 54
19 13 7
19 14 7
19 15 41
19 16 68
19 17 94
19 18 48
19 19 2
19 20 49
19 21 75
19 22 73
19 23 42
19 24 40
19 25 82
19 26 88
19 27 85
19 28 26
19 29 34
19 30 21
19 31 85
19 32 93
19 33 1
19 34 97
19 35 48
19 36 14
19 37 11
19 38 11
19 39 41
19 40 33
19 41 13
19 42 72
19 43 54
19 44 30
19 45 12
19 46 78
19 47 87
19 48 59
19 49 8
19 50 30
19 51 64
19 52 4
19 53 19
19 54 24
19 55 24
19 56 24
19 57 24
19 58 3
19 59 11
19 60 98
19 61 33
19 62 71
19 63 77
19 64 53
19 65 84
19 66 60
19 67 14
19 68 78
19 69 21
19 70 27
19 71 92
19 72 96
19 73 87
19 74 33
19 75 11
19 76 61
19 77 98
19 78 76
19 79 25
19 80 23
19 81 16
19 82 86
19 83 62
19 84 18
19 85 41
19 86 81
19 87 5
19 88 16
19 89 45
19 90 95
19 91 17
19 92 15
19 93 59
19 94 61
19 95 59
19 96 34
19 97 15
19 98 79
19 99 49
19 100 59
20 1 73
20 2 64
20 3 49
20 4 80
20 5 81
20 6 11
20 7 79
20 8 6
20 9 92
20 10 54
20 11 14
20 12 69
20 13 88
20 14 27
20 15 35
20 16 31
20 17 1
20 18 95
20 19 56
20 20 89
20 21 93
20 22 90
20 23 26
20 24 70
20 25 67
20 26 17
20 27 27
20 28 58
20 29 98
20 30 7
20 31 97
20 32 87
20 33 15
20 34 65
20 35 42
20 36 61
20 37 50
20 38 99
20 39 53
20 40 20
20 41 56
20 42 93
20 43 5
20 44 9
20 45 21
20 46 24
20 47 6
20 48 11
20 49 1
20 50 42
20 51 42
20 52 59
20 53 96
20 54 77
20 55 1
20 56 7
20 57 79
20 58 79
20 59 79
20 60 79
20 61 17
20 62 80
20 63 95
20 64 38
20 65 12
20 66 59
20 67 33
20 68 43
20 69 79
20 70 30
20 71 79
20 72 84
20 73 22
20 74 19
20 75 71
20 76 72
20 77 96
20 78 79
20 79 29
20 80 28
20 81 35
20 82 87
20 83 93
20 84 44
20 85 42
20 86 63
20 87 81
20 88 28
20 89 7
20 90 67
20 91 3
20 92 43
20 93 76
20 94 37
20 95 89
20 96 39
20 97 18
20 98 36
20 99 86
20 100 67
21 1 14
21 2 43
21 3 78
21 4 42
21 5 42
21 6 81
21 7 80
21 8 33
21 9 1
21 10 82
21 11 72
21 12 22
21 13 33
21 14 22
21 15 70
21 16 36
21 17 64
21 18 69
21 19 53
21 20 27
21 21 57
21 22 94
21 23 40
21 24 98
21 25 97
21 26 66
21 27 87
21 28 35
21 29 10
21 30 29
21 31 91
21 32 89
21 33 95
21 34 98
21 35 99
21 36 42
21 37 54
21 38 47
21 39 24
21 40 92
21 41 13
21 42 57
21 43 80
21 44 21
21 45 42
21 46 4
21 47 32
21 48 49
21 49 87
21 50 33
21 51 16
21 52 28
21 53 87
21 54 42
21 55 82
21 56 7
21 57 48
21 58 69
21 59 69
21 60 63
21 61 63
21 62 63
21 63 63
21 64 25
21 65 74
21 66 6
21 67 23
21 68 77
21 69 46
21 70 93
21 71 16
21 72 70
21 73 83
21 74 24
21 75 46
21 76 1
21 77 26
21 78 73
21 79 99
21 80 50
21 81 79
21 82 65
21 83 54
21 84 76
21 85 87
21 86 3
21 87 59
21 88 5
21 89 53
21 90 93
21 91 41
21 92 55
21 93 92
21 94 39
21 95 12
21 96 75
21 97 87
21 98 98
21 99 55
21 100 17
22 1 44
22 2 96
22 3 80
22 4 13
22 5 92
22 6 92
22 7 1
22 8 63
22 9 31
22 10 81
22 11 70
22 12 48
22 13 13
22 14 40
22 15 94
22 16 52
22 17 49
22 18 11
22 19 91
22 20 27
22 21 57
22 22 36
22 23 44
22 24 93
22 25 77
22 26 79
22 27 45
22 28 6
22 29 19
22 30 18
22 31 34
22 32 70
22 33 36
22 34 40
22 35 15
22 36 23
22 37 95
22 38 75
22 39 84
22 40 79
22 41 92
22 42 48
22 43 5
22 44 30
22 45 17
22 46 84
22 47 54
22 48 61
22 49 65
22 50 81
22 51 68
22 52 17
22 53 96
22 54 36
22 55 7
22 56 10
22 57 18
22 58 39
22 59 87
22 60 86
22 61 77
22 62 30
22 63 70
22 64 70
22 65 70
22 66 70
22 67 87
22 68 44
22 69 28
22 70 27
22 71 13
22 72 51
22 73 99
22 74 37
22 75 56
22 76 71
22 77 48
22 78 55
22 79 13
22 80 18
22 81 30
22 82 70
22 83 70
22 84 32
22 85 50
22 86 43
22 87 88
22 88 20
22 89 46
22 90 48
22 91 51
22 92 58
22 93 1
22 94 94
22 95 10
22 96 98
22 97 24
22 98 32
22 99 62
22 100 37
23 1 50
23 2 39
23 3 38
23 4 60
23 5 39
23 6 70
23 7 60
23 8 38
23 9 29
23 10 4
23 11 38
23 12 72
23 13 73
23 14 83
23 15 92
23 16 78
23 17 4
23 18 43
23 19 38
23 20 39
23 21 19
23 22 48
23 23 33
23 24 22
23 25 57
23 26 89
23 27 6
23 28 43
23 29 15
23 30 41
23 31 54
23 32 85
23 33 56
23 34 13
23 35 57
23 36 31
23 37 88
23 38 38
23 39 54
23 40 94
23 41 7
23 42 8
23 43 20
23 44 71
23 45 56
23 46 54
23 47 18
23 48 30
23 49 23
23 50 53
23 51 97
23 52 58
23 53 64
23 54 87
23 55 27
23 56 18
23 57 38
23 58 45
23 59 8
23 60 81
23 61 68
23 62 79
23 63 46
23 64 59
23 65 33
23 66 11
23 67 11
23 68 11
23 69 11
23 70 38
23 71 68
23 72 20
23 73 71
23 74 40
23 75 6
23 76 9
23 77 74
23 78 98
23 79 62
23 80 87
23 81 37
23 82 26
23 83 33
23 84 58
23 85 93
23 86 47
23 87 80
23 88 40
23 89 95
23 90 21
23 91 87
23 92 95
23 93 47
23 94 3
23 95 67
23 96 70
23 97 48
23 98 51
23 99 36
23 100 43
24 1 49
24 2 4
24 3 19
24 4 77
24 5 75
24 6 25
24 7 48
24 8 25
24 9 92
24 10 22
24 11 91
24 12 68
24 13 77
24 14 17
24 15 70
24 16 36
24 17 70
24 18 58
24 19 32
24 20 6
24 21 53
24 22 6
24 23 77
24 24 33
24 25 80
24 26 20
24 27 61
24 28 89
24 29 28
24 30 33
24 31 27
24 32 6
24 33 78
24 34 80
24 35 32
24 36 67
24 37 72
24 38 85
24 39 63
24 40 81
24 41 42
24 42 65
24 43 46
24 44 81
24 45 47
24 46 41
24 47 92
24 48 80
24 49 85
24 50 68
24 51 3
24 52 17
24 53 88
24 54 30
24 55 30
24 56 59
24 57 64
24 58 8
24 59 58
24 60 51
24 61 45
24 62 93
24 63 81
24 64 89
24 65 77
24 66 48
24 67 31
24 68 11
24 69 10
24 70 10
24 71 10
24 72 10
24 73 86
24 74 96
24 75 33
24 76 37
24 77 77
24 78 99
24 79 59
24 80 11
24 81 65
24 82 44
24 83 61
24 84 68
24 85 20
24 86 51
24 87 79
24 88 97
24 89 41
24 90 50
24 91 39
24 92 54
24 93 89
24 94 10
24 95 6
24 96 47
24 97 69
24 98 63
24 99 96
24 100 25
25 1 92
25 2 84
25 3 16
25 4 67
25 5 40
25 6 27
25 7 23
25 8 55
25 9 24
25 10 51
25 11 16
25 12 53
25 13 40
25 14 53
25 15 75
25 16 39
25 17 81
25 18 45
25 19 47
25 20 58
25 21 40
25 22 1
25 23 14
25 24 79
25 25 86
25 26 66
25 27 4
25 28 5
25 29 17
25 30 7
25 31 38
25 32 30
25 33 45
25 34 82
25 35 57
25 36 36
25 37 79
25 38 74
25 39 7
25 40 87
25 41 3
25 42 9
25 43 72
25 44 47
25 45 33
25 46 5
25 47 96
25 48 96
25 49 68
25 50 34
25 51 82
25 52 59
25 53 93
25 54 63
25 55 8
25 56 20
25 57 17
25 58 73
25 59 43
25 60 53
25 61 42
25 62 44
25 63 71
25 64 46
25 65 6
25 66 54
25 67 36
25 68 97
25 69 76
25 70 79
25 71 30
25 72 28
25 73 28
25 74 28
25 75 28
25 76 8
25 77 76
25 78 8
25 79 91
25 80 42
25 81 67
25 82 28
25 83 86
25 84 8
25 85 2
25 86 89
25 87 63
25 88 76
25 89 95
25 90 92
25 91 8
25 92 27
25 93 25
25 94 99
25 95 41
25 96 18
25 97 94
25 98 9
25 99 11
25 100 34
26 1 94
26 2 96
26 3 57
26 4 69
26 5 9
26 6 32
26 7 11
26 8 52
26 9 38
26 10 18
26 11 75
26 12 16
26 13 1
26 14 90
26 15 17
26 16 17
26 17 51
26 18 71
26 19 73
26 20 5
26 21 56
26 22 60
26 23 24
26 24 25
26 25 50
26 26 50
26 27 16
26 28 84
26 29 78
26 30 47
26 31 53
26 32 3
26 33 10
26 34 24
26 35 35
26 36 21
26 37 47
26 38 24
26 39 49
26 40 80
26 41 2
26 42 11
26 43 16
26 44 26
26 45 16
26 46 67
26 47 83
26 48 92
26 49 59
26 50 61
26 51 11
26 52 92
26 53 4
26 54 45
26 55 88
26 56 46
26 57 27
26 58 94
26 59 76
26 60 27
26 61 22
26 62 61
26 63 4
26 64 94
26 65 42
26 66 4
26 67 93
26 68 93
26 69 27
26 70 43
26 71 35
26 72 15
26 73 54
26 74 29
26 75 15
26 76 15
26 77 15
26 78 15
26 79 23
26 80 91
26 81 36
26 82 34
26 83 30
26 84 37
26 85 64
26 86 26
26 87 12
26 88 97
26 89 15
26 90 8
26 91 47
26 92 84
26 93 59
26 94 39
26 95 67
26 96 50
26 97 26
26 98 28
26 99 76
26 100 31
27 1 99
27 2 76
27 3 49
27 4 50
27 5 98
27 6 58
27 7 36
27 8 61
27 9 81
27 10 67
27 11 51
27 12 71
27 13 74
27 14 30
27 15 78
27 16 53
27 17 90
27 18 46
27 19 49
27 20 1
27 21 34
27 22 63
27 23 14
27 24 55
27 25 4
27 26 44
27 27 50
27 28 64
27 29 44
27 30 58
27 31 13
27 32 58
27 33 4
27 34 43
27 35 23
27 36 32
27 37 39
27 38 13
27 39 67
27 40 43
27 41 87
27 42 84
27 43 59
27 44 90
27 45 48
27 46 11
27 47 5
27 48 84
27 49 19
27 50 91
27 51 74
27 52 80
27 53 96
27 54 8
27 55 52
27 56 2
27 57 59
27 58 11
27 59 37
27 60 58
27 61 78
27 62 62
27 63 3
27 64 62
27 65 26
27 66 49
27 67 17
27 68 73
27 69 95
27 70 73
27 71 1
27 72 82
27 73 48
27 74 43
27 75 51
27 76 66
27 77 9
27 78 92
27 79 92
27 80 92
27 81 92
27 82 3
27 83 14
27 84 76
27 85 5
27 86 61
27 87 25
27 88 45
27 89 79
27 90 39
27 91 45
27 92 32
27 93 82
27 94 24
27 95 91
27 96 22
27 97 21
27 98 52
27 99 64
27 100 54
28 1 27
28 2 16
28 3 52
28 4 13
28 5 53
28 6 43
28 7 65
28 8 66
28 9 60
28 10 9
28 11 51
28 12 51
28 13 23
28 14 99
28 15 9
28 16 55
28 17 49
28 18 51
28 19 90
28 20 10
28 21 9
28 22 24
28 23 96
28 24 2
28 25 95
28 26 49
28 27 47
28 28 18
28 29 3
28 30 97
28 31 36
28 32 40
28 33 2
28 34 77
28 35 98
28 36 45
28 37 44
28 38 37
28 39 94
28 40 68
28 41 54
28 42 66
28 43 42
28 44 17
28 45 49
28 46 48
28 47 4
28 48 38
28 49 43
28 50 10
28 51 70
28 52 71
28 53 96
28 54 11
28 55 92
28 56 98
28 57 2
28 58 16
28 59 3
28 60 21
28 61 37
28 62 14
28 63 84
28 64 63
28 65 90
28 66 35
28 67 79
28 68 82
28 69 20
28 70 90
28 71 61
28 72 38
28 73 29
28 74 57
28 75 89
28 76 4
28 77 9
28 78 55
28 79 99
28 80 98
28 81 58
28 82 58
28 83 58
28 84 58
28 85 29
28 86 91
28 87 14
28 88 35
28 89 60
28 90 98
28 91 84
28 92 97
28 93 70
28 94 54
28 95 60
28 96 99
28 97 46
28 98 91
28 99 70
28 100 4
29 1 69
29 2 61
29 3 59
29 4 47
29 5 32
29 6 33
29 7 27
29 8 18
29 9 17
29 10 12
29 11 49
29 12 67
29 13 57
29 14 38
29 15 9
29 16 68
29 17 8
29 18 75
29 19 44
29 20 62
29 21 97
29 22 47
29 23 96
29 24 44
29 25 89
29 26 79
29 27 86
29 28 5
29 29 73
29 30 84
29 31 55
29 32 3
29 33 43
29 34 21
29 35 40
29 36 96
29 37 38
29 38 68
29 39 28
29 40 22
29 41 94
29 42 24
29 43 60
29 44 21
29 45 3
29 46 10
29 47 75
29 48 6
29 49 29
29 50 70
29 51 54
29 52 54
29 53 21
29 54 79
29 55 57
29 56 98
29 57 55
29 58 70
29 59 53
29 60 63
29 61 14
29 62 92
29 63 78
29 64 78
29 65 3
29 66 22
29 67 66
29 68 9
29 69 45
29 70 49
29 71 59
29 72 78
29 73 90
29 74 64
29 75 51
29 76 73
29 77 46
29 78 61
29 79 40
29 80 9
29 81 77
29 82 2
29 83 63
29 84 58
29 85 58
29 86 58
29 87 58
29 88 27
29 89 69
29 90 21
29 91 40
29 92 34
29 93 13
29 94 98
29 95 20
29 96 32
29 97 90
29 98 44
29 99 12
29 100 42
30 1 70
30 2 29
30 3 10
30 4 84
30 5 93
30 6 45
30 7 50
30 8 52
30 9 32
30 10 7
30 11 91
30 12 72
30 13 8
30 14 45
30 15 82
30 16 5
30 17 66
30 18 60
30 19 69
30 20 9
30 21 74
30 22 75
30 23 73
30 24 26
30 25 14
30 26 19
30 27 34
30 28 58
30 29 9
30 30 15
30 31 87
30 32 36
30 33 92
30 34 98
30 35 27
30 36 5
30 37 25
30 38 69
30 39 97
30 40 89
30 41 91
30 42 31
30 43 97
30 44 62
30 45 45
30 46 47
30 47 53
30 48 74
30 49 51
30 50 21
30 51 7
30 52 49
30 53 93
30 54 94
30 55 30
30 56 66
30 57 66
30 58 78
30 59 39
30 60 6
30 61 18
30 62 62
30 63 22
30 64 47
30 65 21
30 66 87
30 67 18
30 68 44
30 69 20
30 70 17
30 71 67
30 72 38
30 73 20
30 74 37
30 75 86
30 76 91
30 77 25
30 78 85
30 79 18
30 80 50
30 81 36
30 82 29
30 83 49
30 84 73
30 85 56
30 86 25
30 87 99
30 88 99
30 89 99
30 90 99
30 91 95
30 92 27
30 93 54
30 94 41
30 95 65
30 96 39
30 97 89
30 98 55
30 99 23
30 100 92
31 1 81
31 2 87
31 3 94
31 4 49
31 5 78
31 6 4
31 7 1
31 8 55
31 9 12
31 10 7
31 11 9
31 12 1
31 13 90
31 14 18
31 15 68
31 16 51
31 17 77
31 18 77
31 19 36
31 20 75
31 21 25
31 22 19
31 23 40
31 24 45
31 25 12
31 26 41
31 27 94
31 28 23
31 29 63
31 30 92
31 31 86
31 32 1
31 33 1
31 34 19
31 35 5
31 36 83
31 37 40
31 38 99
31 39 38
31 40 11
31 41 44
31 42 76
31 43 42
31 44 37
31 45 52
31 46 85
31 47 16
31 48 61
31 49 52
31 50 29
31 51 59
31 52 20
31 53 88
31 54 38
31 55 85
31 56 19
31 57 99
31 58 60
31 59 20
31 60 17
31 61 42
31 62 34
31 63 90
31 64 99
31 65 94
31 66 73
31 67 42
31 68 5
31 69 13
31 70 72
31 71 71
31 72 65
31 73 87
31 74 6
31 75 94
31 76 42
31 77 72
31 78 61
31 79 78
31 80 8
31 81 38
31 82 98
31 83 7
31 84 18
31 85 79
31 86 35
31 87 94
31 88 95
31 89 7
31 90 32
31 91 32
31 92 32
31 93 32
31 94 72
31 95 36
31 96 52
31 97 4
31 98 98
31 99 56
31 100 97
32 1 93
32 2 60
32 3 96
32 4 55
32 5 60
32 6 75
32 7 95
32 8 7
32 9 16
32 10 61
32 11 22
32 12 92
32 13 59
32 14 89
32 15 68
32 16 89
32 17 22
32 18 55
32 19 49
32 20 89
32 21 24
32 22 8
32 23 39
32 24 34
32 25 18
32 26 77
32 27 38
32 28 48
32 29 21
32 30 97
32 31 3
32 32 53
32 33 63
32 34 66
32 35 35
32 36 13
32 37 24
32 38 67
32 39 88
32 40 64
32 41 1
32 42 62
32 43 64
32 44 21
32 45 50
32 46 38
32 47 25
32 48 76
32 49 23
32 50 69
32 51 32
32 52 9
32 53 12
32 54 19
32 55 23
32 56 60
32 57 14
32 58 25
32 59 6
32 60 51
32 61 44
32 62 31
32 63 89
32 64 87
32 65 70
32 66 57
32 67 3
32 68 50
32 69 12
32 70 67
32 71 6
32 72 46
32 73 83
32 74 13
32 75 50
32 76 44
32 77 97
32 78 8
32 79 63
32 80 32
32 81 95
32 82 40
32 83 75
32 84 97
32 85 37
32 86 24
32 87 84
32 88 44
32 89 76
32 90 20
32 91 17
32 92 36
32 93 33
32 94 33
32 95 33
32 96 33
32 97 82
32 98 44
32 99 26
32 100 84
33 1 94
33 2 33
33 3 75
33 4 54
33 5 41
33 6 82
33 7 88
33 8 21
33 9 85
33 10 80
33 11 65
33 12 1
33 13 43
33 14 46
33 15 66
33 16 81
33 17 89
33 18 79
33 19 56
33 20 4
33 21 57
33 22 38
33 23 88
33 24 75
33 25 38
33 26 63
33 27 39
33 28 36
33 29 72
33 30 35
33 31 54
33 32 62
33 33 95
33 34 82
33 35 19
33 36 5
33 37 80
33 38 66
33 39 9
33 40 42
33 41 3
33 42 23
33 43 3
33 44 57
33 45 15
33 46 71
33 47 56
33 48 44
33 49 6
33 50 37
33 51 81
33 52 85
33 53 49
33 54 43
33 55 24
33 56 49
33 57 41
33 58 70
33 59 12
33 60 28
33 61 94
33 62 90
33 63 7
33 64 92
33 65 82
33 66 63
33 67 76
33 68 7
33 69 7
33 70 15
33 71 25
33 72 45
33 73 47
33 74 40
33 75 72
33 76 40
33 77 25
33 78 35
33 79 4
33 80 24
33 81 74
33 82 92
33 83 39
33 84 49
33 85 59
33 86 39
33 87 45
33 88 32
33 89 47
33 90 95
33 91 83
33 92 18
33 93 37
33 94 61
33 95 3
33 96 64
33 97 64
33 98 64
33 99 64
33 100 62
34 1 52
34 2 91
34 3 76
34 4 24
34 5 64
34 6 96
34 7 17
34 8 56
34 9 97
34 10 15
34 11 66
34 12 75
34 13 99
34 14 18
34 15 75
34 16 69
34 17 54
34 18 26
34 19 9
34 20 12
34 21 35
34 22 78
34 23 52
34 24 76
34 25 6
34 26 31
34 27 38
34 28 15
34 29 60
34 30 15
34 31 3
34 32 92
34 33 63
34 34 19
34 35 88
34 36 40
34 37 42
34 38 94
34 39 75
34 40 58
34 41 68
34 42 41
34 43 66
34 44 41
34 45 4
34 46 2
34 47 79
34 48 82
34 49 37
34 50 99
34 51 17
34 52 63
34 53 12
34 54 53
34 55 23
34 56 85
34 57 53
34 58 9
34 59 62
34 60 22
34 61 32
34 62 92
34 63 14
34 64 48
34 65 99
34 66 44
34 67 10
34 68 58
34 69 23
34 70 66
34 71 4
34 72 27
34 73 84
34 74 29
34 75 40
34 76 40
34 77 24
34 78 98
34 79 86
34 80 9
34 81 6
34 82 49
34 83 35
34 84 62
34 85 72
34 86 14
34 87 14
34 88 81
34 89 67
34 90 27
34 91 54
34 92 70
34 93 30
34 94 74
34 95 2
34 96 37
34 97 97
34 98 48
34 99 77
34 100 77
35 1 77
35 2 77
35 3 86
35 4 16
35 5 6
35 6 38
35 7 61
35 8 36
35 9 86
35 10 2
35 11 68
35 12 37
35 13 11
35 14 86
35 15 47
35 16 24
35 17 17
35 18 26
35 19 21
35 20 28
35 21 36
35 22 35
35 23 37
35 24 90
35 25 54
35 26 56
35 27 9
35 28 64
35 29 32
35 30 57
35 31 62
35 32 73
35 33 99
35 34 79
35 35 78
35 36 79
35 37 6
35 38 46
35 39 24
35 40 77
35 41 86
35 42 28
35 43 65
35 44 27
35 45 79
35 46 55
35 47 45
35 48 97
35 49 1
35 50 64
35 51 50
35 52 26
35 53 92
35 54 31
35 55 38
35 56 47
35 57 73
35 58 80
35 59 61
35 60 6
35 61 57
35 62 65
35 63 46
35 64 37
35 65 35
35 66 51
35 67 49
35 68 49
35 69 68
35 70 81
35 71 95
35 72 9
35 73 21
35 74 10
35 75 27
35 76 25
35 77 32
35 78 89
35 79 12
35 80 52
35 81 42
35 82 87
35 83 19
35 84 33
35 85 78
35 86 7
35 87 2
35 88 92
35 89 69
35 90 53
35 91 49
35 92 76
35 93 69
35 94 50
35 95 11
35 96 4
35 97 63
35 98 74
35 99 43
35 100 68
36 1 98
36 2 16
36 3 16
36 4 16
36 5 16
36 6 38
36 7 21
36 8 12
36 9 65
36 10 60
36 11 5
36 12 7
36 13 97
36 14 14
36 15 54
36 16 96
36 17 16
36 18 76
36 19 7
36 20 50
36 21 40
36 22 32
36 23 88
36 24 37
36 25 14
36 26 40
36 27 66
36 28 29
36 29 5
36 30 26
36 31 95
36 32 9
36 33 92
36 34 84
36 35 16
36 36 90
36 37 88
36 38 4
36 39 73
36 40 67
36 41 68
36 42 75
36 43 60
36 44 9
36 45 99
36 46 66
36 47 8
36 48 2
36 49 51
36 50 42
36 51 26
36 52 78
36 53 56
36 54 22
36 55 27
36 56 57
36 57 25
36 58 81
36 59 50
36 60 76
36 61 92
36 62 96
36 63 84
36 64 18
36 65 19
36 66 94
36 67 6
36 68 45
36 69 31
36 70 21
36 71 32
36 72 69
36 73 80
36 74 68
36 75 16
36 76 4
36 77 67
36 78 24
36 79 71
36 80 41
36 81 79
36 82 66
36 83 30
36 84 78
36 85 83
36 86 79
36 87 11
36 88 87
36 89 69
36 90 99
36 91 58
36 92 10
36 93 61
36 94 95
36 95 32
36 96 73
36 97 71
36 98 62
36 99 73
36 100 31
37 1 56
37 2 24
37 3 64
37 4 4
37 5 19
37 6 19
37 7 19
37 8 19
37 9 99
37 10 79
37 11 47
37 12 33
37 13 85
37 14 17
37 15 20
37 16 13
37 17 14
37 18 30
37 19 4
37 20 4
37 21 21
37 22 95
37 23 4
37 24 9
37 25 52
37 26 6
37 27 12
37 28 93
37 29 33
37 30 8
37 31 6
37 32 85
37 33 19
37 34 60
37 35 78
37 36 57
37 37 35
37 38 37
37 39 24
37 40 42
37 41 27
37 42 22
37 43 29
37 44 60
37 45 48
37 46 71
37 47 55
37 48 89
37 49 1
37 50 3
37 51 48
37 52 96
37 53 70
37 54 83
37 55 96
37 56 91
37 57 37
37 58 21
37 59 46
37 60 83
37 61 28
37 62 36
37 63 17
37 64 91
37 65 83
37 66 25
37 67 17
37 68 58
37 69 77
37 70 90
37 71 76
37 72 7
37 73 98
37 74 91
37 75 42
37 76 4
37 77 45
37 78 53
37 79 77
37 80 90
37 81 44
37 82 5
37 83 23
37 84 59
37 85 44
37 86 23
37 87 96
37 88 81
37 89 74
37 90 46
37 91 27
37 92 14
37 93 75
37 94 24
37 95 37
37 96 7
37 97 25
37 98 21
37 99 76
37 100 65
38 1 91
38 2 9
38 3 91
38 4 47
38 5 36
38 6 62
38 7 98
38 8 35
38 9 35
38 10 35
38 11 35
38 12 55
38 13 7
38 14 6
38 15 78
38 16 62
38 17 18
38 18 48
38 19 77
38 20 23
38 21 5
38 22 49
38 23 66
38 24 93
38 25 2
38 26 31
38 27 13
38 28 29
38 29 21
38 30 82
38 31 90
38 32 23
38 33 57
38 34 72
38 35 43
38 36 52
38 37 41
38 38 51
38 39 88
38 40 52
38 41 95
38 42 51
38 43 5
38 44 50
38 45 91
38 46 34
38 47 32
38 48 96
38 49 30
38 50 98
38 51 34
38 52 19
38 53 90
38 54 77
38 55 78
38 56 89
38 57 30
38 58 62
38 59 72
38 60 15
38 61 7
38 62 55
38 63 92
38 64 35
38 65 4
38 66 74
38 67 83
38 68 87
38 69 70
38 70 78
38 71 89
38 72 64
38 73 54
38 74 39
38 75 38
38 76 18
38 77 72
38 78 9
38 79 75
38 80 39
38 81 90
38 82 36
38 83 43
38 84 74
38 85 74
38 86 29
38 87 61
38 88 34
38 89 58
38 90 80
38 91 53
38 92 10
38 93 44
38 94 68
38 95 87
38 96 79
38 97 15
38 98 99
38 99 7
38 100 38
39 1 99
39 2 58
39 3 61
39 4 77
39 5 73
39 6 50
39 7 15
39 8 79
39 9 12
39 10 30
39 11 87
39 12 87
39 13 87
39 14 87
39 15 99
39 16 8
39 17 80
39 18 94
39 19 60
39 20 24
39 21 39
39 22 73
39 23 84
39 24 39
39 25 36
39 26 24
39 27 45
39 28 42
39 29 46
39 30 62
39 31 90
39 32 11
39 33 40
39 34 61
39 35 34
39 36 65
39 37 45
39 38 78
39 39 98
39 40 5
39 41 92
39 42 81
39 43 66
39 44 12
39 45 49
39 46 74
39 47 77
39 48 67
39 49 72
39 50 84
39 51 67
39 52 81
39 53 68
39 54 82
39 55 97
39 56 67
39 57 30
39 58 65
39 59 79
39 60 72
39 61 43
39 62 37
39 63 64
39 64 80
39 65 34
39 66 80
39 67 77
39 68 27
39 69 87
39 70 65
39 71 59
39 72 83
39 73 86
39 74 23
39 75 8
39 76 12
39 77 84
39 78 12
39 79 89
39 80 89
39 81 71
39 82 13
39 83 39
39 84 41
39 85 96
39 86 8
39 87 59
39 88 17
39 89 43
39 90 55
39 91 26
39 92 84
39 93 85
39 94 79
39 95 7
39 96 10
39 97 23
39 98 23
39 99 52
39 100 85
40 1 43
40 2 88
40 3 35
40 4 78
40 5 94
40 6 44
40 7 86
40 8 12
40 9 88
40 10 78
40 11 60
40 12 13
40 13 41
40 14 45
40 15 45
40 16 45
40 17 45
40 18 18
40 19 85
40 20 35
40 21 87
40 22 51
40 23 63
40 24 69
40 25 83
40 26 31
40 27 23
40 28 73
40 29 55
40 30 93
40 31 7
40 32 34
40 33 10
40 34 58
40 35 61
40 36 23
40 37 58
40 38 10
40 39 70
40 40 98
40 41 85
40 42 79
40 43 21
40 44 78
40 45 73
40 46 71
40 47 19
40 48 56
40 49 53
40 50 37
40 51 95
40 52 82
40 53 17
40 54 54
40 55 90
40 56 4
40 57 98
40 58 54
40 59 73
40 60 93
40 61 5
40 62 29
40 63 49
40 64 40
40 65 54
40 66 49
40 67 58
40 68 65
40 69 51
40 70 54
40 71 47
40 72 96
40 73 90
40 74 98
40 75 48
40 76 28
40 77 25
40 78 5
40 79 22
40 80 9
40 81 96
40 82 93
40 83 60
40 84 92
40 85 24
40 86 59
40 87 79
40 88 22
40 89 73
40 90 95
40 91 57
40 92 5
40 93 85
40 94 99
40 95 35
40 96 22
40 97 8
40 98 88
40 99 32
40 100 59
41 1 24
41 2 30
41 3 7
41 4 9
41 5 15
41 6 40
41 7 6
41 8 64
41 9 47
41 10 9
41 11 99
41 12 9
41 13 46
41 14 25
41 15 79
41 16 93
41 17 26
41 18 26
41 19 26
41 20 26
41 21 12
41 22 54
41 23 67
41 24 31
41 25 19
41 26 70
41 27 48
41 28 34
41 29 44
41 30 75
41 31 3
41 32 71
41 33 55
41 34 86
41 35 98
41 36 65
41 37 77
41 38 85
41 39 64
41 40 62
41 41 97
41 42 7
41 43 30
41 44 83
41 45 41
41 46 87
41 47 69
41 48 50
41 49 24
41 50 66
41 51 68
41 52 66
41 53 89
41 54 18
41 55 34
41 56 55
41 57 28
41 58 33
41 59 50
41 60 60
41 61 98
41 62 97
41 63 91
41 64 12
41 65 29
41 66 6
41 67 48
41 68 98
41 69 36
41 70 23
41 71 29
41 72 19
41 73 50
41 74 44
41 75 55
41 76 43
41 77 75
41 78 31
41 79 26
41 80 17
41 81 24
41 82 54
41 83 44
41 84 94
41 85 16
41 86 66
41 87 79
41 88 13
41 89 23
41 90 32
41 91 25
41 92 66
41 93 66
41 94 23
41 95 73
41 96 12
41 97 4
41 98 76
41 99 66
41 100 82
42 1 51
42 2 35
42 3 50
42 4 72
42 5 46
42 6 74
42 7 16
42 8 41
42 9 17
42 10 8
42 11 73
42 12 12
42 13 8
42 14 91
42 15 7
42 16 28
42 17 86
42 18 2
42 19 19
42 20 29
42 21 29
42 22 29
42 23 29
42 24 60
42 25 9
42 26 36
42 27 41
42 28 74
42 29 56
42 30 26
42 31 82
42 32 40
42 33 22
42 34 9
42 35 82
42 36 2
42 37 90
42 38 18
42 39 50
42 40 12
42 41 71
42 42 28
42 43 6
42 44 96
42 45 34
42 46 91
42 47 10
42 48 15
42 49 93
42 50 89
42 51 37
42 52 69
42 53 26
42 54 10
42 55 57
42 56 59
42 57 29
42 58 37
42 59 14
42 60 87
42 61 4
42 62 10
42 63 16
42 64 56
42 65 65
42 66 60
42 67 61
42 68 37
42 69 3
42 70 43
42 71 90
42 72 74
42 73 93
42 74 60
42 75 49
42 76 29
42 77 8
42 78 7
42 79 83
42 80 16
42 81 97
42 82 88
42 83 89
42 84 23
42 85 78
42 86 79
42 87 17
42 88 27
42 89 83
42 90 7
42 91 77
42 92 56
42 93 78
42 94 82
42 95 45
42 96 94
42 97 77
42 98 50
42 99 46
42 100 25
43 1 63
43 2 19
43 3 52
43 4 99
43 5 10
43 6 60
43 7 26
43 8 87
43 9 76
43 10 74
43 11 57
43 12 46
43 13 89
43 14 53
43 15 29
43 16 82
43 17 38
43 18 49
43 19 43
43 20 82
43 21 25
43 22 88
43 23 2
43 24 2
43 25 2
43 26 2
43 27 57
43 28 70
43 29 70
43 30 88
43 31 83
43 32 39
43 33 59
43 34 47
43 35 35
43 36 90
43 37 26
43 38 9
43 39 81
43 40 52
43 41 61
43 42 99
43 43 49
43 44 96
43 45 35
43 46 75
43 47 12
43 48 3
43 49 36
43 50 5
43 51 29
43 52 74
43 53 15
43 54 43
43 55 23
43 56 52
43 57 76
43 58 27
43 59 85
43 60 57
43 61 49
43 62 62
43 63 6
43 64 12
43 65 88
43 66 45
43 67 32
43 68 2
43 69 76
43 70 69
43 71 67
43 72 19
43 73 88
43 74 66
43 75 14
43 76 90
43 77 74
43 78 28
43 79 81
43 80 6
43 81 67
43 82 72
43 83 82
43 84 59
43 85 48
43 86 33
43 87 13
43 88 5
43 89 11
43 90 26
43 91 35
43 92 44
43 93 35
43 94 62
43 95 19
43 96 36
43 97 46
43 98 36
43 99 44
43 100 25
44 1 83
44 2 94
44 3 80
44 4 14
44 5 26
44 6 53
44 7 25
44 8 55
44 9 5
44 10 97
44 11 92
44 12 11
44 13 7
44 14 33
44 15 89
44 16 68
44 17 59
44 18 96
44 19 16
44 20 91
44 21 96
44 22 93
44 23 29
44 24 47
44 25 40
44 26 77
44 27 77
44 28 77
44 29 77
44 30 3
44 31 98
44 32 30
44 33 46
44 34 9
44 35 80
44 36 54
44 37 40
44 38 76
44 39 55
44 40 80
44 41 9
44 42 26
44 43 80
44 44 23
44 45 55
44 46 42
44 47 65
44 48 23
44 49 30
44 50 86
44 51 56
44 52 14
44 53 1
44 54 90
44 55 31
44 56 69
44 57 13
44 58 21
44 59 3
44 60 62
44 61 38
44 62 88
44 63 98
44 64 9
44 65 29
44 66 39
44 67 75
44 68 86
44 69 81
44 70 51
44 71 82
44 72 41
44 73 48
44 74 86
44 75 46
44 76 14
44 77 34
44 78 80
44 79 64
44 80 62
44 81 60
44 82 48
44 83 21
44 84 38
44 85 44
44 86 64
44 87 76
44 88 85
44 89 5
44 90 91
44 91 43
44 92 71
44 93 1
44 94 57
44 95 92
44 96 7
44 97 64
44 98 42
44 99 66
44 100 95
45 1 29
45 2 46
45 3 34
45 4 10
45 5 78
45 6 7
45 7 48
45 8 44
45 9 49
45 10 69
45 11 17
45 12 92
45 13 80
45 14 77
45 15 29
45 16 16
45 17 52
45 18 12
45 19 29
45 20 42
45 21 18
45 22 55
45 23 29
45 24 69
45 25 56
45 26 19
45 27 45
45 28 73
45 29 26
45 30 26
45 31 26
45 32 26
45 33 73
45 34 65
45 35 46
45 36 32
45 37 55
45 38 12
45 39 79
45 40 26
45 41 87
45 42 65
45 43 28
45 44 81
45 45 76
45 46 5
45 47 36
45 48 8
45 49 29
45 50 76
45 51 8
45 52 47
45 53 51
45 54 51
45 55 3
45 56 17
45 57 54
45 58 73
45 59 71
45 60 4
45 61 89
45 62 84
45 63 82
45 64 4
45 65 52
45 66 4
45 67 62
45 68 69
45 69 80
45 70 11
45 71 39
45 72 17
45 73 1
45 74 12
45 75 6
45 76 43
45 77 50
45 78 47
45 79 92
45 80 52
45 81 89
45 82 30
45 83 31
45 84 56
45 85 58
45 86 71
45 87 96
45 88 75
45 89 40
45 90 86
45 91 56
45 92 15
45 93 73
45 94 66
45 95 20
45 96 53
45 97 13
45 98 72
45 99 69
45 100 18
46 1 25
46 2 40
46 3 91
46 4 79
46 5 23
46 6 97
46 7 49
46 8 16
46 9 24
46 10 44
46 11 56
46 12 66
46 13 28
46 14 6
46 15 50
46 16 51
46 17 90
46 18 9
46 19 89
46 20 57
46 21 36
46 22 11
46 23 66
46 24 47
46 25 15
46 26 33
46 27 86
46 28 41
46 29 92
46 30 36
46 31 71
46 32 85
46 33 85
46 34 85
46 35 85
46 36 21
46 37 74
46 38 56
46 39 88
46 40 71
46 41 10
46 42 46
46 43 38
46 44 56
46 45 32
46 46 68
46 47 65
46 48 49
46 49 26
46 50 58
46 51 70
46 52 15
46 53 99
46 54 40
46 55 7
46 56 27
46 57 8
46 58 45
46 59 20
46 60 10
46 61 16
46 62 3
46 63 38
46 64 79
46 65 60
46 66 43
46 67 16
46 68 52
46 69 19
46 70 56
46 71 90
46 72 93
46 73 36
46 74 43
46 75 18
46 76 68
46 77 43
46 78 2
46 79 39
46 80 55
46 81 17
46 82 45
46 83 63
46 84 19
46 85 48
46 86 76
46 87 36
46 88 37
46 89 2
46 90 15
46 91 25
46 92 73
46 93 49
46 94 36
46 95 87
46 96 76
46 97 1
46 98 5
46 99 93
46 100 40
47 1 52
47 2 36
47 3 26
47 4 26
47 5 61
47 6 3
47 7 87
47 8 65
47 9 67
47 10 98
47 11 16
47 12 29
47 13 84
47 14 48
47 15 48
47 16 75
47 17 3
47 18 92
47 19 19
47 20 67
47 21 9
47 22 91
47 23 79
47 24 11
47 25 41
47 26 48
47 27 76
47 28 78
47 29 59
47 30 11
47 31 1
47 32 50
47 33 71
47 34 88
47 35 41
47 36 41
47 37 41
47 38 41
47 39 22
47 40 35
47 41 27
47 42 26
47 43 83
47 44 42
47 45 83
47 46 33
47 47 32
47 48 97
47 49 41
47 50 31
47 51 86
47 52 80
47 53 64
47 54 65
47 55 3
47 56 60
47 57 54
47 58 86
47 59 19
47 60 34
47 61 62
47 62 28
47 63 46
47 64 51
47 65 45
47 66 10
47 67 51
47 68 13
47 69 69
47 70 61
47 71 85
47 72 12
47 73 57
47 74 6
47 75 45
47 76 27
47 77 95
47 78 51
47 79 73
47 80 61
47 81 71
47 82 57
47 83 84
47 84 79
47 85 35
47 86 28
47 87 52
47 88 87
47 89 27
47 90 48
47 91 56
47 92 82
47 93 56
47 94 46
47 95 40
47 96 99
47 97 30
47 98 17
47 99 64
47 100 9
48 1 33
48 2 25
48 3 20
48 4 95
48 5 62
48 6 19
48 7 89
48 8 73
48 9 7
48 10 81
48 11 82
48 12 66
48 13 1
48 14 81
48 15 3
48 16 34
48 17 43
48 18 18
48 19 6
48 20 22
48 21 63
48 22 98
48 23 93
48 24 18
48 25 86
48 26 30
48 27 99
48 28 65
48 29 90
48 30 43
48 31 77
48 32 78
48 33 42
48 34 49
48 35 20
48 36 55
48 37 87
48 38 70
48 39 70
48 40 70
48 41 70
48 42 96
48 43 83
48 44 78
48 45 28
48 46 59
48 47 24
48 48 36
48 49 11
48 50 90
48 51 96
48 52 44
48 53 54
48 54 4
48 55 17
48 56 65
48 57 6
48 58 46
48 59 75
48 60 26
48 61 96
48 62 2
48 63 63
48 64 67
48 65 28
48 66 4
48 67 16
48 68 12
48 69 61
48 70 48
48 71 65
48 72 55
48 73 83
48 74 21
48 75 75
48 76 18
48 77 23
48 78 22
48 79 84
48 80 14
48 81 24
48 82 11
48 83 44
48 84 40
48 85 6
48 86 12
48 87 49
48 88 66
48 89 77
48 90 19
48 91 2
48 92 89
48 93 35
48 94 51
48 95 18
48 96 23
48 97 91
48 98 19
48 99 98
48 100 64
49 1 33
49 2 67
49 3 44
49 4 38
49 5 42
49 6 3
49 7 38
49 8 53
49 9 36
49 10 47
49 11 58
49 12 23
49 13 42
49 14 73
49 15 84
49 16 28
49 17 48
49 18 78
49 19 11
49 20 94
49 21 24
49 22 62
49 23 2
49 24 7
49 25 63
49 26 2
49 27 19
49 28 73
49 29 9
49 30 4
49 31 1
49 32 6
49 33 82
49 34 26
49 35 80
49 36 48
49 37 8
49 38 30
49 39 57
49 40 91
49 41 83
49 42 83
49 43 83
49 44 83
49 45 21
49 46 7
49 47 30
49 48 78
49 49 62
49 50 34
49 51 74
49 52 81
49 53 69
49 54 85
49 55 27
49 56 10
49 57 42
49 58 74
49 59 36
49 60 39
49 61 58
49 62 30
49 63 92
49 64 89
49 65 69
49 66 95
49 67 43
49 68 70
49 69 27
49 70 24
49 71 87
49 72 95
49 73 89
49 74 51
49 75 55
49 76 78
49 77 90
49 78 72
49 79 67
49 80 19
49 81 34
49 82 45
49 83 61
49 84 74
49 85 17
49 86 52
49 87 92
49 88 16
49 89 45
49 90 71
49 91 61
49 92 7
49 93 38
49 94 10
49 95 83
49 96 99
49 97 83
49 98 49
49 99 23
49 100 6
50 1 7
50 2 5
50 3 41
50 4 88
50 5 1
50 6 97
50 7 92
50 8 54
50 9 51
50 10 53
50 11 43
50 12 4
50 13 9
50 14 74
50 15 17
50 16 16
50 17 53
50 18 13
50 19 36
50 20 93
50 21 97
50 22 12
50 23 39
50 24 84
50 25 1
50 26 10
50 27 93
50 28 98
50 29 86
50 30 20
50 31 67
50 32 9
50 33 28
50 34 64
50 35 56
50 36 15
50 37 12
50 38 93
50 39 84
50 40 71
50 41 41
50 42 90
50 43 99
50 44 53
50 45 53
50 46 53
50 47 53
50 48 92
50 49 64
50 50 33
50 51 84
50 52 85
50 53 39
50 54 28
50 55 79
50 56 11
50 57 94
50 58 13
50 59 50
50 60 26
50 61 90
50 62 99
50 63 21
50 64 69
50 65 65
50 66 34
50 67 96
50 68 61
50 69 17
50 70 8
50 71 98
50 72 22
50 73 55
50 74 16
50 75 34
50 76 79
50 77 8
50 78 9
50 79 40
50 80 87
50 81 27
50 82 81
50 83 8
50 84 35
50 85 92
50 86 58
50 87 16
50 88 27
50 89 98
50 90 77
50 91 61
50 92 1
50 93 28
50 94 92
50 95 55
50 96 89
50 97 52
50 98 66
50 99 69
50 100 97
51 1 22
51 2 34
51 3 63
51 4 35
51 5 84
51 6 21
51 7 89
51 8 51
51 9 26
51 10 77
51 11 67
51 12 18
51 13 11
51 14 62
51 15 10
51 16 34
51 17 8
51 18 51
51 19 35
51 20 24
51 21 28
51 22 55
51 23 70
51 24 45
51 25 50
51 26 37
51 27 58
51 28 38
51 29 84
51 30 18
51 31 91
51 32 27
51 33 50
51 34 64
51 35 14
51 36 18
51 37 27
51 38 87
51 39 9
51 40 81
51 41 14
51 42 44
51 43 8
51 44 33
51 45 19
51 46 6
51 47 21
51 48 21
51 49 21
51 50 21
51 51 16
51 52 22
51 53 95
51 54 74
51 55 28
51 56 96
51 57 49
51 58 43
51 59 83
51 60 74
51 61 1
51 62 28
51 63 56
51 64 36
51 65 55
51 66 26
51 67 21
51 68 27
51 69 25
51 70 32
51 71 32
51 72 78
51 73 24
51 74 37
51 75 16
51 76 5
51 77 53
51 78 16
51 79 76
51 80 99
51 81 44
51 82 16
51 83 81
51 84 77
51 85 61
51 86 74
51 87 88
51 88 11
51 89 32
51 90 32
51 91 84
51 92 92
51 93 75
51 94 48
51 95 18
51 96 51
51 97 31
51 98 98
51 99 17
51 100 96
52 1 98
52 2 46
52 3 82
52 4 24
52 5 47
52 6 77
52 7 75
52 8 81
52 9 89
52 10 20
52 11 63
52 12 38
52 13 87
52 14 31
52 15 75
52 16 99
52 17 20
52 18 43
52 19 11
52 20 53
52 21 79
52 22 16
52 23 3
52 24 44
52 25 17
52 26 92
52 27 55
52 28 57
52 29 46
52 30 21
52 31 36
52 32 90
52 33 31
52 34 38
52 35 5
52 36 21
52 37 94
52 38 28
52 39 83
52 40 16
52 41 47
52 42 98
52 43 93
52 44 39
52 45 60
52 46 67
52 47 57
52 48 27
52 49 10
52 50 13
52 51 13
52 52 13
52 53 13
52 54 91
52 55 81
52 56 37
52 57 11
52 58 57
52 59 69
52 60 20
52 61 25
52 62 22
52 63 92
52 64 12
52 65 36
52 66 64
52 67 88
52 68 64
52 69 78
52 70 15
52 71 78
52 72 33
52 73 64
52 74 6
52 75 76
52 76 15
52 77 16
52 78 70
52 79 15
52 80 8
52 81 87
52 82 69
52 83 61
52 84 89
52 85 52
52 86 5
52 87 53
52 88 44
52 89 37
52 90 32
52 91 39
52 92 7
52 93 57
52 94 93
52 95 29
52 96 18
52 97 66
52 98 56
52 99 29
52 100 65
53 1 33
53 2 43
53 3 71
53 4 66
53 5 97
53 6 51
53 7 60
53 8 66
53 9 80
53 10 56
53 11 78
53 12 23
53 13 86
53 14 91
53 15 50
53 16 99
53 17 89
53 18 60
53 19 29
53 20 31
53 21 73
53 22 2
53 23 93
53 24 11
53 25 2
53 26 95
53 27 19
53 28 20
53 29 80
53 30 38
53 31 51
53 32 95
53 33 49
53 34 96
53 35 82
53 36 40
53 37 79
53 38 96
53 39 78
53 40 13
53 41 36
53 42 56
53 43 27
53 44 71
53 45 56
53 46 30
53 47 64
53 48 63
53 49 95
53 50 52
53 51 67
53 52 14
53 53 98
53 54 98
53 55 98
53 56 98
53 57 38
53 58 41
53 59 37
53 60 69
53 61 62
53 62 46
53 63 94
53 64 82
53 65 29
53 66 73
53 67 21
53 68 80
53 69 72
53 70 42
53 71 78
53 72 6
53 73 80
53 74 95
53 75 25
53 76 9
53 77 45
53 78 1
53 79 76
53 80 17
53 81 50
53 82 41
53 83 37
53 84 17
53 85 29
53 86 96
53 87 9
53 88 72
53 89 21
53 90 9
53 91 14
53 92 34
53 93 65
53 94 37
53 95 14
53 96 98
53 97 29
53 98 59
53 99 49
53 100 90
54 1 25
54 2 78
54 3 84
54 4 31
54 5 86
54 6 83
54 7 1
54 8 84
54 9 80
54 10 78
54 11 27
54 12 68
54 13 85
54 14 43
54 15 69
54 16 4
54 17 16
54 18 44
54 19 23
54 20 62
54 21 44
54 22 30
54 23 19
54 24 58
54 25 72
54 26 72
54 27 66
54 28 55
54 29 76
54 30 52
54 31 94
54 32 55
54 33 17
54 34 94
54 35 21
54 36 79
54 37 3
54 38 87
54 39 28
54 40 11
54 41 67
54 42 69
54 43 51
54 44 9
54 45 22
54 46 77
54 47 92
54 48 55
54 49 95
54 50 71
54 51 74
54 52 13
54 53 76
54 54 63
54 55 71
54 56 1
54 57 1
54 58 1
54 59 1
54 60 78
54 61 22
54 62 16
54 63 97
54 64 65
54 65 80
54 66 17
54 67 37
54 68 45
54 69 31
54 70 37
54 71 42
54 72 38
54 73 24
54 74 80
54 75 15
54 76 45
54 77 2
54 78 37
54 79 59
54 80 67
54 81 58
54 82 81
54 83 63
54 84 11
54 85 25
54 86 65
54 87 3
54 88 88
54 89 96
54 90 91
54 91 82
54 92 76
54 93 32
54 94 36
54 95 65
54 96 1
54 97 77
54 98 73
54 99 84
54 100 58
55 1 22
55 2 18
55 3 80
55 4 15
55 5 56
55 6 93
55 7 50
55 8 77
55 9 99
55 10 2
55 11 56
55 12 61
55 13 45
55 14 93
55 15 19
55 16 84
55 17 99
55 18 73
55 19 52
55 20 56
55 21 19
55 22 71
55 23 65
55 24 3
55 25 87
55 26 33
55 27 58
55 28 80
55 29 19
55 30 33
55 31 97
55 32 42
55 33 31
55 34 77
55 35 92
55 36 60
55 37 42
55 38 79
55 39 85
55 40 79
55 41 26
55 42 51
55 43 19
55 44 50
55 45 75
55 46 17
55 47 74
55 48 17
55 49 23
55 50 94
55 51 33
55 52 56
55 53 89
55 54 54
55 55 44
55 56 60
55 57 98
55 58 46
55 59 11
55 60 11
55 61 11
55 62 11
55 63 59
55 64 72
55 65 94
55 66 60
55 67 62
55 68 53
55 69 23
55 70 25
55 71 14
55 72 27
55 73 32
55 74 51
55 75 61
55 76 85
55 77 13
55 78 87
55 79 95
55 80 49
55 81 52
55 82 47
55 83 74
55 84 98
55 85 48
55 86 92
55 87 36
55 88 50
55 89 77
55 90 48
55 91 92
55 92 54
55 93 49
55 94 12
55 95 28
55 96 6
55 97 48
55 98 48
55 99 69
55 100 2
56 1 34
56 2 52
56 3 33
56 4 10
56 5 48
56 6 64
56 7 76
56 8 6
56 9 23
56 10 75
56 11 24
56 12 34
56 13 41
56 14 63
56 15 29
56 16 30
56 17 56
56 18 65
56 19 90
56 20 26
56 21 31
56 22 36
56 23 36
56 24 45
56 25 53
56 26 85
56 27 23
56 28 33
56 29 43
56 30 39
56 31 76
56 32 87
56 33 59
56 34 58
56 35 32
56 36 3
56 37 96
56 38 70
56 39 3
56 40 26
56 41 93
56 42 97
56 43 63
56 44 90
56 45 42
56 46 61
56 47 39
56 48 32
56 49 65
56 50 21
56 51 84
56 52 35
56 53 13
56 54 93
56 55 56
56 56 74
56 57 25
56 58 9
56 59 62
56 60 49
56 61 17
56 62 69
56 63 69
56 64 69
56 65 69
56 66 57
56 67 92
56 68 95
56 69 98
56 70 20
56 71 51
56 72 15
56 73 71
56 74 9
56 75 82
56 76 35
56 77 6
56 78 1
56 79 9
56 80 70
56 81 63
56 82 66
56 83 32
56 84 20
56 85 97
56 86 1
56 87 82
56 88 98
56 89 78
56 90 58
56 91 74
56 92 53
56 93 3
56 94 34
56 95 10
56 96 69
56 97 13
56 98 51
56 99 45
56 100 79
57 1 22
57 2 45
57 3 68
57 4 89
57 5 39
57 6 94
57 7 35
57 8 13
57 9 74
57 10 27
57 11 87
57 12 14
57 13 73
57 14 9
57 15 65
57 16 82
57 17 15
57 18 19
57 19 33
57 20 35
57 21 45
57 22 37
57 23 7
57 24 9
57 25 87
57 26 44
57 27 29
57 28 41
57 29 97
57 30 50
57 31 71
57 32 63
57 33 9
57 34 26
57 35 58
57 36 56
57 37 29
57 38 68
57 39 42
57 40 20
57 41 80
57 42 33
57 43 69
57 44 23
57 45 11
57 46 61
57 47 38
57 48 19
57 49 84
57 50 67
57 51 96
57 52 82
57 53 85
57 54 82
57 55 81
57 56 28
57 57 86
57 58 64
57 59 1
57 60 2
57 61 10
57 62 84
57 63 40
57 64 50
57 65 85
57 66 85
57 67 85
57 68 85
57 69 70
57 70 25
57 71 96
57 72 38
57 73 38
57 74 96
57 75 72
57 76 26
57 77 4
57 78 53
57 79 62
57 80 25
57 81 22
57 82 71
57 83 78
57 84 66
57 85 73
57 86 3
57 87 70
57 88 68
57 89 83
57 90 77
57 91 50
57 92 80
57 93 7
57 94 89
57 95 16
57 96 31
57 97 1
57 98 21
57 99 95
57 100 14
58 1 70
58 2 36
58 3 14
58 4 99
58 5 95
58 6 71
58 7 9
58 8 42
58 9 48
58 10 93
58 11 41
58 12 44
58 13 58
58 14 53
58 15 34
58 16 68
58 17 32
58 18 77
58 19 58
58 20 52
58 21 16
58 22 71
58 23 12
58 24 30
58 25 66
58 26 10
58 27 36
58 28 33
58 29 34
58 30 83
58 31 40
58 32 81
58 33 91
58 34 24
58 35 38
58 36 97
58 37 65
58 38 54
58 39 41
58 40 45
58 41 30
58 42 46
58 43 42
58 44 17
58 45 61
58 46 65
58 47 46
58 48 35
58 49 28
58 50 15
58 51 43
58 52 62
58 53 86
58 54 10
58 55 40
58 56 37
58 57 91
58 58 7
58 59 55
58 60 16
58 61 93
58 62 66
58 63 5
58 64 44
58 65 43
58 66 56
58 67 84
58 68 7
58 69 7
58 70 7
58 71 7
58 72 15
58 73 51
58 74 48
58 75 43
58 76 11
58 77 62
58 78 10
58 79 6
58 80 86
58 81 91
58 82 44
58 83 92
58 84 9
58 85 2
58 86 39
58 87 65
58 88 50
58 89 72
58 90 56
58 91 73
58 92 42
58 93 85
58 94 99
58 95 85
58 96 5
58 97 86
58 98 44
58 99 90
58 100 18
59 1 47
59 2 1
59 3 7
59 4 2
59 5 11
59 6 42
59 7 21
59 8 57
59 9 68
59 10 68
59 11 64
59 12 67
59 13 91
59 14 46
59 15 83
59 16 23
59 17 58
59 18 30
59 19 97
59 20 25
59 21 79
59 22 81
59 23 66
59 24 15
59 25 8
59 26 86
59 27 61
59 28 79
59 29 3
59 30 66
59 31 88
59 32 93
59 33 31
59 34 36
59 35 36
59 36 30
59 37 79
59 38 58
59 39 15
59 40 71
59 41 63
59 42 17
59 43 86
59 44 61
59 45 81
59 46 74
59 47 82
59 48 27
59 49 95
59 50 16
59 51 54
59 52 35
59 53 95
59 54 30
59 55 49
59 56 2
59 57 88
59 58 74
59 59 23
59 60 93
59 61 75
59 62 62
59 63 96
59 64 13
59 65 20
59 66 56
59 67 57
59 68 43
59 69 49
59 70 35
59 71 91
59 72 91
59 73 91
59 74 91
59 75 86
59 76 92
59 77 39
59 78 13
59 79 51
59 80 50
59 81 90
59 82 97
59 83 54
59 84 58
59 85 37
59 86 63
59 87 54
59 88 61
59 89 70
59 90 58
59 91 92
59 92 76
59 93 35
59 94 90
59 95 92
59 96 96
59 97 7
59 98 64
59 99 45
59 100 9
60 1 50
60 2 85
60 3 3
60 4 52
60 5 23
60 6 85
60 7 89
60 8 44
60 9 51
60 10 77
60 11 72
60 12 26
60 13 22
60 14 53
60 15 87
60 16 70
60 17 71
60 18 18
60 19 22
60 20 41
60 21 15
60 22 93
60 23 33
60 24 68
60 25 22
60 26 18
60 27 80
60 28 58
60 29 37
60 30 1
60 31 61
60 32 80
60 33 41
60 34 33
60 35 2
60 36 39
60 37 9
60 38 88
60 39 62
60 40 11
60 41 90
60 42 9
60 43 16
60 44 19
60 45 76
60 46 59
60 47 44
60 48 56
60 49 70
60 50 14
60 51 63
60 52 67
60 53 52
60 54 85
60 55 80
60 56 71
60 57 15
60 58 31
60 59 46
60 60 64
60 61 91
60 62 54
60 63 29
60 64 8
60 65 14
60 66 98
60 67 28
60 68 14
60 69 12
60 70 8
60 71 16
60 72 96
60 73 8
60 74 61
60 75 61
60 76 61
60 77 61
60 78 86
60 79 30
60 80 27
60 81 33
60 82 38
60 83 1
60 84 66
60 85 54
60 86 85
60 87 39
60 88 84
60 89 70
60 90 97
60 91 81
60 92 86
60 93 21
60 94 26
60 95 42
60 96 50
60 97 68
60 98 41
60 99 77
60 100 89
61 1 39
61 2 81
61 3 30
61 4 65
61 5 10
61 6 14
61 7 77
61 8 93
61 9 31
61 10 7
61 11 25
61 12 94
61 13 98
61 14 56
61 15 44
61 16 18
61 17 53
61 18 82
61 19 79
61 20 1
61 21 32
61 22 13
61 23 3
61 24 53
61 25 98
61 26 2
61 27 89
61 28 33
61 29 81
61 30 74
61 31 1
61 32 75
61 33 12
61 34 29
61 35 37
61 36 47
61 37 10
61 38 75
61 39 1
61 40 43
61 41 82
61 42 93
61 43 11
61 44 77
61 45 94
61 46 95
61 47 97
61 48 5
61 49 77
61 50 33
61 51 41
61 52 47
61 53 71
61 54 36
61 55 61
61 56 24
61 57 84
61 58 35
61 59 92
61 60 19
61 61 47
61 62 73
61 63 33
61 64 13
61 65 75
61 66 82
61 67 79
61 68 92
61 69 73
61 70 4
61 71 53
61 72 40
61 73 10
61 74 90
61 75 58
61 76 42
61 77 51
61 78 51
61 79 51
61 80 51
61 81 91
61 82 69
61 83 50
61 84 8
61 85 21
61 86 87
61 87 66
61 88 99
61 89 5
61 90 93
61 91 96
61 92 80
61 93 45
61 94 49
61 95 94
61 96 6
61 97 99
61 98 29
61 99 93
61 100 26
62 1 1
62 2 46
62 3 12
62 4 78
62 5 18
62 6 92
62 7 77
62 8 64
62 9 4
62 10 63
62 11 47
62 12 70
62 13 71
62 14 21
62 15 49
62 16 42
62 17 89
62 18 61
62 19 52
62 20 71
62 21 82
62 22 54
62 23 4
62 24 84
62 25 96
62 26 86
62 27 48
62 28 53
62 29 78
62 30 37
62 31 43
62 32 7
62 33 91
62 34 33
62 35 61
62 36 34
62 37 34
62 38 3
62 39 69
62 40 50
62 41 79
62 42 49
62 43 22
62 44 20
62 45 74
62 46 39
62 47 97
62 48 55
62 49 71
62 50 34
62 51 85
62 52 84
62 53 9
62 54 64
62 55 84
62 56 36
62 57 59
62 58 91
62 59 14
62 60 62
62 61 82
62 62 6
62 63 50
62 64 41
62 65 62
62 66 23
62 67 61
62 68 39
62 69 56
62 70 81
62 71 15
62 72 98
62 73 55
62 74 75
62 75 94
62 76 84
62 77 24
62 78 28
62 79 31
62 80 60
62 81 60
62 82 60
62 83 60
62 84 91
62 85 70
62 86 19
62 87 57
62 88 8
62 89 17
62 90 18
62 91 5
62 92 16
62 93 39
62 94 77
62 95 51
62 96 98
62 97 22
62 98 35
62 99 52
62 100 24
63 1 86
63 2 95
63 3 64
63 4 78
63 5 16
63 6 86
63 7 93
63 8 88
63 9 23
63 10 94
63 11 89
63 12 40
63 13 41
63 14 78
63 15 60
63 16 43
63 17 34
63 18 99
63 19 38
63 20 76
63 21 98
63 22 52
63 23 45
63 24 56
63 25 71
63 26 24
63 27 62
63 28 2
63 29 62
63 30 15
63 31 28
63 32 54
63 33 15
63 34 85
63 35 94
63 36 15
63 37 98
63 38 8
63 39 37
63 40 5
63 41 48
63 42 5
63 43 6
63 44 56
63 45 66
63 46 92
63 47 73
63 48 96
63 49 96
63 50 74
63 51 66
63 52 35
63 53 90
63 54 64
63 55 28
63 56 27
63 57 85
63 58 92
63 59 5
63 60 68
63 61 48
63 62 3
63 63 56
63 64 53
63 65 6
63 66 70
63 67 69
63 68 33
63 69 78
63 70 15
63 71 63
63 72 72
63 73 44
63 74 31
63 75 43
63 76 90
63 77 23
63 78 60
63 79 89
63 80 4
63 81 52
63 82 95
63 83 33
63 84 33
63 85 33
63 86 33
63 87 41
63 88 27
63 89 6
63 90 96
63 91 90
63 92 65
63 93 22
63 94 43
63 95 93
63 96 87
63 97 63
63 98 13
63 99 38
63 100 11
64 1 40
64 2 91
64 3 49
64 4 70
64 5 72
64 6 40
64 7 69
64 8 54
64 9 67
64 10 11
64 11 20
64 12 54
64 13 42
64 14 47
64 15 6
64 16 69
64 17 62
64 18 79
64 19 96
64 20 31
64 21 45
64 22 43
64 23 6
64 24 74
64 25 15
64 26 67
64 27 80
64 28 81
64 29 71
64 30 33
64 31 38
64 32 86
64 33 64
64 34 58
64 35 88
64 36 14
64 37 1
64 38 43
64 39 44
64 40 76
64 41 4
64 42 13
64 43 14
64 44 61
64 45 54
64 46 29
64 47 8
64 48 90
64 49 44
64 50 27
64 51 53
64 52 15
64 53 86
64 54 93
64 55 96
64 56 69
64 57 39
64 58 7
64 59 88
64 60 50
64 61 87
64 62 38
64 63 92
64 64 90
64 65 48
64 66 69
64 67 92
64 68 46
64 69 88
64 70 3
64 71 42
64 72 13
64 73 15
64 74 41
64 75 4
64 76 48
64 77 62
64 78 7
64 79 7
64 80 81
64 81 94
64 82 73
64 83 38
64 84 12
64 85 19
64 86 24
64 87 24
64 88 24
64 89 24
64 90 13
64 91 46
64 92 64
64 93 37
64 94 61
64 95 6
64 96 34
64 97 2
64 98 18
64 99 69
64 100 11
65 1 32
65 2 84
65 3 48
65 4 35
65 5 84
65 6 26
65 7 5
65 8 44
65 9 86
65 10 39
65 11 78
65 12 83
65 13 44
65 14 32
65 15 81
65 16 38
65 17 10
65 18 5
65 19 88
65 20 85
65 21 85
65 22 45
65 23 69
65 24 67
65 25 8
65 26 41
65 27 62
65 28 34
65 29 58
65 30 20
65 31 95
65 32 54
65 33 16
65 34 66
65 35 68
65 36 27
65 37 24
65 38 56
65 39 21
65 40 79
65 41 91
65 42 50
65 43 31
65 44 71
65 45 28
65 46 99
65 47 27
65 48 62
65 49 85
65 50 83
65 51 43
65 52 94
65 53 24
65 54 78
65 55 47
65 56 42
65 57 96
65 58 22
65 59 91
65 60 61
65 61 42
65 62 41
65 63 34
65 64 50
65 65 61
65 66 79
65 67 38
65 68 58
65 69 30
65 70 2
65 71 23
65 72 7
65 73 20
65 74 43
65 75 33
65 76 1
65 77 16
65 78 32
65 79 31
65 80 17
65 81 87
65 82 64
65 83 81
65 84 82
65 85 75
65 86 98
65 87 29
65 88 27
65 89 48
65 90 48
65 91 48
65 92 48
65 93 76
65 94 5
65 95 74
65 96 37
65 97 22
65 98 89
65 99 39
65 100 91
66 1 1
66 2 31
66 3 47
66 4 10
66 5 25
66 6 16
66 7 14
66 8 69
66 9 14
66 10 35
66 11 43
66 12 20
66 13 90
66 14 24
66 15 20
66 16 65
66 17 56
66 18 95
66 19 39
66 20 85
66 21 72
66 22 97
66 23 76
66 24 26
66 25 26
66 26 80
66 27 40
66 28 74
66 29 41
66 30 47
66 31 82
66 32 66
66 33 3
66 34 52
66 35 88
66 36 96
66 37 60
66 38 7
66 39 10
66 40 70
66 41 18
66 42 40
66 43 20
66 44 18
66 45 21
66 46 29
66 47 61
66 48 97
66 49 85
66 50 15
66 51 70
66 52 7
66 53 65
66 54 78
66 55 12
66 56 99
66 57 22
66 58 64
66 59 16
66 60 19
66 61 95
66 62 1
66 63 42
66 64 13
66 65 64
66 66 75
66 67 39
66 68 1
66 69 3
66 70 11
66 71 55
66 72 92
66 73 76
66 74 22
66 75 49
66 76 52
66 77 90
66 78 65
66 79 26
66 80 33
66 81 44
66 82 46
66 83 11
66 84 41
66 85 87
66 86 84
66 87 80
66 88 30
66 89 23
66 90 17
66 91 72
66 92 57
66 93 57
66 94 57
66 95 57
66 96 45
66 97 28
66 98 81
66 99 8
66 100 29
67 1 44
67 2 54
67 3 88
67 4 20
67 5 49
67 6 24
67 7 27
67 8 46
67 9 50
67 10 91
67 11 31
67 12 82
67 13 91
67 14 67
67 15 43
67 16 7
67 17 26
67 18 85
67 19 77
67 20 30
67 21 28
67 22 56
67 23 71
67 24 88
67 25 67
67 26 63
67 27 99
67 28 17
67 29 97
67 30 70
67 31 30
67 32 50
67 33 38
67 34 89
67 35 88
67 36 3
67 37 51
67 38 77
67 39 5
67 40 74
67 41 10
67 42 62
67 43 44
67 44 4
67 45 77
67 46 28
67 47 71
67 48 44
67 49 34
67 50 58
67 51 86
67 52 68
67 53 75
67 54 7
67 55 37
67 56 57
67 57 10
67 58 71
67 59 66
67 60 83
67 61 39
67 62 40
67 63 70
67 64 96
67 65 68
67 66 53
67 67 72
67 68 47
67 69 2
67 70 35
67 71 75
67 72 47
67 73 48
67 74 21
67 75 19
67 76 92
67 77 57
67 78 95
67 79 4
67 80 41
67 81 35
67 82 84
67 83 60
67 84 89
67 85 71
67 86 2
67 87 56
67 88 43
67 89 72
67 90 27
67 91 62
67 92 66
67 93 38
67 94 48
67 95 62
67 96 62
67 97 62
67 98 62
67 99 99
67 100 51
68 1 87
68 2 17
68 3 42
68 4 35
68 5 94
68 6 74
68 7 4
68 8 66
68 9 11
68 10 93
68 11 55
68 12 62
68 13 72
68 14 34
68 15 13
68 16 70
68 17 65
68 18 88
68 19 33
68 20 87
68 21 12
68 22 7
68 23 34
68 24 6
68 25 37
68 26 14
68 27 47
68 28 25
68 29 8
68 30 96
68 31 3
68 32 89
68 33 40
68 34 3
68 35 61
68 36 95
68 37 79
68 38 11
68 39 52
68 40 14
68 41 5
68 42 77
68 43 77
68 44 27
68 45 49
68 46 19
68 47 25
68 48 37
68 49 54
68 50 11
68 51 8
68 52 46
68 53 50
68 54 29
68 55 60
68 56 45
68 57 14
68 58 19
68 59 86
68 60 37
68 61 27
68 62 57
68 63 23
68 64 53
68 65 85
68 66 24
68 67 98
68 68 31
68 69 73
68 70 3
68 71 40
68 72 39
68 73 92
68 74 20
68 75 84
68 76 41
68 77 17
68 78 97
68 79 51
68 80 84
68 81 91
68 82 55
68 83 7
68 84 33
68 85 77
68 86 29
68 87 98
68 88 25
68 89 29
68 90 82
68 91 20
68 92 64
68 93 42
68 94 99
68 95 18
68 96 4
68 97 25
68 98 50
68 99 50
68 100 50
69 1 50
69 2 31
69 3 20
69 4 83
69 5 61
69 6 68
69 7 25
69 8 53
69 9 91
69 10 45
69 11 18
69 12 39
69 13 72
69 14 78
69 15 33
69 16 91
69 17 28
69 18 35
69 19 45
69 20 72
69 21 92
69 22 93
69 23 5
69 24 19
69 25 99
69 26 39
69 27 50
69 28 42
69 29 76
69 30 48
69 31 13
69 32 94
69 33 71
69 34 60
69 35 54
69 36 99
69 37 25
69 38 6
69 39 5
69 40 16
69 41 75
69 42 23
69 43 43
69 44 52
69 45 17
69 46 4
69 47 61
69 48 48
69 49 16
69 50 31
69 51 88
69 52 92
69 53 48
69 54 77
69 55 93
69 56 93
69 57 28
69 58 46
69 59 97
69 60 77
69 61 53
69 62 87
69 63 42
69 64 10
69 65 1
69 66 75
69 67 91
69 68 63
69 69 28
69 70 81
69 71 77
69 72 24
69 73 73
69 74 42
69 75 90
69 76 31
69 77 24
69 78 99
69 79 26
69 80 17
69 81 24
69 82 83
69 83 33
69 84 21
69 85 35
69 86 91
69 87 58
69 88 29
69 89 74
69 90 36
69 91 9
69 92 3
69 93 71
69 94 72
69 95 97
69 96 37
69 97 33
69 98 55
69 99 73
69 100 38
70 1 35
70 2 35
70 3 35
70 4 35
70 5 4
70 6 89
70 7 52
70 8 57
70 9 41
70 10 94
70 11 43
70 12 61
70 13 28
70 14 28
70 15 41
70 16 94
70 17 8
70 18 43
70 19 15
70 20 24
70 21 13
70 22 32
70 23 28
70 24 80
70 25 8
70 26 64
70 27 54
70 28 40
70 29 56
70 30 12
70 31 21
70 32 42
70 33 54
70 34 24
70 35 94
70 36 65
70 37 68
70 38 54
70 39 83
70 40 59
70 41 74
70 42 52
70 43 89
70 44 84
70 45 70
70 46 30
70 47 6
70 48 79
70 49 13
70 50 60
70 51 64
70 52 41
70 53 82
70 54 61
70 55 96
70 56 40
70 57 75
70 58 59
70 59 37
70 60 28
70 61 35
70 62 7
70 63 46
70 64 18
70 65 70
70 66 4
70 67 1
70 68 47
70 69 16
70 70 26
70 71 93
70 72 40
70 73 93
70 74 21
70 75 55
70 76 82
70 77 64
70 78 75
70 79 72
70 80 1
70 81 26
70 82 9
70 83 27
70 84 48
70 85 13
70 86 88
70 87 24
70 88 63
70 89 94
70 90 80
70 91 1
70 92 74
70 93 13
70 94 83
70 95 75
70 96 93
70 97 67
70 98 19
70 99 66
70 100 15
71 1 57
71 2 60
71 3 15
71 4 21
71 5 21
71 6 21
71 7 21
71 8 74
71 9 99
71 10 91
71 11 45
71 12 84
71 13 74
71 14 72
71 15 28
71 16 3
71 17 76
71 18 42
71 19 62
71 20 83
71 21 64
71 22 31
71 23 60
71 24 77
71 25 95
71 26 4
71 27 22
71 28 66
71 29 67
71 30 77
71 31 28
71 32 82
71 33 49
71 34 7
71 35 54
71 36 28
71 37 41
71 38 47
71 39 10
71 40 57
71 41 15
71 42 15
71 43 63
71 44 11
71 45 17
71 46 35
71 47 78
71 48 19
71 49 54
71 50 84
71 51 73
71 52 71
71 53 23
71 54 81
71 55 56
71 56 78
71 57 76
71 58 57
71 59 90
71 60 51
71 61 41
71 62 53
71 63 8
71 64 43
71 65 94
71 66 26
71 67 27
71 68 66
71 69 39
71 70 6
71 71 4
71 72 92
71 73 64
71 74 66
71 75 7
71 76 63
71 77 25
71 78 9
71 79 62
71 80 19
71 81 51
71 82 21
71 83 83
71 84 98
71 85 39
71 86 36
71 87 76
71 88 29
71 89 85
71 90 97
71 91 51
71 92 2
71 93 42
71 94 68
71 95 93
71 96 38
71 97 77
71 98 11
71 99 10
71 100 97
72 1 73
72 2 94
72 3 44
72 4 33
72 5 21
72 6 94
72 7 69
72 8 69
72 9 69
72 10 69
72 11 38
72 12 99
72 13 79
72 14 45
72 15 37
72 16 96
72 17 56
72 18 14
72 19 84
72 20 73
72 21 80
72 22 59
72 23 31
72 24 81
72 25 91
72 26 43
72 27 53
72 28 40
72 29 50
72 30 56
72 31 92
72 32 36
72 33 69
72 34 94
72 35 4
72 36 93
72 37 15
72 38 13
72 39 42
72 40 61
72 41 94
72 42 73
72 43 74
72 44 82
72 45 61
72 46 28
72 47 24
72 48 40
72 49 68
72 50 56
72 51 82
72 52 86
72 53 42
72 54 37
72 55 21
72 56 68
72 57 24
72 58 74
72 59 92
72 60 93
72 61 33
72 62 73
72 63 74
72 64 12
72 65 68
72 66 21
72 67 86
72 68 39
72 69 96
72 70 45
72 71 70
72 72 46
72 73 29
72 74 80
72 75 66
72 76 70
72 77 16
72 78 78
72 79 62
72 80 75
72 81 93
72 82 89
72 83 7
72 84 66
72 85 41
72 86 52
72 87 5
72 88 58
72 89 88
72 90 82
72 91 55
72 92 33
72 93 68
72 94 66
72 95 24
72 96 93
72 97 91
72 98 34
72 99 28
72 100 11
73 1 3
73 2 42
73 3 84
73 4 3
73 5 25
73 6 20
73 7 80
73 8 4
73 9 36
73 10 78
73 11 78
73 12 78
73 13 78
73 14 18
73 15 29
73 16 69
73 17 71
73 18 9
73 19 6
73 20 15
73 21 71
73 22 57
73 23 71
73 24 76
73 25 14
73 26 89
73 27 74
73 28 42
73 29 92
73 30 3
73 31 53
73 32 73
73 33 37
73 34 82
73 35 51
73 36 14
73 37 59
73 38 80
73 39 32
73 40 69
73 41 92
73 42 70
73 43 50
73 44 94
73 45 31
73 46 17
73 47 57
73 48 98
73 49 7
73 50 19
73 51 62
73 52 48
73 53 16
73 54 91
73 55 29
73 56 2
73 57 88
73 58 98
73 59 55
73 60 18
73 61 24
73 62 70
73 63 99
73 64 60
73 65 36
73 66 28
73 67 89
73 68 14
73 69 97
73 70 94
73 71 17
73 72 71
73 73 48
73 74 19
73 75 25
73 76 16
73 77 60
73 78 51
73 79 98
73 80 8
73 81 79
73 82 85
73 83 33
73 84 45
73 85 66
73 86 9
73 87 91
73 88 22
73 89 8
73 90 36
73 91 41
73 92 2
73 93 17
73 94 87
73 95 82
73 96 58
73 97 18
73 98 7
73 99 25
73 100 13
74 1 3
74 2 72
74 3 64
74 4 36
74 5 24
74 6 50
74 7 89
74 8 60
74 9 39
74 10 99
74 11 64
74 12 23
74 13 57
74 14 57
74 15 57
74 16 57
74 17 71
74 18 48
74 19 25
74 20 29
74 21 71
74 22 27
74 23 90
74 24 83
74 25 18
74 26 94
74 27 22
74 28 4
74 29 64
74 30 90
74 31 22
74 32 95
74 33 6
74 34 54
74 35 33
74 36 25
74 37 32
74 38 6
74 39 75
74 40 65
74 41 85
74 42 44
74 43 19
74 44 22
74 45 88
74 46 93
74 47 53
74 48 44
74 49 57
74 50 29
74 51 53
74 52 13
74 53 55
74 54 22
74 55 54
74 56 3
74 57 50
74 58 15
74 59 32
74 60 32
74 61 2
74 62 37
74 63 50
74 64 64
74 65 1
74 66 8
74 67 87
74 68 32
74 69 28
74 70 19
74 71 41
74 72 78
74 73 88
74 74 11
74 75 41
74 76 99
74 77 83
74 78 53
74 79 36
74 80 27
74 81 40
74 82 57
74 83 94
74 84 94
74 85 31
74 86 80
74 87 87
74 88 88
74 89 28
74 90 15
74 91 86
74 92 23
74 93 16
74 94 99
74 95 57
74 96 52
74 97 85
74 98 13
74 99 74
74 100 40
75 1 77
75 2 70
75 3 85
75 4 33
75 5 46
75 6 86
75 7 36
75 8 17
75 9 60
75 10 76
75 11 8
75 12 52
75 13 31
75 14 47
75 15 90
75 16 22
75 17 22
75 18 22
75 19 22
75 20 17
75 21 45
75 22 7
75 23 46
75 24 5
75 25 56
75 26 99
75 27 46
75 28 53
75 29 15
75 30 98
75 31 65
75 32 53
75 33 16
75 34 55
75 35 42
75 36 97
75 37 97
75 38 76
75 39 73
75 40 89
75 41 45
75 42 12
75 43 45
75 44 15
75 45 22
75 46 73
75 47 51
75 48 47
75 49 2
75 50 32
75 51 79
75 52 33
75 53 27
75 54 90
75 55 71
75 56 92
75 57 19
75 58 50
75 59 16
75 60 1
75 61 79
75 62 22
75 63 33
75 64 73
75 65 80
75 66 64
75 67 43
75 68 98
75 69 4
75 70 54
75 71 65
75 72 74
75 73 30
75 74 63
75 75 24
75 76 32
75 77 41
75 78 6
75 79 88
75 80 7
75 81 88
75 82 93
75 83 36
75 84 46
75 85 91
75 86 40
75 87 43
75 88 50
75 89 88
75 90 9
75 91 5
75 92 68
75 93 93
75 94 51
75 95 58
75 96 64
75 97 25
75 98 52
75 99 25
75 100 13
76 1 21
76 2 94
76 3 94
76 4 62
76 5 68
76 6 63
76 7 28
76 8 40
76 9 62
76 10 26
76 11 94
76 12 12
76 13 62
76 14 9
76 15 25
76 16 33
76 17 88
76 18 51
76 19 59
76 20 59
76 21 59
76 22 59
76 23 74
76 24 89
76 25 16
76 26 46
76 27 71
76 28 85
76 29 13
76 30 19
76 31 97
76 32 42
76 33 45
76 34 4
76 35 69
76 36 46
76 37 10
76 38 53
76 39 56
76 40 22
76 41 73
76 42 54
76 43 14
76 44 19
76 45 46
76 46 75
76 47 33
76 48 9
76 49 53
76 50 51
76 51 34
76 52 56
76 53 42
76 54 61
76 55 85
76 56 50
76 57 75
76 58 40
76 59 1
76 60 33
76 61 3
76 62 42
76 63 65
76 64 90
76 65 59
76 66 83
76 67 31
76 68 11
76 69 89
76 70 79
76 71 97
76 72 61
76 73 72
76 74 83
76 75 30
76 76 87
76 77 36
76 78 30
76 79 67
76 80 86
76 81 31
76 82 33
76 83 8
76 84 16
76 85 28
76 86 20
76 87 29
76 88 47
76 89 55
76 90 4
76 91 31
76 92 50
76 93 70
76 94 47
76 95 43
76 96 33
76 97 80
76 98 10
76 99 51
76 100 55
77 1 81
77 2 9
77 3 45
77 4 45
77 5 11
77 6 23
77 7 49
77 8 78
77 9 22
77 10 95
77 11 5
77 12 47
77 13 31
77 14 76
77 15 97
77 16 32
77 17 67
77 18 1
77 19 29
77 20 32
77 21 76
77 22 55
77 23 55
77 24 55
77 25 55
77 26 83
77 27 69
77 28 98
77 29 74
77 30 75
77 31 62
77 32 47
77 33 97
77 34 19
77 35 26
77 36 92
77 37 1
77 38 59
77 39 50
77 40 77
77 41 11
77 42 53
77 43 47
77 44 35
77 45 83
77 46 48
77 47 3
77 48 99
77 49 82
77 50 58
77 51 2
77 52 63
77 53 50
77 54 23
77 55 99
77 56 42
77 57 54
77 58 54
77 59 18
77 60 55
77 61 2
77 62 69
77 63 81
77 64 96
77 65 74
77 66 47
77 67 31
77 68 52
77 69 87
77 70 17
77 71 3
77 72 17
77 73 37
77 74 61
77 75 55
77 76 24
77 77 89
77 78 5
77 79 61
77 80 40
77 81 24
77 82 38
77 83 37
77 84 74
77 85 43
77 86 37
77 87 20
77 88 87
77 89 56
77 90 7
77 91 29
77 92 38
77 93 72
77 94 81
77 95 43
77 96 18
77 97 20
77 98 98
77 99 5
77 100 21
78 1 55
78 2 99
78 3 15
78 4 25
78 5 47
78 6 55
78 7 89
78 8 60
78 9 87
78 10 39
78 11 45
78 12 4
78 13 34
78 14 55
78 15 25
78 16 86
78 17 52
78 18 32
78 19 4
78 20 41
78 21 99
78 22 55
78 23 43
78 24 29
78 25 74
78 26 74
78 27 74
78 28 74
78 29 79
78 30 58
78 31 97
78 32 97
78 33 73
78 34 95
78 35 93
78 36 20
78 37 22
78 38 3
78 39 91
78 40 65
78 41 24
78 42 80
78 43 77
78 44 94
78 45 79
78 46 29
78 47 92
78 48 21
78 49 11
78 50 59
78 51 40
78 52 16
78 53 75
78 54 23
78 55 60
78 56 81
78 57 33
78 58 69
78 59 25
78 60 62
78 61 62
78 62 74
78 63 97
78 64 14
78 65 47
78 66 26
78 67 42
78 68 83
78 69 21
78 70 47
78 71 38
78 72 56
78 73 48
78 74 91
78 75 36
78 76 43
78 77 97
78 78 65
78 79 76
78 80 60
78 81 59
78 82 26
78 83 12
78 84 95
78 85 36
78 86 38
78 87 90
78 88 65
78 89 83
78 90 20
78 91 98
78 92 29
78 93 94
78 94 84
78 95 68
78 96 23
78 97 36
78 98 30
78 99 87
78 100 36
79 1 63
79 2 47
79 3 95
79 4 30
79 5 69
79 6 87
79 7 10
79 8 36
79 9 7
79 10 67
79 11 69
79 12 46
79 13 79
79 14 17
79 15 69
79 16 89
79 17 60
79 18 38
79 19 22
79 20 17
79 21 39
79 22 81
79 23 57
79 24 33
79 25 33
79 26 64
79 27 4
79 28 74
79 29 74
79 30 74
79 31 74
79 32 95
79 33 31
79 34 27
79 35 38
79 36 68
79 37 19
79 38 62
79 39 43
79 40 81
79 41 17
79 42 27
79 43 11
79 44 16
79 45 26
79 46 76
79 47 50
79 48 33
79 49 36
79 50 1
79 51 62
79 52 95
79 53 30
79 54 86
79 55 44
79 56 63
79 57 9
79 58 38
79 59 97
79 60 95
79 61 17
79 62 5
79 63 21
79 64 84
79 65 67
79 66 51
79 67 28
79 68 61
79 69 8
79 70 5
79 71 94
79 72 1
79 73 28
79 74 96
79 75 12
79 76 80
79 77 41
79 78 27
79 79 82
79 80 24
79 81 42
79 82 69
79 83 51
79 84 35
79 85 42
79 86 94
79 87 84
79 88 56
79 89 82
79 90 55
79 91 13
79 92 8
79 93 21
79 94 60
79 95 29
79 96 1
79 97 59
79 98 69
79 99 79
79 100 18
80 1 51
80 2 26
80 3 72
80 4 31
80 5 40
80 6 34
80 7 23
80 8 56
80 9 13
80 10 57
80 11 65
80 12 71
80 13 94
80 14 55
80 15 44
80 16 92
80 17 85
80 18 25
80 19 15
80 20 44
80 21 99
80 22 80
80 23 99
80 24 17
80 25 62
80 26 3
80 27 74
80 28 73
80 29 59
80 30 58
80 31 27
80 32 27
80 33 27
80 34 27
80 35 32
80 36 91
80 37 29
80 38 72
80 39 2
80 40 99
80 41 58
80 42 84
80 43 58
80 44 89
80 45 47
80 46 1
80 47 1
80 48 73
80 49 37
80 50 3
80 51 20
80 52 43
80 53 32
80 54 71
80 55 12
80 56 79
80 57 6
80 58 51
80 59 13
80 60 94
80 61 58
80 62 10
80 63 42
80 64 83
80 65 42
80 66 16
80 67 49
80 68 18
80 69 76
80 70 81
80 71 53
80 72 15
80 73 3
80 74 23
80 75 86
80 76 23
80 77 99
80 78 7
80 79 81
80 80 23
80 81 91
80 82 9
80 83 33
80 84 93
80 85 54
80 86 7
80 87 15
80 88 55
80 89 7
80 90 57
80 91 7
80 92 73
80 93 85
80 94 62
80 95 79
80 96 38
80 97 47
80 98 92
80 99 2
80 100 46
81 1 58
81 2 98
81 3 83
81 4 3
81 5 93
81 6 4
81 7 48
81 8 59
81 9 37
81 10 71
81 11 51
81 12 85
81 13 85
81 14 9
81 15 70
81 16 97
81 17 38
81 18 92
81 19 43
81 20 8
81 21 73
81 22 63
81 23 12
81 24 75
81 25 96
81 26 37
81 27 73
81 28 61
81 29 73
81 30 62
81 31 87
81 32 89
81 33 77
81 34 96
81 35 96
81 36 96
81 37 96
81 38 11
81 39 99
81 40 67
81 41 34
81 42 98
81 43 84
81 44 1
81 45 83
81 46 20
81 47 95
81 48 27
81 49 92
81 50 42
81 51 1
81 52 15
81 53 21
81 54 79
81 55 15
81 56 48
81 57 85
81 58 27
81 59 92
81 60 24
81 61 19
81 62 23
81 63 46
81 64 34
81 65 96
81 66 46
81 67 26
81 68 65
81 69 20
81 70 50
81 71 37
81 72 18
81 73 13
81 74 13
81 75 76
81 76 54
81 77 1
81 78 39
81 79 65
81 80 16
81 81 49
81 82 98
81 83 56
81 84 51
81 85 7
81 86 1
81 87 93
81 88 39
81 89 54
81 90 61
81 91 67
81 92 70
81 93 30
81 94 78
81 95 3
81 96 5
81 97 79
81 98 65
81 99 2
81 100 49
82 1 8
82 2 34
82 3 31
82 4 39
82 5 23
82 6 26
82 7 80
82 8 10
82 9 22
82 10 19
82 11 71
82 12 80
82 13 84
82 14 1
82 15 34
82 16 23
82 17 63
82 18 47
82 19 16
82 20 32
82 21 39
82 22 61
82 23 24
82 24 99
82 25 68
82 26 24
82 27 71
82 28 70
82 29 69
82 30 91
82 31 51
82 32 4
82 33 68
82 34 23
82 35 96
82 36 12
82 37 39
82 38 39
82 39 39
82 40 39
82 41 2
82 42 88
82 43 18
82 44 51
82 45 69
82 46 21
82 47 27
82 48 56
82 49 26
82 50 39
82 51 71
82 52 38
82 53 64
82 54 30
82 55 15
82 56 39
82 57 55
82 58 11
82 59 78
82 60 74
82 61 82
82 62 2
82 63 17
82 64 31
82 65 20
82 66 37
82 67 28
82 68 45
82 69 26
82 70 85
82 71 68
82 72 8
82 73 68
82 74 45
82 75 6
82 76 68
82 77 43
82 78 93
82 79 8
82 80 41
82 81 69
82 82 89
82 83 57
82 84 70
82 85 55
82 86 29
82 87 65
82 88 19
82 89 86
82 90 28
82 91 87
82 92 93
82 93 75
82 94 88
82 95 31
82 96 4
82 97 99
82 98 6
82 99 50
82 100 7
83 1 34
83 2 6
83 3 48
83 4 83
83 5 43
83 6 96
83 7 32
83 8 79
83 9 69
83 10 63
83 11 12
83 12 86
83 13 96
83 14 98
83 15 90
83 16 58
83 17 91
83 18 16
83 19 9
83 20 32
83 21 80
83 22 26
83 23 34
83 24 15
83 25 92
83 26 33
83 27 34
83 28 53
83 29 57
83 30 6
83 31 87
83 32 69
83 33 65
83 34 39
83 35 12
83 36 27
83 37 60
83 38 77
83 39 11
83 40 34
83 41 34
83 42 34
83 43 34
83 44 10
83 45 8
83 46 61
83 47 41
83 48 69
83 49 55
83 50 37
83 51 78
83 52 76
83 53 43
83 54 35
83 55 35
83 56 82
83 57 21
83 58 10
83 59 21
83 60 63
83 61 89
83 62 7
83 63 32
83 64 79
83 65 42
83 66 26
83 67 4
83 68 34
83 69 63
83 70 9
83 71 78
83 72 59
83 73 67
83 74 44
83 75 56
83 76 50
83 77 52
83 78 66
83 79 49
83 80 39
83 81 33
83 82 10
83 83 61
83 84 33
83 85 26
83 86 6
83 87 36
83 88 55
83 89 57
83 90 82
83 91 22
83 92 48
83 93 49
83 94 34
83 95 32
83 96 72
83 97 47
83 98 51
83 99 68
83 100 9
84 1 74
84 2 70
84 3 80
84 4 26
84 5 8
84 6 1
84 7 63
84 8 62
84 9 20
84 10 31
84 11 56
84 12 88
84 13 77
84 14 69
84 15 15
84 16 66
84 17 84
84 18 72
84 19 37
84 20 64
84 21 5
84 22 87
84 23 76
84 24 54
84 25 70
84 26 73
84 27 29
84 28 45
84 29 83
84 30 52
84 31 68
84 32 87
84 33 64
84 34 98
84 35 15
84 36 84
84 37 26
84 38 74
84 39 31
84 40 61
84 41 70
84 42 7
84 43 5
84 44 5
84 45 5
84 46 5
84 47 56
84 48 97
84 49 69
84 50 34
84 51 53
84 52 62
84 53 72
84 54 69
84 55 55
84 56 76
84 57 69
84 58 51
84 59 66
84 60 96
84 61 25
84 62 85
84 63 54
84 64 32
84 65 24
84 66 32
84 67 54
84 68 52
84 69 13
84 70 35
84 71 47
84 72 46
84 73 34
84 74 40
84 75 25
84 76 27
84 77 97
84 78 90
84 79 53
84 80 20
84 81 63
84 82 85
84 83 87
84 84 49
84 85 86
84 86 71
84 87 80
84 88 19
84 89 58
84 90 6
84 91 64
84 92 47
84 93 3
84 94 33
84 95 83
84 96 47
84 97 55
84 98 64
84 99 32
84 100 93
85 1 41
85 2 35
85 3 34
85 4 81
85 5 41
85 6 21
85 7 38
85 8 89
85 9 97
85 10 64
85 11 39
85 12 96
85 13 79
85 14 79
85 15 45
85 16 58
85 17 15
85 18 43
85 19 12
85 20 25
85 21 92
85 22 6
85 23 30
85 24 8
85 25 84
85 26 21
85 27 70
85 28 82
85 29 87
85 30 97
85 31 84
85 32 17
85 33 64
85 34 42
85 35 60
85 36 86
85 37 81
85 38 12
85 39 14
85 40 17
85 41 98
85 42 16
85 43 69
85 44 34
85 45 97
85 46 63
85 47 63
85 48 63
85 49 63
85 50 49
85 51 68
85 52 72
85 53 19
85 54 84
85 55 69
85 56 61
85 57 41
85 58 79
85 59 55
85 60 75
85 61 20
85 62 10
85 63 69
85 64 91
85 65 8
85 66 5
85 67 7
85 68 65
85 69 26
85 70 87
85 71 67
85 72 97
85 73 19
85 74 56
85 75 63
85 76 27
85 77 41
85 78 43
85 79 73
85 80 9
85 81 4
85 82 23
85 83 59
85 84 26
85 85 32
85 86 75
85 87 30
85 88 75
85 89 83
85 90 55
85 91 31
85 92 28
85 93 25
85 94 8
85 95 90
85 96 45
85 97 80
85 98 51
85 99 54
85 100 88
86 1 11
86 2 88
86 3 38
86 4 6
86 5 52
86 6 57
86 7 76
86 8 96
86 9 95
86 10 97
86 11 74
86 12 34
86 13 25
86 14 7
86 15 13
86 16 72
86 17 42
86 18 41
86 19 34
86 20 21
86 21 86
86 22 63
86 23 8
86 24 86
86 25 15
86 26 96
86 27 63
86 28 68
86 29 24
86 30 85
86 31 87
86 32 39
86 33 42
86 34 4
86 35 59
86 36 80
86 37 91
86 38 79
86 39 18
86 40 14
86 41 33
86 42 80
86 43 41
86 44 88
86 45 64
86 46 61
86 47 48
86 48 84
86 49 77
86 50 77
86 51 77
86 52 77
86 53 44
86 54 21
86 55 41
86 56 80
86 57 6
86 58 71
86 59 16
86 60 11
86 61 17
86 62 90
86 63 44
86 64 37
86 65 55
86 66 87
86 67 12
86 68 98
86 69 67
86 70 34
86 71 26
86 72 44
86 73 95
86 74 91
86 75 80
86 76 49
86 77 40
86 78 9
86 79 64
86 80 26
86 81 84
86 82 65
86 83 63
86 84 17
86 85 85
86 86 98
86 87 96
86 88 6
86 89 34
86 90 43
86 91 52
86 92 5
86 93 36
86 94 60
86 95 8
86 96 33
86 97 59
86 98 52
86 99 18
86 100 91
87 1 39
87 2 84
87 3 31
87 4 93
87 5 4
87 6 81
87 7 90
87 8 2
87 9 4
87 10 51
87 11 66
87 12 73
87 13 67
87 14 79
87 15 88
87 16 75
87 17 36
87 18 94
87 19 11
87 20 62
87 21 52
87 22 8
87 23 46
87 24 57
87 25 95
87 26 65
87 27 29
87 28 74
87 29 85
87 30 56
87 31 44
87 32 89
87 33 19
87 34 76
87 35 39
87 36 41
87 37 76
87 38 96
87 39 11
87 40 13
87 41 23
87 42 60
87 43 30
87 44 54
87 45 38
87 46 12
87 47 19
87 48 16
87 49 12
87 50 34
87 51 92
87 52 15
87 53 15
87 54 15
87 55 15
87 56 53
87 57 52
87 58 30
87 59 55
87 60 19
87 61 57
87 62 16
87 63 41
87 64 39
87 65 37
87 66 36
87 67 17
87 68 92
87 69 27
87 70 89
87 71 11
87 72 25
87 73 22
87 74 25
87 75 58
87 76 28
87 77 27
87 78 93
87 79 99
87 80 29
87 81 60
87 82 82
87 83 73
87 84 81
87 85 79
87 86 47
87 87 18
87 88 33
87 89 96
87 90 28
87 91 56
87 92 90
87 93 29
87 94 29
87 95 42
87 96 3
87 97 81
87 98 65
87 99 63
87 100 83
88 1 24
88 2 35
88 3 72
88 4 84
88 5 12
88 6 66
88 7 5
88 8 8
88 9 66
88 10 83
88 11 86
88 12 88
88 13 75
88 14 98
88 15 98
88 16 1
88 17 91
88 18 54
88 19 2
88 20 49
88 21 20
88 22 94
88 23 19
88 24 41
88 25 52
88 26 65
88 27 14
88 28 27
88 29 62
88 30 62
88 31 78
88 32 85
88 33 8
88 34 31
88 35 93
88 36 85
88 37 79
88 38 63
88 39 69
88 40 75
88 41 76
88 42 94
88 43 16
88 44 75
88 45 47
88 46 88
88 47 48
88 48 89
88 49 74
88 50 2
88 51 53
88 52 18
88 53 73
88 54 66
88 55 63
88 56 63
88 57 63
88 58 63
88 59 69
88 60 63
88 61 76
88 62 30
88 63 17
88 64 83
88 65 73
88 66 94
88 67 19
88 68 98
88 69 99
88 70 52
88 71 1
88 72 18
88 73 55
88 74 14
88 75 37
88 76 91
88 77 2
88 78 41
88 79 8
88 80 80
88 81 23
88 82 81
88 83 8
88 84 59
88 85 68
88 86 6
88 87 80
88 88 11
88 89 84
88 90 8
88 91 13
88 92 89
88 93 35
88 94 22
88 95 38
88 96 34
88 97 2
88 98 82
88 99 64
88 100 85
89 1 36
89 2 86
89 3 29
89 4 46
89 5 67
89 6 72
89 7 79
89 8 16
89 9 36
89 10 6
89 11 93
89 12 27
89 13 19
89 14 56
89 15 41
89 16 68
89 17 77
89 18 14
89 19 33
89 20 85
89 21 51
89 22 37
89 23 18
89 24 42
89 25 63
89 26 14
89 27 84
89 28 81
89 29 48
89 30 89
89 31 42
89 32 45
89 33 39
89 34 2
89 35 3
89 36 23
89 37 39
89 38 84
89 39 49
89 40 87
89 41 97
89 42 37
89 43 67
89 44 98
89 45 69
89 46 56
89 47 42
89 48 85
89 49 5
89 50 84
89 51 97
89 52 83
89 53 5
89 54 21
89 55 19
89 56 37
89 57 26
89 58 82
89 59 82
89 60 82
89 61 82
89 62 6
89 63 95
89 64 36
89 65 37
89 66 95
89 67 93
89 68 71
89 69 42
89 70 62
89 71 2
89 72 86
89 73 58
89 74 41
89 75 72
89 76 48
89 77 72
89 78 8
89 79 77
89 80 84
89 81 89
89 82 32
89 83 52
89 84 77
89 85 69
89 86 65
89 87 74
89 88 89
89 89 70
89 90 18
89 91 40
89 92 93
89 93 60
89 94 53
89 95 19
89 96 66
89 97 65
89 98 83
89 99 74
89 100 8
90 1 7
90 2 55
90 3 4
90 4 30
90 5 95
90 6 1
90 7 32
90 8 96
90 9 56
90 10 56
90 11 74
90 12 4
90 13 18
90 14 66
90 15 92
90 16 83
90 17 83
90 18 56
90 19 6
90 20 35
90 21 92
90 22 64
90 23 43
90 24 74
90 25 2
90 26 53
90 27 87
90 28 94
90 29 43
90 30 60
90 31 72
90 32 17
90 33 81
90 34 87
90 35 81
90 36 30
90 37 20
90 38 20
90 39 32
90 40 58
90 41 57
90 42 33
90 43 7
90 44 82
90 45 38
90 46 45
90 47 4
90 48 7
90 49 76
90 50 58
90 51 87
90 52 14
90 53 81
90 54 49
90 55 38
90 56 50
90 57 21
90 58 39
90 59 59
90 60 96
90 61 14
90 62 14
90 63 14
90 64 14
90 65 77
90 66 81
90 67 6
90 68 35
90 69 92
90 70 91
90 71 65
90 72 82
90 73 87
90 74 29
90 75 42
90 76 93
90 77 74
90 78 80
90 79 97
90 80 72
90 81 80
90 82 47
90 83 95
90 84 55
90 85 1
90 86 76
90 87 34
90 88 64
90 89 10
90 90 88
90 91 52
90 92 1
90 93 38
90 94 54
90 95 72
90 96 21
90 97 32
90 98 74
90 99 61
90 100 98
91 1 71
91 2 17
91 3 19
91 4 36
91 5 80
91 6 58
91 7 51
91 8 90
91 9 8
91 10 5
91 11 55
91 12 61
91 13 91
91 14 48
91 15 51
91 16 62
91 17 70
91 18 49
91 19 40
91 20 91
91 21 80
91 22 99
91 23 81
91 24 24
91 25 16
91 26 32
91 27 86
91 28 37
91 29 59
91 30 17
91 31 93
91 32 34
91 33 4
91 34 33
91 35 86
91 36 78
91 37 1
91 38 43
91 39 88
91 40 39
91 41 4
91 42 58
91 43 98
91 44 92
91 45 45
91 46 23
91 47 36
91 48 89
91 49 79
91 50 54
91 51 69
91 52 76
91 53 29
91 54 19
91 55 29
91 56 19
91 57 79
91 58 73
91 59 84
91 60 38
91 61 20
91 62 20
91 63 38
91 64 44
91 65 44
91 66 44
91 67 44
91 68 57
91 69 77
91 70 54
91 71 74
91 72 56
91 73 91
91 74 15
91 75 78
91 76 76
91 77 51
91 78 8
91 79 51
91 80 25
91 81 20
91 82 85
91 83 62
91 84 55
91 85 73
91 86 56
91 87 59
91 88 68
91 89 54
91 90 59
91 91 66
91 92 39
91 93 2
91 94 63
91 95 31
91 96 84
91 97 56
91 98 9
91 99 80
91 100 87
92 1 42
92 2 82
92 3 3
92 4 89
92 5 93
92 6 98
92 7 50
92 8 53
92 9 48
92 10 10
92 11 38
92 12 13
92 13 27
92 14 19
92 15 21
92 16 39
92 17 80
92 18 41
92 19 6
92 20 10
92 21 94
92 22 39
92 23 94
92 24 87
92 25 23
92 26 87
92 27 29
92 28 55
92 29 53
92 30 42
92 31 37
92 32 29
92 33 86
92 34 64
92 35 20
92 36 53
92 37 81
92 38 36
92 39 15
92 40 78
92 41 92
92 42 65
92 43 43
92 44 2
92 45 77
92 46 16
92 47 21
92 48 8
92 49 8
92 50 1
92 51 14
92 52 98
92 53 47
92 54 77
92 55 57
92 56 67
92 57 1
92 58 26
92 59 29
92 60 23
92 61 99
92 62 68
92 63 72
92 64 45
92 65 26
92 66 58
92 67 26
92 68 26
92 69 26
92 70 26
92 71 21
92 72 88
92 73 72
92 74 80
92 75 41
92 76 59
92 77 60
92 78 87
92 79 60
92 80 97
92 81 20
92 82 72
92 83 80
92 84 72
92 85 49
92 86 14
92 87 36
92 88 57
92 89 33
92 90 13
92 91 9
92 92 30
92 93 92
92 94 99
92 95 62
92 96 13
92 97 44
92 98 81
92 99 72
92 100 93
93 1 89
93 2 2
93 3 27
93 4 81
93 5 33
93 6 50
93 7 33
93 8 80
93 9 23
93 10 19
93 11 89
93 12 27
93 13 65
93 14 1
93 15 9
93 16 32
93 17 99
93 18 66
93 19 63
93 20 22
93 21 39
93 22 35
93 23 12
93 24 38
93 25 44
93 26 95
93 27 19
93 28 55
93 29 96
93 30 90
93 31 5
93 32 55
93 33 39
93 34 91
93 35 64
93 36 95
93 37 69
93 38 13
93 39 30
93 40 97
93 41 61
93 42 76
93 43 80
93 44 35
93 45 95
93 46 48
93 47 19
93 48 92
93 49 29
93 50 80
93 51 79
93 52 34
93 53 38
93 54 23
93 55 86
93 56 11
93 57 34
93 58 47
93 59 8
93 60 33
93 61 76
93 62 69
93 63 69
93 64 69
93 65 78
93 66 71
93 67 62
93 68 84
93 69 32
93 70 21
93 71 21
93 72 21
93 73 21
93 74 24
93 75 35
93 76 66
93 77 89
93 78 78
93 79 46
93 80 63
93 81 61
93 82 65
93 83 48
93 84 17
93 85 96
93 86 2
93 87 55
93 88 93
93 89 66
93 90 9
93 91 7
93 92 7
93 93 48
93 94 90
93 95 79
93 96 56
93 97 35
93 98 9
93 99 72
93 100 2
94 1 49
94 2 85
94 3 29
94 4 93
94 5 32
94 6 9
94 7 25
94 8 54
94 9 52
94 10 27
94 11 74
94 12 76
94 13 24
94 14 57
94 15 58
94 16 81
94 17 53
94 18 12
94 19 27
94 20 95
94 21 9
94 22 89
94 23 15
94 24 18
94 25 34
94 26 70
94 27 84
94 28 72
94 29 75
94 30 18
94 31 71
94 32 24
94 33 31
94 34 59
94 35 89
94 36 56
94 37 37
94 38 25
94 39 68
94 40 96
94 41 28
94 42 67
94 43 59
94 44 3
94 45 21
94 46 44
94 47 14
94 48 48
94 49 49
94 50 83
94 51 98
94 52 13
94 53 86
94 54 80
94 55 59
94 56 94
94 57 61
94 58 42
94 59 25
94 60 35
94 61 42
94 62 41
94 63 27
94 64 73
94 65 43
94 66 61
94 67 77
94 68 78
94 69 78
94 70 5
94 71 98
94 72 99
94 73 64
94 74 64
94 75 64
94 76 64
94 77 79
94 78 15
94 79 1
94 80 94
94 81 16
94 82 17
94 83 69
94 84 13
94 85 36
94 86 80
94 87 80
94 88 35
94 89 74
94 90 8
94 91 34
94 92 30
94 93 20
94 94 39
94 95 66
94 96 40
94 97 85
94 98 58
94 99 2
94 100 30
95 1 7
95 2 70
95 3 39
95 4 5
95 5 64
95 6 22
95 7 29
95 8 36
95 9 84
95 10 5
95 11 69
95 12 3
95 13 46
95 14 6
95 15 1
95 16 76
95 17 1
95 18 12
95 19 20
95 20 3
95 21 37
95 22 38
95 23 90
95 24 92
95 25 93
95 26 95
95 27 27
95 28 98
95 29 74
95 30 73
95 31 37
95 32 22
95 33 62
95 34 68
95 35 25
95 36 7
95 37 91
95 38 96
95 39 62
95 40 72
95 41 98
95 42 2
95 43 25
95 44 90
95 45 44
95 46 9
95 47 77
95 48 90
95 49 17
95 50 28
95 51 44
95 52 10
95 53 39
95 54 54
95 55 63
95 56 48
95 57 31
95 58 81
95 59 13
95 60 47
95 61 68
95 62 98
95 63 11
95 64 29
95 65 69
95 66 77
95 67 24
95 68 14
95 69 2
95 70 39
95 71 36
95 72 16
95 73 29
95 74 20
95 75 13
95 76 90
95 77 90
95 78 90
95 79 90
95 80 54
95 81 49
95 82 85
95 83 7
95 84 75
95 85 71
95 86 7
95 87 28
95 88 12
95 89 66
95 90 19
95 91 43
95 92 84
95 93 44
95 94 50
95 95 62
95 96 54
95 97 76
95 98 84
95 99 65
95 100 40
96 1 44
96 2 75
96 3 72
96 4 45
96 5 54
96 6 96
96 7 6
96 8 99
96 9 18
96 10 50
96 11 5
96 12 35
96 13 39
96 14 80
96 15 87
96 16 79
96 17 97
96 18 77
96 19 2
96 20 89
96 21 88
96 22 52
96 23 63
96 24 26
96 25 75
96 26 5
96 27 10
96 28 43
96 29 63
96 30 15
96 31 26
96 32 73
96 33 23
96 34 39
96 35 88
96 36 96
96 37 83
96 38 58
96 39 9
96 40 89
96 41 78
96 42 47
96 43 1
96 44 66
96 45 78
96 46 26
96 47 63
96 48 77
96 49 33
96 50 24
96 51 5
96 52 12
96 53 49
96 54 62
96 55 17
96 56 32
96 57 98
96 58 26
96 59 1
96 60 71
96 61 73
96 62 96
96 63 38
96 64 99
96 65 43
96 66 75
96 67 48
96 68 87
96 69 81
96 70 69
96 71 29
96 72 39
96 73 65
96 74 38
96 75 44
96 76 40
96 77 70
96 78 24
96 79 58
96 80 58
96 81 58
96 82 58
96 83 43
96 84 45
96 85 17
96 86 89
96 87 9
96 88 2
96 89 42
96 90 52
96 91 15
96 92 42
96 93 63
96 94 8
96 95 96
96 96 76
96 97 26
96 98 54
96 99 66
96 100 90
97 1 57
97 2 49
97 3 71
97 4 46
97 5 8
97 6 21
97 7 36
97 8 54
97 9 33
97 10 89
97 11 84
97 12 45
97 13 42
97 14 94
97 15 62
97 16 61
97 17 75
97 18 15
97 19 90
97 20 75
97 21 21
97 22 24
97 23 52
97 24 30
97 25 77
97 26 54
97 27 50
97 28 86
97 29 67
97 30 69
97 31 43
97 32 37
97 33 9
97 34 40
97 35 80
97 36 99
97 37 39
97 38 79
97 39 2
97 40 36
97 41 23
97 42 71
97 43 29
97 44 53
97 45 72
97 46 76
97 47 68
97 48 45
97 49 39
97 50 77
97 51 92
97 52 15
97 53 13
97 54 79
97 55 25
97 56 82
97 57 70
97 58 38
97 59 52
97 60 31
97 61 8
97 62 91
97 63 15
97 64 15
97 65 87
97 66 3
97 67 99
97 68 99
97 69 50
97 70 62
97 71 94
97 72 87
97 73 27
97 74 30
97 75 50
97 76 92
97 77 28
97 78 36
97 79 37
97 80 55
97 81 78
97 82 21
97 83 21
97 84 21
97 85 21
97 86 5
97 87 7
97 88 14
97 89 91
97 90 52
97 91 4
97 92 52
97 93 59
97 94 34
97 95 82
97 96 92
97 97 35
97 98 42
97 99 88
97 100 18
98 1 42
98 2 4
98 3 47
98 4 10
98 5 58
98 6 73
98 7 4
98 8 80
98 9 69
98 10 95
98 11 62
98 12 69
98 13 14
98 14 54
98 15 99
98 16 58
98 17 21
98 18 18
98 19 88
98 20 58
98 21 50
98 22 29
98 23 42
98 24 5
98 25 67
98 26 60
98 27 62
98 28 57
98 29 64
98 30 63
98 31 95
98 32 44
98 33 67
98 34 61
98 35 82
98 36 13
98 37 52
98 38 28
98 39 82
98 40 56
98 41 15
98 42 45
98 43 48
98 44 36
98 45 71
98 46 32
98 47 77
98 48 54
98 49 75
98 50 12
98 51 52
98 52 84
98 53 98
98 54 56
98 55 74
98 56 25
98 57 91
98 58 87
98 59 20
98 60 49
98 61 64
98 62 47
98 63 77
98 64 54
98 65 21
98 66 89
98 67 21
98 68 76
98 69 84
98 70 54
98 71 70
98 72 78
98 73 37
98 74 71
98 75 51
98 76 99
98 77 88
98 78 30
98 79 36
98 80 21
98 81 68
98 82 14
98 83 34
98 84 58
98 85 39
98 86 39
98 87 39
98 88 39
98 89 49
98 90 96
98 91 62
98 92 65
98 93 37
98 94 81
98 95 22
98 96 71
98 97 73
98 98 76
98 99 55
98 100 97
99 1 81
99 2 69
99 3 64
99 4 35
99 5 96
99 6 63
99 7 39
99 8 99
99 9 64
99 10 66
99 11 77
99 12 38
99 13 98
99 14 99
99 15 38
99 16 34
99 17 91
99 18 17
99 19 44
99 20 19
99 21 24
99 22 75
99 23 59
99 24 71
99 25 69
99 26 25
99 27 98
99 28 57
99 29 63
99 30 85
99 31 26
99 32 13
99 33 68
99 34 43
99 35 22
99 36 97
99 37 89
99 38 60
99 39 65
99 40 79
99 41 97
99 42 51
99 43 91
99 44 55
99 45 20
99 46 9
99 47 77
99 48 10
99 49 87
99 50 50
99 51 17
99 52 84
99 53 53
99 54 88
99 55 32
99 56 30
99 57 21
99 58 37
99 59 17
99 60 95
99 61 74
99 62 34
99 63 15
99 64 34
99 65 29
99 66 15
99 67 65
99 68 78
99 69 44
99 70 86
99 71 83
99 72 55
99 73 13
99 74 91
99 75 2
99 76 83
99 77 65
99 78 71
99 79 66
99 80 58
99 81 29
99 82 57
99 83 52
99 84 39
99 85 12
99 86 3
99 87 34
99 88 1
99 89 1
99 90 1
99 91 1
99 92 86
99 93 15
99 94 86
99 95 97
99 96 59
99 97 15
99 98 24
99 99 23
99 100 19
100 1 81
100 2 9
100 3 96
100 4 27
100 5 26
100 6 49
100 7 87
100 8 80
100 9 84
100 10 79
100 11 71
100 12 7
100 13 41
100 14 20
100 15 56
100 16 91
100 17 60
100 18 74
100 19 88
100 20 22
100 21 99
100 22 36
100 23 58
100 24 12
100 25 47
100 26 19
100 27 29
100 28 59
100 29 79
100 30 38
100 31 84
100 32 95
100 33 29
100 34 45
100 35 2
100 36 50
100 37 9
100 38 62
100 39 89
100 40 42
100 41 50
100 42 64
100 43 10
100 44 78
100 45 48
100 46 19
100 47 12
100 48 93
100 49 33
100 50 31
100 51 46
100 52 27
100 53 48
100 54 47
100 55 70
100 56 20
100 57 22
100 58 94
100 59 30
100 60 8
100 61 31
100 62 5
100 63 42
100 64 27
100 65 66
100 66 92
100 67 52
100 68 35
100 69 35
100 70 64
100 71 27
100 72 4
100 73 19
100 74 72
100 75 50
100 76 88
100 77 42
100 78 42
100 79 65
100 80 58
100 81 3
100 82 85
100 83 87
100 84 49
100 85 55
100 86 25
100 87 80
100 88 97
100 89 73
100 90 44
100 91 47
100 92 47
100 93 47
100 94 47
100 95 32
100 96 51
100 97 12
100 98 25
100 99 72
100 100 70