100 5
85
19
2
69
65
76
77
20
13
18
26
24
58
13
16
57
9
63
84
31
36
21
59
7
38
90
34
41
97
86
23
39
72
86
51
28
80
63
98
30
28
2
17
98
12
37
55
89
85
30
34
71
11
10
97
20
58
32
32
10
94
99
33
94
55
6
18
95
93
30
75
57
66
35
47
5
33
25
30
22
27
56
78
74
89
2
90
28
2
76
48
53
38
73
47
38
31
1
26
9
0 1 61
0 2 26
0 3 62
0 4 10
0 5 73
0 6 63
0 7 35
0 8 66
0 9 40
0 10 80
0 11 1
0 12 57
0 13 45
0 14 28
0 15 49
0 16 83
0 17 77
0 18 91
0 19 6
0 20 29
0 21 31
0 22 45
0 23 66
0 24 12
0 25 38
0 26 14
0 27 81
0 28 25
0 29 67
0 30 48
0 31 1
0 32 38
0 33 88
0 34 87
0 35 93
0 36 91
0 37 31
0 38 73
0 39 78
0 40 64
0 41 6
0 42 99
0 43 48
0 44 84
0 45 67
0 46 72
0 47 87
0 48 17
0 49 9
0 50 21
0 51 19
0 52 16
0 53 70
0 54 30
0 55 85
0 56 79
0 57 72
0 58 47
0 59 43
0 60 65
0 61 97
0 62 79
0 63 27
0 64 93
0 65 96
0 66 16
0 67 52
0 68 19
0 69 87
0 70 20
0 71 61
0 72 46
0 73 26
0 74 42
0 75 10
0 76 56
0 77 20
0 78 88
0 79 16
0 80 37
0 81 46
0 82 7
0 83 61
0 84 22
0 85 4
0 86 40
0 87 45
0 88 15
0 89 2
0 90 7
0 91 32
0 92 22
0 93 29
0 94 32
0 95 39
0 96 89
0 97 24
0 98 28
0 99 21
0 100 51
1 0 51
1 2 51
1 3 51
1 4 82
1 5 42
1 6 4
1 7 78
1 8 43
1 9 12
1 10 27
1 11 44
1 12 22
1 13 27
1 14 84
1 15 61
1 16 80
1 17 46
1 18 94
1 19 74
1 20 20
1 21 1
1 22 18
1 23 14
1 24 27
1 25 11
1 26 94
1 27 46
1 28 28
1 29 89
1 30 18
1 31 6
1 32 64
1 33 58
1 34 25
1 35 11
1 36 41
1 37 23
1 38 78
1 39 30
1 40 31
1 41 25
1 42 85
1 43 11
1 44 86
1 45 99
1 46 43
1 47 48
1 48 17
1 49 15
1 50 81
1 51 64
1 52 35
1 53 65
1 54 66
1 55 30
1 56 51
1 57 17
1 58 42
1 59 61
1 60 65
1 61 82
1 62 91
1 63 22
1 64 81
1 65 3
1 66 69
1 67 64
1 68 31
1 69 90
1 70 60
1 71 42
1 72 40
1 73 53
1 74 66
1 75 67
1 76 94
1 77 77
1 78 18
1 79 3
1 80 44
1 81 9
1 82 90
1 83 85
1 84 23
1 85 6
1 86 66
1 87 81
1 88 77
1 89 52
1 90 41
1 91 54
1 92 78
1 93 85
1 94 15
1 95 10
1 96 37
1 97 56
1 98 81
1 99 67
1 100 32
2 0 72
2 1 84
2 3 42
2 4 42
2 5 42
2 6 42
2 7 18
2 8 28
2 9 84
2 10 22
2 11 97
2 12 36
2 13 87
2 14 7
2 15 65
2 16 35
2 17 83
2 18 59
2 19 60
2 20 40
2 21 4
2 22 80
2 23 95
2 24 23
2 25 60
2 26 21
2 27 89
2 28 77
2 29 58
2 30 85
2 31 91
2 32 72
2 33 31
2 34 75
2 35 77
2 36 79
2 37 48
2 38 15
2 39 54
2 40 33
2 41 33
2 42 55
2 43 74
2 44 93
2 45 30
2 46 83
2 47 85
2 48 1
2 49 90
2 50 30
2 51 33
2 52 80
2 53 77
2 54 78
2 55 98
2 56 94
2 57 38
2 58 14
2 59 60
2 60 65
2 61 76
2 62 67
2 63 80
2 64 4
2 65 29
2 66 89
2 67 48
2 68 20
2 69 52
2 70 24
2 71 48
2 72 52
2 73 29
2 74 85
2 75 1
2 76 83
2 77 83
2 78 69
2 79 70
2 80 57
2 81 56
2 82 51
2 83 66
2 84 41
2 85 44
2 86 19
2 87 26
2 88 51
2 89 18
2 90 97
2 91 36
2 92 35
2 93 60
2 94 96
2 95 40
2 96 14
2 97 71
2 98 13
2 99 89
2 100 69
3 0 95
3 1 57
3 2 10
3 4 35
3 5 89
3 6 69
3 7 69
3 8 69
3 9 69
3 10 25
3 11 13
3 12 58
3 13 11
3 14 83
3 15 18
3 16 72
3 17 1
3 18 5
3 19 28
3 20 68
3 21 45
3 22 78
3 23 55
3 24 23
3 25 46
3 26 84
3 27 80
3 28 27
3 29 72
3 30 69
3 31 91
3 32 4
3 33 17
3 34 17
3 35 84
3 36 72
3 37 45
3 38 87
3 39 81
3 40 94
3 41 89
3 42 29
3 43 44
3 44 80
3 45 24
3 46 7
3 47 51
3 48 78
3 49 37
3 50 13
3 51 33
3 52 25
3 53 50
3 54 38
3 55 48
3 56 13
3 57 15
3 58 91
3 59 87
3 60 26
3 61 4
3 62 51
3 63 90
3 64 56
3 65 21
3 66 14
3 67 82
3 68 16
3 69 77
3 70 80
3 71 87
3 72 81
3 73 3
3 74 6
3 75 32
3 76 90
3 77 31
3 78 70
3 79 9
3 80 23
3 81 56
3 82 96
3 83 75
3 84 63
3 85 25
3 86 74
3 87 55
3 88 24
3 89 66
3 90 75
3 91 27
3 92 64
3 93 29
3 94 88
3 95 39
3 96 1
3 97 58
3 98 59
3 99 95
3 100 41
4 0 71
4 1 7
4 2 79
4 3 25
4 5 69
4 6 84
4 7 14
4 8 47
4 9 67
4 10 67
4 11 67
4 12 67
4 13 27
4 14 78
4 15 25
4 16 22
4 17 36
4 18 36
4 19 22
4 20 29
4 21 29
4 22 42
4 23 48
4 24 48
4 25 90
4 26 73
4 27 26
4 28 79
4 29 13
4 30 97
4 31 31
4 32 53
4 33 34
4 34 95
4 35 48
4 36 86
4 37 74
4 38 33
4 39 44
4 40 1
4 41 69
4 42 19
4 43 19
4 44 7
4 45 61
4 46 92
4 47 9
4 48 62
4 49 42
4 50 36
4 51 6
4 52 10
4 53 1
4 54 49
4 55 30
4 56 84
4 57 38
4 58 86
4 59 42
4 60 12
4 61 41
4 62 72
4 63 58
4 64 33
4 65 37
4 66 58
4 67 49
4 68 41
4 69 14
4 70 54
4 71 68
4 72 79
4 73 21
4 74 62
4 75 41
4 76 21
4 77 22
4 78 97
4 79 14
4 80 45
4 81 71
4 82 45
4 83 12
4 84 39
4 85 14
4 86 86
4 87 11
4 88 56
4 89 9
4 90 3
4 91 53
4 92 33
4 93 80
4 94 86
4 95 81
4 96 88
4 97 61
4 98 27
4 99 66
4 100 23
5 0 18
5 1 36
5 2 44
5 3 8
5 4 53
5 6 99
5 7 33
5 8 59
5 9 6
5 10 37
5 11 34
5 12 19
5 13 19
5 14 19
5 15 19
5 16 20
5 17 28
5 18 44
5 19 51
5 20 18
5 21 17
5 22 54
5 23 99
5 24 96
5 25 49
5 26 38
5 27 96
5 28 35
5 29 60
5 30 85
5 31 92
5 32 53
5 33 92
5 34 8
5 35 42
5 36 4
5 37 2
5 38 45
5 39 67
5 40 61
5 41 64
5 42 94
5 43 47
5 44 51
5 45 39
5 46 89
5 47 37
5 48 49
5 49 58
5 50 90
5 51 5
5 52 33
5 53 16
5 54 83
5 55 69
5 56 27
5 57 49
5 58 28
5 59 11
5 60 67
5 61 85
5 62 55
5 63 5
5 64 17
5 65 25
5 66 83
5 67 85
5 68 92
5 69 91
5 70 21
5 71 41
5 72 89
5 73 90
5 74 17
5 75 47
5 76 40
5 77 3
5 78 66
5 79 17
5 80 30
5 81 70
5 82 79
5 83 76
5 84 35
5 85 12
5 86 9
5 87 73
5 88 99
5 89 58
5 90 84
5 91 79
5 92 31
5 93 21
5 94 80
5 95 96
5 96 54
5 97 13
5 98 56
5 99 36
5 100 11
6 0 39
6 1 15
6 2 58
6 3 21
6 4 82
6 5 68
6 7 98
6 8 35
6 9 70
6 10 19
6 11 10
6 12 80
6 13 5
6 14 60
6 15 70
6 16 70
6 17 70
6 18 70
6 19 78
6 20 75
6 21 30
6 22 43
6 23 42
6 24 62
6 25 82
6 26 28
6 27 83
6 28 84
6 29 89
6 30 94
6 31 17
6 32 96
6 33 83
6 34 41
6 35 10
6 36 58
6 37 86
6 38 52
6 39 43
6 40 10
6 41 10
6 42 7
6 43 25
6 44 97
6 45 94
6 46 81
6 47 78
6 48 34
6 49 68
6 50 39
6 51 63
6 52 74
6 53 61
6 54 93
6 55 86
6 56 18
6 57 56
6 58 75
6 59 70
6 60 96
6 61 19
6 62 31
6 63 88
6 64 79
6 65 54
6 66 21
6 67 7
6 68 57
6 69 83
6 70 65
6 71 69
6 72 15
6 73 96
6 74 76
6 75 13
6 76 19
6 77 26
6 78 34
6 79 22
6 80 52
6 81 49
6 82 73
6 83 10
6 84 71
6 85 73
6 86 91
6 87 90
6 88 12
6 89 42
6 90 71
6 91 1
6 92 85
6 93 71
6 94 3
6 95 19
6 96 92
6 97 50
6 98 11
6 99 98
6 100 20
7 0 47
7 1 19
7 2 9
7 3 81
7 4 98
7 5 4
7 6 5
7 8 82
7 9 25
7 10 99
7 11 56
7 12 59
7 13 43
7 14 12
7 15 93
7 16 45
7 17 98
7 18 85
7 19 85
7 20 85
7 21 85
7 22 92
7 23 7
7 24 61
7 25 47
7 26 96
7 27 65
7 28 71
7 29 93
7 30 52
7 31 68
7 32 19
7 33 78
7 34 9
7 35 26
7 36 64
7 37 70
7 38 83
7 39 77
7 40 77
7 41 65
7 42 84
7 43 25
7 44 73
7 45 41
7 46 61
7 47 19
7 48 71
7 49 32
7 50 1
7 51 29
7 52 75
7 53 83
7 54 9
7 55 10
7 56 6
7 57 4
7 58 19
7 59 87
7 60 99
7 61 25
7 62 92
7 63 20
7 64 23
7 65 58
7 66 2
7 67 63
7 68 2
7 69 8
7 70 26
7 71 31
7 72 64
7 73 83
7 74 79
7 75 15
7 76 53
7 77 78
7 78 98
7 79 59
7 80 29
7 81 84
7 82 6
7 83 63
7 84 34
7 85 51
7 86 59
7 87 54
7 88 10
7 89 73
7 90 49
7 91 92
7 92 20
7 93 26
7 94 83
7 95 65
7 96 29
7 97 76
7 98 49
7 99 57
7 100 7
8 0 82
8 1 83
8 2 44
8 3 24
8 4 33
8 5 30
8 6 5
8 7 14
8 9 63
8 10 54
8 11 18
8 12 35
8 13 92
8 14 53
8 15 30
8 16 64
8 17 26
8 18 57
8 19 42
8 20 1
8 21 8
8 22 8
8 23 8
8 24 8
8 25 93
8 26 65
8 27 89
8 28 51
8 29 14
8 30 24
8 31 30
8 32 36
8 33 90
8 34 41
8 35 76
8 36 95
8 37 55
8 38 21
8 39 46
8 40 75
8 41 93
8 42 80
8 43 9
8 44 15
8 45 67
8 46 13
8 47 87
8 48 27
8 49 85
8 50 19
8 51 49
8 52 68
8 53 63
8 54 7
8 55 35
8 56 74
8 57 34
8 58 58
8 59 83
8 60 51
8 61 57
8 62 15
8 63 87
8 64 24
8 65 8
8 66 76
8 67 10
8 68 81
8 69 6
8 70 21
8 71 19
8 72 15
8 73 60
8 74 5
8 75 93
8 76 90
8 77 73
8 78 61
8 79 43
8 80 10
8 81 36
8 82 97
8 83 77
8 84 71
8 85 6
8 86 62
8 87 18
8 88 2
8 89 13
8 90 98
8 91 35
8 92 99
8 93 98
8 94 81
8 95 25
8 96 36
8 97 13
8 98 7
8 99 85
8 100 71
9 0 42
9 1 35
9 2 26
9 3 40
9 4 44
9 5 83
9 6 8
9 7 43
9 8 84
9 10 9
9 11 90
9 12 6
9 13 66
9 14 77
9 15 35
9 16 46
9 17 43
9 18 79
9 19 19
9 20 81
9 21 74
9 22 32
9 23 7
9 24 17
9 25 17
9 26 17
9 27 17
9 28 58
9 29 64
9 30 69
9 31 32
9 32 14
9 33 22
9 34 39
9 35 40
9 36 39
9 37 58
9 38 18
9 39 3
9 40 80
9 41 64
9 42 37
9 43 68
9 44 95
9 45 86
9 46 8
9 47 5
9 48 56
9 49 30
9 50 19
9 51 7
9 52 39
9 53 97
9 54 74
9 55 45
9 56 81
9 57 93
9 58 98
9 59 37
9 60 8
9 61 26
9 62 83
9 63 48
9 64 81
9 65 71
9 66 5
9 67 64
9 68 23
9 69 78
9 70 16
9 71 61
9 72 23
9 73 53
9 74 1
9 75 68
9 76 48
9 77 41
9 78 43
9 79 42
9 80 21
9 81 86
9 82 46
9 83 87
9 84 58
9 85 87
9 86 31
9 87 52
9 88 5
9 89 18
9 90 89
9 91 53
9 92 77
9 93 14
9 94 50
9 95 54
9 96 57
9 97 50
9 98 28
9 99 8
9 100 74
10 0 28
10 1 17
10 2 37
10 3 64
10 4 28
10 5 39
10 6 13
10 7 24
10 8 50
10 9 1
10 11 98
10 12 67
10 13 58
10 14 56
10 15 32
10 16 59
10 17 25
10 18 68
10 19 68
10 20 90
10 21 34
10 22 44
10 23 34
10 24 89
10 25 48
10 26 35
10 27 46
10 28 46
10 29 46
10 30 46
10 31 36
10 32 57
10 33 61
10 34 87
10 35 17
10 36 49
10 37 47
10 38 65
10 39 97
10 40 79
10 41 45
10 42 39
10 43 65
10 44 95
10 45 96
10 46 18
10 47 57
10 48 31
10 49 76
10 50 30
10 51 41
10 52 11
10 53 23
10 54 87
10 55 61
10 56 36
10 57 33
10 58 58
10 59 66
10 60 41
10 61 98
10 62 57
10 63 4
10 64 66
10 65 76
10 66 57
10 67 10
10 68 64
10 69 88
10 70 3
10 71 24
10 72 15
10 73 17
10 74 9
10 75 80
10 76 17
10 77 41
10 78 64
10 79 41
10 80 85
10 81 80
10 82 93
10 83 91
10 84 31
10 85 93
10 86 89
10 87 82
10 88 27
10 89 39
10 90 37
10 91 69
10 92 48
10 93 39
10 94 63
10 95 99
10 96 19
10 97 57
10 98 68
10 99 97
10 100 98
11 0 58
11 1 90
11 2 41
11 3 69
11 4 49
11 5 12
11 6 16
11 7 53
11 8 68
11 9 48
11 10 60
11 12 96
11 13 44
11 14 84
11 15 3
11 16 20
11 17 69
11 18 4
11 19 47
11 20 15
11 21 99
11 22 92
11 23 18
11 24 15
11 25 60
11 26 75
11 27 23
11 28 27
11 29 15
11 30 15
11 31 15
11 32 15
11 33 15
11 34 3
11 35 76
11 36 63
11 37 90
11 38 58
11 39 97
11 40 25
11 41 7
11 42 50
11 43 53
11 44 65
11 45 46
11 46 19
11 47 35
11 48 31
11 49 60
11 50 13
11 51 55
11 52 39
11 53 4
11 54 90
11 55 52
11 56 53
11 57 15
11 58 56
11 59 55
11 60 79
11 61 94
11 62 67
11 63 26
11 64 29
11 65 3
11 66 55
11 67 59
11 68 80
11 69 26
11 70 97
11 71 2
11 72 58
11 73 83
11 74 23
11 75 30
11 76 48
11 77 82
11 78 6
11 79 90
11 80 25
11 81 51
11 82 60
11 83 55
11 84 76
11 85 40
11 86 65
11 87 31
11 88 40
11 89 64
11 90 74
11 91 34
11 92 85
11 93 22
11 94 17
11 95 63
11 96 51
11 97 44
11 98 43
11 99 21
11 100 67
12 0 38
12 1 47
12 2 66
12 3 49
12 4 30
12 5 97
12 6 38
12 7 36
12 8 42
12 9 82
12 10 57
12 11 7
12 13 18
12 14 53
12 15 1
12 16 64
12 17 97
12 18 91
12 19 40
12 20 1
12 21 2
12 22 27
12 23 38
12 24 40
12 25 47
12 26 86
12 27 62
12 28 10
12 29 96
12 30 9
12 31 83
12 32 88
12 33 14
12 34 14
12 35 14
12 36 14
12 37 19
12 38 6
12 39 21
12 40 30
12 41 71
12 42 92
12 43 5
12 44 3
12 45 54
12 46 75
12 47 27
12 48 85
12 49 79
12 50 80
12 51 35
12 52 88
12 53 5
12 54 45
12 55 59
12 56 51
12 57 94
12 58 32
12 59 1
12 60 73
12 61 37
12 62 89
12 63 40
12 64 41
12 65 69
12 66 65
12 67 67
12 68 94
12 69 41
12 70 80
12 71 78
12 72 83
12 73 49
12 74 23
12 75 51
12 76 4
12 77 61
12 78 59
12 79 15
12 80 77
12 81 38
12 82 78
12 83 59
12 84 14
12 85 43
12 86 87
12 87 69
12 88 91
12 89 15
12 90 39
12 91 30
12 92 68
12 93 5
12 94 79
12 95 85
12 96 38
12 97 76
12 98 6
12 99 84
12 100 17
13 0 67
13 1 99
13 2 46
13 3 46
13 4 78
13 5 67
13 6 31
13 7 47
13 8 55
13 9 79
13 10 64
13 11 12
13 12 61
13 14 79
13 15 3
13 16 13
13 17 26
13 18 29
13 19 85
13 20 52
13 21 77
13 22 48
13 23 18
13 24 44
13 25 12
13 26 65
13 27 73
13 28 84
13 29 76
13 30 99
13 31 4
13 32 27
13 33 77
13 34 76
13 35 46
13 36 27
13 37 27
13 38 27
13 39 27
13 40 32
13 41 21
13 42 74
13 43 20
13 44 19
13 45 78
13 46 55
13 47 44
13 48 55
13 49 52
13 50 52
13 51 69
13 52 64
13 53 27
13 54 91
13 55 95
13 56 68
13 57 58
13 58 87
13 59 6
13 60 86
13 61 5
13 62 31
13 63 11
13 64 58
13 65 12
13 66 12
13 67 53
13 68 7
13 69 83
13 70 51
13 71 70
13 72 37
13 73 15
13 74 20
13 75 68
13 76 69
13 77 34
13 78 14
13 79 99
13 80 76
13 81 69
13 82 1
13 83 37
13 84 65
13 85 18
13 86 36
13 87 86
13 88 16
13 89 81
13 90 95
13 91 53
13 92 66
13 93 43
13 94 12
13 95 6
13 96 15
13 97 66
13 98 43
13 99 73
13 100 14
14 0 74
14 1 7
14 2 15
14 3 59
14 4 40
14 5 77
14 6 9
14 7 4
14 8 5
14 9 58
14 10 93
14 11 80
14 12 72
14 13 74
14 15 25
14 16 90
14 17 8
14 18 44
14 19 49
14 20 84
14 21 79
14 22 65
14 23 93
14 24 71
14 25 31
14 26 2
14 27 28
14 28 3
14 29 89
14 30 58
14 31 15
14 32 10
14 33 16
14 34 4
14 35 79
14 36 2
14 37 18
14 38 53
14 39 27
14 40 27
14 41 27
14 42 27
14 43 71
14 44 19
14 45 12
14 46 3
14 47 25
14 48 31
14 49 37
14 50 4
14 51 84
14 52 89
14 53 10
14 54 43
14 55 77
14 56 3
14 57 15
14 58 12
14 59 25
14 60 58
14 61 36
14 62 23
14 63 47
14 64 67
14 65 94
14 66 68
14 67 13
14 68 82
14 69 78
14 70 30
14 71 33
14 72 94
14 73 91
14 74 40
14 75 60
14 76 92
14 77 82
14 78 87
14 79 86
14 80 68
14 81 97
14 82 65
14 83 57
14 84 1
14 85 92
14 86 76
14 87 32
14 88 65
14 89 29
14 90 1
14 91 10
14 92 30
14 93 10
14 94 68
14 95 1
14 96 45
14 97 24
14 98 33
14 99 35
14 100 53
15 0 32
15 1 33
15 2 43
15 3 61
15 4 84
15 5 12
15 6 31
15 7 97
15 8 48
15 9 12
15 10 61
15 11 31
15 12 89
15 13 17
15 14 7
15 16 20
15 17 15
15 18 61
15 19 98
15 20 39
15 21 49
15 22 54
15 23 46
15 24 12
15 25 14
15 26 92
15 27 39
15 28 87
15 29 90
15 30 53
15 31 47
15 32 16
15 33 64
15 34 57
15 35 16
15 36 40
15 37 87
15 38 94
15 39 63
15 40 28
15 41 58
15 42 79
15 43 79
15 44 79
15 45 79
15 46 15
15 47 65
15 48 84
15 49 45
15 50 33
15 51 60
15 52 18
15 53 69
15 54 6
15 55 70
15 56 61
15 57 74
15 58 21
15 59 62
15 60 96
15 61 34
15 62 39
15 63 18
15 64 12
15 65 18
15 66 58
15 67 8
15 68 7
15 69 90
15 70 38
15 71 7
15 72 63
15 73 59
15 74 6
15 75 65
15 76 49
15 77 58
15 78 68
15 79 52
15 80 61
15 81 39
15 82 31
15 83 99
15 84 52
15 85 10
15 86 34
15 87 32
15 88 93
15 89 46
15 90 83
15 91 81
15 92 89
15 93 22
15 94 67
15 95 68
15 96 84
15 97 88
15 98 97
15 99 99
15 100 54
16 0 56
16 1 21
16 2 10
16 3 85
16 4 14
16 5 48
16 6 9
16 7 62
16 8 61
16 9 52
16 10 90
16 11 79
16 12 88
16 13 84
16 14 31
16 15 31
16 17 54
16 18 98
16 19 19
16 20 41
16 21 50
16 22 7
16 23 67
16 24 66
16 25 54
16 26 67
16 27 18
16 28 86
16 29 65
16 30 55
16 31 62
16 32 24
16 33 52
16 34 89
16 35 20
16 36 29
16 37 50
16 38 49
16 39 31
16 40 48
16 41 53
16 42 15
16 43 97
16 44 95
16 45 36
16 46 36
16 47 36
16 48 36
16 49 60
16 50 59
16 51 31
16 52 97
16 53 34
16 54 35
16 55 18
16 56 9
16 57 57
16 58 41
16 59 10
16 60 80
16 61 28
16 62 64
16 63 18
16 64 64
16 65 39
16 66 76
16 67 88
16 68 89
16 69 75
16 70 43
16 71 53
16 72 2
16 73 95
16 74 57
16 75 97
16 76 26
16 77 5
16 78 80
16 79 67
16 80 43
16 81 54
16 82 58
16 83 88
16 84 59
16 85 16
16 86 80
16 87 7
16 88 79
16 89 7
16 90 40
16 91 25
16 92 90
16 93 64
16 94 35
16 95 47
16 96 85
16 97 29
16 98 82
16 99 7
16 100 26
17 0 1
17 1 22
17 2 70
17 3 29
17 4 53
17 5 16
17 6 26
17 7 71
17 8 68
17 9 16
17 10 79
17 11 39
17 12 93
17 13 41
17 14 71
17 15 54
17 16 27
17 18 55
17 19 29
17 20 6
17 21 4
17 22 86
17 23 37
17 24 51
17 25 34
17 26 95
17 27 83
17 28 45
17 29 55
17 30 66
17 31 16
17 32 50
17 33 63
17 34 93
17 35 49
17 36 22
17 37 73
17 38 69
17 39 84
17 40 47
17 41 15
17 42 65
17 43 39
17 44 9
17 45 68
17 46 76
17 47 3
17 48 72
17 49 72
17 50 72
17 51 72
17 52 86
17 53 11
17 54 15
17 55 90
17 56 65
17 57 42
17 58 34
17 59 58
17 60 96
17 61 82
17 62 78
17 63 50
17 64 56
17 65 69
17 66 8
17 67 31
17 68 92
17 69 47
17 70 80
17 71 89
17 72 97
17 73 50
17 74 65
17 75 27
17 76 76
17 77 89
17 78 68
17 79 55
17 80 56
17 81 9
17 82 22
17 83 75
17 84 51
17 85 26
17 86 83
17 87 94
17 88 92
17 89 82
17 90 37
17 91 82
17 92 16
17 93 63
17 94 83
17 95 61
17 96 10
17 97 64
17 98 49
17 99 63
17 100 89
18 0 20
18 1 49
18 2 97
18 3 94
18 4 94
18 5 51
18 6 91
18 7 46
18 8 92
18 9 22
18 10 82
18 11 27
18 12 64
18 13 71
18 14 42
18 15 48
18 16 54
18 17 75
18 19 12
18 20 9
18 21 25
18 22 57
18 23 93
18 24 83
18 25 46
18 26 37
18 27 38
18 28 68
18 29 7
18 30 58
18 31 15
18 32 37
18 33 36
18 34 24
18 35 23
18 36 32
18 37 89
18 38 7
18 39 35
18 40 32
18 41 39
18 42 65
18 43 92
18 44 55
18 45 81
18 46 51
18 47 49
18 48 14
18 49 25
18 50 8
18 51 82
18 52 82
18 53 82
18 54 82
18 55 69
18 56 21
18 57 3
18 58 76
18 59 49
18 60 29
18 61 92
18 62 71
18 63 36
18 64 59
18 65 47
18 66 27
18 67 20
18 68 98
18 69 25
18 70 54
18 71 94
18 72 50
18 73 83
18 74 60
18 75 43
18 76 20
18 77 38
18 78 6
18 79 67
18 80 83
18 81 78
18 82 64
18 83 98
18 84 90
18 85 80
18 86 29
18 87 18
18 88 34
18 89 74
18 90 69
18 91 67
18 92 68
18 93 78
18 94 98
18 95 96
18 96 4
18 97 51
18 98 18
18 99 95
18 100 19
19 0 98
19 1 11
19 2 49
19 3 28
19 4 45
19 5 37
19 6 30
19 7 2
19 8 99
19 9 49
19 10 61
19 11 42
19 12 79
19 13 71
19 14 99
19 15 26
19 16 78
19 17 45
19 18 26
19 20 99
19 21 53
19 22 65
19 23 95
19 24 47
19 25 52
19 26 39
19 27 60
19 28 64
19 29 22
19 30 31
19 31 54
19 32 3
19 33 4
19 34 36
19 35 61
19 36 49
19 37 96
19 38 35
19 39 70
19 40 15
19 41 53
19 42 49
19 43 70
19 44 75
19 45 65
19 46 92
19 47 94
19 48 22
19 49 43
19 50 86
19 51 66
19 52 96
19 53 86
19 54 51
19 55 51
19 56 51
19 57 51
19 58 75
19 59 57
19 60 82
19 61 34
19 62 57
19 63 75
19 64 38
19 65 52
19 66 94
19 67 18
19 68 55
19 69 74
19 70 53
19 71 19
19 72 8
19 73 33
19 74 48
19 75 91
19 76 93
19 77 41
19 78 4
19 79 24
19 80 11
19 81 59
19 82 13
19 83 60
19 84 72
19 85 91
19 86 97
19 87 28
19 88 3
19 89 28
19 90 90
19 91 71
19 92 22
19 93 48
19 94 13
19 95 63
19 96 27
19 97 15
19 98 32
19 99 3
19 100 36
20 0 40
20 1 11
20 2 56
20 3 23
20 4 85
20 5 58
20 6 10
20 7 17
20 8 32
20 9 90
20 10 7
20 11 13
20 12 37
20 13 77
20 14 54
20 15 59
20 16 9
20 17 73
20 18 77
20 19 68
20 21 28
20 22 44
20 23 79
20 24 92
20 25 93
20 26 67
20 27 74
20 28 58
20 29 9
20 30 80
20 31 57
20 32 43
20 33 2
20 34 21
20 35 62
20 36 93
20 37 20
20 38 45
20 39 18
20 40 85
20 41 90
20 42 6
20 43 95
20 44 83
20 45 77
20 46 53
20 47 96
20 48 69
20 49 59
20 50 12
20 51 46
20 52 52
20 53 53
20 54 81
20 55 57
20 56 23
20 57 78
20 58 78
20 59 78
20 60 78
20 61 16
20 62 7
20 63 14
20 64 5
20 65 52
20 66 67
20 67 50
20 68 99
20 69 57
20 70 96
20 71 8
20 72 54
20 73 93
20 74 63
20 75 24
20 76 46
20 77 65
20 78 12
20 79 75
20 80 26
20 81 7
20 82 64
20 83 81
20 84 79
20 85 9
20 86 89
20 87 77
20 88 21
20 89 65
20 90 34
20 91 1
20 92 46
20 93 80
20 94 49
20 95 66
20 96 77
20 97 28
20 98 70
20 99 29
20 100 43
21 0 51
21 1 34
21 2 7
21 3 64
21 4 34
21 5 67
21 6 68
21 7 13
21 8 20
21 9 77
21 10 51
21 11 89
21 12 29
21 13 47
21 14 42
21 15 22
21 16 90
21 17 19
21 18 82
21 19 71
21 20 91
21 22 49
21 23 47
21 24 13
21 25 54
21 26 46
21 27 36
21 28 4
21 29 48
21 30 97
21 31 67
21 32 17
21 33 23
21 34 5
21 35 82
21 36 45
21 37 20
21 38 11
21 39 55
21 40 32
21 41 95
21 42 2
21 43 27
21 44 80
21 45 34
21 46 32
21 47 36
21 48 57
21 49 71
21 50 45
21 51 43
21 52 24
21 53 5
21 54 94
21 55 70
21 56 47
21 57 65
21 58 86
21 59 55
21 60 78
21 61 78
21 62 78
21 63 78
21 64 47
21 65 33
21 66 97
21 67 73
21 68 27
21 69 54
21 70 44
21 71 5
21 72 53
21 73 75
21 74 25
21 75 50
21 76 74
21 77 45
21 78 75
21 79 69
21 80 35
21 81 66
21 82 15
21 83 92
21 84 97
21 85 75
21 86 72
21 87 11
21 88 74
21 89 24
21 90 6
21 91 88
21 92 7
21 93 20
21 94 14
21 95 39
21 96 31
21 97 93
21 98 6
21 99 36
21 100 92
22 0 28
22 1 29
22 2 71
22 3 32
22 4 48
22 5 75
22 6 38
22 7 19
22 8 62
22 9 26
22 10 56
22 11 1
22 12 42
22 13 48
22 14 73
22 15 81
22 16 15
22 17 15
22 18 24
22 19 21
22 20 12
22 21 88
22 23 76
22 24 79
22 25 77
22 26 84
22 27 65
22 28 34
22 29 5
22 30 3
22 31 33
22 32 30
22 33 11
22 34 76
22 35 28
22 36 11
22 37 92
22 38 40
22 39 39
22 40 9
22 41 42
22 42 32
22 43 50
22 44 82
22 45 2
22 46 39
22 47 96
22 48 84
22 49 71
22 50 13
22 51 89
22 52 65
22 53 60
22 54 45
22 55 86
22 56 27
22 57 66
22 58 97
22 59 9
22 60 35
22 61 55
22 62 11
22 63 26
22 64 26
22 65 26
22 66 26
22 67 39
22 68 99
22 69 26
22 70 50
22 71 33
22 72 79
22 73 32
22 74 77
22 75 96
22 76 89
22 77 69
22 78 53
22 79 61
22 80 14
22 81 30
22 82 31
22 83 41
22 84 9
22 85 56
22 86 28
22 87 72
22 88 81
22 89 18
22 90 36
22 91 74
22 92 91
22 93 35
22 94 10
22 95 67
22 96 59
22 97 10
22 98 7
22 99 43
22 100 79
23 0 91
23 1 95
23 2 11
23 3 77
23 4 44
23 5 17
23 6 60
23 7 27
23 8 44
23 9 22
23 10 95
23 11 98
23 12 61
23 13 13
23 14 13
23 15 28
23 16 66
23 17 56
23 18 13
23 19 67
23 20 62
23 21 21
23 22 12
23 24 94
23 25 99
23 26 66
23 27 92
23 28 72
23 29 41
23 30 89
23 31 65
23 32 62
23 33 12
23 34 77
23 35 9
23 36 44
23 37 24
23 38 85
23 39 3
23 40 51
23 41 58
23 42 66
23 43 43
23 44 5
23 45 76
23 46 41
23 47 38
23 48 5
23 49 50
23 50 9
23 51 53
23 52 70
23 53 39
23 54 89
23 55 78
23 56 85
23 57 64
23 58 25
23 59 3
23 60 31
23 61 11
23 62 31
23 63 11
23 64 2
23 65 70
23 66 87
23 67 87
23 68 87
23 69 87
23 70 96
23 71 22
23 72 80
23 73 62
23 74 13
23 75 86
23 76 25
23 77 79
23 78 43
23 79 3
23 80 65
23 81 19
23 82 14
23 83 99
23 84 55
23 85 12
23 86 6
23 87 95
23 88 80
23 89 66
23 90 1
23 91 43
23 92 89
23 93 25
23 94 82
23 95 66
23 96 83
23 97 27
23 98 89
23 99 52
23 100 41
24 0 56
24 1 34
24 2 14
24 3 52
24 4 79
24 5 70
24 6 86
24 7 46
24 8 59
24 9 39
24 10 47
24 11 42
24 12 79
24 13 32
24 14 79
24 15 67
24 16 36
24 17 93
24 18 91
24 19 47
24 20 58
24 21 9
24 22 82
24 23 30
24 25 89
24 26 74
24 27 91
24 28 21
24 29 72
24 30 72
24 31 73
24 32 14
24 33 80
24 34 91
24 35 71
24 36 86
24 37 17
24 38 8
24 39 68
24 40 57
24 41 86
24 42 82
24 43 51
24 44 84
24 45 78
24 46 65
24 47 90
24 48 15
24 49 20
24 50 23
24 51 95
24 52 20
24 53 14
24 54 19
24 55 18
24 56 97
24 57 29
24 58 86
24 59 73
24 60 10
24 61 87
24 62 26
24 63 66
24 64 54
24 65 3
24 66 64
24 67 61
24 68 45
24 69 8
24 70 8
24 71 8
24 72 8
24 73 24
24 74 94
24 75 74
24 76 46
24 77 45
24 78 9
24 79 91
24 80 33
24 81 82
24 82 50
24 83 56
24 84 42
24 85 4
24 86 81
24 87 95
24 88 10
24 89 80
24 90 89
24 91 98
24 92 49
24 93 49
24 94 36
24 95 99
24 96 70
24 97 33
24 98 8
24 99 13
24 100 29
25 0 68
25 1 64
25 2 23
25 3 60
25 4 34
25 5 37
25 6 32
25 7 23
25 8 88
25 9 83
25 10 2
25 11 17
25 12 88
25 13 79
25 14 19
25 15 34
25 16 96
25 17 48
25 18 63
25 19 58
25 20 80
25 21 42
25 22 82
25 23 65
25 24 84
25 26 4
25 27 87
25 28 79
25 29 71
25 30 52
25 31 96
25 32 71
25 33 8
25 34 10
25 35 55
25 36 98
25 37 32
25 38 57
25 39 14
25 40 44
25 41 31
25 42 19
25 43 60
25 44 78
25 45 92
25 46 41
25 47 28
25 48 20
25 49 50
25 50 6
25 51 90
25 52 6
25 53 75
25 54 7
25 55 74
25 56 51
25 57 8
25 58 19
25 59 72
25 60 26
25 61 30
25 62 26
25 63 49
25 64 13
25 65 91
25 66 64
25 67 87
25 68 65
25 69 2
25 70 62
25 71 73
25 72 41
25 73 41
25 74 41
25 75 41
25 76 36
25 77 70
25 78 25
25 79 68
25 80 88
25 81 3
25 82 72
25 83 5
25 84 31
25 85 7
25 86 60
25 87 12
25 88 48
25 89 45
25 90 5
25 91 20
25 92 73
25 93 7
25 94 41
25 95 18
25 96 64
25 97 96
25 98 25
25 99 80
25 100 32
26 0 7
26 1 14
26 2 26
26 3 21
26 4 43
26 5 95
26 6 96
26 7 41
26 8 74
26 9 27
26 10 54
26 11 71
26 12 16
26 13 36
26 14 17
26 15 36
26 16 10
26 17 96
26 18 93
26 19 7
26 20 95
26 21 63
26 22 40
26 23 52
26 24 62
26 25 32
26 27 80
26 28 45
26 29 79
26 30 98
26 31 93
26 32 58
26 33 10
26 34 63
26 35 39
26 36 20
26 37 12
26 38 74
26 39 48
26 40 27
26 41 4
26 42 21
26 43 64
26 44 6
26 45 84
26 46 75
26 47 26
26 48 31
26 49 23
26 50 8
26 51 45
26 52 60
26 53 25
26 54 22
26 55 28
26 56 11
26 57 33
26 58 46
26 59 96
26 60 45
26 61 27
26 62 22
26 63 88
26 64 51
26 65 64
26 66 80
26 67 76
26 68 81
26 69 99
26 70 47
26 71 28
26 72 58
26 73 29
26 74 46
26 75 38
26 76 38
26 77 38
26 78 38
26 79 23
26 80 66
26 81 22
26 82 93
26 83 1
26 84 15
26 85 37
26 86 2
26 87 80
26 88 90
26 89 58
26 90 22
26 91 29
26 92 72
26 93 3
26 94 75
26 95 31
26 96 75
26 97 18
26 98 74
26 99 83
26 100 33
27 0 49
27 1 17
27 2 17
27 3 38
27 4 49
27 5 59
27 6 53
27 7 27
27 8 67
27 9 95
27 10 55
27 11 38
27 12 75
27 13 37
27 14 43
27 15 7
27 16 99
27 17 30
27 18 38
27 19 71
27 20 46
27 21 37
27 22 14
27 23 8
27 24 44
27 25 97
27 26 47
27 28 79
27 29 45
27 30 11
27 31 16
27 32 11
27 33 22
27 34 93
27 35 31
27 36 56
27 37 19
27 38 79
27 39 76
27 40 5
27 41 66
27 42 42
27 43 14
27 44 36
27 45 7
27 46 22
27 47 97
27 48 96
27 49 75
27 50 25
27 51 85
27 52 26
27 53 41
27 54 60
27 55 32
27 56 62
27 57 39
27 58 16
27 59 37
27 60 71
27 61 19
27 62 93
27 63 44
27 64 42
27 65 2
27 66 20
27 67 8
27 68 34
27 69 42
27 70 31
27 71 96
27 72 50
27 73 18
27 74 49
27 75 53
27 76 88
27 77 69
27 78 7
27 79 7
27 80 7
27 81 7
27 82 36
27 83 62
27 84 36
27 85 83
27 86 77
27 87 29
27 88 22
27 89 70
27 90 1
27 91 27
27 92 98
27 93 2
27 94 24
27 95 48
27 96 79
27 97 14
27 98 42
27 99 5
27 100 90
28 0 59
28 1 97
28 2 53
28 3 53
28 4 16
28 5 43
28 6 26
28 7 40
28 8 57
28 9 63
28 10 27
28 11 6
28 12 13
28 13 52
28 14 35
28 15 78
28 16 34
28 17 83
28 18 74
28 19 18
28 20 10
28 21 78
28 22 18
28 23 11
28 24 20
28 25 4
28 26 19
28 27 88
28 29 50
28 30 31
28 31 14
28 32 10
28 33 20
28 34 22
28 35 26
28 36 59
28 37 25
28 38 35
28 39 97
28 40 3
28 41 73
28 42 12
28 43 69
28 44 95
28 45 51
28 46 25
28 47 6
28 48 44
28 49 67
28 50 28
28 51 24
28 52 51
28 53 52
28 54 31
28 55 69
28 56 59
28 57 81
28 58 70
28 59 82
28 60 24
28 61 74
28 62 17
28 63 11
28 64 9
28 65 64
28 66 93
28 67 58
28 68 89
28 69 5
28 70 8
28 71 8
28 72 16
28 73 79
28 74 22
28 75 11
28 76 23
28 77 95
28 78 34
28 79 28
28 80 49
28 81 48
28 82 48
28 83 48
28 84 48
28 85 85
28 86 45
28 87 2
28 88 68
28 89 33
28 90 83
28 91 67
28 92 76
28 93 30
28 94 98
28 95 87
28 96 58
28 97 96
28 98 32
28 99 48
28 100 61
29 0 13
29 1 5
29 2 76
29 3 4
29 4 53
29 5 70
29 6 4
29 7 37
29 8 2
29 9 98
29 10 92
29 11 3
29 12 85
29 13 2
29 14 32
29 15 96
29 16 14
29 17 66
29 18 96
29 19 97
29 20 22
29 21 85
29 22 28
29 23 86
29 24 2
29 25 21
29 26 76
29 27 94
29 28 23
29 30 18
29 31 37
29 32 62
29 33 3
29 34 99
29 35 16
29 36 14
29 37 45
29 38 97
29 39 80
29 40 76
29 41 81
29 42 81
29 43 57
29 44 56
29 45 26
29 46 15
29 47 67
29 48 49
29 49 85
29 50 97
29 51 68
29 52 69
29 53 65
29 54 13
29 55 81
29 56 93
29 57 8
29 58 4
29 59 14
29 60 35
29 61 56
29 62 76
29 63 20
29 64 2
29 65 79
29 66 45
29 67 9
29 68 73
29 69 52
29 70 74
29 71 67
29 72 66
29 73 52
29 74 1
29 75 85
29 76 78
29 77 97
29 78 82
29 79 5
29 80 5
29 81 31
29 82 12
29 83 49
29 84 7
29 85 7
29 86 7
29 87 7
29 88 79
29 89 85
29 90 32
29 91 60
29 92 19
29 93 56
29 94 52
29 95 68
29 96 23
29 97 63
29 98 89
29 99 21
29 100 45
30 0 55
30 1 47
30 2 14
30 3 45
30 4 1
30 5 76
30 6 37
30 7 73
30 8 15
30 9 89
30 10 82
30 11 10
30 12 20
30 13 51
30 14 96
30 15 96
30 16 89
30 17 40
30 18 84
30 19 6
30 20 17
30 21 96
30 22 25
30 23 35
30 24 78
30 25 94
30 26 51
30 27 59
30 28 34
30 29 52
30 31 5
30 32 98
30 33 84
30 34 27
30 35 82
30 36 60
30 37 84
30 38 6
30 39 36
30 40 48
30 41 35
30 42 92
30 43 61
30 44 68
30 45 15
30 46 11
30 47 67
30 48 13
30 49 26
30 50 20
30 51 58
30 52 90
30 53 90
30 54 62
30 55 42
30 56 57
30 57 35
30 58 36
30 59 38
30 60 4
30 61 28
30 62 52
30 63 94
30 64 99
30 65 47
30 66 43
30 67 73
30 68 6
30 69 17
30 70 85
30 71 77
30 72 41
30 73 92
30 74 41
30 75 32
30 76 53
30 77 91
30 78 28
30 79 25
30 80 24
30 81 88
30 82 43
30 83 14
30 84 49
30 85 9
30 86 68
30 87 19
30 88 19
30 89 19
30 90 19
30 91 37
30 92 86
30 93 44
30 94 82
30 95 90
30 96 19
30 97 18
30 98 48
30 99 15
30 100 48
31 0 76
31 1 66
31 2 71
31 3 50
31 4 24
31 5 19
31 6 6
31 7 53
31 8 75
31 9 20
31 10 43
31 11 96
31 12 81
31 13 15
31 14 72
31 15 24
31 16 46
31 17 56
31 18 90
31 19 59
31 20 54
31 21 26
31 22 42
31 23 21
31 24 38
31 25 51
31 26 34
31 27 54
31 28 56
31 29 1
31 30 30
31 32 76
31 33 2
31 34 7
31 35 64
31 36 12
31 37 26
31 38 50
31 39 32
31 40 4
31 41 25
31 42 80
31 43 89
31 44 90
31 45 24
31 46 41
31 47 87
31 48 30
31 49 82
31 50 42
31 51 58
31 52 81
31 53 52
31 54 3
31 55 81
31 56 39
31 57 58
31 58 50
31 59 24
31 60 97
31 61 63
31 62 74
31 63 71
31 64 34
31 65 19
31 66 12
31 67 92
31 68 13
31 69 62
31 70 41
31 71 9
31 72 35
31 73 19
31 74 80
31 75 17
31 76 56
31 77 73
31 78 16
31 79 52
31 80 66
31 81 68
31 82 45
31 83 9
31 84 58
31 85 55
31 86 64
31 87 90
31 88 99
31 89 27
31 90 47
31 91 47
31 92 47
31 93 47
31 94 24
31 95 2
31 96 90
31 97 55
31 98 48
31 99 60
31 100 41
32 0 66
32 1 39
32 2 68
32 3 53
32 4 91
32 5 67
32 6 5
32 7 42
32 8 63
32 9 89
32 10 91
32 11 76
32 12 31
32 13 67
32 14 63
32 15 6
32 16 64
32 17 75
32 18 15
32 19 71
32 20 39
32 21 83
32 22 14
32 23 37
32 24 22
32 25 57
32 26 82
32 27 16
32 28 18
32 29 79
32 30 29
32 31 18
32 33 61
32 34 1
32 35 31
32 36 27
32 37 82
32 38 10
32 39 24
32 40 59
32 41 73
32 42 47
32 43 78
32 44 5
32 45 73
32 46 47
32 47 61
32 48 22
32 49 44
32 50 91
32 51 14
32 52 38
32 53 68
32 54 6
32 55 81
32 56 17
32 57 47
32 58 36
32 59 40
32 60 75
32 61 65
32 62 78
32 63 76
32 64 76
32 65 64
32 66 40
32 67 52
32 68 16
32 69 89
32 70 3
32 71 53
32 72 69
32 73 72
32 74 58
32 75 3
32 76 16
32 77 79
32 78 76
32 79 78
32 80 94
32 81 90
32 82 16
32 83 93
32 84 78
32 85 26
32 86 60
32 87 96
32 88 79
32 89 68
32 90 44
32 91 82
32 92 91
32 93 79
32 94 79
32 95 79
32 96 79
32 97 2
32 98 19
32 99 49
32 100 84
33 0 42
33 1 58
33 2 32
33 3 59
33 4 40
33 5 11
33 6 35
33 7 9
33 8 19
33 9 65
33 10 6
33 11 30
33 12 9
33 13 33
33 14 50
33 15 37
33 16 18
33 17 28
33 18 53
33 19 11
33 20 53
33 21 53
33 22 74
33 23 15
33 24 35
33 25 65
33 26 1
33 27 23
33 28 85
33 29 95
33 30 34
33 31 64
33 32 86
33 34 91
33 35 7
33 36 49
33 37 17
33 38 84
33 39 66
33 40 45
33 41 18
33 42 11
33 43 31
33 44 95
33 45 73
33 46 70
33 47 73
33 48 31
33 49 53
33 50 86
33 51 4
33 52 85
33 53 65
33 54 52
33 55 32
33 56 42
33 57 79
33 58 21
33 59 17
33 60 16
33 61 16
33 62 93
33 63 7
33 64 48
33 65 88
33 66 55
33 67 10
33 68 68
33 69 60
33 70 97
33 71 13
33 72 52
33 73 90
33 74 65
33 75 58
33 76 15
33 77 91
33 78 30
33 79 88
33 80 98
33 81 90
33 82 37
33 83 4
33 84 30
33 85 44
33 86 75
33 87 73
33 88 16
33 89 5
33 90 91
33 91 74
33 92 46
33 93 42
33 94 10
33 95 78
33 96 22
33 97 22
33 98 22
33 99 22
33 100 96
34 0 82
34 1 68
34 2 77
34 3 57
34 4 81
34 5 38
34 6 45
34 7 62
34 8 1
34 9 72
34 10 32
34 11 31
34 12 58
34 13 75
34 14 57
34 15 39
34 16 41
34 17 61
34 18 5
34 19 38
34 20 26
34 21 55
34 22 8
34 23 57
34 24 69
34 25 84
34 26 80
34 27 37
34 28 89
34 29 87
34 30 56
34 31 22
34 32 60
34 33 36
34 35 97
34 36 55
34 37 95
34 38 91
34 39 61
34 40 83
34 41 67
34 42 23
34 43 96
34 44 13
34 45 42
34 46 70
34 47 89
34 48 39
34 49 62
34 50 22
34 51 79
34 52 4
34 53 68
34 54 66
34 55 14
34 56 78
34 57 15
34 58 76
34 59 16
34 60 53
34 61 33
34 62 1
34 63 74
34 64 16
34 65 60
34 66 40
34 67 79
34 68 9
34 69 62
34 70 43
34 71 76
34 72 38
34 73 36
34 74 56
34 75 40
34 76 42
34 77 37
34 78 91
34 79 91
34 80 56
34 81 42
34 82 84
34 83 93
34 84 48
34 85 3
34 86 87
34 87 65
34 88 85
34 89 52
34 90 60
34 91 32
34 92 68
34 93 5
34 94 58
34 95 37
34 96 38
34 97 40
34 98 35
34 99 91
34 100 91
35 0 91
35 1 91
35 2 91
35 3 88
35 4 2
35 5 65
35 6 16
35 7 13
35 8 54
35 9 81
35 10 9
35 11 44
35 12 83
35 13 98
35 14 67
35 15 62
35 16 32
35 17 88
35 18 48
35 19 41
35 20 95
35 21 56
35 22 64
35 23 42
35 24 29
35 25 25
35 26 35
35 27 44
35 28 92
35 29 80
35 30 4
35 31 88
35 32 5
35 33 3
35 34 98
35 36 88
35 37 59
35 38 68
35 39 31
35 40 20
35 41 72
35 42 63
35 43 55
35 44 22
35 45 57
35 46 68
35 47 94
35 48 61
35 49 40
35 50 40
35 51 1
35 52 47
35 53 77
35 54 6
35 55 56
35 56 46
35 57 53
35 58 74
35 59 31
35 60 84
35 61 40
35 62 4
35 63 12
35 64 27
35 65 24
35 66 82
35 67 97
35 68 47
35 69 45
35 70 87
35 71 85
35 72 12
35 73 66
35 74 12
35 75 59
35 76 54
35 77 99
35 78 44
35 79 47
35 80 76
35 81 66
35 82 78
35 83 34
35 84 78
35 85 34
35 86 34
35 87 94
35 88 54
35 89 68
35 90 11
35 91 85
35 92 17
35 93 5
35 94 97
35 95 14
35 96 49
35 97 99
35 98 5
35 99 27
35 100 99
36 0 98
36 1 17
36 2 17
36 3 17
36 4 17
36 5 5
36 6 40
36 7 26
36 8 31
36 9 96
36 10 36
36 11 70
36 12 74
36 13 41
36 14 29
36 15 90
36 16 84
36 17 84
36 18 53
36 19 51
36 20 49
36 21 96
36 22 67
36 23 55
36 24 82
36 25 64
36 26 6
36 27 4
36 28 68
36 29 23
36 30 55
36 31 87
36 32 11
36 33 92
36 34 76
36 35 56
36 37 46
36 38 64
36 39 18
36 40 88
36 41 59
36 42 29
36 43 98
36 44 63
36 45 64
36 46 52
36 47 71
36 48 74
36 49 89
36 50 14
36 51 64
36 52 18
36 53 86
36 54 35
36 55 3
36 56 18
36 57 79
36 58 46
36 59 31
36 60 40
36 61 61
36 62 24
36 63 81
36 64 11
36 65 33
36 66 32
36 67 53
36 68 50
36 69 87
36 70 88
36 71 12
36 72 28
36 73 17
36 74 84
36 75 30
36 76 17
36 77 78
36 78 22
36 79 48
36 80 58
36 81 73
36 82 13
36 83 85
36 84 86
36 85 83
36 86 79
36 87 45
36 88 89
36 89 66
36 90 98
36 91 98
36 92 96
36 93 98
36 94 76
36 95 27
36 96 91
36 97 82
36 98 29
36 99 13
36 100 43
37 0 40
37 1 90
37 2 64
37 3 45
37 4 62
37 5 62
37 6 62
37 7 62
37 8 41
37 9 14
37 10 57
37 11 93
37 12 71
37 13 40
37 14 2
37 15 77
37 16 78
37 17 19
37 18 35
37 19 82
37 20 56
37 21 13
37 22 50
37 23 63
37 24 61
37 25 2
37 26 42
37 27 83
37 28 27
37 29 71
37 30 59
37 31 19
37 32 99
37 33 84
37 34 8
37 35 52
37 36 85
37 38 79
37 39 72
37 40 1
37 41 60
37 42 38
37 43 32
37 44 60
37 45 53
37 46 59
37 47 76
37 48 41
37 49 18
37 50 31
37 51 78
37 52 74
37 53 41
37 54 77
37 55 73
37 56 28
37 57 29
37 58 58
37 59 58
37 60 63
37 61 81
37 62 85
37 63 18
37 64 39
37 65 49
37 66 24
37 67 39
37 68 60
37 69 47
37 70 72
37 71 34
37 72 89
37 73 36
37 74 54
37 75 28
37 76 43
37 77 2
37 78 71
37 79 59
37 80 74
37 81 74
37 82 83
37 83 25
37 84 90
37 85 14
37 86 3
37 87 79
37 88 24
37 89 62
37 90 39
37 91 62
37 92 81
37 93 68
37 94 9
37 95 76
37 96 1
37 97 5
37 98 67
37 99 7
37 100 50
38 0 19
38 1 58
38 2 93
38 3 71
38 4 27
38 5 43
38 6 95
38 7 99
38 8 99
38 9 99
38 10 99
38 11 7
38 12 85
38 13 93
38 14 65
38 15 43
38 16 84
38 17 58
38 18 99
38 19 87
38 20 92
38 21 60
38 22 34
38 23 3
38 24 24
38 25 87
38 26 86
38 27 47
38 28 95
38 29 35
38 30 9
38 31 43
38 32 37
38 33 33
38 34 29
38 35 5
38 36 50
38 37 81
38 39 31
38 40 6
38 41 64
38 42 3
38 43 41
38 44 80
38 45 32
38 46 28
38 47 9
38 48 51
38 49 62
38 50 29
38 51 54
38 52 54
38 53 36
38 54 87
38 55 95
38 56 78
38 57 65
38 58 90
38 59 29
38 60 89
38 61 52
38 62 76
38 63 22
38 64 60
38 65 60
38 66 80
38 67 18
38 68 90
38 69 54
38 70 4
38 71 63
38 72 8
38 73 23
38 74 29
38 75 89
38 76 11
38 77 45
38 78 31
38 79 37
38 80 1
38 81 61
38 82 38
38 83 26
38 84 35
38 85 20
38 86 38
38 87 37
38 88 81
38 89 40
38 90 46
38 91 23
38 92 78
38 93 2
38 94 50
38 95 56
38 96 89
38 97 58
38 98 96
38 99 36
38 100 66
39 0 87
39 1 87
39 2 30
39 3 86
39 4 92
39 5 61
39 6 63
39 7 77
39 8 44
39 9 70
39 10 61
39 11 61
39 12 61
39 13 61
39 14 83
39 15 11
39 16 54
39 17 20
39 18 56
39 19 16
39 20 71
39 21 92
39 22 67
39 23 5
39 24 48
39 25 74
39 26 39
39 27 78
39 28 85
39 29 19
39 30 85
39 31 17
39 32 55
39 33 57
39 34 10
39 35 11
39 36 65
39 37 21
39 38 92
39 40 45
39 41 61
39 42 40
39 43 85
39 44 68
39 45 15
39 46 49
39 47 91
39 48 96
39 49 42
39 50 9
39 51 1
39 52 80
39 53 48
39 54 97
39 55 96
39 56 22
39 57 19
39 58 38
39 59 8
39 60 46
39 61 69
39 62 15
39 63 52
39 64 34
39 65 55
39 66 66
39 67 21
39 68 41
39 69 21
39 70 50
39 71 43
39 72 67
39 73 81
39 74 9
39 75 75
39 76 94
39 77 34
39 78 35
39 79 53
39 80 21
39 81 74
39 82 56
39 83 39
39 84 68
39 85 60
39 86 10
39 87 60
39 88 70
39 89 29
39 90 9
39 91 61
39 92 48
39 93 1
39 94 31
39 95 68
39 96 90
39 97 53
39 98 55
39 99 18
39 100 71
40 0 33
40 1 11
40 2 47
40 3 93
40 4 66
40 5 63
40 6 68
40 7 65
40 8 9
40 9 69
40 10 77
40 11 41
40 12 30
40 13 17
40 14 17
40 15 17
40 16 17
40 17 80
40 18 57
40 19 68
40 20 45
40 21 42
40 22 85
40 23 3
40 24 22
40 25 25
40 26 75
40 27 84
40 28 41
40 29 18
40 30 74
40 31 60
40 32 91
40 33 34
40 34 46
40 35 41
40 36 84
40 37 2
40 38 77
40 39 21
40 41 70
40 42 60
40 43 97
40 44 50
40 45 31
40 46 29
40 47 24
40 48 74
40 49 73
40 50 44
40 51 14
40 52 88
40 53 74
40 54 40
40 55 4
40 56 18
40 57 34
40 58 22
40 59 83
40 60 67
40 61 15
40 62 67
40 63 59
40 64 65
40 65 77
40 66 96
40 67 68
40 68 94
40 69 37
40 70 93
40 71 17
40 72 44
40 73 25
40 74 59
40 75 60
40 76 91
40 77 97
40 78 60
40 79 4
40 80 91
40 81 16
40 82 58
40 83 41
40 84 17
40 85 70
40 86 68
40 87 93
40 88 36
40 89 98
40 90 88
40 91 91
40 92 85
40 93 60
40 94 92
40 95 17
40 96 68
40 97 5
40 98 39
40 99 64
40 100 82
41 0 51
41 1 3
41 2 50
41 3 16
41 4 88
41 5 56
41 6 92
41 7 32
41 8 13
41 9 95
41 10 6
41 11 55
41 12 41
41 13 60
41 14 31
41 15 40
41 16 81
41 17 81
41 18 81
41 19 81
41 20 69
41 21 75
41 22 96
41 23 51
41 24 77
41 25 64
41 26 92
41 27 13
41 28 33
41 29 38
41 30 30
41 31 50
41 32 19
41 33 46
41 34 5
41 35 97
41 36 35
41 37 78
41 38 24
41 39 13
41 40 71
41 42 98
41 43 40
41 44 23
41 45 80
41 46 47
41 47 78
41 48 99
41 49 85
41 50 39
41 51 5
41 52 90
41 53 11
41 54 53
41 55 81
41 56 33
41 57 81
41 58 51
41 59 73
41 60 5
41 61 26
41 62 27
41 63 10
41 64 63
41 65 54
41 66 8
41 67 10
41 68 2
41 69 24
41 70 92
41 71 90
41 72 28
41 73 33
41 74 28
41 75 4
41 76 94
41 77 55
41 78 99
41 79 3
41 80 98
41 81 67
41 82 20
41 83 70
41 84 58
41 85 53
41 86 38
41 87 66
41 88 30
41 89 26
41 90 21
41 91 81
41 92 28
41 93 35
41 94 89
41 95 10
41 96 73
41 97 35
41 98 20
41 99 86
41 100 47
42 0 6
42 1 27
42 2 41
42 3 28
42 4 14
42 5 37
42 6 32
42 7 31
42 8 63
42 9 38
42 10 13
42 11 53
42 12 31
42 13 23
42 14 78
42 15 76
42 16 54
42 17 16
42 18 11
42 19 82
42 20 82
42 21 82
42 22 82
42 23 1
42 24 22
42 25 90
42 26 55
42 27 26
42 28 54
42 29 90
42 30 20
42 31 90
42 32 95
42 33 66
42 34 34
42 35 66
42 36 8
42 37 17
42 38 65
42 39 79
42 40 89
42 41 58
42 43 76
42 44 64
42 45 20
42 46 2
42 47 88
42 48 50
42 49 2
42 50 30
42 51 37
42 52 61
42 53 1
42 54 84
42 55 35
42 56 98
42 57 27
42 58 13
42 59 63
42 60 65
42 61 22
42 62 20
42 63 76
42 64 28
42 65 77
42 66 80
42 67 41
42 68 63
42 69 12
42 70 20
42 71 55
42 72 78
42 73 43
42 74 32
42 75 7
42 76 17
42 77 28
42 78 59
42 79 43
42 80 25
42 81 14
42 82 30
42 83 90
42 84 90
42 85 2
42 86 55
42 87 46
42 88 97
42 89 8
42 90 56
42 91 84
42 92 43
42 93 64
42 94 45
42 95 51
42 96 77
42 97 33
42 98 9
42 99 42
42 100 92
43 0 18
43 1 93
43 2 97
43 3 40
43 4 76
43 5 41
43 6 35
43 7 16
43 8 19
43 9 99
43 10 82
43 11 80
43 12 73
43 13 31
43 14 38
43 15 63
43 16 76
43 17 20
43 18 87
43 19 35
43 20 27
43 21 40
43 22 82
43 23 82
43 24 82
43 25 82
43 26 60
43 27 62
43 28 59
43 29 47
43 30 7
43 31 96
43 32 11
43 33 5
43 34 41
43 35 84
43 36 26
43 37 22
43 38 32
43 39 31
43 40 60
43 41 60
43 42 10
43 44 40
43 45 10
43 46 91
43 47 77
43 48 53
43 49 78
43 50 5
43 51 67
43 52 88
43 53 42
43 54 21
43 55 95
43 56 52
43 57 57
43 58 1
43 59 49
43 60 60
43 61 79
43 62 76
43 63 73
43 64 59
43 65 79
43 66 69
43 67 3
43 68 3
43 69 56
43 70 65
43 71 24
43 72 51
43 73 97
43 74 31
43 75 23
43 76 97
43 77 71
43 78 34
43 79 74
43 80 97
43 81 65
43 82 1
43 83 35
43 84 18
43 85 33
43 86 77
43 87 19
43 88 15
43 89 16
43 90 93
43 91 23
43 92 10
43 93 50
43 94 62
43 95 9
43 96 96
43 97 77
43 98 67
43 99 52
43 100 60
44 0 48
44 1 24
44 2 65
44 3 50
44 4 97
44 5 90
44 6 77
44 7 54
44 8 2
44 9 60
44 10 70
44 11 64
44 12 25
44 13 8
44 14 94
44 15 76
44 16 42
44 17 96
44 18 18
44 19 43
44 20 57
44 21 1
44 22 28
44 23 86
44 24 23
44 25 91
44 26 91
44 27 91
44 28 91
44 29 61
44 30 7
44 31 68
44 32 15
44 33 12
44 34 49
44 35 12
44 36 56
44 37 14
44 38 85
44 39 90
44 40 60
44 41 94
44 42 3
44 43 76
44 45 18
44 46 82
44 47 79
44 48 95
44 49 13
44 50 73
44 51 69
44 52 12
44 53 24
44 54 49
44 55 30
44 56 55
44 57 91
44 58 63
44 59 2
44 60 13
44 61 6
44 62 45
44 63 42
44 64 55
44 65 64
44 66 90
44 67 65
44 68 43
44 69 60
44 70 62
44 71 54
44 72 23
44 73 62
44 74 72
44 75 3
44 76 67
44 77 49
44 78 32
44 79 41
44 80 30
44 81 35
44 82 15
44 83 82
44 84 70
44 85 51
44 86 4
44 87 88
44 88 64
44 89 60
44 90 13
44 91 93
44 92 13
44 93 36
44 94 37
44 95 63
44 96 61
44 97 41
44 98 53
44 99 40
44 100 37
45 0 97
45 1 66
45 2 58
45 3 25
45 4 81
45 5 28
45 6 29
45 7 8
45 8 69
45 9 98
45 10 62
45 11 47
45 12 30
45 13 32
45 14 40
45 15 31
45 16 7
45 17 11
45 18 30
45 19 80
45 20 94
45 21 96
45 22 39
45 23 39
45 24 36
45 25 61
45 26 99
45 27 78
45 28 17
45 29 17
45 30 17
45 31 17
45 32 73
45 33 15
45 34 34
45 35 44
45 36 39
45 37 2
45 38 77
45 39 13
45 40 64
45 41 80
45 42 98
45 43 7
45 44 80
45 46 20
45 47 41
45 48 11
45 49 81
45 50 96
45 51 22
45 52 42
45 53 82
45 54 24
45 55 22
45 56 37
45 57 62
45 58 46
45 59 40
45 60 89
45 61 70
45 62 32
45 63 58
45 64 6
45 65 96
45 66 13
45 67 99
45 68 55
45 69 89
45 70 98
45 71 62
45 72 21
45 73 12
45 74 5
45 75 27
45 76 63
45 77 45
45 78 17
45 79 55
45 80 99
45 81 79
45 82 85
45 83 90
45 84 28
45 85 71
45 86 73
45 87 90
45 88 24
45 89 54
45 90 56
45 91 62
45 92 6
45 93 50
45 94 73
45 95 69
45 96 92
45 97 32
45 98 55
45 99 50
45 100 23
46 0 10
46 1 77
46 2 48
46 3 95
46 4 63
46 5 19
46 6 71
46 7 74
46 8 85
46 9 85
46 10 67
46 11 86
46 12 65
46 13 12
46 14 85
46 15 91
46 16 43
46 17 74
46 18 70
46 19 98
46 20 26
46 21 68
46 22 68
46 23 35
46 24 36
46 25 84
46 26 94
46 27 57
46 28 91
46 29 28
46 30 43
46 31 71
46 32 71
46 33 71
46 34 71
46 35 38
46 36 40
46 37 50
46 38 96
46 39 96
46 40 87
46 41 27
46 42 78
46 43 10
46 44 62
46 45 27
46 47 22
46 48 9
46 49 66
46 50 59
46 51 38
46 52 37
46 53 34
46 54 78
46 55 5
46 56 72
46 57 2
46 58 33
46 59 50
46 60 85
46 61 49
46 62 21
46 63 84
46 64 20
46 65 42
46 66 7
46 67 51
46 68 38
46 69 60
46 70 2
46 71 90
46 72 62
46 73 28
46 74 48
46 75 32
46 76 24
46 77 41
46 78 3
46 79 1
46 80 44
46 81 9
46 82 64
46 83 33
46 84 81
46 85 18
46 86 41
46 87 92
46 88 31
46 89 13
46 90 67
46 91 15
46 92 72
46 93 40
46 94 95
46 95 4
46 96 80
46 97 28
46 98 3
46 99 92
46 100 58
47 0 29
47 1 92
47 2 40
47 3 3
47 4 90
47 5 59
47 6 26
47 7 55
47 8 68
47 9 80
47 10 65
47 11 12
47 12 13
47 13 79
47 14 65
47 15 12
47 16 65
47 17 51
47 18 14
47 19 5
47 20 67
47 21 9
47 22 97
47 23 30
47 24 20
47 25 54
47 26 69
47 27 83
47 28 35
47 29 22
47 30 96
47 31 2
47 32 64
47 33 34
47 34 2
47 35 2
47 36 2
47 37 2
47 38 10
47 39 71
47 40 54
47 41 60
47 42 95
47 43 71
47 44 48
47 45 7
47 46 9
47 48 5
47 49 42
47 50 8
47 51 60
47 52 97
47 53 55
47 54 47
47 55 45
47 56 5
47 57 72
47 58 67
47 59 70
47 60 83
47 61 43
47 62 26
47 63 85
47 64 58
47 65 7
47 66 75
47 67 33
47 68 7
47 69 82
47 70 85
47 71 99
47 72 17
47 73 38
47 74 24
47 75 54
47 76 93
47 77 17
47 78 52
47 79 86
47 80 79
47 81 72
47 82 79
47 83 36
47 84 95
47 85 29
47 86 95
47 87 40
47 88 72
47 89 94
47 90 48
47 91 33
47 92 45
47 93 6
47 94 34
47 95 86
47 96 24
47 97 55
47 98 44
47 99 86
47 100 27
48 0 7
48 1 85
48 2 48
48 3 7
48 4 80
48 5 99
48 6 10
48 7 62
48 8 70
48 9 97
48 10 21
48 11 14
48 12 45
48 13 8
48 14 49
48 15 22
48 16 10
48 17 21
48 18 85
48 19 31
48 20 14
48 21 50
48 22 73
48 23 19
48 24 63
48 25 24
48 26 49
48 27 7
48 28 18
48 29 6
48 30 66
48 31 65
48 32 75
48 33 34
48 34 64
48 35 21
48 36 1
48 37 60
48 38 60
48 39 60
48 40 60
48 41 38
48 42 83
48 43 17
48 44 85
48 45 9
48 46 6
48 47 62
48 49 23
48 50 3
48 51 59
48 52 68
48 53 37
48 54 47
48 55 89
48 56 26
48 57 66
48 58 13
48 59 41
48 60 69
48 61 35
48 62 68
48 63 44
48 64 98
48 65 7
48 66 77
48 67 44
48 68 38
48 69 62
48 70 59
48 71 4
48 72 55
48 73 60
48 74 93
48 75 62
48 76 19
48 77 70
48 78 99
48 79 21
48 80 73
48 81 49
48 82 83
48 83 16
48 84 82
48 85 15
48 86 35
48 87 40
48 88 16
48 89 35
48 90 88
48 91 96
48 92 77
48 93 50
48 94 16
48 95 98
48 96 75
48 97 68
48 98 36
48 99 2
48 100 93
49 0 92
49 1 98
49 2 31
49 3 65
49 4 31
49 5 46
49 6 55
49 7 64
49 8 75
49 9 67
49 10 28
49 11 21
49 12 21
49 13 26
49 14 48
49 15 77
49 16 60
49 17 27
49 18 14
49 19 63
49 20 48
49 21 86
49 22 18
49 23 93
49 24 91
49 25 7
49 26 27
49 27 38
49 28 12
49 29 12
49 30 95
49 31 87
49 32 23
49 33 75
49 34 35
49 35 81
49 36 96
49 37 55
49 38 22
49 39 13
49 40 79
49 41 79
49 42 79
49 43 79
49 44 77
49 45 91
49 46 81
49 47 44
49 48 52
49 50 58
49 51 68
49 52 2
49 53 44
49 54 32
49 55 32
49 56 31
49 57 25
49 58 61
49 59 63
49 60 53
49 61 15
49 62 84
49 63 1
49 64 99
49 65 71
49 66 82
49 67 76
49 68 74
49 69 51
49 70 75
49 71 53
49 72 80
49 73 51
49 74 63
49 75 83
49 76 33
49 77 68
49 78 38
49 79 35
49 80 31
49 81 92
49 82 43
49 83 95
49 84 12
49 85 98
49 86 2
49 87 70
49 88 50
49 89 57
49 90 98
49 91 2
49 92 58
49 93 10
49 94 51
49 95 90
49 96 37
49 97 92
49 98 25
49 99 15
49 100 66
50 0 17
50 1 88
50 2 11
50 3 96
50 4 7
50 5 19
50 6 77
50 7 34
50 8 30
50 9 53
50 10 99
50 11 48
50 12 61
50 13 24
50 14 77
50 15 84
50 16 40
50 17 57
50 18 73
50 19 73
50 20 69
50 21 74
50 22 15
50 23 73
50 24 18
50 25 28
50 26 3
50 27 46
50 28 40
50 29 31
50 30 76
50 31 99
50 32 50
50 33 34
50 34 39
50 35 91
50 36 76
50 37 83
50 38 46
50 39 1
50 40 65
50 41 81
50 42 96
50 43 43
50 44 43
50 45 43
50 46 43
50 47 82
50 48 80
50 49 33
50 51 79
50 52 42
50 53 45
50 54 5
50 55 51
50 56 4
50 57 12
50 58 74
50 59 98
50 60 13
50 61 6
50 62 73
50 63 60
50 64 13
50 65 38
50 66 65
50 67 81
50 68 29
50 69 30
50 70 16
50 71 48
50 72 37
50 73 90
50 74 5
50 75 5
50 76 3
50 77 43
50 78 53
50 79 94
50 80 9
50 81 57
50 82 44
50 83 17
50 84 72
50 85 9
50 86 25
50 87 28
50 88 16
50 89 73
50 90 29
50 91 70
50 92 88
50 93 78
50 94 58
50 95 74
50 96 34
50 97 75
50 98 93
50 99 79
50 100 10
51 0 5
51 1 96
51 2 98
51 3 42
51 4 71
51 5 85
51 6 91
51 7 14
51 8 4
51 9 60
51 10 35
51 11 51
51 12 67
51 13 5
51 14 84
51 15 88
51 16 84
51 17 40
51 18 76
51 19 97
51 20 70
51 21 93
51 22 24
51 23 48
51 24 51
51 25 48
51 26 23
51 27 99
51 28 16
51 29 2
51 30 75
51 31 43
51 32 96
51 33 92
51 34 84
51 35 49
51 36 6
51 37 43
51 38 41
51 39 84
51 40 93
51 41 8
51 42 22
51 43 46
51 44 31
51 45 80
51 46 12
51 47 12
51 48 12
51 49 12
51 50 49
51 52 45
51 53 6
51 54 91
51 55 38
51 56 2
51 57 85
51 58 88
51 59 95
51 60 77
51 61 71
51 62 66
51 63 9
51 64 28
51 65 99
51 66 79
51 67 12
51 68 27
51 69 90
51 70 14
51 71 52
51 72 33
51 73 38
51 74 65
51 75 4
51 76 94
51 77 51
51 78 83
51 79 69
51 80 60
51 81 19
51 82 8
51 83 91
51 84 48
51 85 49
51 86 67
51 87 14
51 88 34
51 89 71
51 90 79
51 91 82
51 92 33
51 93 7
51 94 65
51 95 70
51 96 89
51 97 53
51 98 27
51 99 25
51 100 94
52 0 32
52 1 77
52 2 95
52 3 95
52 4 51
52 5 18
52 6 97
52 7 17
52 8 6
52 9 29
52 10 51
52 11 43
52 12 2
52 13 90
52 14 5
52 15 29
52 16 3
52 17 31
52 18 69
52 19 3
52 20 72
52 21 71
52 22 25
52 23 39
52 24 66
52 25 77
52 26 96
52 27 38
52 28 76
52 29 74
52 30 95
52 31 85
52 32 62
52 33 24
52 34 94
52 35 18
52 36 8
52 37 79
52 38 32
52 39 29
52 40 86
52 41 50
52 42 3
52 43 61
52 44 87
52 45 87
52 46 96
52 47 84
52 48 92
52 49 26
52 50 26
52 51 26
52 53 26
52 54 65
52 55 58
52 56 15
52 57 37
52 58 72
52 59 35
52 60 98
52 61 13
52 62 3
52 63 1
52 64 40
52 65 86
52 66 1
52 67 58
52 68 2
52 69 92
52 70 16
52 71 59
52 72 80
52 73 36
52 74 62
52 75 93
52 76 28
52 77 65
52 78 11
52 79 70
52 80 65
52 81 27
52 82 32
52 83 50
52 84 16
52 85 41
52 86 30
52 87 95
52 88 36
52 89 20
52 90 5
52 91 33
52 92 17
52 93 39
52 94 46
52 95 66
52 96 9
52 97 74
52 98 94
52 99 3
52 100 49
53 0 36
53 1 97
53 2 64
53 3 2
53 4 31
53 5 9
53 6 26
53 7 38
53 8 92
53 9 43
53 10 49
53 11 33
53 12 63
53 13 54
53 14 40
53 15 5
53 16 27
53 17 39
53 18 82
53 19 62
53 20 35
53 21 47
53 22 47
53 23 68
53 24 22
53 25 77
53 26 95
53 27 44
53 28 11
53 29 41
53 30 6
53 31 44
53 32 48
53 33 21
53 34 88
53 35 56
53 36 47
53 37 45
53 38 61
53 39 83
53 40 93
53 41 17
53 42 36
53 43 80
53 44 65
53 45 51
53 46 93
53 47 46
53 48 25
53 49 16
53 50 16
53 51 92
53 52 33
53 54 33
53 55 33
53 56 33
53 57 82
53 58 5
53 59 90
53 60 35
53 61 48
53 62 30
53 63 87
53 64 54
53 65 66
53 66 99
53 67 26
53 68 80
53 69 15
53 70 47
53 71 57
53 72 4
53 73 5
53 74 23
53 75 58
53 76 92
53 77 13
53 78 84
53 79 13
53 80 32
53 81 48
53 82 70
53 83 38
53 84 14
53 85 63
53 86 19
53 87 92
53 88 33
53 89 67
53 90 82
53 91 45
53 92 12
53 93 58
53 94 29
53 95 9
53 96 35
53 97 13
53 98 43
53 99 92
53 100 18
54 0 72
54 1 66
54 2 95
54 3 19
54 4 92
54 5 75
54 6 13
54 7 29
54 8 10
54 9 63
54 10 94
54 11 42
54 12 97
54 13 61
54 14 62
54 15 81
54 16 93
54 17 17
54 18 18
54 19 60
54 20 59
54 21 53
54 22 94
54 23 11
54 24 18
54 25 40
54 26 14
54 27 85
54 28 92
54 29 25
54 30 13
54 31 93
54 32 13
54 33 13
54 34 9
54 35 20
54 36 68
54 37 28
54 38 70
54 39 13
54 40 81
54 41 43
54 42 1
54 43 49
54 44 52
54 45 74
54 46 37
54 47 14
54 48 97
54 49 48
54 50 10
54 51 8
54 52 79
54 53 71
54 55 57
54 56 66
54 57 66
54 58 66
54 59 66
54 60 64
54 61 81
54 62 26
54 63 26
54 64 57
54 65 64
54 66 96
54 67 8
54 68 78
54 69 86
54 70 97
54 71 77
54 72 51
54 73 84
54 74 75
54 75 19
54 76 17
54 77 90
54 78 60
54 79 39
54 80 74
54 81 90
54 82 89
54 83 40
54 84 11
54 85 37
54 86 9
54 87 49
54 88 86
54 89 63
54 90 15
54 91 63
54 92 13
54 93 49
54 94 87
54 95 23
54 96 18
54 97 88
54 98 52
54 99 24
54 100 95
55 0 20
55 1 57
55 2 75
55 3 8
55 4 72
55 5 76
55 6 35
55 7 18
55 8 41
55 9 61
55 10 93
55 11 10
55 12 41
55 13 35
55 14 26
55 15 19
55 16 25
55 17 59
55 18 10
55 19 4
55 20 64
55 21 28
55 22 83
55 23 19
55 24 67
55 25 98
55 26 23
55 27 83
55 28 25
55 29 44
55 30 93
55 31 55
55 32 78
55 33 15
55 34 25
55 35 90
55 36 3
55 37 41
55 38 83
55 39 51
55 40 66
55 41 82
55 42 46
55 43 75
55 44 81
55 45 75
55 46 22
55 47 8
55 48 20
55 49 65
55 50 17
55 51 85
55 52 56
55 53 5
55 54 86
55 56 68
55 57 74
55 58 26
55 59 21
55 60 21
55 61 21
55 62 21
55 63 31
55 64 10
55 65 8
55 66 50
55 67 71
55 68 97
55 69 2
55 70 45
55 71 63
55 72 97
55 73 8
55 74 35
55 75 10
55 76 30
55 77 56
55 78 83
55 79 49
55 80 39
55 81 64
55 82 19
55 83 38
55 84 29
55 85 28
55 86 81
55 87 94
55 88 63
55 89 66
55 90 7
55 91 82
55 92 71
55 93 93
55 94 73
55 95 85
55 96 14
55 97 45
55 98 43
55 99 15
55 100 21
56 0 79
56 1 2
56 2 4
56 3 27
56 4 98
56 5 71
56 6 75
56 7 39
56 8 51
56 9 23
56 10 1
56 11 46
56 12 71
56 13 21
56 14 90
56 15 92
56 16 69
56 17 23
56 18 69
56 19 12
56 20 9
56 21 69
56 22 39
56 23 54
56 24 94
56 25 29
56 26 2
56 27 95
56 28 85
56 29 32
56 30 21
56 31 24
56 32 36
56 33 17
56 34 30
56 35 66
56 36 55
56 37 48
56 38 48
56 39 39
56 40 42
56 41 46
56 42 7
56 43 74
56 44 48
56 45 79
56 46 78
56 47 30
56 48 95
56 49 2
56 50 6
56 51 27
56 52 20
56 53 63
56 54 12
56 55 89
56 57 72
56 58 56
56 59 96
56 60 73
56 61 52
56 62 75
56 63 75
56 64 75
56 65 75
56 66 81
56 67 84
56 68 2
56 69 32
56 70 32
56 71 36
56 72 87
56 73 58
56 74 48
56 75 72
56 76 41
56 77 8
56 78 46
56 79 24
56 80 13
56 81 72
56 82 22
56 83 52
56 84 33
56 85 50
56 86 78
56 87 53
56 88 69
56 89 32
56 90 28
56 91 4
56 92 18
56 93 30
56 94 4
56 95 71
56 96 44
56 97 45
56 98 58
56 99 54
56 100 45
57 0 89
57 1 40
57 2 6
57 3 23
57 4 11
57 5 7
57 6 9
57 7 65
57 8 46
57 9 14
57 10 34
57 11 5
57 12 92
57 13 74
57 14 47
57 15 39
57 16 72
57 17 37
57 18 41
57 19 36
57 20 32
57 21 31
57 22 14
57 23 34
57 24 49
57 25 73
57 26 40
57 27 85
57 28 70
57 29 33
57 30 59
57 31 12
57 32 3
57 33 65
57 34 95
57 35 22
57 36 16
57 37 15
57 38 33
57 39 35
57 40 21
57 41 47
57 42 30
57 43 20
57 44 31
57 45 70
57 46 14
57 47 8
57 48 95
57 49 11
57 50 32
57 51 21
57 52 46
57 53 54
57 54 27
57 55 84
57 56 7
57 58 49
57 59 67
57 60 13
57 61 3
57 62 87
57 63 95
57 64 73
57 65 59
57 66 59
57 67 59
57 68 59
57 69 50
57 70 27
57 71 15
57 72 74
57 73 72
57 74 53
57 75 60
57 76 87
57 77 6
57 78 51
57 79 47
57 80 22
57 81 29
57 82 4
57 83 76
57 84 92
57 85 43
57 86 51
57 87 56
57 88 40
57 89 6
57 90 72
57 91 2
57 92 25
57 93 90
57 94 97
57 95 49
57 96 43
57 97 77
57 98 79
57 99 80
57 100 99
58 0 73
58 1 3
58 2 45
58 3 15
58 4 71
58 5 55
58 6 5
58 7 42
58 8 74
58 9 85
58 10 94
58 11 26
58 12 33
58 13 38
58 14 37
58 15 13
58 16 27
58 17 93
58 18 17
58 19 49
58 20 66
58 21 41
58 22 14
58 23 57
58 24 13
58 25 13
58 26 53
58 27 13
58 28 36
58 29 36
58 30 80
58 31 38
58 32 5
58 33 59
58 34 29
58 35 34
58 36 21
58 37 4
58 38 92
58 39 86
58 40 24
58 41 93
58 42 58
58 43 61
58 44 39
58 45 53
58 46 40
58 47 60
58 48 69
58 49 91
58 50 31
58 51 63
58 52 74
58 53 19
58 54 41
58 55 15
58 56 79
58 57 19
58 59 77
58 60 11
58 61 69
58 62 61
58 63 30
58 64 10
58 65 78
58 66 43
58 67 42
58 68 25
58 69 25
58 70 25
58 71 25
58 72 74
58 73 27
58 74 25
58 75 45
58 76 98
58 77 44
58 78 9
58 79 95
58 80 91
58 81 86
58 82 14
58 83 78
58 84 4
58 85 56
58 86 18
58 87 82
58 88 91
58 89 81
58 90 8
58 91 81
58 92 50
58 93 90
58 94 18
58 95 94
58 96 10
58 97 64
58 98 46
58 99 32
58 100 97
59 0 4
59 1 56
59 2 88
59 3 81
59 4 22
59 5 19
59 6 62
59 7 34
59 8 17
59 9 99
59 10 31
59 11 30
59 12 76
59 13 76
59 14 11
59 15 35
59 16 72
59 17 97
59 18 24
59 19 78
59 20 60
59 21 51
59 22 33
59 23 10
59 24 95
59 25 68
59 26 91
59 27 59
59 28 59
59 29 48
59 30 43
59 31 51
59 32 37
59 33 82
59 34 77
59 35 21
59 36 75
59 37 83
59 38 8
59 39 65
59 40 53
59 41 32
59 42 33
59 43 7
59 44 52
59 45 66
59 46 61
59 47 36
59 48 28
59 49 77
59 50 51
59 51 4
59 52 66
59 53 32
59 54 86
59 55 81
59 56 72
59 57 79
59 58 76
59 60 2
59 61 33
59 62 86
59 63 12
59 64 91
59 65 85
59 66 69
59 67 56
59 68 56
59 69 11
59 70 10
59 71 74
59 72 74
59 73 74
59 74 74
59 75 30
59 76 80
59 77 29
59 78 43
59 79 59
59 80 38
59 81 60
59 82 81
59 83 68
59 84 75
59 85 54
59 86 27
59 87 18
59 88 6
59 89 9
59 90 39
59 91 46
59 92 80
59 93 70
59 94 19
59 95 40
59 96 2
59 97 98
59 98 18
59 99 19
59 100 44
60 0 81
60 1 94
60 2 60
60 3 40
60 4 2
60 5 7
60 6 80
60 7 70
60 8 5
60 9 23
60 10 10
60 11 37
60 12 52
60 13 61
60 14 79
60 15 65
60 16 58
60 17 41
60 18 17
60 19 68
60 20 5
60 21 88
60 22 41
60 23 29
60 24 50
60 25 92
60 26 29
60 27 53
60 28 88
60 29 89
60 30 80
60 31 56
60 32 66
60 33 22
60 34 15
60 35 71
60 36 52
60 37 57
60 38 84
60 39 14
60 40 79
60 41 26
60 42 67
60 43 93
60 44 17
60 45 51
60 46 37
60 47 94
60 48 10
60 49 7
60 50 8
60 51 15
60 52 83
60 53 39
60 54 42
60 55 86
60 56 27
60 57 68
60 58 39
60 59 69
60 61 63
60 62 85
60 63 60
60 64 35
60 65 52
60 66 40
60 67 77
60 68 43
60 69 31
60 70 89
60 71 66
60 72 86
60 73 55
60 74 33
60 75 33
60 76 33
60 77 33
60 78 57
60 79 25
60 80 69
60 81 48
60 82 36
60 83 33
60 84 23
60 85 6
60 86 16
60 87 14
60 88 4
60 89 51
60 90 94
60 91 15
60 92 71
60 93 23
60 94 43
60 95 61
60 96 7
60 97 38
60 98 94
60 99 86
60 100 17
61 0 79
61 1 62
61 2 52
61 3 86
61 4 36
61 5 9
61 6 50
61 7 46
61 8 74
61 9 60
61 10 77
61 11 65
61 12 73
61 13 34
61 14 90
61 15 89
61 16 52
61 17 69
61 18 79
61 19 52
61 20 53
61 21 15
61 22 64
61 23 60
61 24 65
61 25 19
61 26 19
61 27 56
61 28 45
61 29 9
61 30 85
61 31 52
61 32 76
61 33 97
61 34 21
61 35 48
61 36 24
61 37 15
61 38 64
61 39 3
61 40 96
61 41 89
61 42 47
61 43 43
61 44 56
61 45 31
61 46 8
61 47 23
61 48 33
61 49 40
61 50 41
61 51 13
61 52 56
61 53 91
61 54 67
61 55 48
61 56 56
61 57 52
61 58 52
61 59 86
61 60 64
61 62 78
61 63 98
61 64 42
61 65 20
61 66 96
61 67 32
61 68 77
61 69 15
61 70 11
61 71 57
61 72 96
61 73 15
61 74 1
61 75 74
61 76 43
61 77 39
61 78 39
61 79 39
61 80 39
61 81 34
61 82 97
61 83 28
61 84 9
61 85 37
61 86 28
61 87 82
61 88 9
61 89 52
61 90 2
61 91 27
61 92 97
61 93 93
61 94 44
61 95 76
61 96 2
61 97 34
61 98 45
61 99 77
61 100 96
62 0 43
62 1 98
62 2 73
62 3 97
62 4 62
62 5 70
62 6 78
62 7 89
62 8 78
62 9 11
62 10 84
62 11 18
62 12 59
62 13 75
62 14 58
62 15 70
62 16 8
62 17 42
62 18 57
62 19 69
62 20 68
62 21 96
62 22 41
62 23 4
62 24 32
62 25 71
62 26 24
62 27 58
62 28 92
62 29 35
62 30 14
62 31 70
62 32 91
62 33 50
62 34 57
62 35 49
62 36 22
62 37 93
62 38 13
62 39 60
62 40 14
62 41 32
62 42 92
62 43 51
62 44 47
62 45 89
62 46 31
62 47 6
62 48 14
62 49 19
62 50 11
62 51 79
62 52 4
62 53 32
62 54 72
62 55 67
62 56 69
62 57 38
62 58 75
62 59 10
62 60 67
62 61 88
62 63 29
62 64 32
62 65 96
62 66 15
62 67 16
62 68 48
62 69 33
62 70 74
62 71 1
62 72 95
62 73 90
62 74 19
62 75 39
62 76 25
62 77 48
62 78 21
62 79 96
62 80 21
62 81 21
62 82 21
62 83 21
62 84 15
62 85 70
62 86 49
62 87 29
62 88 43
62 89 21
62 90 3
62 91 19
62 92 35
62 93 18
62 94 71
62 95 97
62 96 4
62 97 32
62 98 77
62 99 91
62 100 25
63 0 88
63 1 47
63 2 62
63 3 83
63 4 23
63 5 12
63 6 4
63 7 42
63 8 55
63 9 83
63 10 33
63 11 95
63 12 43
63 13 89
63 14 25
63 15 24
63 16 86
63 17 9
63 18 33
63 19 16
63 20 7
63 21 37
63 22 22
63 23 85
63 24 95
63 25 28
63 26 33
63 27 89
63 28 30
63 29 95
63 30 64
63 31 81
63 32 93
63 33 40
63 34 40
63 35 96
63 36 16
63 37 49
63 38 95
63 39 57
63 40 80
63 41 52
63 42 24
63 43 38
63 44 73
63 45 65
63 46 19
63 47 37
63 48 48
63 49 3
63 50 22
63 51 40
63 52 14
63 53 84
63 54 50
63 55 69
63 56 3
63 57 80
63 58 28
63 59 67
63 60 40
63 61 23
63 62 23
63 64 72
63 65 60
63 66 73
63 67 52
63 68 20
63 69 37
63 70 70
63 71 83
63 72 44
63 73 39
63 74 11
63 75 80
63 76 57
63 77 10
63 78 64
63 79 87
63 80 48
63 81 40
63 82 16
63 83 95
63 84 95
63 85 95
63 86 95
63 87 3
63 88 48
63 89 85
63 90 68
63 91 76
63 92 39
63 93 87
63 94 73
63 95 79
63 96 69
63 97 1
63 98 67
63 99 47
63 100 13
64 0 15
64 1 3
64 2 97
64 3 26
64 4 94
64 5 71
64 6 45
64 7 51
64 8 28
64 9 54
64 10 96
64 11 85
64 12 21
64 13 3
64 14 58
64 15 2
64 16 3
64 17 92
64 18 46
64 19 78
64 20 66
64 21 44
64 22 74
64 23 7
64 24 6
64 25 73
64 26 83
64 27 3
64 28 15
64 29 35
64 30 23
64 31 46
64 32 87
64 33 58
64 34 44
64 35 19
64 36 61
64 37 43
64 38 21
64 39 10
64 40 82
64 41 2
64 42 78
64 43 15
64 44 18
64 45 66
64 46 74
64 47 52
64 48 74
64 49 32
64 50 76
64 51 19
64 52 16
64 53 92
64 54 33
64 55 9
64 56 12
64 57 48
64 58 72
64 59 33
64 60 30
64 61 59
64 62 54
64 63 82
64 65 4
64 66 84
64 67 87
64 68 33
64 69 95
64 70 85
64 71 25
64 72 55
64 73 29
64 74 4
64 75 48
64 76 28
64 77 20
64 78 66
64 79 69
64 80 46
64 81 24
64 82 18
64 83 59
64 84 8
64 85 90
64 86 69
64 87 69
64 88 69
64 89 69
64 90 45
64 91 42
64 92 13
64 93 39
64 94 59
64 95 3
64 96 68
64 97 43
64 98 84
64 99 1
64 100 90
65 0 78
65 1 44
65 2 91
65 3 17
65 4 18
65 5 2
65 6 74
65 7 88
65 8 30
65 9 77
65 10 63
65 11 63
65 12 65
65 13 58
65 14 82
65 15 3
65 16 64
65 17 11
65 18 10
65 19 71
65 20 66
65 21 7
65 22 48
65 23 86
65 24 60
65 25 82
65 26 34
65 27 81
65 28 13
65 29 22
65 30 12
65 31 42
65 32 81
65 33 59
65 34 1
65 35 37
65 36 83
65 37 10
65 38 16
65 39 7
65 40 35
65 41 3
65 42 76
65 43 23
65 44 45
65 45 57
65 46 34
65 47 32
65 48 44
65 49 45
65 50 47
65 51 44
65 52 31
65 53 20
65 54 24
65 55 2
65 56 28
65 57 99
65 58 76
65 59 22
65 60 24
65 61 36
65 62 78
65 63 91
65 64 92
65 66 54
65 67 60
65 68 83
65 69 52
65 70 6
65 71 20
65 72 60
65 73 29
65 74 99
65 75 41
65 76 82
65 77 19
65 78 25
65 79 30
65 80 93
65 81 1
65 82 19
65 83 39
65 84 86
65 85 69
65 86 54
65 87 93
65 88 47
65 89 35
65 90 35
65 91 35
65 92 35
65 93 26
65 94 92
65 95 66
65 96 86
65 97 21
65 98 57
65 99 29
65 100 89
66 0 76
66 1 51
66 2 52
66 3 11
66 4 84
66 5 10
66 6 12
66 7 49
66 8 73
66 9 76
66 10 26
66 11 3
66 12 46
66 13 38
66 14 52
66 15 31
66 16 74
66 17 27
66 18 72
66 19 94
66 20 71
66 21 79
66 22 16
66 23 14
66 24 30
66 25 31
66 26 96
66 27 43
66 28 82
66 29 42
66 30 64
66 31 10
66 32 89
66 33 50
66 34 18
66 35 78
66 36 74
66 37 16
66 38 96
66 39 79
66 40 80
66 41 27
66 42 33
66 43 1
66 44 14
66 45 9
66 46 86
66 47 87
66 48 62
66 49 57
66 50 67
66 51 35
66 52 61
66 53 3
66 54 16
66 55 90
66 56 77
66 57 18
66 58 25
66 59 90
66 60 89
66 61 42
66 62 63
66 63 88
66 64 97
66 65 49
66 67 32
66 68 5
66 69 61
66 70 51
66 71 22
66 72 83
66 73 70
66 74 3
66 75 91
66 76 72
66 77 81
66 78 97
66 79 97
66 80 2
66 81 66
66 82 21
66 83 61
66 84 92
66 85 69
66 86 52
66 87 96
66 88 93
66 89 92
66 90 20
66 91 6
66 92 82
66 93 82
66 94 82
66 95 82
66 96 3
66 97 16
66 98 37
66 99 84
66 100 98
67 0 14
67 1 65
67 2 72
67 3 12
67 4 71
67 5 17
67 6 97
67 7 90
67 8 89
67 9 64
67 10 79
67 11 19
67 12 35
67 13 84
67 14 36
67 15 57
67 16 35
67 17 36
67 18 14
67 19 59
67 20 54
67 21 49
67 22 51
67 23 95
67 24 60
67 25 10
67 26 93
67 27 76
67 28 75
67 29 64
67 30 38
67 31 52
67 32 93
67 33 32
67 34 70
67 35 34
67 36 97
67 37 96
67 38 68
67 39 93
67 40 88
67 41 44
67 42 47
67 43 63
67 44 45
67 45 72
67 46 15
67 47 37
67 48 9
67 49 37
67 50 47
67 51 52
67 52 97
67 53 2
67 54 5
67 55 49
67 56 17
67 57 29
67 58 10
67 59 95
67 60 2
67 61 2
67 62 96
67 63 64
67 64 36
67 65 51
67 66 16
67 68 54
67 69 96
67 70 26
67 71 62
67 72 49
67 73 55
67 74 47
67 75 14
67 76 44
67 77 95
67 78 76
67 79 2
67 80 86
67 81 28
67 82 49
67 83 78
67 84 91
67 85 4
67 86 67
67 87 17
67 88 57
67 89 48
67 90 23
67 91 65
67 92 62
67 93 27
67 94 78
67 95 60
67 96 60
67 97 60
67 98 60
67 99 87
67 100 95
68 0 29
68 1 97
68 2 10
68 3 93
68 4 24
68 5 1
68 6 78
68 7 22
68 8 64
68 9 25
68 10 34
68 11 51
68 12 72
68 13 17
68 14 13
68 15 79
68 16 45
68 17 13
68 18 97
68 19 15
68 20 21
68 21 96
68 22 32
68 23 23
68 24 8
68 25 85
68 26 23
68 27 79
68 28 21
68 29 14
68 30 45
68 31 13
68 32 39
68 33 27
68 34 45
68 35 3
68 36 32
68 37 86
68 38 51
68 39 89
68 40 23
68 41 29
68 42 87
68 43 36
68 44 30
68 45 77
68 46 34
68 47 69
68 48 11
68 49 59
68 50 61
68 51 87
68 52 61
68 53 42
68 54 52
68 55 25
68 56 30
68 57 90
68 58 57
68 59 65
68 60 14
68 61 88
68 62 96
68 63 48
68 64 59
68 65 17
68 66 99
68 67 88
68 69 53
68 70 4
68 71 49
68 72 57
68 73 57
68 74 21
68 75 39
68 76 48
68 77 8
68 78 3
68 79 45
68 80 19
68 81 92
68 82 95
68 83 21
68 84 69
68 85 39
68 86 61
68 87 74
68 88 7
68 89 36
68 90 92
68 91 71
68 92 21
68 93 32
68 94 91
68 95 92
68 96 65
68 97 36
68 98 35
68 99 35
68 100 35
69 0 35
69 1 14
69 2 59
69 3 80
69 4 4
69 5 86
69 6 61
69 7 85
69 8 44
69 9 89
69 10 25
69 11 54
69 12 65
69 13 49
69 14 53
69 15 28
69 16 78
69 17 74
69 18 25
69 19 41
69 20 39
69 21 25
69 22 9
69 23 77
69 24 75
69 25 43
69 26 47
69 27 1
69 28 76
69 29 48
69 30 64
69 31 93
69 32 16
69 33 69
69 34 54
69 35 57
69 36 62
69 37 20
69 38 14
69 39 52
69 40 20
69 41 22
69 42 21
69 43 52
69 44 44
69 45 58
69 46 72
69 47 31
69 48 5
69 49 90
69 50 20
69 51 6
69 52 81
69 53 49
69 54 99
69 55 71
69 56 24
69 57 54
69 58 53
69 59 39
69 60 24
69 61 32
69 62 48
69 63 3
69 64 5
69 65 90
69 66 53
69 67 86
69 68 82
69 70 71
69 71 7
69 72 30
69 73 41
69 74 69
69 75 1
69 76 48
69 77 52
69 78 9
69 79 8
69 80 6
69 81 45
69 82 93
69 83 19
69 84 83
69 85 88
69 86 74
69 87 41
69 88 52
69 89 73
69 90 85
69 91 1
69 92 6
69 93 10
69 94 68
69 95 39
69 96 4
69 97 39
69 98 21
69 99 83
69 100 48
70 0 68
70 1 68
70 2 68
70 3 68
70 4 25
70 5 65
70 6 18
70 7 69
70 8 50
70 9 19
70 10 44
70 11 9
70 12 96
70 13 60
70 14 19
70 15 94
70 16 32
70 17 68
70 18 25
70 19 36
70 20 64
70 21 98
70 22 27
70 23 65
70 24 15
70 25 36
70 26 82
70 27 27
70 28 52
70 29 97
70 30 97
70 31 20
70 32 25
70 33 60
70 34 84
70 35 4
70 36 46
70 37 34
70 38 18
70 39 58
70 40 26
70 41 20
70 42 83
70 43 41
70 44 28
70 45 61
70 46 97
70 47 67
70 48 21
70 49 7
70 50 77
70 51 69
70 52 14
70 53 96
70 54 32
70 55 79
70 56 6
70 57 42
70 58 43
70 59 60
70 60 45
70 61 57
70 62 45
70 63 76
70 64 61
70 65 25
70 66 75
70 67 5
70 68 43
70 69 8
70 71 75
70 72 83
70 73 97
70 74 45
70 75 79
70 76 22
70 77 55
70 78 43
70 79 51
70 80 57
70 81 53
70 82 22
70 83 89
70 84 49
70 85 64
70 86 30
70 87 49
70 88 7
70 89 16
70 90 30
70 91 9
70 92 88
70 93 23
70 94 71
70 95 12
70 96 39
70 97 65
70 98 27
70 99 85
70 100 32
71 0 21
71 1 64
71 2 48
71 3 21
71 4 21
71 5 21
71 6 21
71 7 8
71 8 87
71 9 44
71 10 95
71 11 81
71 12 40
71 13 4
71 14 35
71 15 61
71 16 48
71 17 92
71 18 83
71 19 44
71 20 90
71 21 35
71 22 25
71 23 57
71 24 88
71 25 80
71 26 96
71 27 86
71 28 11
71 29 82
71 30 78
71 31 83
71 32 86
71 33 54
71 34 82
71 35 55
71 36 14
71 37 16
71 38 21
71 39 11
71 40 6
71 41 40
71 42 6
71 43 67
71 44 20
71 45 51
71 46 13
71 47 29
71 48 48
71 49 73
71 50 11
71 51 49
71 52 12
71 53 75
71 54 84
71 55 6
71 56 12
71 57 91
71 58 35
71 59 19
71 60 37
71 61 91
71 62 32
71 63 62
71 64 63
71 65 21
71 66 98
71 67 99
71 68 20
71 69 63
71 70 22
71 72 34
71 73 8
71 74 58
71 75 9
71 76 36
71 77 51
71 78 88
71 79 65
71 80 12
71 81 85
71 82 82
71 83 12
71 84 88
71 85 74
71 86 44
71 87 87
71 88 86
71 89 8
71 90 83
71 91 54
71 92 76
71 93 95
71 94 40
71 95 84
71 96 11
71 97 20
71 98 99
71 99 3
71 100 76
72 0 33
72 1 50
72 2 92
72 3 96
72 4 36
72 5 23
72 6 84
72 7 84
72 8 84
72 9 84
72 10 32
72 11 39
72 12 38
72 13 63
72 14 33
72 15 34
72 16 1
72 17 99
72 18 66
72 19 74
72 20 46
72 21 92
72 22 40
72 23 41
72 24 86
72 25 98
72 26 5
72 27 28
72 28 10
72 29 41
72 30 1
72 31 78
72 32 66
72 33 99
72 34 31
72 35 61
72 36 56
72 37 47
72 38 77
72 39 91
72 40 12
72 41 84
72 42 85
72 43 47
72 44 2
72 45 74
72 46 91
72 47 12
72 48 53
72 49 28
72 50 70
72 51 70
72 52 60
72 53 57
72 54 11
72 55 75
72 56 91
72 57 84
72 58 46
72 59 61
72 60 43
72 61 17
72 62 62
72 63 94
72 64 35
72 65 11
72 66 60
72 67 5
72 68 75
72 69 26
72 70 34
72 71 39
72 73 74
72 74 45
72 75 28
72 76 13
72 77 24
72 78 55
72 79 39
72 80 14
72 81 96
72 82 69
72 83 62
72 84 26
72 85 34
72 86 34
72 87 7
72 88 39
72 89 2
72 90 78
72 91 78
72 92 20
72 93 60
72 94 35
72 95 39
72 96 21
72 97 49
72 98 83
72 99 5
72 100 40
73 0 92
73 1 34
73 2 33
73 3 97
73 4 77
73 5 64
73 6 41
73 7 95
73 8 85
73 9 22
73 10 22
73 11 22
73 12 22
73 13 88
73 14 98
73 15 8
73 16 85
73 17 75
73 18 47
73 19 91
73 20 9
73 21 27
73 22 65
73 23 12
73 24 77
73 25 38
73 26 43
73 27 42
73 28 19
73 29 53
73 30 1
73 31 83
73 32 58
73 33 77
73 34 46
73 35 19
73 36 38
73 37 63
73 38 4
73 39 37
73 40 30
73 41 90
73 42 74
73 43 74
73 44 28
73 45 88
73 46 56
73 47 37
73 48 81
73 49 71
73 50 21
73 51 77
73 52 20
73 53 39
73 54 82
73 55 41
73 56 40
73 57 89
73 58 6
73 59 3
73 60 71
73 61 52
73 62 49
73 63 98
73 64 53
73 65 6
73 66 71
73 67 52
73 68 33
73 69 26
73 70 62
73 71 27
73 72 91
73 74 32
73 75 86
73 76 24
73 77 53
73 78 56
73 79 96
73 80 97
73 81 21
73 82 63
73 83 87
73 84 65
73 85 82
73 86 59
73 87 70
73 88 58
73 89 56
73 90 64
73 91 21
73 92 92
73 93 97
73 94 42
73 95 18
73 96 62
73 97 56
73 98 48
73 99 98
73 100 75
74 0 93
74 1 96
74 2 85
74 3 43
74 4 27
74 5 18
74 6 32
74 7 78
74 8 16
74 9 51
74 10 49
74 11 43
74 12 51
74 13 51
74 14 51
74 15 51
74 16 21
74 17 93
74 18 92
74 19 54
74 20 69
74 21 93
74 22 42
74 23 65
74 24 81
74 25 94
74 26 60
74 27 38
74 28 42
74 29 94
74 30 14
74 31 40
74 32 57
74 33 36
74 34 56
74 35 24
74 36 63
74 37 83
74 38 7
74 39 92
74 40 68
74 41 45
74 42 32
74 43 83
74 44 18
74 45 82
74 46 64
74 47 37
74 48 99
74 49 40
74 50 48
74 51 76
74 52 57
74 53 7
74 54 99
74 55 42
74 56 61
74 57 64
74 58 64
74 59 40
74 60 97
74 61 17
74 62 15
74 63 96
74 64 73
74 65 29
74 66 70
74 67 70
74 68 52
74 69 4
74 70 37
74 71 14
74 72 27
74 73 12
74 75 66
74 76 50
74 77 57
74 78 32
74 79 87
74 80 21
74 81 46
74 82 13
74 83 25
74 84 16
74 85 44
74 86 73
74 87 53
74 88 9
74 89 27
74 90 39
74 91 33
74 92 88
74 93 68
74 94 32
74 95 11
74 96 37
74 97 90
74 98 93
74 99 83
74 100 5
75 0 7
75 1 63
75 2 17
75 3 88
75 4 22
75 5 32
75 6 85
75 7 56
75 8 27
75 9 77
75 10 89
75 11 49
75 12 23
75 13 4
75 14 28
75 15 53
75 16 53
75 17 53
75 18 53
75 19 46
75 20 51
75 21 22
75 22 94
75 23 13
75 24 83
75 25 55
75 26 29
75 27 46
75 28 93
75 29 48
75 30 65
75 31 28
75 32 6
75 33 29
75 34 7
75 35 35
75 36 49
75 37 35
75 38 51
75 39 34
75 40 22
75 41 85
75 42 87
75 43 56
75 44 52
75 45 59
75 46 94
75 47 86
75 48 13
75 49 42
75 50 35
75 51 67
75 52 56
75 53 93
75 54 27
75 55 95
75 56 7
75 57 46
75 58 72
75 59 68
75 60 63
75 61 64
75 62 67
75 63 4
75 64 37
75 65 43
75 66 91
75 67 2
75 68 96
75 69 93
75 70 28
75 71 93
75 72 46
75 73 24
75 74 59
75 76 67
75 77 20
75 78 12
75 79 88
75 80 60
75 81 40
75 82 24
75 83 45
75 84 74
75 85 72
75 86 74
75 87 80
75 88 57
75 89 62
75 90 31
75 91 60
75 92 50
75 93 96
75 94 48
75 95 18
75 96 42
75 97 73
75 98 94
75 99 57
75 100 65
76 0 54
76 1 91
76 2 21
76 3 79
76 4 59
76 5 51
76 6 30
76 7 30
76 8 42
76 9 61
76 10 63
76 11 93
76 12 47
76 13 11
76 14 10
76 15 75
76 16 96
76 17 87
76 18 3
76 19 3
76 20 3
76 21 3
76 22 10
76 23 73
76 24 80
76 25 57
76 26 69
76 27 42
76 28 45
76 29 52
76 30 68
76 31 12
76 32 27
76 33 41
76 34 24
76 35 9
76 36 91
76 37 69
76 38 42
76 39 25
76 40 47
76 41 50
76 42 62
76 43 49
76 44 80
76 45 31
76 46 10
76 47 42
76 48 98
76 49 43
76 50 54
76 51 75
76 52 76
76 53 4
76 54 95
76 55 96
76 56 52
76 57 83
76 58 12
76 59 27
76 60 28
76 61 74
76 62 37
76 63 23
76 64 43
76 65 52
76 66 15
76 67 73
76 68 47
76 69 73
76 70 47
76 71 56
76 72 78
76 73 74
76 74 94
76 75 28
76 77 82
76 78 4
76 79 4
76 80 61
76 81 45
76 82 3
76 83 21
76 84 61
76 85 69
76 86 20
76 87 93
76 88 48
76 89 6
76 90 66
76 91 37
76 92 50
76 93 99
76 94 40
76 95 98
76 96 1
76 97 96
76 98 66
76 99 22
76 100 76
77 0 87
77 1 24
77 2 24
77 3 16
77 4 19
77 5 61
77 6 7
77 7 83
77 8 37
77 9 17
77 10 33
77 11 67
77 12 49
77 13 11
77 14 59
77 15 43
77 16 20
77 17 23
77 18 48
77 19 5
77 20 15
77 21 53
77 22 53
77 23 53
77 24 53
77 25 19
77 26 69
77 27 68
77 28 26
77 29 47
77 30 68
77 31 2
77 32 20
77 33 85
77 34 19
77 35 97
77 36 74
77 37 73
77 38 41
77 39 22
77 40 82
77 41 59
77 42 71
77 43 48
77 44 85
77 45 26
77 46 79
77 47 33
77 48 99
77 49 74
77 50 88
77 51 80
77 52 4
77 53 96
77 54 85
77 55 88
77 56 38
77 57 99
77 58 29
77 59 40
77 60 35
77 61 29
77 62 84
77 63 6
77 64 92
77 65 13
77 66 34
77 67 85
77 68 19
77 69 49
77 70 81
77 71 36
77 72 83
77 73 9
77 74 55
77 75 68
77 76 33
77 78 68
77 79 17
77 80 60
77 81 78
77 82 82
77 83 9
77 84 91
77 85 56
77 86 97
77 87 36
77 88 7
77 89 55
77 90 24
77 91 55
77 92 77
77 93 73
77 94 15
77 95 10
77 96 42
77 97 58
77 98 66
77 99 55
77 100 11
78 0 18
78 1 5
78 2 76
78 3 84
78 4 64
78 5 36
78 6 61
78 7 8
78 8 5
78 9 58
78 10 20
78 11 19
78 12 67
78 13 48
78 14 8
78 15 2
78 16 39
78 17 65
78 18 65
78 19 75
78 20 95
78 21 79
78 22 14
78 23 3
78 24 96
78 25 96
78 26 96
78 27 96
78 28 49
78 29 85
78 30 51
78 31 98
78 32 83
78 33 36
78 34 57
78 35 15
78 36 41
78 37 54
78 38 6
78 39 42
78 40 10
78 41 55
78 42 24
78 43 17
78 44 82
78 45 73
78 46 37
78 47 83
78 48 33
78 49 23
78 50 97
78 51 54
78 52 42
78 53 26
78 54 33
78 55 52
78 56 35
78 57 5
78 58 96
78 59 31
78 60 48
78 61 37
78 62 96
78 63 73
78 64 17
78 65 24
78 66 25
78 67 23
78 68 23
78 69 49
78 70 65
78 71 87
78 72 57
78 73 85
78 74 46
78 75 96
78 76 63
78 77 29
78 79 6
78 80 35
78 81 30
78 82 20
78 83 24
78 84 76
78 85 61
78 86 52
78 87 18
78 88 76
78 89 97
78 90 33
78 91 39
78 92 13
78 93 20
78 94 96
78 95 81
78 96 12
78 97 5
78 98 72
78 99 6
78 100 95
79 0 8
79 1 61
79 2 66
79 3 16
79 4 73
79 5 30
79 6 35
79 7 56
79 8 65
79 9 51
79 10 75
79 11 54
79 12 63
79 13 16
79 14 12
79 15 17
79 16 82
79 17 10
79 18 82
79 19 13
79 20 73
79 21 21
79 22 31
79 23 68
79 24 22
79 25 7
79 26 81
79 27 85
79 28 85
79 29 85
79 30 85
79 31 48
79 32 13
79 33 16
79 34 99
79 35 69
79 36 23
79 37 75
79 38 60
79 39 14
79 40 83
79 41 57
79 42 79
79 43 5
79 44 83
79 45 79
79 46 54
79 47 41
79 48 78
79 49 63
79 50 75
79 51 14
79 52 5
79 53 57
79 54 93
79 55 5
79 56 41
79 57 59
79 58 69
79 59 10
79 60 88
79 61 99
79 62 97
79 63 8
79 64 3
79 65 66
79 66 41
79 67 37
79 68 36
79 69 26
79 70 44
79 71 93
79 72 11
79 73 96
79 74 38
79 75 34
79 76 60
79 77 26
79 78 35
79 80 98
79 81 79
79 82 40
79 83 11
79 84 89
79 85 96
79 86 38
79 87 84
79 88 11
79 89 79
79 90 50
79 91 4
79 92 79
79 93 91
79 94 79
79 95 3
79 96 59
79 97 1
79 98 21
79 99 8
79 100 58
80 0 70
80 1 79
80 2 48
80 3 18
80 4 32
80 5 44
80 6 50
80 7 71
80 8 3
80 9 22
80 10 54
80 11 11
80 12 48
80 13 9
80 14 69
80 15 47
80 16 64
80 17 27
80 18 11
80 19 59
80 20 75
80 21 87
80 22 98
80 23 99
80 24 89
80 25 24
80 26 46
80 27 93
80 28 38
80 29 67
80 30 19
80 31 19
80 32 19
80 33 19
80 34 47
80 35 64
80 36 92
80 37 97
80 38 58
80 39 39
80 40 32
80 41 63
80 42 96
80 43 12
80 44 77
80 45 23
80 46 56
80 47 42
80 48 88
80 49 60
80 50 21
80 51 9
80 52 48
80 53 83
80 54 55
80 55 22
80 56 7
80 57 74
80 58 69
80 59 58
80 60 30
80 61 43
80 62 8
80 63 70
80 64 66
80 65 13
80 66 17
80 67 56
80 68 5
80 69 79
80 70 40
80 71 2
80 72 94
80 73 79
80 74 93
80 75 17
80 76 99
80 77 41
80 78 40
80 79 95
80 81 7
80 82 39
80 83 22
80 84 70
80 85 84
80 86 47
80 87 22
80 88 88
80 89 49
80 90 72
80 91 28
80 92 16
80 93 29
80 94 25
80 95 36
80 96 95
80 97 32
80 98 20
80 99 89
80 100 11
81 0 94
81 1 11
81 2 47
81 3 97
81 4 59
81 5 67
81 6 1
81 7 18
81 8 25
81 9 60
81 10 44
81 11 36
81 12 64
81 13 54
81 14 13
81 15 9
81 16 12
81 17 8
81 18 80
81 19 91
81 20 42
81 21 42
81 22 98
81 23 10
81 24 32
81 25 47
81 26 15
81 27 86
81 28 84
81 29 67
81 30 7
81 31 2
81 32 30
81 33 78
81 34 78
81 35 78
81 36 78
81 37 39
81 38 80
81 39 72
81 40 89
81 41 3
81 42 83
81 43 83
81 44 7
81 45 27
81 46 88
81 47 41
81 48 21
81 49 52
81 50 58
81 51 42
81 52 85
81 53 61
81 54 5
81 55 94
81 56 17
81 57 54
81 58 22
81 59 28
81 60 27
81 61 88
81 62 23
81 63 4
81 64 57
81 65 99
81 66 61
81 67 81
81 68 64
81 69 10
81 70 18
81 71 79
81 72 46
81 73 14
81 74 48
81 75 68
81 76 39
81 77 78
81 78 8
81 79 74
81 80 75
81 82 54
81 83 20
81 84 53
81 85 37
81 86 84
81 87 22
81 88 68
81 89 97
81 90 16
81 91 9
81 92 45
81 93 9
81 94 80
81 95 73
81 96 75
81 97 98
81 98 54
81 99 44
81 100 27
82 0 17
82 1 45
82 2 63
82 3 76
82 4 54
82 5 62
82 6 20
82 7 5
82 8 25
82 9 48
82 10 66
82 11 66
82 12 37
82 13 18
82 14 24
82 15 82
82 16 76
82 17 13
82 18 8
82 19 46
82 20 40
82 21 45
82 22 94
82 23 48
82 24 8
82 25 13
82 26 38
82 27 81
82 28 15
82 29 30
82 30 17
82 31 30
82 32 34
82 33 71
82 34 33
82 35 13
82 36 61
82 37 61
82 38 61
82 39 61
82 40 23
82 41 46
82 42 95
82 43 47
82 44 24
82 45 20
82 46 34
82 47 80
82 48 14
82 49 49
82 50 63
82 51 47
82 52 69
82 53 64
82 54 42
82 55 88
82 56 80
82 57 13
82 58 43
82 59 63
82 60 74
82 61 54
82 62 1
82 63 83
82 64 11
82 65 29
82 66 87
82 67 12
82 68 3
82 69 4
82 70 68
82 71 94
82 72 10
82 73 75
82 74 40
82 75 69
82 76 57
82 77 36
82 78 36
82 79 62
82 80 74
82 81 1
82 83 86
82 84 9
82 85 51
82 86 36
82 87 55
82 88 80
82 89 75
82 90 73
82 91 68
82 92 91
82 93 91
82 94 81
82 95 84
82 96 7
82 97 10
82 98 72
82 99 3
82 100 79
83 0 96
83 1 59
83 2 80
83 3 71
83 4 91
83 5 52
83 6 30
83 7 52
83 8 11
83 9 60
83 10 18
83 11 98
83 12 23
83 13 89
83 14 38
83 15 29
83 16 97
83 17 21
83 18 78
83 19 71
83 20 59
83 21 36
83 22 67
83 23 85
83 24 74
83 25 64
83 26 93
83 27 26
83 28 49
83 29 48
83 30 64
83 31 91
83 32 4
83 33 97
83 34 21
83 35 99
83 36 30
83 37 10
83 38 38
83 39 46
83 40 46
83 41 46
83 42 46
83 43 64
83 44 53
83 45 9
83 46 73
83 47 66
83 48 78
83 49 67
83 50 24
83 51 61
83 52 44
83 53 4
83 54 91
83 55 95
83 56 53
83 57 66
83 58 53
83 59 56
83 60 59
83 61 29
83 62 17
83 63 3
83 64 14
83 65 41
83 66 77
83 67 66
83 68 62
83 69 19
83 70 49
83 71 50
83 72 49
83 73 48
83 74 22
83 75 64
83 76 74
83 77 64
83 78 65
83 79 92
83 80 38
83 81 57
83 82 81
83 84 8
83 85 1
83 86 41
83 87 73
83 88 9
83 89 24
83 90 75
83 91 20
83 92 10
83 93 81
83 94 37
83 95 96
83 96 61
83 97 16
83 98 65
83 99 35
83 100 67
84 0 47
84 1 61
84 2 45
84 3 24
84 4 34
84 5 51
84 6 49
84 7 82
84 8 86
84 9 22
84 10 34
84 11 50
84 12 87
84 13 37
84 14 27
84 15 14
84 16 79
84 17 97
84 18 33
84 19 95
84 20 33
84 21 28
84 22 10
84 23 25
84 24 33
84 25 3
84 26 27
84 27 13
84 28 68
84 29 8
84 30 31
84 31 29
84 32 61
84 33 28
84 34 40
84 35 96
84 36 98
84 37 37
84 38 22
84 39 72
84 40 40
84 41 77
84 42 73
84 43 73
84 44 73
84 45 73
84 46 16
84 47 29
84 48 12
84 49 61
84 50 25
84 51 65
84 52 99
84 53 46
84 54 39
84 55 24
84 56 55
84 57 91
84 58 73
84 59 80
84 60 99
84 61 27
84 62 30
84 63 42
84 64 3
84 65 63
84 66 89
84 67 59
84 68 81
84 69 17
84 70 82
84 71 66
84 72 2
84 73 97
84 74 48
84 75 50
84 76 35
84 77 58
84 78 8
84 79 34
84 80 90
84 81 58
84 82 4
84 83 84
84 85 91
84 86 37
84 87 57
84 88 61
84 89 82
84 90 9
84 91 27
84 92 97
84 93 16
84 94 14
84 95 59
84 96 14
84 97 50
84 98 23
84 99 82
84 100 26
85 0 6
85 1 58
85 2 92
85 3 71
85 4 9
85 5 88
85 6 14
85 7 87
85 8 3
85 9 77
85 10 37
85 11 5
85 12 72
85 13 12
85 14 81
85 15 85
85 16 31
85 17 39
85 18 93
85 19 7
85 20 92
85 21 17
85 22 78
85 23 10
85 24 22
85 25 3
85 26 73
85 27 28
85 28 52
85 29 47
85 30 30
85 31 26
85 32 23
85 33 62
85 34 9
85 35 61
85 36 28
85 37 88
85 38 1
85 39 65
85 40 95
85 41 26
85 42 17
85 43 18
85 44 93
85 45 27
85 46 27
85 47 27
85 48 27
85 49 81
85 50 40
85 51 18
85 52 38
85 53 75
85 54 97
85 55 42
85 56 14
85 57 1
85 58 84
85 59 16
85 60 62
85 61 28
85 62 40
85 63 59
85 64 66
85 65 46
85 66 26
85 67 45
85 68 1
85 69 4
85 70 29
85 71 86
85 72 35
85 73 69
85 74 74
85 75 22
85 76 58
85 77 92
85 78 69
85 79 87
85 80 43
85 81 23
85 82 92
85 83 69
85 84 90
85 86 3
85 87 40
85 88 82
85 89 85
85 90 98
85 91 45
85 92 35
85 93 99
85 94 13
85 95 72
85 96 77
85 97 82
85 98 86
85 99 4
85 100 98
86 0 61
86 1 3
86 2 97
86 3 1
86 4 10
86 5 59
86 6 69
86 7 70
86 8 18
86 9 22
86 10 87
86 11 61
86 12 30
86 13 35
86 14 74
86 15 59
86 16 94
86 17 52
86 18 42
86 19 9
86 20 25
86 21 66
86 22 91
86 23 89
86 24 32
86 25 67
86 26 74
86 27 90
86 28 88
86 29 58
86 30 46
86 31 9
86 32 83
86 33 15
86 34 7
86 35 74
86 36 40
86 37 19
86 38 80
86 39 53
86 40 43
86 41 69
86 42 78
86 43 14
86 44 40
86 45 66
86 46 56
86 47 25
86 48 55
86 49 55
86 50 55
86 51 55
86 52 75
86 53 7
86 54 57
86 55 60
86 56 78
86 57 96
86 58 23
86 59 28
86 60 97
86 61 97
86 62 79
86 63 30
86 64 13
86 65 39
86 66 67
86 67 58
86 68 43
86 69 36
86 70 48
86 71 92
86 72 50
86 73 78
86 74 35
86 75 98
86 76 64
86 77 76
86 78 30
86 79 56
86 80 46
86 81 94
86 82 67
86 83 48
86 84 25
86 85 98
86 87 30
86 88 97
86 89 89
86 90 96
86 91 34
86 92 37
86 93 15
86 94 44
86 95 7
86 96 95
86 97 53
86 98 31
86 99 56
86 100 23
87 0 25
87 1 12
87 2 40
87 3 77
87 4 27
87 5 34
87 6 13
87 7 58
87 8 87
87 9 61
87 10 29
87 11 36
87 12 89
87 13 46
87 14 13
87 15 78
87 16 4
87 17 57
87 18 38
87 19 18
87 20 29
87 21 8
87 22 7
87 23 36
87 24 39
87 25 27
87 26 3
87 27 52
87 28 49
87 29 33
87 30 4
87 31 65
87 32 93
87 33 41
87 34 75
87 35 76
87 36 74
87 37 30
87 38 72
87 39 27
87 40 53
87 41 2
87 42 4
87 43 85
87 44 66
87 45 51
87 46 32
87 47 55
87 48 79
87 49 41
87 50 55
87 51 63
87 52 63
87 53 63
87 54 63
87 55 5
87 56 51
87 57 87
87 58 37
87 59 77
87 60 22
87 61 3
87 62 90
87 63 97
87 64 93
87 65 75
87 66 5
87 67 73
87 68 88
87 69 9
87 70 25
87 71 48
87 72 15
87 73 5
87 74 63
87 75 75
87 76 70
87 77 95
87 78 97
87 79 33
87 80 43
87 81 4
87 82 4
87 83 77
87 84 82
87 85 95
87 86 76
87 88 24
87 89 44
87 90 34
87 91 64
87 92 77
87 93 51
87 94 42
87 95 37
87 96 28
87 97 10
87 98 16
87 99 17
87 100 69
88 0 32
88 1 70
88 2 8
88 3 22
88 4 79
88 5 10
88 6 2
88 7 79
88 8 98
88 9 79
88 10 28
88 11 9
88 12 1
88 13 65
88 14 49
88 15 59
88 16 7
88 17 60
88 18 42
88 19 62
88 20 40
88 21 43
88 22 27
88 23 97
88 24 79
88 25 78
88 26 99
88 27 54
88 28 54
88 29 96
88 30 43
88 31 36
88 32 18
88 33 78
88 34 30
88 35 71
88 36 67
88 37 45
88 38 31
88 39 78
88 40 78
88 41 6
88 42 11
88 43 70
88 44 8
88 45 68
88 46 59
88 47 50
88 48 48
88 49 72
88 50 40
88 51 96
88 52 67
88 53 65
88 54 1
88 55 1
88 56 1
88 57 1
88 58 50
88 59 5
88 60 72
88 61 84
88 62 57
88 63 54
88 64 19
88 65 3
88 66 90
88 67 75
88 68 81
88 69 36
88 70 23
88 71 86
88 72 80
88 73 78
88 74 78
88 75 97
88 76 73
88 77 98
88 78 29
88 79 39
88 80 38
88 81 40
88 82 25
88 83 56
88 84 20
88 85 52
88 86 9
88 87 71
88 89 28
88 90 32
88 91 69
88 92 69
88 93 75
88 94 2
88 95 71
88 96 44
88 97 11
88 98 62
88 99 22
88 100 59
89 0 31
89 1 61
89 2 19
89 3 84
89 4 20
89 5 92
89 6 67
89 7 55
89 8 90
89 9 5
89 10 99
89 11 15
89 12 76
89 13 98
89 14 79
89 15 20
89 16 68
89 17 62
89 18 92
89 19 43
89 20 22
89 21 20
89 22 21
89 23 50
89 24 66
89 25 71
89 26 35
89 27 39
89 28 7
89 29 82
89 30 25
89 31 90
89 32 62
89 33 35
89 34 56
89 35 30
89 36 7
89 37 22
89 38 66
89 39 88
89 40 53
89 41 49
89 42 88
89 43 42
89 44 30
89 45 88
89 46 11
89 47 42
89 48 33
89 49 91
89 50 8
89 51 54
89 52 46
89 53 14
89 54 93
89 55 75
89 56 35
89 57 43
89 58 43
89 59 43
89 60 43
89 61 82
89 62 3
89 63 77
89 64 82
89 65 33
89 66 7
89 67 8
89 68 72
89 69 85
89 70 57
89 71 9
89 72 12
89 73 19
89 74 10
89 75 51
89 76 81
89 77 69
89 78 26
89 79 30
89 80 40
89 81 84
89 82 30
89 83 20
89 84 43
89 85 49
89 86 41
89 87 20
89 88 17
89 90 95
89 91 20
89 92 56
89 93 28
89 94 80
89 95 63
89 96 51
89 97 37
89 98 74
89 99 23
89 100 53
90 0 61
90 1 11
90 2 56
90 3 85
90 4 16
90 5 4
90 6 25
90 7 53
90 8 93
90 9 38
90 10 96
90 11 3
90 12 37
90 13 45
90 14 96
90 15 64
90 16 65
90 17 66
90 18 77
90 19 12
90 20 18
90 21 5
90 22 8
90 23 53
90 24 79
90 25 61
90 26 71
90 27 82
90 28 89
90 29 65
90 30 36
90 31 98
90 32 5
90 33 73
90 34 66
90 35 38
90 36 4
90 37 45
90 38 85
90 39 54
90 40 86
90 41 57
90 42 67
90 43 50
90 44 43
90 45 27
90 46 34
90 47 43
90 48 74
90 49 84
90 50 60
90 51 49
90 52 84
90 53 27
90 54 96
90 55 35
90 56 37
90 57 71
90 58 23
90 59 80
90 60 7
90 61 7
90 62 7
90 63 7
90 64 44
90 65 80
90 66 90
90 67 38
90 68 95
90 69 36
90 70 40
90 71 81
90 72 23
90 73 36
90 74 49
90 75 38
90 76 69
90 77 64
90 78 36
90 79 55
90 80 5
90 81 65
90 82 97
90 83 82
90 84 84
90 85 15
90 86 46
90 87 86
90 88 30
90 89 40
90 91 44
90 92 29
90 93 98
90 94 98
90 95 64
90 96 40
90 97 18
90 98 45
90 99 56
90 100 88
91 0 12
91 1 8
91 2 75
91 3 12
91 4 15
91 5 91
91 6 67
91 7 55
91 8 7
91 9 42
91 10 57
91 11 68
91 12 28
91 13 18
91 14 8
91 15 67
91 16 16
91 17 99
91 18 71
91 19 82
91 20 31
91 21 87
91 22 35
91 23 94
91 24 30
91 25 1
91 26 25
91 27 77
91 28 34
91 29 7
91 30 24
91 31 93
91 32 79
91 33 22
91 34 28
91 35 68
91 36 31
91 37 79
91 38 84
91 39 7
91 40 92
91 41 43
91 42 27
91 43 21
91 44 7
91 45 34
91 46 83
91 47 57
91 48 35
91 49 97
91 50 96
91 51 8
91 52 73
91 53 97
91 54 6
91 55 96
91 56 96
91 57 73
91 58 57
91 59 76
91 60 38
91 61 75
91 62 48
91 63 97
91 64 97
91 65 97
91 66 97
91 67 3
91 68 55
91 69 4
91 70 96
91 71 68
91 72 22
91 73 11
91 74 50
91 75 51
91 76 38
91 77 95
91 78 51
91 79 93
91 80 24
91 81 42
91 82 13
91 83 33
91 84 67
91 85 13
91 86 79
91 87 72
91 88 22
91 89 23
91 90 77
91 92 64
91 93 3
91 94 71
91 95 17
91 96 46
91 97 47
91 98 47
91 99 43
91 100 33
92 0 17
92 1 67
92 2 8
92 3 99
92 4 72
92 5 12
92 6 89
92 7 47
92 8 11
92 9 51
92 10 92
92 11 90
92 12 68
92 13 35
92 14 43
92 15 84
92 16 8
92 17 37
92 18 82
92 19 10
92 20 93
92 21 20
92 22 2
92 23 95
92 24 39
92 25 84
92 26 29
92 27 61
92 28 62
92 29 29
92 30 18
92 31 96
92 32 33
92 33 93
92 34 8
92 35 75
92 36 96
92 37 53
92 38 49
92 39 36
92 40 11
92 41 98
92 42 43
92 43 96
92 44 2
92 45 58
92 46 9
92 47 54
92 48 69
92 49 52
92 50 12
92 51 57
92 52 59
92 53 14
92 54 16
92 55 25
92 56 84
92 57 8
92 58 29
92 59 35
92 60 52
92 61 56
92 62 87
92 63 50
92 64 70
92 65 48
92 66 10
92 67 10
92 68 10
92 69 10
92 70 68
92 71 37
92 72 14
92 73 69
92 74 58
92 75 62
92 76 58
92 77 24
92 78 66
92 79 7
92 80 55
92 81 29
92 82 90
92 83 31
92 84 48
92 85 47
92 86 83
92 87 42
92 88 74
92 89 89
92 90 28
92 91 68
92 93 41
92 94 8
92 95 67
92 96 55
92 97 79
92 98 6
92 99 45
92 100 86
93 0 35
93 1 79
93 2 67
93 3 63
93 4 9
93 5 94
93 6 95
93 7 65
93 8 6
93 9 95
93 10 77
93 11 49
93 12 28
93 13 38
93 14 62
93 15 56
93 16 76
93 17 75
93 18 10
93 19 20
93 20 64
93 21 1
93 22 47
93 23 77
93 24 55
93 25 13
93 26 91
93 27 42
93 28 28
93 29 78
93 30 85
93 31 14
93 32 50
93 33 64
93 34 82
93 35 58
93 36 93
93 37 22
93 38 73
93 39 28
93 40 2
93 41 80
93 42 59
93 43 4
93 44 82
93 45 24
93 46 91
93 47 53
93 48 57
93 49 17
93 50 58
93 51 58
93 52 58
93 53 98
93 54 40
93 55 82
93 56 52
93 57 13
93 58 82
93 59 79
93 60 46
93 61 41
93 62 33
93 63 92
93 64 12
93 65 69
93 66 57
93 67 2
93 68 66
93 69 33
93 70 33
93 71 33
93 72 33
93 73 88
93 74 99
93 75 35
93 76 49
93 77 21
93 78 96
93 79 41
93 80 66
93 81 87
93 82 65
93 83 45
93 84 49
93 85 7
93 86 95
93 87 67
93 88 55
93 89 58
93 90 52
93 91 22
93 92 85
93 94 94
93 95 30
93 96 26
93 97 38
93 98 76
93 99 69
93 100 58
94 0 4
94 1 76
94 2 90
94 3 90
94 4 9
94 5 4
94 6 36
94 7 41
94 8 95
94 9 92
94 10 45
94 11 27
94 12 87
94 13 33
94 14 18
94 15 19
94 16 79
94 17 90
94 18 25
94 19 41
94 20 13
94 21 49
94 22 19
94 23 82
94 24 77
94 25 31
94 26 93
94 27 77
94 28 80
94 29 4
94 30 62
94 31 25
94 32 15
94 33 38
94 34 60
94 35 28
94 36 88
94 37 29
94 38 32
94 39 17
94 40 98
94 41 82
94 42 85
94 43 45
94 44 54
94 45 64
94 46 16
94 47 91
94 48 90
94 49 54
94 50 92
94 51 42
94 52 93
94 53 32
94 54 43
94 55 54
94 56 41
94 57 39
94 58 23
94 59 81
94 60 22
94 61 74
94 62 5
94 63 47
94 64 51
94 65 18
94 66 34
94 67 59
94 68 39
94 69 20
94 70 18
94 71 13
94 72 6
94 73 6
94 74 6
94 75 6
94 76 94
94 77 53
94 78 59
94 79 62
94 80 75
94 81 66
94 82 85
94 83 54
94 84 27
94 85 3
94 86 58
94 87 33
94 88 47
94 89 8
94 90 22
94 91 48
94 92 36
94 93 9
94 95 33
94 96 39
94 97 71
94 98 93
94 99 9
94 100 83
95 0 6
95 1 70
95 2 6
95 3 93
95 4 9
95 5 53
95 6 20
95 7 13
95 8 10
95 9 76
95 10 69
95 11 85
95 12 52
95 13 55
95 14 83
95 15 54
95 16 8
95 17 7
95 18 18
95 19 2
95 20 66
95 21 30
95 22 46
95 23 68
95 24 15
95 25 49
95 26 94
95 27 92
95 28 69
95 29 68
95 30 70
95 31 36
95 32 61
95 33 23
95 34 95
95 35 24
95 36 38
95 37 41
95 38 98
95 39 58
95 40 22
95 41 9
95 42 70
95 43 92
95 44 99
95 45 25
95 46 36
95 47 64
95 48 84
95 49 56
95 50 73
95 51 72
95 52 56
95 53 84
95 54 29
95 55 71
95 56 71
95 57 40
95 58 43
95 59 81
95 60 34
95 61 51
95 62 26
95 63 63
95 64 40
95 65 4
95 66 32
95 67 41
95 68 99
95 69 12
95 70 35
95 71 33
95 72 40
95 73 4
95 74 51
95 75 45
95 76 45
95 77 45
95 78 45
95 79 92
95 80 69
95 81 71
95 82 83
95 83 38
95 84 75
95 85 72
95 86 70
95 87 99
95 88 58
95 89 15
95 90 3
95 91 97
95 92 47
95 93 42
95 94 53
95 96 51
95 97 20
95 98 97
95 99 86
95 100 85
96 0 45
96 1 19
96 2 90
96 3 3
96 4 62
96 5 66
96 6 49
96 7 42
96 8 95
96 9 98
96 10 85
96 11 30
96 12 88
96 13 14
96 14 95
96 15 45
96 16 32
96 17 39
96 18 79
96 19 79
96 20 12
96 21 19
96 22 82
96 23 62
96 24 93
96 25 4
96 26 52
96 27 61
96 28 32
96 29 53
96 30 76
96 31 11
96 32 96
96 33 33
96 34 30
96 35 11
96 36 3
96 37 95
96 38 19
96 39 34
96 40 1
96 41 38
96 42 16
96 43 37
96 44 24
96 45 50
96 46 6
96 47 59
96 48 92
96 49 75
96 50 32
96 51 60
96 52 64
96 53 69
96 54 62
96 55 30
96 56 87
96 57 16
96 58 58
96 59 97
96 60 61
96 61 33
96 62 52
96 63 76
96 64 7
96 65 10
96 66 46
96 67 48
96 68 3
96 69 97
96 70 42
96 71 98
96 72 36
96 73 25
96 74 62
96 75 42
96 76 43
96 77 90
96 78 97
96 79 97
96 80 97
96 81 97
96 82 97
96 83 41
96 84 56
96 85 10
96 86 92
96 87 6
96 88 28
96 89 37
96 90 16
96 91 68
96 92 21
96 93 48
96 94 34
96 95 57
96 97 56
96 98 81
96 99 96
96 100 47
97 0 46
97 1 70
97 2 12
97 3 80
97 4 28
97 5 1
97 6 8
97 7 30
97 8 76
97 9 22
97 10 53
97 11 41
97 12 37
97 13 49
97 14 84
97 15 96
97 16 92
97 17 93
97 18 64
97 19 34
97 20 88
97 21 94
97 22 92
97 23 12
97 24 74
97 25 85
97 26 97
97 27 55
97 28 66
97 29 23
97 30 31
97 31 37
97 32 12
97 33 30
97 34 95
97 35 37
97 36 34
97 37 39
97 38 73
97 39 36
97 40 66
97 41 33
97 42 81
97 43 35
97 44 99
97 45 88
97 46 2
97 47 56
97 48 47
97 49 47
97 50 25
97 51 4
97 52 1
97 53 58
97 54 77
97 55 92
97 56 38
97 57 25
97 58 34
97 59 32
97 60 63
97 61 56
97 62 84
97 63 88
97 64 12
97 65 95
97 66 83
97 67 36
97 68 50
97 69 95
97 70 45
97 71 44
97 72 85
97 73 87
97 74 39
97 75 16
97 76 10
97 77 62
97 78 84
97 79 7
97 80 68
97 81 7
97 82 7
97 83 7
97 84 7
97 85 82
97 86 41
97 87 9
97 88 29
97 89 76
97 90 88
97 91 90
97 92 33
97 93 80
97 94 97
97 95 16
97 96 21
97 98 57
97 99 86
97 100 95
98 0 48
98 1 64
98 2 26
98 3 70
98 4 53
98 5 89
98 6 90
98 7 75
98 8 96
98 9 29
98 10 60
98 11 34
98 12 64
98 13 55
98 14 42
98 15 53
98 16 16
98 17 84
98 18 8
98 19 24
98 20 10
98 21 92
98 22 26
98 23 80
98 24 7
98 25 12
98 26 27
98 27 60
98 28 61
98 29 44
98 30 14
98 31 98
98 32 49
98 33 41
98 34 17
98 35 21
98 36 28
98 37 9
98 38 98
98 39 45
98 40 77
98 41 29
98 42 1
98 43 33
98 44 9
98 45 91
98 46 84
98 47 2
98 48 72
98 49 25
98 50 80
98 51 84
98 52 77
98 53 57
98 54 89
98 55 17
98 56 53
98 57 5
98 58 67
98 59 51
98 60 60
98 61 86
98 62 79
98 63 42
98 64 21
98 65 56
98 66 3
98 67 96
98 68 37
98 69 84
98 70 21
98 71 22
98 72 92
98 73 67
98 74 86
98 75 4
98 76 63
98 77 94
98 78 97
98 79 87
98 80 69
98 81 99
98 82 98
98 83 75
98 84 10
98 85 10
98 86 10
98 87 10
98 88 95
98 89 19
98 90 53
98 91 60
98 92 23
98 93 97
98 94 79
98 95 6
98 96 22
98 97 8
98 99 15
98 100 69
99 0 92
99 1 61
99 2 6
99 3 30
99 4 46
99 5 97
99 6 2
99 7 96
99 8 31
99 9 38
99 10 1
99 11 14
99 12 2
99 13 22
99 14 3
99 15 96
99 16 3
99 17 92
99 18 5
99 19 17
99 20 39
99 21 57
99 22 91
99 23 22
99 24 24
99 25 12
99 26 37
99 27 12
99 28 86
99 29 36
99 30 50
99 31 96
99 32 67
99 33 95
99 34 47
99 35 31
99 36 85
99 37 52
99 38 61
99 39 93
99 40 3
99 41 86
99 42 30
99 43 17
99 44 92
99 45 4
99 46 15
99 47 36
99 48 73
99 49 25
99 50 62
99 51 62
99 52 60
99 53 91
99 54 70
99 55 2
99 56 43
99 57 5
99 58 6
99 59 20
99 60 30
99 61 98
99 62 84
99 63 63
99 64 36
99 65 9
99 66 99
99 67 50
99 68 20
99 69 95
99 70 78
99 71 38
99 72 25
99 73 38
99 74 42
99 75 44
99 76 29
99 77 21
99 78 74
99 79 90
99 80 6
99 81 60
99 82 15
99 83 11
99 84 61
99 85 87
99 86 17
99 87 18
99 88 18
99 89 18
99 90 18
99 91 38
99 92 51
99 93 16
99 94 99
99 95 75
99 96 48
99 97 94
99 98 14
99 100 24
100 0 72
100 1 64
100 2 78
100 3 61
100 4 76
100 5 19
100 6 45
100 7 87
100 8 61
100 9 5
100 10 44
100 11 94
100 12 85
100 13 83
100 14 26
100 15 71
100 16 24
100 17 4
100 18 83
100 19 57
100 20 30
100 21 25
100 22 75
100 23 18
100 24 10
100 25 95
100 26 52
100 27 75
100 28 65
100 29 5
100 30 96
100 31 95
100 32 74
100 33 61
100 34 56
100 35 29
100 36 27
100 37 60
100 38 15
100 39 40
100 40 26
100 41 48
100 42 16
100 43 14
100 44 29
100 45 83
100 46 50
100 47 65
100 48 16
100 49 13
100 50 81
100 51 71
100 52 33
100 53 19
100 54 3
100 55 97
100 56 60
100 57 66
100 58 15
100 59 19
100 60 87
100 61 10
100 62 32
100 63 44
100 64 50
100 65 89
100 66 1
100 67 57
100 68 55
100 69 84
100 70 58
100 71 38
100 72 76
100 73 11
100 74 26
100 75 82
100 76 31
100 77 92
100 78 40
100 79 87
100 80 72
100 81 66
100 82 71
100 83 8
100 84 53
100 85 69
100 86 91
100 87 1
100 88 99
100 89 92
100 90 27
100 91 27
100 92 27
100 93 27
100 94 23
100 95 81
100 96 25
100 97 43
100 98 94
100 99 20