100 5
58
22
39
93
85
30
73
50
68
16
66
18
60
73
49
24
23
56
88
24
8
83
9
59
67
54
76
66
45
58
2
56
89
59
48
95
98
46
72
98
46
92
58
9
76
78
5
76
50
33
12
62
7
19
44
28
26
69
74
55
61
26
11
16
44
70
32
33
9
9
59
13
89
65
58
14
21
95
17
93
2
15
74
88
56
79
32
82
36
47
26
15
33
95
36
38
91
7
46
68
0 1 75
0 2 38
0 3 13
0 4 47
0 5 52
0 6 49
0 7 66
0 8 68
0 9 39
0 10 10
0 11 25
0 12 5
0 13 2
0 14 93
0 15 78
0 16 53
0 17 18
0 18 58
0 19 11
0 20 62
0 21 3
0 22 55
0 23 10
0 24 78
0 25 71
0 26 48
0 27 32
0 28 3
0 29 62
0 30 36
0 31 21
0 32 84
0 33 36
0 34 70
0 35 10
0 36 26
0 37 54
0 38 28
0 39 29
0 40 47
0 41 37
0 42 3
0 43 8
0 44 2
0 45 48
0 46 29
0 47 69
0 48 73
0 49 18
0 50 42
0 51 57
0 52 22
0 53 86
0 54 61
0 55 96
0 56 48
0 57 56
0 58 54
0 59 59
0 60 8
0 61 7
0 62 81
0 63 15
0 64 24
0 65 28
0 66 81
0 67 6
0 68 53
0 69 48
0 70 3
0 71 73
0 72 14
0 73 32
0 74 84
0 75 24
0 76 10
0 77 21
0 78 65
0 79 52
0 80 61
0 81 83
0 82 30
0 83 25
0 84 54
0 85 91
0 86 16
0 87 11
0 88 66
0 89 37
0 90 40
0 91 3
0 92 95
0 93 31
0 94 91
0 95 91
0 96 9
0 97 6
0 98 60
0 99 23
0 100 89
1 1 89
1 2 89
1 3 89
1 4 16
1 5 78
1 6 29
1 7 6
1 8 98
1 9 95
1 10 79
1 11 27
1 12 46
1 13 65
1 14 35
1 15 81
1 16 95
1 17 94
1 18 64
1 19 69
1 20 88
1 21 1
1 22 9
1 23 66
1 24 1
1 25 50
1 26 80
1 27 48
1 28 96
1 29 99
1 30 81
1 31 5
1 32 13
1 33 31
1 34 53
1 35 30
1 36 7
1 37 61
1 38 6
1 39 67
1 40 57
1 41 17
1 42 96
1 43 20
1 44 96
1 45 25
1 46 23
1 47 92
1 48 70
1 49 78
1 50 21
1 51 53
1 52 6
1 53 56
1 54 23
1 55 31
1 56 93
1 57 2
1 58 49
1 59 88
1 60 93
1 61 16
1 62 26
1 63 8
1 64 49
1 65 79
1 66 65
1 67 6
1 68 10
1 69 15
1 70 85
1 71 26
1 72 9
1 73 42
1 74 44
1 75 72
1 76 26
1 77 89
1 78 3
1 79 80
1 80 95
1 81 6
1 82 4
1 83 24
1 84 32
1 85 31
1 86 73
1 87 37
1 88 59
1 89 52
1 90 91
1 91 69
1 92 29
1 93 50
1 94 34
1 95 11
1 96 31
1 97 86
1 98 12
1 99 31
1 100 37
2 1 81
2 2 80
2 3 48
2 4 48
2 5 48
2 6 48
2 7 25
2 8 6
2 9 25
2 10 37
2 11 44
2 12 95
2 13 96
2 14 17
2 15 80
2 16 64
2 17 20
2 18 74
2 19 77
2 20 94
2 21 99
2 22 32
2 23 38
2 24 79
2 25 45
2 26 37
2 27 88
2 28 60
2 29 90
2 30 83
2 31 50
2 32 45
2 33 26
2 34 81
2 35 94
2 36 22
2 37 19
2 38 23
2 39 98
2 40 92
2 41 22
2 42 1
2 43 12
2 44 21
2 45 57
2 46 55
2 47 60
2 48 54
2 49 93
2 50 4
2 51 99
2 52 18
2 53 60
2 54 81
2 55 10
2 56 35
2 57 23
2 58 19
2 59 7
2 60 36
2 61 58
2 62 10
2 63 85
2 64 61
2 65 31
2 66 20
2 67 11
2 68 51
2 69 85
2 70 82
2 71 45
2 72 50
2 73 58
2 74 5
2 75 38
2 76 4
2 77 92
2 78 12
2 79 86
2 80 56
2 81 17
2 82 67
2 83 95
2 84 83
2 85 90
2 86 37
2 87 7
2 88 6
2 89 20
2 90 40
2 91 76
2 92 39
2 93 7
2 94 27
2 95 38
2 96 24
2 97 46
2 98 9
2 99 2
2 100 82
3 1 68
3 2 11
3 3 75
3 4 95
3 5 1
3 6 20
3 7 20
3 8 20
3 9 20
3 10 51
3 11 59
3 12 85
3 13 77
3 14 38
3 15 79
3 16 29
3 17 82
3 18 15
3 19 15
3 20 29
3 21 24
3 22 67
3 23 43
3 24 67
3 25 3
3 26 7
3 27 6
3 28 51
3 29 35
3 30 85
3 31 58
3 32 19
3 33 55
3 34 44
3 35 75
3 36 31
3 37 20
3 38 26
3 39 69
3 40 45
3 41 53
3 42 69
3 43 12
3 44 52
3 45 77
3 46 16
3 47 9
3 48 87
3 49 40
3 50 92
3 51 40
3 52 19
3 53 81
3 54 70
3 55 41
3 56 36
3 57 87
3 58 54
3 59 9
3 60 14
3 61 31
3 62 18
3 63 20
3 64 60
3 65 43
3 66 25
3 67 70
3 68 54
3 69 29
3 70 99
3 71 97
3 72 20
3 73 46
3 74 51
3 75 79
3 76 48
3 77 34
3 78 22
3 79 8
3 80 11
3 81 24
3 82 85
3 83 83
3 84 48
3 85 90
3 86 48
3 87 25
3 88 19
3 89 29
3 90 42
3 91 63
3 92 51
3 93 47
3 94 38
3 95 52
3 96 76
3 97 95
3 98 64
3 99 62
3 100 96
4 1 96
4 2 1
4 3 9
4 4 48
4 5 8
4 6 16
4 7 12
4 8 56
4 9 7
4 10 7
4 11 7
4 12 7
4 13 76
4 14 15
4 15 94
4 16 44
4 17 13
4 18 26
4 19 18
4 20 37
4 21 32
4 22 12
4 23 22
4 24 53
4 25 62
4 26 44
4 27 10
4 28 39
4 29 67
4 30 67
4 31 76
4 32 14
4 33 81
4 34 25
4 35 23
4 36 5
4 37 24
4 38 31
4 39 66
4 40 23
4 41 10
4 42 37
4 43 12
4 44 99
4 45 20
4 46 19
4 47 88
4 48 96
4 49 26
4 50 92
4 51 95
4 52 94
4 53 9
4 54 93
4 55 1
4 56 61
4 57 55
4 58 14
4 59 85
4 60 93
4 61 12
4 62 25
4 63 82
4 64 3
4 65 15
4 66 33
4 67 9
4 68 2
4 69 89
4 70 21
4 71 16
4 72 54
4 73 29
4 74 73
4 75 11
4 76 10
4 77 23
4 78 13
4 79 34
4 80 35
4 81 19
4 82 54
4 83 43
4 84 62
4 85 91
4 86 32
4 87 14
4 88 8
4 89 51
4 90 10
4 91 83
4 92 40
4 93 67
4 94 97
4 95 11
4 96 29
4 97 96
4 98 34
4 99 41
4 100 99
5 1 79
5 2 23
5 3 58
5 4 76
5 5 27
5 6 77
5 7 38
5 8 12
5 9 94
5 10 93
5 11 77
5 12 14
5 13 14
5 14 14
5 15 14
5 16 39
5 17 67
5 18 45
5 19 14
5 20 96
5 21 20
5 22 77
5 23 82
5 24 8
5 25 35
5 26 49
5 27 3
5 28 1
5 29 52
5 30 83
5 31 67
5 32 3
5 33 51
5 34 36
5 35 27
5 36 97
5 37 98
5 38 55
5 39 4
5 40 46
5 41 44
5 42 15
5 43 12
5 44 63
5 45 49
5 46 92
5 47 1
5 48 75
5 49 62
5 50 65
5 51 21
5 52 22
5 53 86
5 54 14
5 55 94
5 56 53
5 57 36
5 58 70
5 59 49
5 60 50
5 61 61
5 62 20
5 63 77
5 64 90
5 65 11
5 66 21
5 67 37
5 68 32
5 69 63
5 70 10
5 71 69
5 72 85
5 73 53
5 74 57
5 75 56
5 76 33
5 77 55
5 78 70
5 79 10
5 80 91
5 81 44
5 82 71
5 83 63
5 84 6
5 85 83
5 86 28
5 87 19
5 88 77
5 89 43
5 90 85
5 91 67
5 92 15
5 93 48
5 94 43
5 95 35
5 96 43
5 97 71
5 98 93
5 99 77
5 100 49
6 1 10
6 2 89
6 3 61
6 4 2
6 5 43
6 6 7
6 7 5
6 8 58
6 9 78
6 10 30
6 11 57
6 12 57
6 13 62
6 14 61
6 15 32
6 16 32
6 17 32
6 18 32
6 19 50
6 20 93
6 21 46
6 22 41
6 23 56
6 24 72
6 25 23
6 26 47
6 27 72
6 28 6
6 29 87
6 30 29
6 31 59
6 32 81
6 33 56
6 34 55
6 35 40
6 36 76
6 37 5
6 38 40
6 39 62
6 40 85
6 41 25
6 42 22
6 43 41
6 44 15
6 45 21
6 46 46
6 47 56
6 48 73
6 49 16
6 50 33
6 51 65
6 52 80
6 53 23
6 54 21
6 55 30
6 56 86
6 57 46
6 58 3
6 59 78
6 60 97
6 61 68
6 62 17
6 63 46
6 64 7
6 65 54
6 66 13
6 67 23
6 68 2
6 69 88
6 70 74
6 71 41
6 72 74
6 73 72
6 74 40
6 75 89
6 76 25
6 77 58
6 78 45
6 79 75
6 80 37
6 81 1
6 82 95
6 83 9
6 84 53
6 85 97
6 86 51
6 87 74
6 88 13
6 89 47
6 90 22
6 91 60
6 92 77
6 93 37
6 94 76
6 95 77
6 96 70
6 97 99
6 98 41
6 99 96
6 100 6
7 1 72
7 2 44
7 3 94
7 4 50
7 5 38
7 6 48
7 7 25
7 8 22
7 9 89
7 10 36
7 11 48
7 12 56
7 13 9
7 14 93
7 15 85
7 16 98
7 17 34
7 18 66
7 19 66
7 20 66
7 21 66
7 22 39
7 23 82
7 24 25
7 25 72
7 26 57
7 27 46
7 28 61
7 29 39
7 30 10
7 31 41
7 32 4
7 33 74
7 34 62
7 35 22
7 36 34
7 37 48
7 38 88
7 39 83
7 40 2
7 41 78
7 42 3
7 43 7
7 44 73
7 45 89
7 46 41
7 47 72
7 48 1
7 49 75
7 50 89
7 51 93
7 52 86
7 53 65
7 54 95
7 55 29
7 56 86
7 57 80
7 58 96
7 59 22
7 60 93
7 61 91
7 62 55
7 63 18
7 64 31
7 65 82
7 66 68
7 67 81
7 68 49
7 69 62
7 70 93
7 71 6
7 72 60
7 73 89
7 74 1
7 75 95
7 76 19
7 77 42
7 78 88
7 79 82
7 80 10
7 81 43
7 82 81
7 83 90
7 84 82
7 85 23
7 86 4
7 87 57
7 88 56
7 89 7
7 90 98
7 91 95
7 92 14
7 93 52
7 94 54
7 95 33
7 96 62
7 97 68
7 98 80
7 99 47
7 100 11
8 1 15
8 2 21
8 3 1
8 4 53
8 5 47
8 6 22
8 7 16
8 8 96
8 9 30
8 10 90
8 11 17
8 12 12
8 13 83
8 14 26
8 15 58
8 16 97
8 17 88
8 18 48
8 19 56
8 20 69
8 21 38
8 22 38
8 23 38
8 24 38
8 25 43
8 26 36
8 27 97
8 28 89
8 29 1
8 30 58
8 31 93
8 32 45
8 33 37
8 34 50
8 35 25
8 36 47
8 37 18
8 38 10
8 39 25
8 40 87
8 41 70
8 42 59
8 43 22
8 44 4
8 45 12
8 46 64
8 47 77
8 48 86
8 49 67
8 50 29
8 51 58
8 52 60
8 53 54
8 54 51
8 55 42
8 56 31
8 57 23
8 58 37
8 59 19
8 60 73
8 61 89
8 62 41
8 63 30
8 64 85
8 65 59
8 66 23
8 67 53
8 68 37
8 69 79
8 70 14
8 71 29
8 72 10
8 73 11
8 74 72
8 75 29
8 76 74
8 77 65
8 78 39
8 79 68
8 80 52
8 81 26
8 82 80
8 83 42
8 84 83
8 85 53
8 86 17
8 87 23
8 88 55
8 89 18
8 90 22
8 91 72
8 92 57
8 93 70
8 94 18
8 95 93
8 96 77
8 97 66
8 98 15
8 99 93
8 100 26
9 1 20
9 2 12
9 3 62
9 4 23
9 5 68
9 6 33
9 7 95
9 8 92
9 9 35
9 10 74
9 11 19
9 12 25
9 13 92
9 14 19
9 15 70
9 16 48
9 17 97
9 18 12
9 19 87
9 20 38
9 21 75
9 22 6
9 23 68
9 24 7
9 25 7
9 26 7
9 27 7
9 28 81
9 29 36
9 30 42
9 31 18
9 32 74
9 33 41
9 34 52
9 35 2
9 36 94
9 37 73
9 38 39
9 39 33
9 40 80
9 41 54
9 42 54
9 43 66
9 44 72
9 45 46
9 46 59
9 47 61
9 48 92
9 49 63
9 50 10
9 51 45
9 52 29
9 53 51
9 54 89
9 55 52
9 56 97
9 57 20
9 58 54
9 59 74
9 60 74
9 61 69
9 62 41
9 63 46
9 64 52
9 65 87
9 66 39
9 67 89
9 68 56
9 69 78
9 70 27
9 71 60
9 72 67
9 73 78
9 74 92
9 75 1
9 76 26
9 77 63
9 78 42
9 79 75
9 80 18
9 81 40
9 82 79
9 83 83
9 84 15
9 85 24
9 86 60
9 87 22
9 88 9
9 89 94
9 90 89
9 91 3
9 92 63
9 93 8
9 94 51
9 95 90
9 96 7
9 97 98
9 98 3
9 99 39
9 100 23
10 1 99
10 2 22
10 3 42
10 4 3
10 5 24
10 6 16
10 7 92
10 8 13
10 9 26
10 10 20
10 11 4
10 12 51
10 13 83
10 14 24
10 15 68
10 16 79
10 17 64
10 18 77
10 19 82
10 20 7
10 21 54
10 22 88
10 23 76
10 24 5
10 25 65
10 26 66
10 27 10
10 28 10
10 29 10
10 30 10
10 31 8
10 32 64
10 33 25
10 34 46
10 35 39
10 36 7
10 37 75
10 38 40
10 39 57
10 40 25
10 41 56
10 42 34
10 43 95
10 44 31
10 45 31
10 46 34
10 47 6
10 48 10
10 49 88
10 50 16
10 51 80
10 52 72
10 53 70
10 54 53
10 55 30
10 56 38
10 57 17
10 58 82
10 59 49
10 60 69
10 61 6
10 62 29
10 63 66
10 64 24
10 65 32
10 66 35
10 67 82
10 68 36
10 69 4
10 70 7
10 71 47
10 72 11
10 73 41
10 74 44
10 75 90
10 76 96
10 77 24
10 78 66
10 79 25
10 80 55
10 81 28
10 82 7
10 83 77
10 84 23
10 85 33
10 86 73
10 87 98
10 88 57
10 89 85
10 90 95
10 91 47
10 92 49
10 93 66
10 94 8
10 95 32
10 96 52
10 97 67
10 98 9
10 99 53
10 100 46
11 1 60
11 2 47
11 3 25
11 4 3
11 5 38
11 6 65
11 7 90
11 8 81
11 9 5
11 10 13
11 11 19
11 12 87
11 13 41
11 14 10
11 15 86
11 16 6
11 17 80
11 18 1
11 19 32
11 20 75
11 21 13
11 22 96
11 23 37
11 24 36
11 25 87
11 26 28
11 27 54
11 28 36
11 29 94
11 30 81
11 31 81
11 32 81
11 33 81
11 34 39
11 35 54
11 36 12
11 37 60
11 38 89
11 39 97
11 40 13
11 41 8
11 42 71
11 43 70
11 44 40
11 45 50
11 46 12
11 47 42
11 48 48
11 49 10
11 50 80
11 51 1
11 52 61
11 53 53
11 54 70
11 55 14
11 56 37
11 57 77
11 58 88
11 59 70
11 60 98
11 61 46
11 62 1
11 63 8
11 64 54
11 65 37
11 66 33
11 67 18
11 68 91
11 69 60
11 70 20
11 71 67
11 72 80
11 73 26
11 74 84
11 75 77
11 76 26
11 77 44
11 78 19
11 79 68
11 80 13
11 81 12
11 82 49
11 83 18
11 84 60
11 85 74
11 86 42
11 87 75
11 88 94
11 89 11
11 90 93
11 91 35
11 92 49
11 93 16
11 94 4
11 95 20
11 96 37
11 97 91
11 98 5
11 99 95
11 100 98
12 1 57
12 2 60
12 3 37
12 4 22
12 5 33
12 6 75
12 7 46
12 8 13
12 9 73
12 10 16
12 11 62
12 12 37
12 13 53
12 14 34
12 15 41
12 16 31
12 17 85
12 18 14
12 19 85
12 20 1
12 21 64
12 22 63
12 23 61
12 24 84
12 25 33
12 26 44
12 27 1
12 28 61
12 29 85
12 30 68
12 31 9
12 32 19
12 33 75
12 34 75
12 35 75
12 36 75
12 37 17
12 38 17
12 39 98
12 40 3
12 41 80
12 42 13
12 43 33
12 44 92
12 45 85
12 46 77
12 47 95
12 48 58
12 49 97
12 50 10
12 51 53
12 52 79
12 53 96
12 54 36
12 55 68
12 56 50
12 57 27
12 58 59
12 59 84
12 60 61
12 61 89
12 62 57
12 63 25
12 64 78
12 65 42
12 66 95
12 67 43
12 68 1
12 69 30
12 70 8
12 71 62
12 72 66
12 73 11
12 74 85
12 75 71
12 76 42
12 77 47
12 78 99
12 79 24
12 80 61
12 81 11
12 82 39
12 83 77
12 84 30
12 85 72
12 86 23
12 87 56
12 88 70
12 89 47
12 90 17
12 91 80
12 92 79
12 93 14
12 94 90
12 95 58
12 96 36
12 97 93
12 98 82
12 99 56
12 100 48
13 1 84
13 2 27
13 3 95
13 4 2
13 5 35
13 6 6
13 7 47
13 8 73
13 9 99
13 10 86
13 11 86
13 12 71
13 13 90
13 14 37
13 15 92
13 16 97
13 17 10
13 18 69
13 19 15
13 20 54
13 21 47
13 22 89
13 23 97
13 24 77
13 25 42
13 26 44
13 27 3
13 28 55
13 29 36
13 30 11
13 31 50
13 32 64
13 33 59
13 34 15
13 35 56
13 36 62
13 37 62
13 38 62
13 39 62
13 40 29
13 41 24
13 42 79
13 43 41
13 44 78
13 45 6
13 46 91
13 47 65
13 48 1
13 49 60
13 50 73
13 51 23
13 52 43
13 53 63
13 54 91
13 55 82
13 56 28
13 57 37
13 58 56
13 59 52
13 60 58
13 61 98
13 62 39
13 63 11
13 64 52
13 65 46
13 66 83
13 67 38
13 68 37
13 69 38
13 70 23
13 71 87
13 72 18
13 73 3
13 74 7
13 75 82
13 76 69
13 77 56
13 78 76
13 79 31
13 80 24
13 81 51
13 82 12
13 83 17
13 84 7
13 85 20
13 86 54
13 87 50
13 88 28
13 89 90
13 90 43
13 91 57
13 92 22
13 93 41
13 94 51
13 95 68
13 96 98
13 97 79
13 98 60
13 99 54
13 100 94
14 1 95
14 2 97
14 3 15
14 4 16
14 5 32
14 6 33
14 7 97
14 8 1
14 9 82
14 10 59
14 11 70
14 12 98
14 13 63
14 14 84
14 15 3
14 16 12
14 17 87
14 18 8
14 19 69
14 20 27
14 21 88
14 22 9
14 23 67
14 24 81
14 25 69
14 26 38
14 27 10
14 28 96
14 29 87
14 30 91
14 31 97
14 32 70
14 33 84
14 34 42
14 35 23
14 36 26
14 37 78
14 38 22
14 39 12
14 40 12
14 41 12
14 42 12
14 43 35
14 44 5
14 45 49
14 46 77
14 47 94
14 48 24
14 49 53
14 50 70
14 51 8
14 52 65
14 53 63
14 54 27
14 55 90
14 56 60
14 57 90
14 58 59
14 59 79
14 60 94
14 61 54
14 62 31
14 63 85
14 64 84
14 65 73
14 66 36
14 67 24
14 68 55
14 69 93
14 70 81
14 71 32
14 72 16
14 73 46
14 74 17
14 75 29
14 76 95
14 77 28
14 78 25
14 79 3
14 80 78
14 81 8
14 82 48
14 83 34
14 84 16
14 85 92
14 86 65
14 87 60
14 88 62
14 89 74
14 90 45
14 91 5
14 92 2
14 93 20
14 94 95
14 95 44
14 96 64
14 97 70
14 98 9
14 99 33
14 100 66
15 1 76
15 2 10
15 3 74
15 4 6
15 5 74
15 6 49
15 7 8
15 8 54
15 9 60
15 10 78
15 11 86
15 12 96
15 13 31
15 14 64
15 15 38
15 16 14
15 17 73
15 18 83
15 19 20
15 20 38
15 21 3
15 22 23
15 23 29
15 24 8
15 25 85
15 26 66
15 27 22
15 28 79
15 29 62
15 30 73
15 31 7
15 32 25
15 33 41
15 34 12
15 35 50
15 36 57
15 37 16
15 38 65
15 39 71
15 40 84
15 41 95
15 42 73
15 43 73
15 44 73
15 45 73
15 46 60
15 47 42
15 48 5
15 49 48
15 50 34
15 51 83
15 52 99
15 53 60
15 54 34
15 55 45
15 56 31
15 57 34
15 58 8
15 59 35
15 60 51
15 61 21
15 62 76
15 63 75
15 64 38
15 65 51
15 66 41
15 67 35
15 68 16
15 69 60
15 70 63
15 71 87
15 72 54
15 73 12
15 74 6
15 75 47
15 76 40
15 77 4
15 78 45
15 79 39
15 80 82
15 81 47
15 82 33
15 83 93
15 84 18
15 85 23
15 86 52
15 87 30
15 88 52
15 89 89
15 90 78
15 91 24
15 92 51
15 93 13
15 94 24
15 95 42
15 96 26
15 97 57
15 98 8
15 99 93
15 100 9
16 1 64
16 2 93
16 3 23
16 4 99
16 5 73
16 6 52
16 7 12
16 8 39
16 9 67
16 10 80
16 11 43
16 12 97
16 13 43
16 14 48
16 15 47
16 16 41
16 17 1
16 18 54
16 19 89
16 20 41
16 21 5
16 22 5
16 23 34
16 24 54
16 25 51
16 26 35
16 27 99
16 28 92
16 29 93
16 30 1
16 31 40
16 32 19
16 33 99
16 34 43
16 35 64
16 36 13
16 37 54
16 38 21
16 39 92
16 40 16
16 41 49
16 42 91
16 43 47
16 44 79
16 45 13
16 46 13
16 47 13
16 48 13
16 49 48
16 50 33
16 51 2
16 52 34
16 53 53
16 54 80
16 55 70
16 56 89
16 57 19
16 58 65
16 59 6
16 60 24
16 61 27
16 62 65
16 63 75
16 64 56
16 65 20
16 66 8
16 67 46
16 68 95
16 69 21
16 70 84
16 71 67
16 72 59
16 73 78
16 74 19
16 75 56
16 76 39
16 77 59
16 78 87
16 79 86
16 80 84
16 81 33
16 82 11
16 83 28
16 84 45
16 85 80
16 86 66
16 87 58
16 88 44
16 89 45
16 90 95
16 91 82
16 92 65
16 93 36
16 94 66
16 95 53
16 96 81
16 97 39
16 98 39
16 99 77
16 100 21
17 1 2
17 2 17
17 3 98
17 4 51
17 5 71
17 6 3
17 7 64
17 8 96
17 9 68
17 10 25
17 11 95
17 12 80
17 13 58
17 14 56
17 15 90
17 16 61
17 17 74
17 18 54
17 19 47
17 20 69
17 21 30
17 22 31
17 23 15
17 24 3
17 25 81
17 26 75
17 27 19
17 28 63
17 29 12
17 30 90
17 31 93
17 32 74
17 33 91
17 34 45
17 35 69
17 36 66
17 37 60
17 38 6
17 39 68
17 40 13
17 41 61
17 42 74
17 43 14
17 44 6
17 45 93
17 46 83
17 47 65
17 48 43
17 49 43
17 50 43
17 51 43
17 52 51
17 53 14
17 54 74
17 55 2
17 56 50
17 57 87
17 58 10
17 59 24
17 60 30
17 61 1
17 62 24
17 63 37
17 64 47
17 65 62
17 66 74
17 67 22
17 68 44
17 69 2
17 70 77
17 71 73
17 72 4
17 73 6
17 74 53
17 75 98
17 76 49
17 77 25
17 78 77
17 79 73
17 80 53
17 81 1
17 82 62
17 83 52
17 84 25
17 85 30
17 86 68
17 87 29
17 88 28
17 89 40
17 90 70
17 91 67
17 92 77
17 93 38
17 94 87
17 95 70
17 96 87
17 97 6
17 98 56
17 99 18
17 100 50
18 1 57
18 2 35
18 3 13
18 4 37
18 5 55
18 6 37
18 7 93
18 8 57
18 9 51
18 10 12
18 11 12
18 12 41
18 13 21
18 14 56
18 15 32
18 16 12
18 17 36
18 18 85
18 19 42
18 20 47
18 21 22
18 22 66
18 23 28
18 24 70
18 25 72
18 26 23
18 27 34
18 28 97
18 29 86
18 30 11
18 31 18
18 32 99
18 33 25
18 34 15
18 35 33
18 36 93
18 37 16
18 38 4
18 39 52
18 40 17
18 41 81
18 42 5
18 43 46
18 44 30
18 45 66
18 46 65
18 47 95
18 48 78
18 49 60
18 50 94
18 51 91
18 52 91
18 53 91
18 54 91
18 55 37
18 56 93
18 57 84
18 58 2
18 59 49
18 60 78
18 61 1
18 62 9
18 63 48
18 64 6
18 65 87
18 66 91
18 67 86
18 68 7
18 69 29
18 70 92
18 71 84
18 72 58
18 73 7
18 74 55
18 75 69
18 76 85
18 77 65
18 78 71
18 79 63
18 80 74
18 81 79
18 82 86
18 83 84
18 84 98
18 85 45
18 86 47
18 87 67
18 88 41
18 89 21
18 90 68
18 91 7
18 92 94
18 93 63
18 94 40
18 95 49
18 96 40
18 97 79
18 98 96
18 99 89
18 100 30
19 1 44
19 2 31
19 3 70
19 4 37
19 5 68
19 6 31
19 7 32
19 8 55
19 9 72
19 10 11
19 11 25
19 12 48
19 13 7
19 14 25
19 15 48
19 16 73
19 17 32
19 18 42
19 19 96
19 20 57
19 21 1
19 22 9
19 23 58
19 24 37
19 25 93
19 26 31
19 27 89
19 28 14
19 29 27
19 30 56
19 31 61
19 32 77
19 33 56
19 34 67
19 35 73
19 36 62
19 37 35
19 38 72
19 39 60
19 40 16
19 41 21
19 42 80
19 43 50
19 44 14
19 45 60
19 46 87
19 47 50
19 48 91
19 49 73
19 50 18
19 51 52
19 52 58
19 53 25
19 54 41
19 55 41
19 56 41
19 57 41
19 58 86
19 59 79
19 60 69
19 61 68
19 62 79
19 63 24
19 64 26
19 65 10
19 66 23
19 67 5
19 68 3
19 69 68
19 70 9
19 71 8
19 72 67
19 73 71
19 74 60
19 75 42
19 76 55
19 77 11
19 78 76
19 79 74
19 80 99
19 81 62
19 82 51
19 83 57
19 84 99
19 85 50
19 86 11
19 87 47
19 88 43
19 89 96
19 90 37
19 91 84
19 92 62
19 93 23
19 94 88
19 95 17
19 96 88
19 97 97
19 98 43
19 99 97
19 100 18
20 1 62
20 2 16
20 3 29
20 4 74
20 5 71
20 6 97
20 7 18
20 8 42
20 9 31
20 10 87
20 11 19
20 12 98
20 13 93
20 14 19
20 15 37
20 16 33
20 17 99
20 18 72
20 19 95
20 20 83
20 21 40
20 22 72
20 23 90
20 24 44
20 25 65
20 26 76
20 27 30
20 28 25
20 29 17
20 30 92
20 31 8
20 32 55
20 33 7
20 34 99
20 35 62
20 36 38
20 37 61
20 38 50
20 39 39
20 40 24
20 41 36
20 42 17
20 43 37
20 44 12
20 45 24
20 46 77
20 47 6
20 48 2
20 49 92
20 50 70
20 51 33
20 52 29
20 53 51
20 54 68
20 55 20
20 56 52
20 57 76
20 58 76
20 59 76
20 60 76
20 61 32
20 62 78
20 63 78
20 64 93
20 65 86
20 66 91
20 67 15
20 68 13
20 69 55
20 70 86
20 71 48
20 72 13
20 73 53
20 74 50
20 75 68
20 76 73
20 77 88
20 78 88
20 79 80
20 80 58
20 81 18
20 82 61
20 83 71
20 84 43
20 85 80
20 86 62
20 87 57
20 88 48
20 89 81
20 90 22
20 91 99
20 92 80
20 93 83
20 94 43
20 95 96
20 96 27
20 97 53
20 98 48
20 99 97
20 100 55
21 1 32
21 2 11
21 3 47
21 4 67
21 5 94
21 6 38
21 7 8
21 8 95
21 9 37
21 10 73
21 11 1
21 12 47
21 13 76
21 14 85
21 15 18
21 16 44
21 17 63
21 18 61
21 19 56
21 20 91
21 21 3
21 22 61
21 23 20
21 24 7
21 25 18
21 26 63
21 27 43
21 28 43
21 29 30
21 30 88
21 31 14
21 32 73
21 33 79
21 34 43
21 35 1
21 36 48
21 37 8
21 38 47
21 39 99
21 40 81
21 41 64
21 42 39
21 43 82
21 44 14
21 45 93
21 46 6
21 47 72
21 48 64
21 49 42
21 50 5
21 51 83
21 52 20
21 53 36
21 54 88
21 55 93
21 56 97
21 57 46
21 58 51
21 59 27
21 60 74
21 61 74
21 62 74
21 63 74
21 64 33
21 65 33
21 66 73
21 67 66
21 68 51
21 69 45
21 70 19
21 71 96
21 72 73
21 73 52
21 74 59
21 75 87
21 76 86
21 77 94
21 78 78
21 79 60
21 80 23
21 81 39
21 82 6
21 83 25
21 84 81
21 85 49
21 86 96
21 87 37
21 88 49
21 89 33
21 90 66
21 91 95
21 92 33
21 93 92
21 94 42
21 95 96
21 96 45
21 97 82
21 98 13
21 99 69
21 100 39
22 1 81
22 2 7
22 3 63
22 4 65
22 5 62
22 6 10
22 7 53
22 8 48
22 9 6
22 10 13
22 11 94
22 12 95
22 13 66
22 14 5
22 15 55
22 16 23
22 17 36
22 18 2
22 19 1
22 20 16
22 21 74
22 22 33
22 23 69
22 24 19
22 25 93
22 26 5
22 27 33
22 28 8
22 29 76
22 30 40
22 31 66
22 32 95
22 33 23
22 34 23
22 35 72
22 36 18
22 37 90
22 38 77
22 39 50
22 40 66
22 41 82
22 42 69
22 43 71
22 44 92
22 45 87
22 46 50
22 47 64
22 48 21
22 49 59
22 50 88
22 51 74
22 52 6
22 53 47
22 54 35
22 55 52
22 56 41
22 57 56
22 58 63
22 59 10
22 60 25
22 61 4
22 62 78
22 63 23
22 64 23
22 65 23
22 66 23
22 67 99
22 68 30
22 69 74
22 70 70
22 71 33
22 72 19
22 73 25
22 74 94
22 75 29
22 76 54
22 77 20
22 78 1
22 79 3
22 80 76
22 81 30
22 82 98
22 83 34
22 84 90
22 85 44
22 86 48
22 87 9
22 88 67
22 89 11
22 90 58
22 91 76
22 92 69
22 93 96
22 94 71
22 95 32
22 96 93
22 97 32
22 98 68
22 99 61
22 100 31
23 1 92
23 2 59
23 3 55
23 4 41
23 5 32
23 6 39
23 7 60
23 8 18
23 9 23
23 10 4
23 11 11
23 12 70
23 13 2
23 14 70
23 15 12
23 16 19
23 17 20
23 18 67
23 19 59
23 20 73
23 21 32
23 22 49
23 23 43
23 24 70
23 25 68
23 26 63
23 27 16
23 28 64
23 29 45
23 30 79
23 31 41
23 32 60
23 33 74
23 34 15
23 35 51
23 36 72
23 37 37
23 38 92
23 39 77
23 40 81
23 41 19
23 42 47
23 43 63
23 44 99
23 45 76
23 46 80
23 47 72
23 48 83
23 49 23
23 50 38
23 51 32
23 52 14
23 53 52
23 54 41
23 55 6
23 56 58
23 57 69
23 58 59
23 59 65
23 60 38
23 61 47
23 62 41
23 63 98
23 64 70
23 65 19
23 66 85
23 67 85
23 68 85
23 69 85
23 70 77
23 71 98
23 72 47
23 73 22
23 74 89
23 75 21
23 76 87
23 77 66
23 78 46
23 79 36
23 80 64
23 81 70
23 82 69
23 83 21
23 84 36
23 85 27
23 86 22
23 87 25
23 88 97
23 89 74
23 90 2
23 91 73
23 92 51
23 93 40
23 94 32
23 95 49
23 96 61
23 97 59
23 98 72
23 99 98
23 100 72
24 1 30
24 2 58
24 3 93
24 4 32
24 5 50
24 6 8
24 7 85
24 8 79
24 9 49
24 10 70
24 11 44
24 12 4
24 13 15
24 14 27
24 15 71
24 16 27
24 17 90
24 18 24
24 19 74
24 20 81
24 21 95
24 22 78
24 23 86
24 24 11
24 25 14
24 26 86
24 27 66
24 28 79
24 29 75
24 30 22
24 31 29
24 32 87
24 33 98
24 34 84
24 35 70
24 36 36
24 37 87
24 38 10
24 39 73
24 40 70
24 41 8
24 42 96
24 43 22
24 44 54
24 45 71
24 46 35
24 47 39
24 48 93
24 49 97
24 50 68
24 51 89
24 52 55
24 53 50
24 54 93
24 55 41
24 56 46
24 57 32
24 58 68
24 59 36
24 60 25
24 61 72
24 62 36
24 63 70
24 64 59
24 65 73
24 66 11
24 67 20
24 68 74
24 69 39
24 70 39
24 71 39
24 72 39
24 73 39
24 74 27
24 75 59
24 76 70
24 77 18
24 78 49
24 79 53
24 80 2
24 81 63
24 82 23
24 83 69
24 84 70
24 85 40
24 86 73
24 87 43
24 88 54
24 89 30
24 90 6
24 91 32
24 92 61
24 93 16
24 94 42
24 95 62
24 96 40
24 97 20
24 98 61
24 99 59
24 100 16
25 1 14
25 2 47
25 3 29
25 4 20
25 5 13
25 6 45
25 7 22
25 8 96
25 9 10
25 10 10
25 11 23
25 12 69
25 13 12
25 14 52
25 15 54
25 16 62
25 17 75
25 18 18
25 19 27
25 20 91
25 21 30
25 22 26
25 23 89
25 24 71
25 25 82
25 26 84
25 27 7
25 28 75
25 29 84
25 30 25
25 31 78
25 32 40
25 33 44
25 34 81
25 35 36
25 36 1
25 37 25
25 38 10
25 39 4
25 40 42
25 41 53
25 42 10
25 43 1
25 44 54
25 45 93
25 46 72
25 47 36
25 48 7
25 49 20
25 50 32
25 51 79
25 52 12
25 53 43
25 54 9
25 55 48
25 56 94
25 57 66
25 58 24
25 59 97
25 60 69
25 61 86
25 62 78
25 63 15
25 64 3
25 65 46
25 66 57
25 67 31
25 68 70
25 69 57
25 70 15
25 71 92
25 72 3
25 73 3
25 74 3
25 75 3
25 76 60
25 77 81
25 78 89
25 79 82
25 80 61
25 81 49
25 82 26
25 83 86
25 84 1
25 85 94
25 86 3
25 87 36
25 88 24
25 89 86
25 90 14
25 91 79
25 92 28
25 93 41
25 94 76
25 95 64
25 96 37
25 97 31
25 98 73
25 99 71
25 100 47
26 1 83
26 2 78
26 3 50
26 4 30
26 5 38
26 6 49
26 7 19
26 8 31
26 9 37
26 10 67
26 11 69
26 12 68
26 13 61
26 14 90
26 15 1
26 16 2
26 17 91
26 18 18
26 19 78
26 20 8
26 21 12
26 22 83
26 23 70
26 24 24
26 25 88
26 26 66
26 27 52
26 28 62
26 29 30
26 30 9
26 31 61
26 32 5
26 33 27
26 34 63
26 35 9
26 36 68
26 37 82
26 38 99
26 39 47
26 40 16
26 41 6
26 42 45
26 43 87
26 44 23
26 45 58
26 46 82
26 47 60
26 48 95
26 49 75
26 50 12
26 51 74
26 52 16
26 53 59
26 54 53
26 55 11
26 56 14
26 57 5
26 58 72
26 59 29
26 60 60
26 61 31
26 62 38
26 63 43
26 64 48
26 65 49
26 66 44
26 67 12
26 68 37
26 69 10
26 70 67
26 71 88
26 72 61
26 73 74
26 74 27
26 75 25
26 76 25
26 77 25
26 78 25
26 79 90
26 80 95
26 81 27
26 82 27
26 83 43
26 84 79
26 85 14
26 86 48
26 87 53
26 88 67
26 89 11
26 90 33
26 91 48
26 92 13
26 93 38
26 94 6
26 95 34
26 96 31
26 97 94
26 98 30
26 99 22
26 100 1
27 1 74
27 2 67
27 3 90
27 4 78
27 5 92
27 6 92
27 7 83
27 8 15
27 9 72
27 10 20
27 11 58
27 12 77
27 13 75
27 14 92
27 15 97
27 16 1
27 17 8
27 18 99
27 19 29
27 20 14
27 21 73
27 22 81
27 23 96
27 24 19
27 25 28
27 26 25
27 27 61
27 28 26
27 29 78
27 30 70
27 31 53
27 32 4
27 33 86
27 34 2
27 35 55
27 36 27
27 37 19
27 38 68
27 39 2
27 40 55
27 41 65
27 42 40
27 43 26
27 44 73
27 45 72
27 46 63
27 47 42
27 48 41
27 49 22
27 50 86
27 51 94
27 52 95
27 53 78
27 54 20
27 55 16
27 56 46
27 57 22
27 58 53
27 59 20
27 60 64
27 61 3
27 62 3
27 63 62
27 64 74
27 65 97
27 66 63
27 67 50
27 68 68
27 69 81
27 70 12
27 71 10
27 72 57
27 73 8
27 74 21
27 75 88
27 76 8
27 77 69
27 78 2
27 79 2
27 80 2
27 81 2
27 82 64
27 83 69
27 84 68
27 85 15
27 86 25
27 87 66
27 88 19
27 89 96
27 90 68
27 91 79
27 92 88
27 93 50
27 94 40
27 95 95
27 96 28
27 97 58
27 98 50
27 99 56
27 100 4
28 1 37
28 2 99
28 3 71
28 4 21
28 5 18
28 6 76
28 7 76
28 8 68
28 9 4
28 10 41
28 11 57
28 12 2
28 13 5
28 14 96
28 15 39
28 16 31
28 17 38
28 18 26
28 19 28
28 20 74
28 21 60
28 22 72
28 23 19
28 24 85
28 25 89
28 26 49
28 27 79
28 28 64
28 29 73
28 30 75
28 31 45
28 32 67
28 33 68
28 34 42
28 35 31
28 36 37
28 37 42
28 38 99
28 39 66
28 40 80
28 41 56
28 42 15
28 43 75
28 44 11
28 45 85
28 46 5
28 47 8
28 48 33
28 49 21
28 50 60
28 51 67
28 52 18
28 53 16
28 54 98
28 55 99
28 56 77
28 57 63
28 58 15
28 59 49
28 60 60
28 61 54
28 62 69
28 63 83
28 64 80
28 65 93
28 66 76
28 67 41
28 68 45
28 69 58
28 70 22
28 71 63
28 72 48
28 73 70
28 74 9
28 75 78
28 76 6
28 77 34
28 78 17
28 79 52
28 80 8
28 81 56
28 82 56
28 83 56
28 84 56
28 85 83
28 86 56
28 87 74
28 88 29
28 89 77
28 90 4
28 91 85
28 92 91
28 93 46
28 94 53
28 95 27
28 96 41
28 97 38
28 98 98
28 99 79
28 100 91
29 1 66
29 2 23
29 3 91
29 4 50
29 5 5
29 6 67
29 7 1
29 8 53
29 9 40
29 10 87
29 11 28
29 12 66
29 13 26
29 14 39
29 15 18
29 16 53
29 17 84
29 18 25
29 19 24
29 20 10
29 21 42
29 22 50
29 23 54
29 24 39
29 25 45
29 26 55
29 27 68
29 28 54
29 29 31
29 30 12
29 31 6
29 32 13
29 33 69
29 34 16
29 35 78
29 36 44
29 37 83
29 38 23
29 39 57
29 40 21
29 41 71
29 42 79
29 43 87
29 44 86
29 45 28
29 46 86
29 47 60
29 48 19
29 49 49
29 50 36
29 51 80
29 52 16
29 53 3
29 54 73
29 55 18
29 56 89
29 57 50
29 58 65
29 59 65
29 60 93
29 61 91
29 62 14
29 63 20
29 64 37
29 65 61
29 66 98
29 67 27
29 68 11
29 69 90
29 70 29
29 71 25
29 72 6
29 73 87
29 74 63
29 75 97
29 76 16
29 77 40
29 78 67
29 79 59
29 80 2
29 81 92
29 82 20
29 83 4
29 84 14
29 85 14
29 86 14
29 87 14
29 88 89
29 89 82
29 90 25
29 91 10
29 92 55
29 93 9
29 94 96
29 95 43
29 96 97
29 97 57
29 98 45
29 99 28
29 100 65
30 1 59
30 2 95
30 3 1
30 4 45
30 5 23
30 6 69
30 7 92
30 8 75
30 9 50
30 10 9
30 11 74
30 12 74
30 13 97
30 14 72
30 15 92
30 16 90
30 17 10
30 18 6
30 19 81
30 20 87
30 21 3
30 22 31
30 23 68
30 24 59
30 25 49
30 26 74
30 27 66
30 28 43
30 29 6
30 30 17
30 31 19
30 32 68
30 33 62
30 34 83
30 35 95
30 36 91
30 37 35
30 38 35
30 39 18
30 40 64
30 41 37
30 42 61
30 43 81
30 44 90
30 45 88
30 46 80
30 47 46
30 48 62
30 49 38
30 50 68
30 51 51
30 52 42
30 53 38
30 54 2
30 55 52
30 56 50
30 57 9
30 58 34
30 59 53
30 60 3
30 61 53
30 62 59
30 63 56
30 64 10
30 65 2
30 66 23
30 67 69
30 68 40
30 69 31
30 70 43
30 71 69
30 72 43
30 73 19
30 74 62
30 75 4
30 76 71
30 77 64
30 78 14
30 79 63
30 80 36
30 81 49
30 82 55
30 83 19
30 84 45
30 85 20
30 86 71
30 87 34
30 88 34
30 89 34
30 90 34
30 91 88
30 92 3
30 93 2
30 94 34
30 95 12
30 96 53
30 97 58
30 98 9
30 99 9
30 100 77
31 1 72
31 2 49
31 3 36
31 4 67
31 5 28
31 6 97
31 7 92
31 8 51
31 9 94
31 10 30
31 11 87
31 12 44
31 13 73
31 14 94
31 15 43
31 16 34
31 17 37
31 18 38
31 19 86
31 20 78
31 21 61
31 22 16
31 23 76
31 24 34
31 25 77
31 26 59
31 27 68
31 28 80
31 29 33
31 30 24
31 31 50
31 32 73
31 33 36
31 34 80
31 35 31
31 36 85
31 37 46
31 38 26
31 39 43
31 40 15
31 41 26
31 42 83
31 43 47
31 44 84
31 45 66
31 46 5
31 47 64
31 48 4
31 49 57
31 50 19
31 51 74
31 52 67
31 53 89
31 54 57
31 55 78
31 56 22
31 57 90
31 58 26
31 59 44
31 60 65
31 61 48
31 62 41
31 63 39
31 64 45
31 65 6
31 66 93
31 67 1
31 68 3
31 69 20
31 70 14
31 71 7
31 72 43
31 73 12
31 74 60
31 75 3
31 76 83
31 77 90
31 78 11
31 79 64
31 80 65
31 81 11
31 82 99
31 83 27
31 84 41
31 85 67
31 86 71
31 87 37
31 88 85
31 89 93
31 90 42
31 91 42
31 92 42
31 93 42
31 94 83
31 95 73
31 96 40
31 97 81
31 98 23
31 99 14
31 100 43
32 1 59
32 2 21
32 3 94
32 4 52
32 5 83
32 6 27
32 7 63
32 8 5
32 9 68
32 10 13
32 11 49
32 12 78
32 13 41
32 14 82
32 15 43
32 16 86
32 17 17
32 18 9
32 19 85
32 20 23
32 21 35
32 22 63
32 23 10
32 24 72
32 25 74
32 26 7
32 27 20
32 28 6
32 29 64
32 30 64
32 31 84
32 32 72
32 33 59
32 34 46
32 35 95
32 36 54
32 37 80
32 38 77
32 39 70
32 40 55
32 41 33
32 42 51
32 43 73
32 44 8
32 45 91
32 46 88
32 47 24
32 48 60
32 49 78
32 50 28
32 51 33
32 52 45
32 53 65
32 54 45
32 55 81
32 56 32
32 57 74
32 58 62
32 59 2
32 60 13
32 61 49
32 62 1
32 63 16
32 64 84
32 65 27
32 66 76
32 67 43
32 68 5
32 69 87
32 70 82
32 71 10
32 72 22
32 73 46
32 74 62
32 75 13
32 76 76
32 77 98
32 78 2
32 79 91
32 80 31
32 81 3
32 82 62
32 83 58
32 84 30
32 85 16
32 86 58
32 87 56
32 88 75
32 89 11
32 90 97
32 91 20
32 92 55
32 93 1
32 94 1
32 95 1
32 96 1
32 97 2
32 98 30
32 99 2
32 100 18
33 1 81
33 2 45
33 3 45
33 4 13
33 5 56
33 6 50
33 7 58
33 8 64
33 9 96
33 10 35
33 11 88
33 12 54
33 13 64
33 14 71
33 15 52
33 16 17
33 17 7
33 18 19
33 19 51
33 20 49
33 21 1
33 22 49
33 23 30
33 24 65
33 25 83
33 26 33
33 27 3
33 28 94
33 29 79
33 30 46
33 31 34
33 32 50
33 33 13
33 34 66
33 35 62
33 36 52
33 37 30
33 38 50
33 39 31
33 40 64
33 41 14
33 42 1
33 43 21
33 44 29
33 45 5
33 46 52
33 47 37
33 48 53
33 49 76
33 50 78
33 51 71
33 52 35
33 53 13
33 54 92
33 55 38
33 56 4
33 57 61
33 58 95
33 59 5
33 60 6
33 61 51
33 62 13
33 63 7
33 64 12
33 65 61
33 66 82
33 67 5
33 68 69
33 69 6
33 70 33
33 71 69
33 72 74
33 73 11
33 74 85
33 75 47
33 76 61
33 77 96
33 78 76
33 79 75
33 80 93
33 81 70
33 82 58
33 83 24
33 84 31
33 85 64
33 86 23
33 87 79
33 88 19
33 89 36
33 90 71
33 91 66
33 92 3
33 93 14
33 94 83
33 95 9
33 96 53
33 97 53
33 98 53
33 99 53
33 100 8
34 1 74
34 2 50
34 3 94
34 4 18
34 5 78
34 6 73
34 7 68
34 8 84
34 9 19
34 10 54
34 11 37
34 12 27
34 13 7
34 14 8
34 15 76
34 16 15
34 17 47
34 18 9
34 19 2
34 20 42
34 21 1
34 22 4
34 23 70
34 24 57
34 25 40
34 26 14
34 27 65
34 28 73
34 29 96
34 30 65
34 31 99
34 32 45
34 33 73
34 34 35
34 35 71
34 36 84
34 37 56
34 38 23
34 39 82
34 40 87
34 41 50
34 42 57
34 43 55
34 44 23
34 45 74
34 46 44
34 47 31
34 48 86
34 49 51
34 50 56
34 51 81
34 52 54
34 53 48
34 54 44
34 55 39
34 56 72
34 57 32
34 58 65
34 59 43
34 60 46
34 61 50
34 62 40
34 63 8
34 64 22
34 65 93
34 66 69
34 67 36
34 68 50
34 69 46
34 70 91
34 71 54
34 72 96
34 73 13
34 74 80
34 75 57
34 76 11
34 77 80
34 78 69
34 79 12
34 80 96
34 81 6
34 82 64
34 83 26
34 84 52
34 85 93
34 86 82
34 87 42
34 88 40
34 89 40
34 90 6
34 91 64
34 92 17
34 93 49
34 94 13
34 95 49
34 96 55
34 97 57
34 98 42
34 99 36
34 100 36
35 1 36
35 2 36
35 3 96
35 4 64
35 5 65
35 6 71
35 7 11
35 8 93
35 9 60
35 10 63
35 11 25
35 12 82
35 13 11
35 14 76
35 15 34
35 16 12
35 17 44
35 18 7
35 19 6
35 20 68
35 21 45
35 22 73
35 23 20
35 24 85
35 25 75
35 26 98
35 27 41
35 28 60
35 29 10
35 30 83
35 31 87
35 32 2
35 33 42
35 34 88
35 35 32
35 36 30
35 37 21
35 38 70
35 39 20
35 40 22
35 41 44
35 42 42
35 43 15
35 44 68
35 45 88
35 46 29
35 47 52
35 48 97
35 49 6
35 50 69
35 51 60
35 52 81
35 53 65
35 54 2
35 55 71
35 56 28
35 57 52
35 58 3
35 59 40
35 60 67
35 61 42
35 62 86
35 63 17
35 64 3
35 65 15
35 66 9
35 67 5
35 68 63
35 69 9
35 70 59
35 71 93
35 72 65
35 73 87
35 74 13
35 75 3
35 76 63
35 77 72
35 78 39
35 79 92
35 80 29
35 81 4
35 82 38
35 83 30
35 84 66
35 85 80
35 86 90
35 87 72
35 88 71
35 89 17
35 90 41
35 91 16
35 92 50
35 93 17
35 94 36
35 95 16
35 96 38
35 97 29
35 98 79
35 99 30
35 100 74
36 1 16
36 2 19
36 3 19
36 4 19
36 5 19
36 6 45
36 7 55
36 8 38
36 9 35
36 10 26
36 11 95
36 12 74
36 13 71
36 14 14
36 15 8
36 16 52
36 17 25
36 18 57
36 19 58
36 20 35
36 21 6
36 22 18
36 23 98
36 24 21
36 25 90
36 26 1
36 27 6
36 28 31
36 29 22
36 30 54
36 31 5
36 32 20
36 33 58
36 34 32
36 35 44
36 36 94
36 37 61
36 38 81
36 39 87
36 40 6
36 41 19
36 42 25
36 43 15
36 44 42
36 45 85
36 46 74
36 47 90
36 48 18
36 49 21
36 50 40
36 51 46
36 52 1
36 53 94
36 54 13
36 55 98
36 56 36
36 57 25
36 58 99
36 59 31
36 60 44
36 61 36
36 62 46
36 63 62
36 64 72
36 65 44
36 66 47
36 67 26
36 68 54
36 69 1
36 70 94
36 71 79
36 72 92
36 73 48
36 74 80
36 75 42
36 76 43
36 77 38
36 78 4
36 79 62
36 80 6
36 81 67
36 82 51
36 83 31
36 84 76
36 85 67
36 86 79
36 87 89
36 88 41
36 89 47
36 90 32
36 91 17
36 92 85
36 93 97
36 94 93
36 95 71
36 96 39
36 97 41
36 98 51
36 99 95
36 100 37
37 1 92
37 2 78
37 3 31
37 4 79
37 5 49
37 6 49
37 7 49
37 8 49
37 9 58
37 10 9
37 11 50
37 12 76
37 13 92
37 14 75
37 15 37
37 16 32
37 17 16
37 18 91
37 19 45
37 20 65
37 21 85
37 22 44
37 23 73
37 24 9
37 25 18
37 26 97
37 27 84
37 28 74
37 29 21
37 30 91
37 31 21
37 32 64
37 33 51
37 34 88
37 35 98
37 36 65
37 37 11
37 38 15
37 39 96
37 40 49
37 41 21
37 42 69
37 43 85
37 44 43
37 45 24
37 46 82
37 47 10
37 48 50
37 49 32
37 50 22
37 51 70
37 52 55
37 53 66
37 54 72
37 55 71
37 56 90
37 57 89
37 58 73
37 59 68
37 60 14
37 61 93
37 62 10
37 63 18
37 64 12
37 65 37
37 66 23
37 67 24
37 68 13
37 69 39
37 70 90
37 71 81
37 72 41
37 73 33
37 74 24
37 75 1
37 76 75
37 77 31
37 78 20
37 79 28
37 80 77
37 81 16
37 82 50
37 83 26
37 84 67
37 85 6
37 86 51
37 87 98
37 88 42
37 89 86
37 90 83
37 91 42
37 92 88
37 93 12
37 94 29
37 95 58
37 96 80
37 97 4
37 98 40
37 99 98
37 100 38
38 1 74
38 2 83
38 3 62
38 4 26
38 5 3
38 6 76
38 7 92
38 8 20
38 9 20
38 10 20
38 11 20
38 12 98
38 13 34
38 14 83
38 15 54
38 16 76
38 17 90
38 18 67
38 19 67
38 20 42
38 21 98
38 22 4
38 23 40
38 24 93
38 25 75
38 26 51
38 27 16
38 28 45
38 29 25
38 30 45
38 31 56
38 32 27
38 33 4
38 34 51
38 35 82
38 36 66
38 37 90
38 38 40
38 39 32
38 40 50
38 41 71
38 42 28
38 43 22
38 44 89
38 45 99
38 46 24
38 47 7
38 48 30
38 49 72
38 50 53
38 51 87
38 52 99
38 53 75
38 54 95
38 55 75
38 56 52
38 57 79
38 58 48
38 59 43
38 60 34
38 61 8
38 62 11
38 63 79
38 64 64
38 65 8
38 66 35
38 67 46
38 68 27
38 69 73
38 70 91
38 71 25
38 72 27
38 73 47
38 74 86
38 75 33
38 76 88
38 77 56
38 78 82
38 79 71
38 80 36
38 81 70
38 82 57
38 83 29
38 84 3
38 85 24
38 86 13
38 87 82
38 88 37
38 89 58
38 90 51
38 91 48
38 92 20
38 93 83
38 94 18
38 95 46
38 96 64
38 97 77
38 98 94
38 99 44
38 100 41
39 1 11
39 2 94
39 3 20
39 4 61
39 5 24
39 6 54
39 7 87
39 8 59
39 9 55
39 10 4
39 11 56
39 12 56
39 13 56
39 14 56
39 15 21
39 16 15
39 17 97
39 18 41
39 19 86
39 20 91
39 21 81
39 22 9
39 23 86
39 24 60
39 25 57
39 26 17
39 27 18
39 28 58
39 29 35
39 30 17
39 31 48
39 32 88
39 33 67
39 34 87
39 35 56
39 36 81
39 37 65
39 38 6
39 39 53
39 40 78
39 41 68
39 42 23
39 43 84
39 44 33
39 45 53
39 46 94
39 47 86
39 48 38
39 49 17
39 50 29
39 51 28
39 52 45
39 53 64
39 54 27
39 55 45
39 56 2
39 57 9
39 58 64
39 59 47
39 60 74
39 61 40
39 62 79
39 63 74
39 64 78
39 65 73
39 66 72
39 67 73
39 68 86
39 69 99
39 70 54
39 71 30
39 72 86
39 73 27
39 74 96
39 75 65
39 76 48
39 77 42
39 78 71
39 79 90
39 80 79
39 81 77
39 82 10
39 83 55
39 84 73
39 85 29
39 86 61
39 87 93
39 88 15
39 89 34
39 90 37
39 91 73
39 92 85
39 93 14
39 94 73
39 95 68
39 96 74
39 97 13
39 98 49
39 99 89
39 100 25
40 1 58
40 2 14
40 3 74
40 4 6
40 5 26
40 6 46
40 7 69
40 8 10
40 9 42
40 10 95
40 11 41
40 12 31
40 13 21
40 14 93
40 15 93
40 16 93
40 17 93
40 18 81
40 19 17
40 20 62
40 21 26
40 22 18
40 23 38
40 24 30
40 25 70
40 26 69
40 27 36
40 28 93
40 29 12
40 30 87
40 31 15
40 32 81
40 33 42
40 34 30
40 35 34
40 36 90
40 37 89
40 38 77
40 39 66
40 40 7
40 41 40
40 42 45
40 43 45
40 44 93
40 45 62
40 46 93
40 47 44
40 48 7
40 49 57
40 50 66
40 51 45
40 52 93
40 53 89
40 54 78
40 55 15
40 56 12
40 57 63
40 58 27
40 59 10
40 60 79
40 61 89
40 62 33
40 63 1
40 64 19
40 65 79
40 66 70
40 67 94
40 68 70
40 69 42
40 70 43
40 71 8
40 72 1
40 73 54
40 74 91
40 75 3
40 76 95
40 77 76
40 78 73
40 79 38
40 80 11
40 81 33
40 82 11
40 83 59
40 84 4
40 85 42
40 86 92
40 87 89
40 88 80
40 89 37
40 90 16
40 91 69
40 92 52
40 93 40
40 94 20
40 95 51
40 96 8
40 97 36
40 98 16
40 99 9
40 100 19
41 1 56
41 2 46
41 3 3
41 4 22
41 5 83
41 6 3
41 7 16
41 8 71
41 9 85
41 10 67
41 11 94
41 12 10
41 13 37
41 14 72
41 15 41
41 16 13
41 17 93
41 18 93
41 19 93
41 20 93
41 21 18
41 22 75
41 23 70
41 24 2
41 25 93
41 26 59
41 27 95
41 28 12
41 29 57
41 30 90
41 31 85
41 32 33
41 33 72
41 34 63
41 35 27
41 36 41
41 37 16
41 38 73
41 39 56
41 40 6
41 41 83
41 42 9
41 43 49
41 44 55
41 45 14
41 46 62
41 47 87
41 48 9
41 49 5
41 50 49
41 51 18
41 52 28
41 53 62
41 54 99
41 55 22
41 56 46
41 57 26
41 58 82
41 59 26
41 60 8
41 61 99
41 62 18
41 63 92
41 64 39
41 65 91
41 66 75
41 67 45
41 68 88
41 69 81
41 70 33
41 71 59
41 72 53
41 73 86
41 74 15
41 75 93
41 76 21
41 77 70
41 78 24
41 79 83
41 80 33
41 81 4
41 82 90
41 83 42
41 84 61
41 85 83
41 86 31
41 87 89
41 88 28
41 89 95
41 90 78
41 91 79
41 92 30
41 93 42
41 94 78
41 95 57
41 96 90
41 97 44
41 98 39
41 99 69
41 100 19
42 1 85
42 2 70
42 3 1
42 4 41
42 5 3
42 6 7
42 7 79
42 8 56
42 9 69
42 10 14
42 11 29
42 12 70
42 13 51
42 14 82
42 15 88
42 16 17
42 17 27
42 18 10
42 19 37
42 20 60
42 21 60
42 22 60
42 23 60
42 24 84
42 25 98
42 26 2
42 27 68
42 28 35
42 29 85
42 30 78
42 31 18
42 32 33
42 33 56
42 34 31
42 35 26
42 36 4
42 37 54
42 38 99
42 39 45
42 40 2
42 41 38
42 42 84
42 43 19
42 44 86
42 45 74
42 46 94
42 47 87
42 48 30
42 49 8
42 50 31
42 51 37
42 52 37
42 53 63
42 54 31
42 55 16
42 56 98
42 57 41
42 58 75
42 59 55
42 60 64
42 61 3
42 62 78
42 63 11
42 64 55
42 65 71
42 66 79
42 67 91
42 68 18
42 69 68
42 70 83
42 71 76
42 72 64
42 73 51
42 74 8
42 75 6
42 76 41
42 77 95
42 78 37
42 79 60
42 80 17
42 81 93
42 82 32
42 83 25
42 84 63
42 85 37
42 86 85
42 87 54
42 88 7
42 89 11
42 90 97
42 91 57
42 92 49
42 93 20
42 94 13
42 95 72
42 96 13
42 97 30
42 98 57
42 99 23
42 100 33
43 1 13
43 2 73
43 3 85
43 4 74
43 5 82
43 6 9
43 7 10
43 8 22
43 9 21
43 10 87
43 11 21
43 12 9
43 13 75
43 14 61
43 15 62
43 16 15
43 17 75
43 18 79
43 19 91
43 20 46
43 21 13
43 22 98
43 23 34
43 24 34
43 25 34
43 26 34
43 27 30
43 28 22
43 29 66
43 30 94
43 31 43
43 32 45
43 33 70
43 34 37
43 35 62
43 36 13
43 37 58
43 38 17
43 39 91
43 40 96
43 41 9
43 42 59
43 43 93
43 44 75
43 45 89
43 46 55
43 47 82
43 48 12
43 49 13
43 50 22
43 51 49
43 52 34
43 53 98
43 54 36
43 55 88
43 56 19
43 57 73
43 58 11
43 59 52
43 60 29
43 61 22
43 62 22
43 63 29
43 64 49
43 65 88
43 66 72
43 67 77
43 68 53
43 69 89
43 70 45
43 71 87
43 72 78
43 73 22
43 74 68
43 75 64
43 76 21
43 77 86
43 78 72
43 79 18
43 80 74
43 81 79
43 82 7
43 83 12
43 84 67
43 85 70
43 86 16
43 87 7
43 88 90
43 89 21
43 90 17
43 91 46
43 92 48
43 93 96
43 94 46
43 95 83
43 96 46
43 97 86
43 98 60
43 99 92
43 100 89
44 1 1
44 2 32
44 3 36
44 4 29
44 5 57
44 6 87
44 7 4
44 8 21
44 9 33
44 10 29
44 11 2
44 12 58
44 13 23
44 14 3
44 15 15
44 16 67
44 17 61
44 18 45
44 19 19
44 20 20
44 21 41
44 22 24
44 23 27
44 24 35
44 25 42
44 26 54
44 27 54
44 28 54
44 29 54
44 30 26
44 31 96
44 32 50
44 33 5
44 34 48
44 35 39
44 36 10
44 37 36
44 38 12
44 39 27
44 40 98
44 41 5
44 42 52
44 43 54
44 44 4
44 45 70
44 46 83
44 47 41
44 48 5
44 49 48
44 50 95
44 51 96
44 52 77
44 53 43
44 54 65
44 55 28
44 56 43
44 57 40
44 58 32
44 59 34
44 60 87
44 61 29
44 62 9
44 63 28
44 64 93
44 65 77
44 66 67
44 67 40
44 68 56
44 69 10
44 70 87
44 71 46
44 72 58
44 73 40
44 74 59
44 75 99
44 76 12
44 77 45
44 78 59
44 79 37
44 80 20
44 81 47
44 82 69
44 83 67
44 84 31
44 85 7
44 86 21
44 87 98
44 88 47
44 89 57
44 90 13
44 91 69
44 92 15
44 93 32
44 94 54
44 95 5
44 96 73
44 97 5
44 98 29
44 99 69
44 100 22
45 1 4
45 2 33
45 3 78
45 4 20
45 5 67
45 6 61
45 7 95
45 8 62
45 9 36
45 10 56
45 11 50
45 12 76
45 13 5
45 14 62
45 15 17
45 16 11
45 17 51
45 18 43
45 19 31
45 20 62
45 21 75
45 22 15
45 23 48
45 24 97
45 25 35
45 26 47
45 27 29
45 28 82
45 29 10
45 30 10
45 31 10
45 32 10
45 33 7
45 34 71
45 35 90
45 36 6
45 37 43
45 38 93
45 39 59
45 40 34
45 41 12
45 42 26
45 43 90
45 44 60
45 45 50
45 46 15
45 47 61
45 48 46
45 49 90
45 50 30
45 51 18
45 52 55
45 53 92
45 54 66
45 55 20
45 56 70
45 57 85
45 58 57
45 59 30
45 60 94
45 61 71
45 62 37
45 63 5
45 64 74
45 65 1
45 66 37
45 67 81
45 68 10
45 69 30
45 70 89
45 71 15
45 72 75
45 73 37
45 74 48
45 75 94
45 76 96
45 77 8
45 78 74
45 79 74
45 80 40
45 81 86
45 82 49
45 83 90
45 84 37
45 85 33
45 86 57
45 87 18
45 88 14
45 89 82
45 90 64
45 91 50
45 92 31
45 93 80
45 94 95
45 95 77
45 96 42
45 97 14
45 98 74
45 99 35
45 100 61
46 1 81
46 2 74
46 3 62
46 4 59
46 5 96
46 6 86
46 7 89
46 8 23
46 9 21
46 10 37
46 11 43
46 12 5
46 13 13
46 14 1
46 15 32
46 16 42
46 17 69
46 18 13
46 19 72
46 20 34
46 21 17
46 22 50
46 23 20
46 24 58
46 25 36
46 26 11
46 27 69
46 28 36
46 29 25
46 30 37
46 31 86
46 32 9
46 33 9
46 34 9
46 35 9
46 36 86
46 37 28
46 38 12
46 39 21
46 40 18
46 41 36
46 42 94
46 43 95
46 44 54
46 45 54
46 46 93
46 47 69
46 48 43
46 49 83
46 50 60
46 51 27
46 52 39
46 53 13
46 54 27
46 55 86
46 56 76
46 57 15
46 58 89
46 59 26
46 60 32
46 61 93
46 62 53
46 63 6
46 64 86
46 65 10
46 66 10
46 67 30
46 68 59
46 69 44
46 70 7
46 71 57
46 72 3
46 73 72
46 74 3
46 75 28
46 76 54
46 77 72
46 78 20
46 79 53
46 80 84
46 81 51
46 82 64
46 83 90
46 84 34
46 85 91
46 86 94
46 87 72
46 88 25
46 89 6
46 90 12
46 91 72
46 92 87
46 93 83
46 94 95
46 95 66
46 96 67
46 97 84
46 98 1
46 99 26
46 100 23
47 1 60
47 2 57
47 3 35
47 4 50
47 5 98
47 6 40
47 7 24
47 8 81
47 9 20
47 10 65
47 11 7
47 12 47
47 13 37
47 14 55
47 15 62
47 16 25
47 17 34
47 18 66
47 19 59
47 20 52
47 21 50
47 22 40
47 23 95
47 24 63
47 25 19
47 26 77
47 27 97
47 28 5
47 29 98
47 30 80
47 31 92
47 32 78
47 33 75
47 34 22
47 35 86
47 36 86
47 37 86
47 38 86
47 39 34
47 40 18
47 41 10
47 42 72
47 43 6
47 44 62
47 45 52
47 46 68
47 47 88
47 48 78
47 49 75
47 50 72
47 51 72
47 52 78
47 53 15
47 54 82
47 55 64
47 56 74
47 57 37
47 58 2
47 59 46
47 60 41
47 61 10
47 62 42
47 63 52
47 64 64
47 65 57
47 66 14
47 67 67
47 68 2
47 69 59
47 70 55
47 71 62
47 72 22
47 73 23
47 74 39
47 75 46
47 76 66
47 77 51
47 78 86
47 79 48
47 80 78
47 81 39
47 82 32
47 83 78
47 84 92
47 85 57
47 86 19
47 87 47
47 88 60
47 89 84
47 90 64
47 91 31
47 92 46
47 93 64
47 94 41
47 95 74
47 96 11
47 97 9
47 98 99
47 99 39
47 100 58
48 1 34
48 2 70
48 3 5
48 4 16
48 5 94
48 6 51
48 7 76
48 8 69
48 9 56
48 10 28
48 11 69
48 12 70
48 13 49
48 14 96
48 15 22
48 16 78
48 17 81
48 18 89
48 19 1
48 20 38
48 21 7
48 22 10
48 23 39
48 24 53
48 25 77
48 26 3
48 27 73
48 28 25
48 29 7
48 30 57
48 31 74
48 32 87
48 33 3
48 34 22
48 35 18
48 36 41
48 37 45
48 38 19
48 39 19
48 40 19
48 41 19
48 42 88
48 43 34
48 44 32
48 45 33
48 46 66
48 47 40
48 48 84
48 49 82
48 50 45
48 51 62
48 52 72
48 53 8
48 54 50
48 55 1
48 56 10
48 57 18
48 58 68
48 59 44
48 60 23
48 61 34
48 62 73
48 63 46
48 64 8
48 65 88
48 66 5
48 67 50
48 68 76
48 69 95
48 70 2
48 71 68
48 72 55
48 73 90
48 74 38
48 75 83
48 76 36
48 77 93
48 78 15
48 79 85
48 80 74
48 81 54
48 82 27
48 83 59
48 84 18
48 85 55
48 86 55
48 87 49
48 88 40
48 89 32
48 90 13
48 91 41
48 92 51
48 93 46
48 94 3
48 95 83
48 96 53
48 97 32
48 98 51
48 99 20
48 100 84
49 1 76
49 2 58
49 3 37
49 4 38
49 5 6
49 6 98
49 7 85
49 8 73
49 9 75
49 10 2
49 11 85
49 12 19
49 13 85
49 14 4
49 15 35
49 16 3
49 17 86
49 18 50
49 19 16
49 20 4
49 21 35
49 22 90
49 23 49
49 24 32
49 25 98
49 26 77
49 27 18
49 28 74
49 29 14
49 30 36
49 31 41
49 32 40
49 33 73
49 34 17
49 35 96
49 36 60
49 37 87
49 38 61
49 39 77
49 40 79
49 41 9
49 42 9
49 43 9
49 44 9
49 45 74
49 46 96
49 47 24
49 48 64
49 49 60
49 50 77
49 51 63
49 52 51
49 53 89
49 54 38
49 55 20
49 56 97
49 57 77
49 58 68
49 59 3
49 60 98
49 61 45
49 62 12
49 63 40
49 64 91
49 65 39
49 66 4
49 67 22
49 68 27
49 69 86
49 70 35
49 71 57
49 72 51
49 73 19
49 74 24
49 75 56
49 76 94
49 77 65
49 78 76
49 79 9
49 80 41
49 81 25
49 82 25
49 83 8
49 84 92
49 85 67
49 86 93
49 87 35
49 88 62
49 89 50
49 90 22
49 91 85
49 92 84
49 93 3
49 94 69
49 95 79
49 96 19
49 97 51
49 98 87
49 99 25
49 100 35
50 1 25
50 2 26
50 3 35
50 4 4
50 5 77
50 6 36
50 7 15
50 8 18
50 9 79
50 10 5
50 11 79
50 12 17
50 13 6
50 14 32
50 15 61
50 16 10
50 17 30
50 18 94
50 19 39
50 20 73
50 21 46
50 22 93
50 23 12
50 24 13
50 25 98
50 26 43
50 27 93
50 28 35
50 29 35
50 30 57
50 31 51
50 32 91
50 33 1
50 34 74
50 35 9
50 36 87
50 37 30
50 38 75
50 39 14
50 40 58
50 41 69
50 42 90
50 43 12
50 44 85
50 45 85
50 46 85
50 47 85
50 48 25
50 49 10
50 50 99
50 51 42
50 52 39
50 53 84
50 54 68
50 55 61
50 56 80
50 57 60
50 58 26
50 59 73
50 60 69
50 61 85
50 62 18
50 63 59
50 64 66
50 65 66
50 66 8
50 67 36
50 68 52
50 69 56
50 70 72
50 71 22
50 72 16
50 73 20
50 74 12
50 75 14
50 76 55
50 77 6
50 78 72
50 79 56
50 80 43
50 81 33
50 82 96
50 83 58
50 84 20
50 85 5
50 86 63
50 87 89
50 88 55
50 89 35
50 90 72
50 91 28
50 92 94
50 93 70
50 94 95
50 95 90
50 96 5
50 97 95
50 98 50
50 99 22
50 100 21
51 1 40
51 2 99
51 3 61
51 4 48
51 5 28
51 6 41
51 7 60
51 8 65
51 9 3
51 10 79
51 11 58
51 12 63
51 13 15
51 14 23
51 15 96
51 16 67
51 17 65
51 18 80
51 19 93
51 20 75
51 21 73
51 22 92
51 23 19
51 24 17
51 25 19
51 26 24
51 27 76
51 28 50
51 29 26
51 30 87
51 31 12
51 32 8
51 33 69
51 34 16
51 35 77
51 36 42
51 37 38
51 38 55
51 39 3
51 40 54
51 41 27
51 42 76
51 43 67
51 44 24
51 45 41
51 46 27
51 47 6
51 48 6
51 49 6
51 50 6
51 51 61
51 52 14
51 53 14
51 54 39
51 55 14
51 56 89
51 57 83
51 58 76
51 59 72
51 60 13
51 61 80
51 62 97
51 63 36
51 64 70
51 65 4
51 66 9
51 67 86
51 68 60
51 69 28
51 70 16
51 71 51
51 72 95
51 73 50
51 74 22
51 75 60
51 76 3
51 77 33
51 78 57
51 79 14
51 80 78
51 81 15
51 82 17
51 83 1
51 84 89
51 85 55
51 86 12
51 87 34
51 88 36
51 89 54
51 90 19
51 91 64
51 92 16
51 93 17
51 94 62
51 95 15
51 96 21
51 97 21
51 98 67
51 99 82
51 100 9
52 1 27
52 2 37
52 3 90
52 4 55
52 5 4
52 6 34
52 7 49
52 8 12
52 9 53
52 10 4
52 11 56
52 12 31
52 13 64
52 14 41
52 15 12
52 16 4
52 17 54
52 18 55
52 19 36
52 20 10
52 21 17
52 22 34
52 23 27
52 24 68
52 25 8
52 26 32
52 27 97
52 28 88
52 29 2
52 30 2
52 31 62
52 32 14
52 33 22
52 34 13
52 35 69
52 36 66
52 37 2
52 38 22
52 39 56
52 40 23
52 41 53
52 42 77
52 43 93
52 44 96
52 45 93
52 46 22
52 47 79
52 48 82
52 49 28
52 50 69
52 51 69
52 52 69
52 53 69
52 54 61
52 55 89
52 56 47
52 57 59
52 58 51
52 59 24
52 60 80
52 61 19
52 62 20
52 63 23
52 64 96
52 65 62
52 66 98
52 67 66
52 68 98
52 69 71
52 70 84
52 71 26
52 72 53
52 73 62
52 74 27
52 75 41
52 76 6
52 77 90
52 78 27
52 79 1
52 80 47
52 81 43
52 82 51
52 83 57
52 84 21
52 85 14
52 86 51
52 87 80
52 88 61
52 89 40
52 90 80
52 91 12
52 92 41
52 93 90
52 94 7
52 95 80
52 96 35
52 97 65
52 98 26
52 99 64
52 100 53
53 1 38
53 2 9
53 3 9
53 4 48
53 5 75
53 6 73
53 7 80
53 8 31
53 9 52
53 10 66
53 11 42
53 12 9
53 13 60
53 14 23
53 15 64
53 16 8
53 17 42
53 18 38
53 19 78
53 20 72
53 21 54
53 22 86
53 23 9
53 24 49
53 25 39
53 26 94
53 27 92
53 28 31
53 29 85
53 30 93
53 31 1
53 32 51
53 33 14
53 34 41
53 35 60
53 36 19
53 37 70
53 38 85
53 39 30
53 40 25
53 41 91
53 42 67
53 43 94
53 44 6
53 45 73
53 46 36
53 47 35
53 48 65
53 49 17
53 50 68
53 51 73
53 52 74
53 53 95
53 54 95
53 55 95
53 56 95
53 57 70
53 58 7
53 59 35
53 60 40
53 61 37
53 62 34
53 63 32
53 64 96
53 65 31
53 66 87
53 67 46
53 68 31
53 69 34
53 70 68
53 71 55
53 72 51
53 73 75
53 74 46
53 75 85
53 76 61
53 77 85
53 78 20
53 79 44
53 80 45
53 81 63
53 82 12
53 83 5
53 84 77
53 85 92
53 86 21
53 87 29
53 88 99
53 89 40
53 90 77
53 91 54
53 92 27
53 93 18
53 94 71
53 95 88
53 96 32
53 97 83
53 98 14
53 99 44
53 100 41
54 1 11
54 2 6
54 3 21
54 4 26
54 5 15
54 6 19
54 7 40
54 8 17
54 9 84
54 10 1
54 11 67
54 12 52
54 13 24
54 14 43
54 15 90
54 16 45
54 17 57
54 18 45
54 19 79
54 20 25
54 21 5
54 22 89
54 23 8
54 24 4
54 25 88
54 26 63
54 27 53
54 28 11
54 29 57
54 30 85
54 31 61
54 32 75
54 33 59
54 34 94
54 35 32
54 36 3
54 37 89
54 38 12
54 39 23
54 40 15
54 41 26
54 42 70
54 43 57
54 44 66
54 45 61
54 46 21
54 47 56
54 48 78
54 49 16
54 50 94
54 51 21
54 52 4
54 53 48
54 54 79
54 55 79
54 56 88
54 57 88
54 58 88
54 59 88
54 60 52
54 61 14
54 62 85
54 63 16
54 64 33
54 65 51
54 66 46
54 67 17
54 68 56
54 69 50
54 70 97
54 71 90
54 72 28
54 73 68
54 74 71
54 75 55
54 76 44
54 77 32
54 78 29
54 79 87
54 80 81
54 81 83
54 82 29
54 83 4
54 84 93
54 85 14
54 86 61
54 87 70
54 88 68
54 89 86
54 90 34
54 91 97
54 92 10
54 93 30
54 94 14
54 95 38
54 96 32
54 97 64
54 98 18
54 99 39
54 100 11
55 1 68
55 2 57
55 3 37
55 4 84
55 5 36
55 6 46
55 7 89
55 8 34
55 9 25
55 10 62
55 11 58
55 12 17
55 13 37
55 14 70
55 15 33
55 16 81
55 17 45
55 18 30
55 19 8
55 20 10
55 21 2
55 22 42
55 23 81
55 24 32
55 25 34
55 26 69
55 27 26
55 28 4
55 29 14
55 30 87
55 31 91
55 32 98
55 33 99
55 34 45
55 35 2
55 36 33
55 37 3
55 38 76
55 39 66
55 40 12
55 41 17
55 42 41
55 43 69
55 44 63
55 45 52
55 46 90
55 47 29
55 48 16
55 49 34
55 50 91
55 51 86
55 52 44
55 53 12
55 54 31
55 55 87
55 56 41
55 57 54
55 58 93
55 59 95
55 60 95
55 61 95
55 62 95
55 63 58
55 64 8
55 65 20
55 66 92
55 67 96
55 68 18
55 69 68
55 70 77
55 71 71
55 72 56
55 73 38
55 74 5
55 75 33
55 76 50
55 77 9
55 78 95
55 79 11
55 80 97
55 81 7
55 82 29
55 83 90
55 84 53
55 85 78
55 86 22
55 87 26
55 88 8
55 89 24
55 90 72
55 91 25
55 92 85
55 93 79
55 94 75
55 95 82
55 96 70
55 97 76
55 98 5
55 99 52
55 100 3
56 1 51
56 2 26
56 3 30
56 4 58
56 5 41
56 6 93
56 7 58
56 8 50
56 9 91
56 10 96
56 11 65
56 12 90
56 13 81
56 14 2
56 15 9
56 16 77
56 17 46
56 18 38
56 19 51
56 20 33
56 21 40
56 22 96
56 23 8
56 24 62
56 25 80
56 26 16
56 27 35
56 28 14
56 29 70
56 30 10
56 31 75
56 32 87
56 33 35
56 34 82
56 35 78
56 36 69
56 37 21
56 38 13
56 39 19
56 40 17
56 41 98
56 42 69
56 43 25
56 44 12
56 45 70
56 46 78
56 47 11
56 48 93
56 49 38
56 50 36
56 51 6
56 52 36
56 53 10
56 54 5
56 55 74
56 56 3
56 57 45
56 58 29
56 59 10
56 60 10
56 61 48
56 62 79
56 63 79
56 64 79
56 65 79
56 66 51
56 67 45
56 68 6
56 69 27
56 70 25
56 71 73
56 72 16
56 73 63
56 74 47
56 75 47
56 76 29
56 77 75
56 78 67
56 79 20
56 80 98
56 81 96
56 82 67
56 83 51
56 84 28
56 85 94
56 86 92
56 87 45
56 88 11
56 89 42
56 90 19
56 91 78
56 92 70
56 93 18
56 94 45
56 95 88
56 96 90
56 97 56
56 98 80
56 99 28
56 100 17
57 1 46
57 2 20
57 3 21
57 4 34
57 5 21
57 6 1
57 7 86
57 8 59
57 9 56
57 10 52
57 11 8
57 12 96
57 13 25
57 14 95
57 15 31
57 16 37
57 17 53
57 18 68
57 19 97
57 20 36
57 21 71
57 22 92
57 23 70
57 24 88
57 25 50
57 26 14
57 27 82
57 28 23
57 29 97
57 30 85
57 31 34
57 32 19
57 33 32
57 34 47
57 35 11
57 36 43
57 37 6
57 38 19
57 39 76
57 40 64
57 41 87
57 42 59
57 43 30
57 44 67
57 45 31
57 46 12
57 47 60
57 48 49
57 49 6
57 50 14
57 51 44
57 52 20
57 53 47
57 54 64
57 55 81
57 56 97
57 57 73
57 58 53
57 59 73
57 60 71
57 61 97
57 62 73
57 63 24
57 64 42
57 65 22
57 66 22
57 67 22
57 68 22
57 69 66
57 70 79
57 71 63
57 72 22
57 73 2
57 74 17
57 75 82
57 76 22
57 77 7
57 78 16
57 79 85
57 80 3
57 81 50
57 82 14
57 83 9
57 84 98
57 85 84
57 86 58
57 87 93
57 88 17
57 89 8
57 90 1
57 91 28
57 92 13
57 93 60
57 94 55
57 95 61
57 96 70
57 97 74
57 98 95
57 99 67
57 100 4
58 1 42
58 2 58
58 3 88
58 4 44
58 5 1
58 6 75
58 7 85
58 8 91
58 9 62
58 10 78
58 11 23
58 12 26
58 13 78
58 14 41
58 15 56
58 16 34
58 17 24
58 18 40
58 19 15
58 20 80
58 21 58
58 22 82
58 23 66
58 24 47
58 25 83
58 26 32
58 27 34
58 28 46
58 29 54
58 30 79
58 31 32
58 32 35
58 33 99
58 34 22
58 35 5
58 36 64
58 37 34
58 38 93
58 39 51
58 40 21
58 41 35
58 42 82
58 43 89
58 44 82
58 45 21
58 46 76
58 47 68
58 48 81
58 49 71
58 50 6
58 51 5
58 52 47
58 53 32
58 54 9
58 55 92
58 56 95
58 57 53
58 58 62
58 59 63
58 60 24
58 61 16
58 62 41
58 63 51
58 64 14
58 65 42
58 66 16
58 67 40
58 68 41
58 69 41
58 70 41
58 71 41
58 72 8
58 73 73
58 74 89
58 75 46
58 76 23
58 77 12
58 78 7
58 79 54
58 80 62
58 81 81
58 82 72
58 83 32
58 84 82
58 85 51
58 86 51
58 87 64
58 88 59
58 89 22
58 90 84
58 91 55
58 92 73
58 93 95
58 94 16
58 95 52
58 96 31
58 97 46
58 98 97
58 99 82
58 100 30
59 1 51
59 2 20
59 3 74
59 4 16
59 5 47
59 6 49
59 7 46
59 8 32
59 9 39
59 10 76
59 11 52
59 12 65
59 13 30
59 14 20
59 15 49
59 16 45
59 17 34
59 18 54
59 19 30
59 20 24
59 21 78
59 22 60
59 23 72
59 24 6
59 25 35
59 26 86
59 27 17
59 28 26
59 29 89
59 30 34
59 31 38
59 32 65
59 33 26
59 34 54
59 35 61
59 36 31
59 37 38
59 38 39
59 39 19
59 40 11
59 41 94
59 42 78
59 43 6
59 44 95
59 45 28
59 46 10
59 47 93
59 48 93
59 49 38
59 50 61
59 51 49
59 52 28
59 53 75
59 54 34
59 55 83
59 56 97
59 57 58
59 58 51
59 59 37
59 60 26
59 61 63
59 62 56
59 63 8
59 64 89
59 65 24
59 66 97
59 67 22
59 68 17
59 69 45
59 70 87
59 71 44
59 72 44
59 73 44
59 74 44
59 75 66
59 76 20
59 77 86
59 78 18
59 79 16
59 80 27
59 81 34
59 82 34
59 83 46
59 84 23
59 85 18
59 86 14
59 87 4
59 88 59
59 89 91
59 90 56
59 91 25
59 92 99
59 93 83
59 94 43
59 95 29
59 96 73
59 97 92
59 98 96
59 99 13
59 100 24
60 1 7
60 2 19
60 3 41
60 4 31
60 5 66
60 6 8
60 7 72
60 8 43
60 9 17
60 10 77
60 11 90
60 12 79
60 13 93
60 14 51
60 15 6
60 16 10
60 17 30
60 18 10
60 19 30
60 20 58
60 21 29
60 22 51
60 23 97
60 24 95
60 25 90
60 26 88
60 27 70
60 28 65
60 29 64
60 30 47
60 31 79
60 32 37
60 33 38
60 34 63
60 35 59
60 36 80
60 37 71
60 38 80
60 39 20
60 40 33
60 41 36
60 42 24
60 43 44
60 44 56
60 45 1
60 46 28
60 47 63
60 48 75
60 49 91
60 50 83
60 51 78
60 52 37
60 53 9
60 54 83
60 55 10
60 56 98
60 57 4
60 58 49
60 59 51
60 60 7
60 61 56
60 62 62
60 63 36
60 64 58
60 65 83
60 66 75
60 67 52
60 68 50
60 69 80
60 70 90
60 71 75
60 72 12
60 73 61
60 74 25
60 75 25
60 76 25
60 77 25
60 78 49
60 79 21
60 80 54
60 81 77
60 82 52
60 83 26
60 84 87
60 85 31
60 86 41
60 87 26
60 88 20
60 89 52
60 90 9
60 91 44
60 92 41
60 93 73
60 94 57
60 95 94
60 96 21
60 97 79
60 98 6
60 99 78
60 100 90
61 1 97
61 2 46
61 3 37
61 4 70
61 5 8
61 6 37
61 7 11
61 8 72
61 9 78
61 10 21
61 11 5
61 12 90
61 13 3
61 14 32
61 15 95
61 16 15
61 17 2
61 18 24
61 19 78
61 20 62
61 21 20
61 22 34
61 23 16
61 24 65
61 25 88
61 26 1
61 27 27
61 28 58
61 29 31
61 30 53
61 31 73
61 32 33
61 33 96
61 34 21
61 35 73
61 36 65
61 37 84
61 38 48
61 39 83
61 40 37
61 41 8
61 42 53
61 43 93
61 44 64
61 45 25
61 46 93
61 47 66
61 48 87
61 49 13
61 50 45
61 51 25
61 52 68
61 53 60
61 54 22
61 55 39
61 56 68
61 57 15
61 58 66
61 59 51
61 60 43
61 61 45
61 62 33
61 63 70
61 64 98
61 65 89
61 66 42
61 67 59
61 68 15
61 69 66
61 70 66
61 71 93
61 72 60
61 73 37
61 74 8
61 75 87
61 76 26
61 77 45
61 78 45
61 79 45
61 80 45
61 81 36
61 82 4
61 83 9
61 84 43
61 85 67
61 86 11
61 87 13
61 88 83
61 89 91
61 90 42
61 91 52
61 92 79
61 93 33
61 94 56
61 95 77
61 96 14
61 97 14
61 98 74
61 99 14
61 100 23
62 1 62
62 2 59
62 3 75
62 4 46
62 5 81
62 6 19
62 7 29
62 8 61
62 9 57
62 10 17
62 11 83
62 12 24
62 13 33
62 14 22
62 15 17
62 16 93
62 17 6
62 18 75
62 19 95
62 20 34
62 21 73
62 22 16
62 23 55
62 24 87
62 25 12
62 26 43
62 27 54
62 28 29
62 29 5
62 30 50
62 31 6
62 32 41
62 33 41
62 34 14
62 35 21
62 36 29
62 37 61
62 38 70
62 39 82
62 40 52
62 41 75
62 42 51
62 43 52
62 44 26
62 45 25
62 46 80
62 47 91
62 48 32
62 49 33
62 50 39
62 51 15
62 52 8
62 53 50
62 54 87
62 55 29
62 56 10
62 57 11
62 58 43
62 59 10
62 60 83
62 61 55
62 62 24
62 63 60
62 64 58
62 65 41
62 66 92
62 67 60
62 68 6
62 69 63
62 70 2
62 71 6
62 72 27
62 73 85
62 74 72
62 75 42
62 76 92
62 77 52
62 78 15
62 79 19
62 80 21
62 81 21
62 82 21
62 83 21
62 84 34
62 85 54
62 86 42
62 87 72
62 88 89
62 89 58
62 90 24
62 91 97
62 92 67
62 93 83
62 94 99
62 95 54
62 96 74
62 97 23
62 98 45
62 99 25
62 100 10
63 1 56
63 2 40
63 3 28
63 4 88
63 5 62
63 6 18
63 7 78
63 8 21
63 9 15
63 10 24
63 11 69
63 12 25
63 13 95
63 14 82
63 15 79
63 16 24
63 17 97
63 18 49
63 19 94
63 20 49
63 21 79
63 22 74
63 23 4
63 24 60
63 25 16
63 26 97
63 27 25
63 28 13
63 29 4
63 30 96
63 31 94
63 32 21
63 33 92
63 34 84
63 35 44
63 36 81
63 37 63
63 38 1
63 39 76
63 40 35
63 41 56
63 42 42
63 43 39
63 44 7
63 45 13
63 46 26
63 47 73
63 48 4
63 49 8
63 50 60
63 51 51
63 52 44
63 53 82
63 54 2
63 55 52
63 56 22
63 57 67
63 58 70
63 59 47
63 60 67
63 61 66
63 62 41
63 63 11
63 64 38
63 65 56
63 66 10
63 67 54
63 68 76
63 69 85
63 70 50
63 71 50
63 72 53
63 73 18
63 74 94
63 75 12
63 76 14
63 77 82
63 78 50
63 79 3
63 80 18
63 81 29
63 82 50
63 83 31
63 84 31
63 85 31
63 86 31
63 87 71
63 88 49
63 89 85
63 90 28
63 91 97
63 92 67
63 93 74
63 94 97
63 95 68
63 96 5
63 97 81
63 98 30
63 99 55
63 100 80
64 1 59
64 2 62
64 3 4
64 4 23
64 5 79
64 6 48
64 7 25
64 8 65
64 9 78
64 10 41
64 11 59
64 12 94
64 13 4
64 14 65
64 15 52
64 16 94
64 17 20
64 18 20
64 19 5
64 20 1
64 21 17
64 22 46
64 23 49
64 24 66
64 25 32
64 26 94
64 27 37
64 28 70
64 29 18
64 30 53
64 31 59
64 32 62
64 33 6
64 34 25
64 35 58
64 36 72
64 37 12
64 38 93
64 39 69
64 40 87
64 41 16
64 42 9
64 43 65
64 44 9
64 45 21
64 46 14
64 47 96
64 48 20
64 49 1
64 50 85
64 51 79
64 52 40
64 53 24
64 54 75
64 55 13
64 56 75
64 57 55
64 58 1
64 59 91
64 60 2
64 61 48
64 62 11
64 63 6
64 64 42
64 65 83
64 66 96
64 67 16
64 68 71
64 69 85
64 70 72
64 71 60
64 72 56
64 73 8
64 74 23
64 75 36
64 76 94
64 77 18
64 78 99
64 79 4
64 80 49
64 81 97
64 82 21
64 83 27
64 84 71
64 85 50
64 86 7
64 87 7
64 88 7
64 89 7
64 90 88
64 91 55
64 92 53
64 93 74
64 94 8
64 95 33
64 96 13
64 97 76
64 98 90
64 99 60
64 100 91
65 1 18
65 2 77
65 3 94
65 4 84
65 5 29
65 6 31
65 7 50
65 8 26
65 9 66
65 10 92
65 11 35
65 12 96
65 13 16
65 14 29
65 15 17
65 16 40
65 17 43
65 18 48
65 19 60
65 20 60
65 21 1
65 22 58
65 23 64
65 24 52
65 25 5
65 26 17
65 27 94
65 28 54
65 29 9
65 30 90
65 31 43
65 32 15
65 33 85
65 34 71
65 35 61
65 36 78
65 37 49
65 38 55
65 39 95
65 40 46
65 41 70
65 42 63
65 43 14
65 44 49
65 45 92
65 46 71
65 47 89
65 48 88
65 49 9
65 50 62
65 51 67
65 52 84
65 53 86
65 54 38
65 55 54
65 56 51
65 57 37
65 58 65
65 59 14
65 60 22
65 61 75
65 62 31
65 63 83
65 64 10
65 65 2
65 66 34
65 67 79
65 68 21
65 69 22
65 70 43
65 71 34
65 72 54
65 73 4
65 74 63
65 75 64
65 76 85
65 77 54
65 78 86
65 79 61
65 80 25
65 81 29
65 82 82
65 83 70
65 84 72
65 85 65
65 86 17
65 87 63
65 88 31
65 89 91
65 90 91
65 91 91
65 92 91
65 93 34
65 94 82
65 95 43
65 96 77
65 97 21
65 98 30
65 99 20
65 100 54
66 1 72
66 2 18
66 3 23
66 4 12
66 5 51
66 6 4
66 7 27
66 8 82
66 9 57
66 10 94
66 11 61
66 12 5
66 13 9
66 14 16
66 15 96
66 16 35
66 17 7
66 18 36
66 19 16
66 20 68
66 21 37
66 22 48
66 23 98
66 24 70
66 25 82
66 26 6
66 27 27
66 28 17
66 29 50
66 30 88
66 31 48
66 32 95
66 33 61
66 34 15
66 35 42
66 36 79
66 37 36
66 38 57
66 39 53
66 40 70
66 41 16
66 42 49
66 43 61
66 44 4
66 45 74
66 46 92
66 47 91
66 48 80
66 49 10
66 50 60
66 51 97
66 52 42
66 53 25
66 54 89
66 55 36
66 56 82
66 57 91
66 58 95
66 59 32
66 60 1
66 61 1
66 62 59
66 63 97
66 64 19
66 65 57
66 66 94
66 67 92
66 68 9
66 69 44
66 70 51
66 71 61
66 72 43
66 73 98
66 74 4
66 75 93
66 76 89
66 77 90
66 78 91
66 79 41
66 80 92
66 81 85
66 82 32
66 83 54
66 84 85
66 85 37
66 86 75
66 87 92
66 88 30
66 89 1
66 90 5
66 91 99
66 92 21
66 93 21
66 94 21
66 95 21
66 96 50
66 97 72
66 98 66
66 99 15
66 100 6
67 1 38
67 2 74
67 3 9
67 4 71
67 5 73
67 6 77
67 7 56
67 8 93
67 9 39
67 10 59
67 11 53
67 12 32
67 13 54
67 14 98
67 15 47
67 16 16
67 17 92
67 18 94
67 19 27
67 20 83
67 21 43
67 22 44
67 23 34
67 24 52
67 25 22
67 26 81
67 27 88
67 28 26
67 29 24
67 30 60
67 31 27
67 32 5
67 33 39
67 34 18
67 35 71
67 36 93
67 37 4
67 38 13
67 39 38
67 40 9
67 41 86
67 42 12
67 43 82
67 44 13
67 45 36
67 46 92
67 47 50
67 48 47
67 49 88
67 50 19
67 51 81
67 52 38
67 53 33
67 54 32
67 55 60
67 56 58
67 57 40
67 58 28
67 59 30
67 60 89
67 61 53
67 62 69
67 63 67
67 64 87
67 65 59
67 66 82
67 67 19
67 68 44
67 69 76
67 70 68
67 71 51
67 72 34
67 73 60
67 74 52
67 75 25
67 76 37
67 77 93
67 78 10
67 79 16
67 80 8
67 81 21
67 82 52
67 83 60
67 84 92
67 85 97
67 86 72
67 87 33
67 88 53
67 89 44
67 90 20
67 91 84
67 92 60
67 93 51
67 94 36
67 95 25
67 96 25
67 97 25
67 98 25
67 99 94
67 100 49
68 1 96
68 2 80
68 3 65
68 4 10
68 5 64
68 6 39
68 7 8
68 8 67
68 9 42
68 10 18
68 11 65
68 12 42
68 13 6
68 14 53
68 15 13
68 16 20
68 17 62
68 18 16
68 19 51
68 20 87
68 21 12
68 22 70
68 23 96
68 24 53
68 25 99
68 26 29
68 27 52
68 28 9
68 29 81
68 30 77
68 31 95
68 32 33
68 33 54
68 34 48
68 35 16
68 36 75
68 37 42
68 38 66
68 39 49
68 40 37
68 41 71
68 42 54
68 43 29
68 44 93
68 45 80
68 46 60
68 47 57
68 48 29
68 49 7
68 50 33
68 51 6
68 52 5
68 53 53
68 54 19
68 55 78
68 56 41
68 57 59
68 58 68
68 59 99
68 60 6
68 61 52
68 62 97
68 63 26
68 64 77
68 65 37
68 66 44
68 67 33
68 68 20
68 69 85
68 70 21
68 71 41
68 72 38
68 73 11
68 74 38
68 75 51
68 76 38
68 77 50
68 78 90
68 79 23
68 80 96
68 81 42
68 82 78
68 83 34
68 84 82
68 85 23
68 86 38
68 87 5
68 88 91
68 89 43
68 90 84
68 91 64
68 92 2
68 93 73
68 94 20
68 95 55
68 96 32
68 97 12
68 98 22
68 99 22
68 100 22
69 1 22
69 2 99
69 3 58
69 4 78
69 5 39
69 6 35
69 7 90
69 8 46
69 9 54
69 10 28
69 11 32
69 12 33
69 13 93
69 14 75
69 15 53
69 16 9
69 17 38
69 18 73
69 19 26
69 20 65
69 21 76
69 22 84
69 23 79
69 24 43
69 25 38
69 26 29
69 27 61
69 28 50
69 29 59
69 30 81
69 31 57
69 32 93
69 33 36
69 34 93
69 35 86
69 36 72
69 37 44
69 38 98
69 39 21
69 40 32
69 41 73
69 42 5
69 43 19
69 44 3
69 45 49
69 46 37
69 47 31
69 48 1
69 49 29
69 50 40
69 51 61
69 52 34
69 53 42
69 54 59
69 55 54
69 56 53
69 57 4
69 58 94
69 59 16
69 60 8
69 61 33
69 62 52
69 63 4
69 64 14
69 65 57
69 66 37
69 67 87
69 68 72
69 69 61
69 70 12
69 71 31
69 72 18
69 73 64
69 74 25
69 75 59
69 76 62
69 77 25
69 78 82
69 79 43
69 80 97
69 81 29
69 82 19
69 83 25
69 84 52
69 85 17
69 86 59
69 87 43
69 88 22
69 89 23
69 90 43
69 91 44
69 92 25
69 93 25
69 94 15
69 95 74
69 96 76
69 97 11
69 98 60
69 99 59
69 100 89
70 1 63
70 2 63
70 3 63
70 4 63
70 5 10
70 6 78
70 7 55
70 8 46
70 9 91
70 10 55
70 11 12
70 12 16
70 13 53
70 14 21
70 15 51
70 16 10
70 17 35
70 18 90
70 19 66
70 20 78
70 21 24
70 22 86
70 23 91
70 24 19
70 25 54
70 26 13
70 27 56
70 28 66
70 29 16
70 30 2
70 31 62
70 32 85
70 33 50
70 34 8
70 35 91
70 36 36
70 37 45
70 38 84
70 39 13
70 40 7
70 41 3
70 42 43
70 43 62
70 44 55
70 45 76
70 46 88
70 47 24
70 48 40
70 49 76
70 50 30
70 51 21
70 52 60
70 53 89
70 54 43
70 55 60
70 56 28
70 57 31
70 58 62
70 59 98
70 60 37
70 61 37
70 62 83
70 63 61
70 64 25
70 65 87
70 66 26
70 67 38
70 68 36
70 69 99
70 70 26
70 71 92
70 72 37
70 73 50
70 74 16
70 75 17
70 76 37
70 77 14
70 78 50
70 79 83
70 80 54
70 81 42
70 82 82
70 83 25
70 84 67
70 85 73
70 86 64
70 87 20
70 88 10
70 89 51
70 90 71
70 91 98
70 92 17
70 93 32
70 94 78
70 95 10
70 96 10
70 97 47
70 98 1
70 99 67
70 100 96
71 1 7
71 2 67
71 3 91
71 4 70
71 5 70
71 6 70
71 7 70
71 8 52
71 9 11
71 10 72
71 11 55
71 12 29
71 13 61
71 14 79
71 15 41
71 16 92
71 17 24
71 18 36
71 19 83
71 20 29
71 21 29
71 22 54
71 23 62
71 24 40
71 25 81
71 26 77
71 27 58
71 28 70
71 29 97
71 30 4
71 31 86
71 32 68
71 33 34
71 34 76
71 35 56
71 36 29
71 37 8
71 38 40
71 39 63
71 40 6
71 41 15
71 42 27
71 43 58
71 44 64
71 45 56
71 46 14
71 47 75
71 48 70
71 49 76
71 50 15
71 51 91
71 52 31
71 53 52
71 54 4
71 55 24
71 56 62
71 57 75
71 58 87
71 59 72
71 60 58
71 61 66
71 62 57
71 63 19
71 64 13
71 65 4
71 66 66
71 67 42
71 68 11
71 69 21
71 70 78
71 71 5
71 72 52
71 73 60
71 74 84
71 75 76
71 76 79
71 77 72
71 78 6
71 79 85
71 80 40
71 81 31
71 82 34
71 83 53
71 84 14
71 85 20
71 86 99
71 87 97
71 88 18
71 89 59
71 90 22
71 91 57
71 92 5
71 93 39
71 94 83
71 95 60
71 96 37
71 97 56
71 98 57
71 99 96
71 100 92
72 1 83
72 2 64
72 3 49
72 4 16
72 5 33
72 6 13
72 7 15
72 8 15
72 9 15
72 10 15
72 11 11
72 12 38
72 13 20
72 14 11
72 15 63
72 16 31
72 17 4
72 18 87
72 19 35
72 20 41
72 21 35
72 22 21
72 23 30
72 24 7
72 25 32
72 26 11
72 27 80
72 28 67
72 29 10
72 30 28
72 31 42
72 32 63
72 33 80
72 34 37
72 35 53
72 36 67
72 37 57
72 38 59
72 39 74
72 40 66
72 41 26
72 42 27
72 43 94
72 44 67
72 45 52
72 46 80
72 47 81
72 48 6
72 49 57
72 50 21
72 51 43
72 52 74
72 53 10
72 54 25
72 55 52
72 56 81
72 57 31
72 58 26
72 59 25
72 60 51
72 61 2
72 62 20
72 63 36
72 64 97
72 65 90
72 66 69
72 67 6
72 68 10
72 69 25
72 70 10
72 71 87
72 72 82
72 73 61
72 74 49
72 75 45
72 76 97
72 77 15
72 78 85
72 79 19
72 80 62
72 81 49
72 82 2
72 83 42
72 84 75
72 85 11
72 86 18
72 87 26
72 88 39
72 89 12
72 90 25
72 91 14
72 92 42
72 93 3
72 94 74
72 95 35
72 96 43
72 97 64
72 98 25
72 99 35
72 100 81
73 1 67
73 2 93
73 3 73
73 4 76
73 5 6
73 6 84
73 7 41
73 8 22
73 9 76
73 10 58
73 11 58
73 12 58
73 13 58
73 14 64
73 15 40
73 16 89
73 17 15
73 18 63
73 19 64
73 20 23
73 21 73
73 22 51
73 23 60
73 24 25
73 25 30
73 26 29
73 27 66
73 28 25
73 29 90
73 30 44
73 31 40
73 32 10
73 33 75
73 34 89
73 35 26
73 36 6
73 37 4
73 38 98
73 39 29
73 40 10
73 41 11
73 42 41
73 43 94
73 44 25
73 45 59
73 46 32
73 47 39
73 48 20
73 49 42
73 50 49
73 51 52
73 52 69
73 53 41
73 54 29
73 55 76
73 56 56
73 57 99
73 58 64
73 59 48
73 60 23
73 61 12
73 62 86
73 63 57
73 64 64
73 65 68
73 66 4
73 67 23
73 68 2
73 69 13
73 70 84
73 71 50
73 72 8
73 73 93
73 74 10
73 75 87
73 76 64
73 77 31
73 78 93
73 79 95
73 80 40
73 81 89
73 82 28
73 83 67
73 84 65
73 85 29
73 86 84
73 87 70
73 88 71
73 89 29
73 90 21
73 91 38
73 92 52
73 93 32
73 94 55
73 95 15
73 96 49
73 97 72
73 98 98
73 99 11
73 100 12
74 1 85
74 2 83
74 3 53
74 4 48
74 5 62
74 6 42
74 7 82
74 8 9
74 9 29
74 10 27
74 11 37
74 12 10
74 13 46
74 14 46
74 15 46
74 16 46
74 17 30
74 18 80
74 19 99
74 20 25
74 21 18
74 22 32
74 23 18
74 24 99
74 25 1
74 26 11
74 27 58
74 28 51
74 29 90
74 30 15
74 31 40
74 32 11
74 33 17
74 34 4
74 35 91
74 36 8
74 37 74
74 38 48
74 39 65
74 40 49
74 41 70
74 42 31
74 43 92
74 44 2
74 45 9
74 46 89
74 47 73
74 48 80
74 49 67
74 50 33
74 51 60
74 52 79
74 53 43
74 54 11
74 55 20
74 56 92
74 57 4
74 58 55
74 59 75
74 60 29
74 61 60
74 62 16
74 63 19
74 64 90
74 65 1
74 66 13
74 67 56
74 68 19
74 69 89
74 70 24
74 71 66
74 72 76
74 73 58
74 74 62
74 75 5
74 76 9
74 77 35
74 78 47
74 79 48
74 80 49
74 81 52
74 82 59
74 83 66
74 84 50
74 85 5
74 86 2
74 87 74
74 88 91
74 89 60
74 90 58
74 91 55
74 92 60
74 93 61
74 94 59
74 95 40
74 96 73
74 97 28
74 98 11
74 99 56
74 100 60
75 1 81
75 2 58
75 3 76
75 4 34
75 5 18
75 6 53
75 7 60
75 8 6
75 9 32
75 10 45
75 11 58
75 12 79
75 13 65
75 14 68
75 15 59
75 16 29
75 17 29
75 18 29
75 19 29
75 20 71
75 21 73
75 22 18
75 23 20
75 24 4
75 25 57
75 26 51
75 27 63
75 28 25
75 29 42
75 30 39
75 31 99
75 32 24
75 33 14
75 34 40
75 35 76
75 36 17
75 37 75
75 38 84
75 39 99
75 40 21
75 41 36
75 42 46
75 43 89
75 44 57
75 45 11
75 46 14
75 47 81
75 48 19
75 49 71
75 50 18
75 51 14
75 52 46
75 53 15
75 54 47
75 55 23
75 56 32
75 57 13
75 58 9
75 59 53
75 60 25
75 61 66
75 62 83
75 63 78
75 64 30
75 65 33
75 66 42
75 67 31
75 68 38
75 69 40
75 70 60
75 71 79
75 72 76
75 73 11
75 74 74
75 75 71
75 76 48
75 77 52
75 78 1
75 79 39
75 80 72
75 81 34
75 82 66
75 83 18
75 84 15
75 85 74
75 86 20
75 87 11
75 88 96
75 89 73
75 90 84
75 91 24
75 92 85
75 93 32
75 94 12
75 95 18
75 96 7
75 97 96
75 98 13
75 99 50
75 100 9
76 1 16
76 2 23
76 3 10
76 4 44
76 5 68
76 6 90
76 7 81
76 8 22
76 9 75
76 10 24
76 11 21
76 12 29
76 13 84
76 14 63
76 15 79
76 16 29
76 17 86
76 18 34
76 19 21
76 20 21
76 21 21
76 22 21
76 23 56
76 24 10
76 25 51
76 26 67
76 27 51
76 28 39
76 29 88
76 30 14
76 31 11
76 32 20
76 33 29
76 34 55
76 35 69
76 36 77
76 37 43
76 38 82
76 39 47
76 40 11
76 41 25
76 42 46
76 43 70
76 44 74
76 45 91
76 46 77
76 47 58
76 48 70
76 49 53
76 50 85
76 51 55
76 52 74
76 53 39
76 54 39
76 55 38
76 56 84
76 57 49
76 58 52
76 59 70
76 60 55
76 61 33
76 62 18
76 63 30
76 64 17
76 65 29
76 66 27
76 67 34
76 68 74
76 69 12
76 70 67
76 71 5
76 72 19
76 73 33
76 74 99
76 75 48
76 76 79
76 77 86
76 78 83
76 79 1
76 80 24
76 81 7
76 82 93
76 83 64
76 84 32
76 85 38
76 86 20
76 87 65
76 88 49
76 89 15
76 90 68
76 91 26
76 92 32
76 93 57
76 94 99
76 95 62
76 96 56
76 97 93
76 98 64
76 99 80
76 100 12
77 1 92
77 2 85
77 3 90
77 4 9
77 5 76
77 6 9
77 7 71
77 8 5
77 9 34
77 10 83
77 11 56
77 12 17
77 13 81
77 14 71
77 15 76
77 16 86
77 17 63
77 18 58
77 19 31
77 20 81
77 21 97
77 22 36
77 23 36
77 24 36
77 25 36
77 26 97
77 27 85
77 28 27
77 29 85
77 30 73
77 31 73
77 32 96
77 33 70
77 34 74
77 35 31
77 36 19
77 37 86
77 38 19
77 39 83
77 40 41
77 41 42
77 42 15
77 43 41
77 44 76
77 45 54
77 46 73
77 47 59
77 48 11
77 49 48
77 50 88
77 51 61
77 52 93
77 53 65
77 54 59
77 55 24
77 56 26
77 57 41
77 58 21
77 59 6
77 60 44
77 61 46
77 62 28
77 63 4
77 64 64
77 65 91
77 66 51
77 67 3
77 68 79
77 69 46
77 70 58
77 71 63
77 72 19
77 73 39
77 74 65
77 75 5
77 76 38
77 77 69
77 78 39
77 79 62
77 80 43
77 81 24
77 82 37
77 83 67
77 84 55
77 85 16
77 86 15
77 87 65
77 88 39
77 89 88
77 90 22
77 91 93
77 92 28
77 93 91
77 94 26
77 95 48
77 96 63
77 97 8
77 98 39
77 99 81
77 100 85
78 1 87
78 2 10
78 3 11
78 4 67
78 5 95
78 6 53
78 7 6
78 8 30
78 9 53
78 10 24
78 11 98
78 12 80
78 13 12
78 14 9
78 15 10
78 16 65
78 17 61
78 18 59
78 19 33
78 20 20
78 21 10
78 22 99
78 23 39
78 24 15
78 25 31
78 26 31
78 27 31
78 28 31
78 29 72
78 30 25
78 31 78
78 32 66
78 33 75
78 34 4
78 35 60
78 36 77
78 37 74
78 38 81
78 39 67
78 40 24
78 41 97
78 42 1
78 43 29
78 44 52
78 45 2
78 46 78
78 47 40
78 48 18
78 49 18
78 50 59
78 51 30
78 52 70
78 53 47
78 54 29
78 55 60
78 56 94
78 57 87
78 58 2
78 59 6
78 60 5
78 61 70
78 62 89
78 63 29
78 64 39
78 65 90
78 66 89
78 67 94
78 68 56
78 69 75
78 70 1
78 71 21
78 72 97
78 73 64
78 74 80
78 75 71
78 76 74
78 77 68
78 78 98
78 79 29
78 80 80
78 81 6
78 82 48
78 83 16
78 84 77
78 85 98
78 86 47
78 87 57
78 88 53
78 89 10
78 90 43
78 91 89
78 92 99
78 93 25
78 94 6
78 95 91
78 96 53
78 97 29
78 98 8
78 99 37
78 100 28
79 1 61
79 2 73
79 3 75
79 4 70
79 5 93
79 6 32
79 7 55
79 8 23
79 9 65
79 10 70
79 11 32
79 12 60
79 13 99
79 14 48
79 15 31
79 16 57
79 17 34
79 18 20
79 19 49
79 20 11
79 21 69
79 22 54
79 23 43
79 24 81
79 25 46
79 26 8
79 27 30
79 28 62
79 29 62
79 30 62
79 31 62
79 32 9
79 33 30
79 34 7
79 35 34
79 36 37
79 37 92
79 38 21
79 39 74
79 40 57
79 41 89
79 42 99
79 43 20
79 44 12
79 45 65
79 46 15
79 47 57
79 48 64
79 49 14
79 50 81
79 51 70
79 52 12
79 53 83
79 54 49
79 55 2
79 56 6
79 57 68
79 58 93
79 59 79
79 60 5
79 61 31
79 62 95
79 63 96
79 64 44
79 65 98
79 66 30
79 67 86
79 68 16
79 69 10
79 70 93
79 71 20
79 72 86
79 73 96
79 74 30
79 75 77
79 76 12
79 77 9
79 78 10
79 79 12
79 80 28
79 81 27
79 82 99
79 83 92
79 84 1
79 85 9
79 86 57
79 87 1
79 88 22
79 89 28
79 90 62
79 91 29
79 92 72
79 93 1
79 94 29
79 95 64
79 96 42
79 97 19
79 98 47
79 99 31
79 100 8
80 1 20
80 2 39
80 3 95
80 4 74
80 5 75
80 6 86
80 7 72
80 8 66
80 9 61
80 10 91
80 11 13
80 12 11
80 13 59
80 14 85
80 15 57
80 16 41
80 17 63
80 18 79
80 19 91
80 20 72
80 21 55
80 22 10
80 23 64
80 24 18
80 25 79
80 26 76
80 27 73
80 28 43
80 29 54
80 30 9
80 31 45
80 32 45
80 33 45
80 34 45
80 35 43
80 36 90
80 37 78
80 38 20
80 39 21
80 40 72
80 41 27
80 42 94
80 43 46
80 44 81
80 45 53
80 46 58
80 47 86
80 48 66
80 49 48
80 50 75
80 51 22
80 52 47
80 53 12
80 54 11
80 55 58
80 56 40
80 57 40
80 58 11
80 59 99
80 60 45
80 61 41
80 62 20
80 63 95
80 64 43
80 65 85
80 66 60
80 67 40
80 68 21
80 69 11
80 70 60
80 71 95
80 72 91
80 73 54
80 74 43
80 75 66
80 76 94
80 77 99
80 78 20
80 79 6
80 80 40
80 81 36
80 82 47
80 83 46
80 84 50
80 85 43
80 86 63
80 87 45
80 88 33
80 89 18
80 90 68
80 91 78
80 92 17
80 93 97
80 94 76
80 95 16
80 96 26
80 97 86
80 98 74
80 99 62
80 100 31
81 1 74
81 2 3
81 3 18
81 4 10
81 5 64
81 6 54
81 7 11
81 8 82
81 9 97
81 10 34
81 11 23
81 12 78
81 13 96
81 14 59
81 15 32
81 16 68
81 17 23
81 18 20
81 19 11
81 20 60
81 21 17
81 22 24
81 23 54
81 24 38
81 25 61
81 26 88
81 27 50
81 28 7
81 29 60
81 30 5
81 31 72
81 32 78
81 33 90
81 34 96
81 35 96
81 36 96
81 37 96
81 38 29
81 39 64
81 40 44
81 41 69
81 42 72
81 43 16
81 44 84
81 45 93
81 46 17
81 47 66
81 48 70
81 49 95
81 50 44
81 51 88
81 52 32
81 53 72
81 54 95
81 55 14
81 56 83
81 57 91
81 58 61
81 59 13
81 60 97
81 61 17
81 62 10
81 63 70
81 64 78
81 65 25
81 66 44
81 67 24
81 68 45
81 69 19
81 70 42
81 71 35
81 72 64
81 73 74
81 74 15
81 75 42
81 76 96
81 77 53
81 78 29
81 79 26
81 80 73
81 81 80
81 82 67
81 83 89
81 84 38
81 85 63
81 86 87
81 87 11
81 88 91
81 89 17
81 90 93
81 91 9
81 92 23
81 93 41
81 94 32
81 95 82
81 96 51
81 97 14
81 98 61
81 99 79
81 100 8
82 1 9
82 2 55
82 3 90
82 4 75
82 5 96
82 6 76
82 7 37
82 8 34
82 9 44
82 10 55
82 11 12
82 12 87
82 13 13
82 14 66
82 15 97
82 16 82
82 17 54
82 18 34
82 19 83
82 20 41
82 21 7
82 22 14
82 23 4
82 24 39
82 25 41
82 26 70
82 27 26
82 28 7
82 29 20
82 30 12
82 31 6
82 32 51
82 33 23
82 34 27
82 35 80
82 36 79
82 37 31
82 38 31
82 39 31
82 40 31
82 41 8
82 42 78
82 43 10
82 44 11
82 45 36
82 46 20
82 47 55
82 48 1
82 49 54
82 50 41
82 51 39
82 52 54
82 53 57
82 54 9
82 55 65
82 56 79
82 57 84
82 58 97
82 59 80
82 60 54
82 61 84
82 62 81
82 63 3
82 64 61
82 65 54
82 66 54
82 67 53
82 68 83
82 69 50
82 70 18
82 71 2
82 72 17
82 73 78
82 74 1
82 75 2
82 76 3
82 77 85
82 78 22
82 79 92
82 80 46
82 81 79
82 82 26
82 83 78
82 84 58
82 85 80
82 86 75
82 87 47
82 88 98
82 89 66
82 90 61
82 91 36
82 92 72
82 93 87
82 94 26
82 95 63
82 96 9
82 97 36
82 98 78
82 99 63
82 100 8
83 1 99
83 2 87
83 3 41
83 4 61
83 5 32
83 6 15
83 7 78
83 8 45
83 9 61
83 10 58
83 11 23
83 12 9
83 13 45
83 14 15
83 15 45
83 16 37
83 17 3
83 18 25
83 19 37
83 20 70
83 21 26
83 22 78
83 23 44
83 24 60
83 25 43
83 26 23
83 27 61
83 28 20
83 29 60
83 30 50
83 31 78
83 32 94
83 33 20
83 34 30
83 35 44
83 36 27
83 37 22
83 38 4
83 39 76
83 40 40
83 41 40
83 42 40
83 43 40
83 44 10
83 45 90
83 46 14
83 47 99
83 48 97
83 49 14
83 50 9
83 51 62
83 52 16
83 53 45
83 54 44
83 55 38
83 56 90
83 57 97
83 58 63
83 59 62
83 60 66
83 61 18
83 62 14
83 63 53
83 64 88
83 65 74
83 66 54
83 67 55
83 68 26
83 69 45
83 70 27
83 71 9
83 72 92
83 73 51
83 74 84
83 75 93
83 76 27
83 77 76
83 78 79
83 79 78
83 80 87
83 81 43
83 82 47
83 83 16
83 84 70
83 85 14
83 86 4
83 87 21
83 88 20
83 89 79
83 90 85
83 91 19
83 92 12
83 93 9
83 94 57
83 95 1
83 96 35
83 97 74
83 98 93
83 99 41
83 100 33
84 1 8
84 2 21
84 3 48
84 4 23
84 5 73
84 6 26
84 7 5
84 8 50
84 9 43
84 10 15
84 11 97
84 12 35
84 13 80
84 14 75
84 15 20
84 16 86
84 17 26
84 18 35
84 19 96
84 20 5
84 21 90
84 22 79
84 23 53
84 24 83
84 25 19
84 26 28
84 27 42
84 28 68
84 29 71
84 30 86
84 31 82
84 32 47
84 33 10
84 34 68
84 35 45
84 36 56
84 37 76
84 38 7
84 39 98
84 40 14
84 41 48
84 42 4
84 43 48
84 44 48
84 45 48
84 46 48
84 47 49
84 48 88
84 49 30
84 50 34
84 51 2
84 52 1
84 53 22
84 54 93
84 55 75
84 56 30
84 57 11
84 58 42
84 59 62
84 60 1
84 61 78
84 62 61
84 63 44
84 64 33
84 65 52
84 66 6
84 67 85
84 68 16
84 69 37
84 70 18
84 71 12
84 72 99
84 73 59
84 74 63
84 75 33
84 76 36
84 77 32
84 78 65
84 79 86
84 80 62
84 81 47
84 82 69
84 83 51
84 84 98
84 85 30
84 86 59
84 87 71
84 88 47
84 89 84
84 90 60
84 91 45
84 92 7
84 93 43
84 94 63
84 95 73
84 96 3
84 97 62
84 98 5
84 99 57
84 100 70
85 1 93
85 2 44
85 3 75
85 4 80
85 5 98
85 6 78
85 7 59
85 8 53
85 9 8
85 10 89
85 11 35
85 12 44
85 13 66
85 14 89
85 15 61
85 16 91
85 17 93
85 18 68
85 19 79
85 20 90
85 21 26
85 22 27
85 23 19
85 24 46
85 25 37
85 26 37
85 27 9
85 28 99
85 29 6
85 30 22
85 31 34
85 32 17
85 33 22
85 34 30
85 35 49
85 36 24
85 37 50
85 38 19
85 39 40
85 40 88
85 41 92
85 42 1
85 43 88
85 44 5
85 45 23
85 46 62
85 47 62
85 48 62
85 49 62
85 50 24
85 51 17
85 52 5
85 53 55
85 54 18
85 55 5
85 56 42
85 57 74
85 58 36
85 59 25
85 60 16
85 61 14
85 62 10
85 63 48
85 64 97
85 65 48
85 66 30
85 67 26
85 68 28
85 69 80
85 70 67
85 71 30
85 72 27
85 73 15
85 74 47
85 75 1
85 76 18
85 77 23
85 78 34
85 79 33
85 80 4
85 81 44
85 82 56
85 83 85
85 84 7
85 85 39
85 86 92
85 87 98
85 88 21
85 89 20
85 90 36
85 91 23
85 92 7
85 93 94
85 94 17
85 95 24
85 96 70
85 97 18
85 98 98
85 99 95
85 100 7
86 1 37
86 2 48
86 3 64
86 4 62
86 5 74
86 6 93
86 7 30
86 8 65
86 9 4
86 10 41
86 11 64
86 12 18
86 13 18
86 14 10
86 15 10
86 16 31
86 17 5
86 18 44
86 19 82
86 20 82
86 21 24
86 22 51
86 23 28
86 24 42
86 25 47
86 26 9
86 27 34
86 28 91
86 29 77
86 30 85
86 31 94
86 32 50
86 33 68
86 34 41
86 35 80
86 36 3
86 37 64
86 38 34
86 39 66
86 40 52
86 41 68
86 42 60
86 43 42
86 44 35
86 45 36
86 46 86
86 47 79
86 48 92
86 49 85
86 50 85
86 51 85
86 52 85
86 53 68
86 54 78
86 55 70
86 56 10
86 57 88
86 58 67
86 59 29
86 60 25
86 61 16
86 62 37
86 63 10
86 64 91
86 65 93
86 66 65
86 67 14
86 68 24
86 69 89
86 70 86
86 71 33
86 72 49
86 73 13
86 74 67
86 75 14
86 76 39
86 77 99
86 78 33
86 79 84
86 80 14
86 81 96
86 82 68
86 83 87
86 84 90
86 85 25
86 86 64
86 87 57
86 88 56
86 89 20
86 90 9
86 91 36
86 92 79
86 93 13
86 94 14
86 95 73
86 96 64
86 97 32
86 98 64
86 99 55
86 100 49
87 1 96
87 2 1
87 3 47
87 4 64
87 5 45
87 6 27
87 7 14
87 8 39
87 9 90
87 10 37
87 11 31
87 12 55
87 13 91
87 14 84
87 15 33
87 16 14
87 17 28
87 18 91
87 19 27
87 20 48
87 21 59
87 22 8
87 23 40
87 24 68
87 25 92
87 26 28
87 27 15
87 28 84
87 29 67
87 30 64
87 31 69
87 32 95
87 33 73
87 34 78
87 35 39
87 36 88
87 37 6
87 38 25
87 39 90
87 40 55
87 41 45
87 42 3
87 43 48
87 44 78
87 45 89
87 46 34
87 47 27
87 48 87
87 49 86
87 50 80
87 51 40
87 52 38
87 53 38
87 54 38
87 55 38
87 56 65
87 57 67
87 58 51
87 59 22
87 60 43
87 61 43
87 62 92
87 63 65
87 64 79
87 65 90
87 66 9
87 67 44
87 68 24
87 69 24
87 70 90
87 71 4
87 72 51
87 73 10
87 74 55
87 75 1
87 76 49
87 77 39
87 78 47
87 79 63
87 80 3
87 81 61
87 82 22
87 83 95
87 84 74
87 85 34
87 86 69
87 87 91
87 88 1
87 89 17
87 90 56
87 91 88
87 92 99
87 93 54
87 94 53
87 95 17
87 96 82
87 97 50
87 98 91
87 99 62
87 100 25
88 1 72
88 2 50
88 3 38
88 4 37
88 5 85
88 6 13
88 7 81
88 8 89
88 9 26
88 10 26
88 11 79
88 12 25
88 13 22
88 14 21
88 15 74
88 16 9
88 17 53
88 18 31
88 19 10
88 20 39
88 21 40
88 22 18
88 23 67
88 24 62
88 25 1
88 26 57
88 27 4
88 28 77
88 29 14
88 30 75
88 31 31
88 32 29
88 33 91
88 34 50
88 35 26
88 36 43
88 37 57
88 38 48
88 39 33
88 40 47
88 41 80
88 42 15
88 43 56
88 44 16
88 45 74
88 46 35
88 47 84
88 48 19
88 49 93
88 50 64
88 51 61
88 52 79
88 53 46
88 54 15
88 55 98
88 56 98
88 57 98
88 58 98
88 59 17
88 60 21
88 61 85
88 62 14
88 63 74
88 64 14
88 65 7
88 66 26
88 67 83
88 68 72
88 69 67
88 70 72
88 71 42
88 72 10
88 73 68
88 74 98
88 75 96
88 76 36
88 77 1
88 78 13
88 79 46
88 80 53
88 81 84
88 82 22
88 83 89
88 84 3
88 85 46
88 86 58
88 87 49
88 88 39
88 89 97
88 90 85
88 91 49
88 92 35
88 93 41
88 94 67
88 95 1
88 96 20
88 97 1
88 98 78
88 99 19
88 100 37
89 1 27
89 2 7
89 3 28
89 4 49
89 5 29
89 6 76
89 7 90
89 8 4
89 9 36
89 10 4
89 11 5
89 12 22
89 13 56
89 14 33
89 15 45
89 16 30
89 17 45
89 18 2
89 19 76
89 20 8
89 21 48
89 22 5
89 23 23
89 24 23
89 25 36
89 26 3
89 27 77
89 28 21
89 29 6
89 30 77
89 31 11
89 32 77
89 33 16
89 34 47
89 35 83
89 36 36
89 37 80
89 38 37
89 39 48
89 40 23
89 41 16
89 42 10
89 43 88
89 44 93
89 45 30
89 46 81
89 47 35
89 48 72
89 49 72
89 50 97
89 51 98
89 52 46
89 53 97
89 54 9
89 55 89
89 56 74
89 57 59
89 58 60
89 59 60
89 60 60
89 61 60
89 62 15
89 63 91
89 64 12
89 65 20
89 66 80
89 67 51
89 68 39
89 69 31
89 70 87
89 71 20
89 72 94
89 73 74
89 74 99
89 75 91
89 76 5
89 77 39
89 78 53
89 79 33
89 80 67
89 81 82
89 82 77
89 83 45
89 84 22
89 85 72
89 86 86
89 87 96
89 88 12
89 89 23
89 90 28
89 91 21
89 92 24
89 93 99
89 94 54
89 95 33
89 96 72
89 97 47
89 98 67
89 99 63
89 100 57
90 1 40
90 2 23
90 3 67
90 4 16
90 5 82
90 6 56
90 7 2
90 8 50
90 9 8
90 10 22
90 11 48
90 12 51
90 13 35
90 14 77
90 15 18
90 16 47
90 17 17
90 18 26
90 19 5
90 20 75
90 21 55
90 22 6
90 23 28
90 24 52
90 25 12
90 26 84
90 27 92
90 28 71
90 29 45
90 30 85
90 31 6
90 32 67
90 33 74
90 34 61
90 35 54
90 36 11
90 37 40
90 38 66
90 39 30
90 40 83
90 41 77
90 42 94
90 43 84
90 44 89
90 45 30
90 46 45
90 47 26
90 48 40
90 49 6
90 50 89
90 51 36
90 52 13
90 53 54
90 54 24
90 55 61
90 56 39
90 57 99
90 58 48
90 59 59
90 60 50
90 61 34
90 62 34
90 63 34
90 64 34
90 65 83
90 66 13
90 67 61
90 68 40
90 69 32
90 70 73
90 71 84
90 72 63
90 73 37
90 74 75
90 75 55
90 76 25
90 77 32
90 78 84
90 79 18
90 80 58
90 81 91
90 82 81
90 83 33
90 84 37
90 85 21
90 86 63
90 87 23
90 88 71
90 89 30
90 90 83
90 91 54
90 92 86
90 93 66
90 94 68
90 95 9
90 96 24
90 97 56
90 98 53
90 99 2
90 100 30
91 1 62
91 2 33
91 3 6
91 4 25
91 5 59
91 6 85
91 7 80
91 8 25
91 9 6
91 10 57
91 11 26
91 12 57
91 13 8
91 14 27
91 15 72
91 16 38
91 17 37
91 18 91
91 19 47
91 20 75
91 21 39
91 22 44
91 23 29
91 24 20
91 25 57
91 26 8
91 27 7
91 28 60
91 29 62
91 30 49
91 31 66
91 32 93
91 33 59
91 34 95
91 35 30
91 36 11
91 37 71
91 38 93
91 39 15
91 40 13
91 41 65
91 42 30
91 43 66
91 44 77
91 45 57
91 46 77
91 47 24
91 48 64
91 49 98
91 50 67
91 51 35
91 52 51
91 53 42
91 54 30
91 55 20
91 56 78
91 57 61
91 58 7
91 59 68
91 60 41
91 61 3
91 62 54
91 63 73
91 64 9
91 65 9
91 66 9
91 67 9
91 68 41
91 69 87
91 70 11
91 71 49
91 72 78
91 73 13
91 74 25
91 75 77
91 76 63
91 77 43
91 78 52
91 79 34
91 80 1
91 81 61
91 82 40
91 83 88
91 84 14
91 85 12
91 86 43
91 87 78
91 88 26
91 89 61
91 90 26
91 91 70
91 92 68
91 93 36
91 94 61
91 95 38
91 96 80
91 97 7
91 98 95
91 99 96
91 100 21
92 1 79
92 2 71
92 3 28
92 4 92
92 5 71
92 6 39
92 7 22
92 8 59
92 9 96
92 10 69
92 11 71
92 12 5
92 13 52
92 14 31
92 15 78
92 16 72
92 17 31
92 18 1
92 19 62
92 20 76
92 21 75
92 22 20
92 23 58
92 24 51
92 25 36
92 26 83
92 27 79
92 28 17
92 29 19
92 30 69
92 31 3
92 32 19
92 33 38
92 34 85
92 35 30
92 36 10
92 37 58
92 38 18
92 39 94
92 40 66
92 41 44
92 42 43
92 43 92
92 44 43
92 45 72
92 46 77
92 47 82
92 48 26
92 49 71
92 50 95
92 51 60
92 52 55
92 53 3
92 54 27
92 55 48
92 56 56
92 57 54
92 58 91
92 59 12
92 60 45
92 61 96
92 62 46
92 63 34
92 64 88
92 65 90
92 66 90
92 67 30
92 68 30
92 69 30
92 70 30
92 71 74
92 72 77
92 73 98
92 74 43
92 75 72
92 76 65
92 77 73
92 78 54
92 79 6
92 80 14
92 81 84
92 82 60
92 83 99
92 84 29
92 85 48
92 86 91
92 87 89
92 88 80
92 89 75
92 90 54
92 91 28
92 92 34
92 93 65
92 94 65
92 95 71
92 96 57
92 97 92
92 98 92
92 99 7
92 100 81
93 1 72
93 2 12
93 3 99
93 4 98
93 5 22
93 6 31
93 7 63
93 8 69
93 9 25
93 10 60
93 11 51
93 12 67
93 13 14
93 14 69
93 15 56
93 16 43
93 17 25
93 18 33
93 19 16
93 20 18
93 21 52
93 22 56
93 23 93
93 24 76
93 25 65
93 26 43
93 27 53
93 28 80
93 29 54
93 30 67
93 31 19
93 32 95
93 33 91
93 34 24
93 35 97
93 36 76
93 37 64
93 38 95
93 39 59
93 40 54
93 41 18
93 42 50
93 43 75
93 44 61
93 45 88
93 46 37
93 47 84
93 48 21
93 49 15
93 50 64
93 51 8
93 52 45
93 53 74
93 54 11
93 55 36
93 56 10
93 57 51
93 58 18
93 59 28
93 60 35
93 61 21
93 62 17
93 63 69
93 64 12
93 65 73
93 66 83
93 67 53
93 68 66
93 69 12
93 70 59
93 71 59
93 72 59
93 73 59
93 74 10
93 75 69
93 76 75
93 77 66
93 78 57
93 79 5
93 80 56
93 81 36
93 82 39
93 83 80
93 84 3
93 85 42
93 86 44
93 87 78
93 88 13
93 89 78
93 90 16
93 91 56
93 92 2
93 93 98
93 94 31
93 95 23
93 96 17
93 97 25
93 98 84
93 99 17
93 100 55
94 1 99
94 2 69
94 3 59
94 4 55
94 5 39
94 6 16
94 7 13
94 8 30
94 9 14
94 10 15
94 11 70
94 12 36
94 13 24
94 14 46
94 15 18
94 16 16
94 17 2
94 18 40
94 19 55
94 20 46
94 21 66
94 22 49
94 23 6
94 24 36
94 25 13
94 26 32
94 27 1
94 28 81
94 29 85
94 30 74
94 31 55
94 32 58
94 33 69
94 34 71
94 35 35
94 36 38
94 37 15
94 38 66
94 39 52
94 40 66
94 41 40
94 42 78
94 43 24
94 44 31
94 45 97
94 46 14
94 47 34
94 48 77
94 49 75
94 50 96
94 51 88
94 52 50
94 53 82
94 54 8
94 55 62
94 56 21
94 57 7
94 58 4
94 59 22
94 60 38
94 61 71
94 62 84
94 63 19
94 64 9
94 65 58
94 66 15
94 67 65
94 68 44
94 69 56
94 70 16
94 71 83
94 72 89
94 73 40
94 74 40
94 75 40
94 76 40
94 77 40
94 78 19
94 79 59
94 80 36
94 81 57
94 82 7
94 83 49
94 84 55
94 85 19
94 86 21
94 87 8
94 88 30
94 89 24
94 90 57
94 91 12
94 92 46
94 93 50
94 94 84
94 95 21
94 96 54
94 97 9
94 98 72
94 99 49
94 100 94
95 1 86
95 2 70
95 3 61
95 4 18
95 5 29
95 6 96
95 7 45
95 8 44
95 9 81
95 10 53
95 11 53
95 12 5
95 13 89
95 14 63
95 15 69
95 16 53
95 17 13
95 18 86
95 19 34
95 20 83
95 21 89
95 22 55
95 23 10
95 24 80
95 25 49
95 26 27
95 27 51
95 28 3
95 29 98
95 30 80
95 31 98
95 32 15
95 33 10
95 34 1
95 35 55
95 36 6
95 37 92
95 38 95
95 39 29
95 40 47
95 41 58
95 42 16
95 43 25
95 44 44
95 45 30
95 46 87
95 47 35
95 48 10
95 49 57
95 50 79
95 51 81
95 52 74
95 53 71
95 54 43
95 55 99
95 56 90
95 57 21
95 58 22
95 59 68
95 60 93
95 61 89
95 62 45
95 63 87
95 64 8
95 65 83
95 66 25
95 67 22
95 68 14
95 69 96
95 70 22
95 71 1
95 72 96
95 73 49
95 74 90
95 75 65
95 76 24
95 77 24
95 78 24
95 79 24
95 80 24
95 81 19
95 82 59
95 83 32
95 84 8
95 85 95
95 86 76
95 87 71
95 88 7
95 89 85
95 90 45
95 91 36
95 92 42
95 93 16
95 94 53
95 95 63
95 96 65
95 97 73
95 98 42
95 99 71
95 100 90
96 1 63
96 2 88
96 3 7
96 4 83
96 5 36
96 6 91
96 7 85
96 8 43
96 9 28
96 10 6
96 11 69
96 12 92
96 13 14
96 14 90
96 15 85
96 16 83
96 17 78
96 18 25
96 19 61
96 20 71
96 21 81
96 22 25
96 23 32
96 24 42
96 25 9
96 26 19
96 27 37
96 28 26
96 29 5
96 30 2
96 31 68
96 32 25
96 33 8
96 34 44
96 35 48
96 36 72
96 37 18
96 38 43
96 39 93
96 40 71
96 41 52
96 42 15
96 43 45
96 44 45
96 45 61
96 46 4
96 47 91
96 48 44
96 49 60
96 50 2
96 51 39
96 52 34
96 53 93
96 54 41
96 55 83
96 56 28
96 57 94
96 58 73
96 59 89
96 60 3
96 61 17
96 62 79
96 63 63
96 64 7
96 65 93
96 66 56
96 67 12
96 68 48
96 69 20
96 70 72
96 71 20
96 72 81
96 73 29
96 74 63
96 75 11
96 76 76
96 77 20
96 78 63
96 79 96
96 80 96
96 81 96
96 82 96
96 83 43
96 84 38
96 85 89
96 86 59
96 87 62
96 88 26
96 89 82
96 90 25
96 91 34
96 92 23
96 93 2
96 94 15
96 95 15
96 96 74
96 97 81
96 98 70
96 99 72
96 100 28
97 1 52
97 2 71
97 3 29
97 4 76
97 5 61
97 6 34
97 7 68
97 8 60
97 9 62
97 10 49
97 11 11
97 12 54
97 13 33
97 14 27
97 15 53
97 16 26
97 17 39
97 18 25
97 19 9
97 20 33
97 21 29
97 22 85
97 23 44
97 24 45
97 25 71
97 26 28
97 27 4
97 28 29
97 29 66
97 30 18
97 31 87
97 32 53
97 33 96
97 34 22
97 35 8
97 36 51
97 37 80
97 38 88
97 39 82
97 40 36
97 41 70
97 42 51
97 43 59
97 44 86
97 45 55
97 46 65
97 47 30
97 48 81
97 49 69
97 50 55
97 51 18
97 52 10
97 53 23
97 54 73
97 55 54
97 56 50
97 57 12
97 58 96
97 59 35
97 60 99
97 61 59
97 62 76
97 63 42
97 64 17
97 65 64
97 66 56
97 67 86
97 68 33
97 69 17
97 70 89
97 71 86
97 72 58
97 73 68
97 74 2
97 75 47
97 76 2
97 77 11
97 78 52
97 79 73
97 80 17
97 81 44
97 82 46
97 83 46
97 84 46
97 85 46
97 86 48
97 87 53
97 88 86
97 89 27
97 90 46
97 91 43
97 92 39
97 93 44
97 94 19
97 95 60
97 96 69
97 97 92
97 98 4
97 99 2
97 100 43
98 1 53
98 2 48
98 3 92
98 4 38
98 5 49
98 6 54
98 7 80
98 8 39
98 9 54
98 10 89
98 11 25
98 12 39
98 13 24
98 14 23
98 15 77
98 16 64
98 17 94
98 18 23
98 19 8
98 20 44
98 21 27
98 22 30
98 23 29
98 24 78
98 25 88
98 26 22
98 27 64
98 28 12
98 29 27
98 30 11
98 31 95
98 32 28
98 33 68
98 34 73
98 35 45
98 36 76
98 37 73
98 38 93
98 39 77
98 40 36
98 41 30
98 42 48
98 43 11
98 44 32
98 45 6
98 46 91
98 47 24
98 48 41
98 49 53
98 50 85
98 51 21
98 52 52
98 53 10
98 54 59
98 55 84
98 56 60
98 57 38
98 58 85
98 59 40
98 60 86
98 61 24
98 62 69
98 63 48
98 64 98
98 65 38
98 66 94
98 67 70
98 68 47
98 69 97
98 70 93
98 71 14
98 72 58
98 73 23
98 74 31
98 75 32
98 76 74
98 77 10
98 78 15
98 79 83
98 80 76
98 81 22
98 82 87
98 83 20
98 84 88
98 85 35
98 86 35
98 87 35
98 88 35
98 89 1
98 90 37
98 91 94
98 92 40
98 93 95
98 94 76
98 95 12
98 96 68
98 97 95
98 98 84
98 99 47
98 100 30
99 1 2
99 2 54
99 3 8
99 4 75
99 5 54
99 6 27
99 7 21
99 8 60
99 9 3
99 10 97
99 11 53
99 12 94
99 13 4
99 14 40
99 15 89
99 16 98
99 17 45
99 18 40
99 19 54
99 20 66
99 21 36
99 22 58
99 23 19
99 24 80
99 25 36
99 26 17
99 27 85
99 28 58
99 29 22
99 30 29
99 31 21
99 32 50
99 33 33
99 34 72
99 35 51
99 36 91
99 37 66
99 38 94
99 39 24
99 40 38
99 41 8
99 42 34
99 43 44
99 44 18
99 45 36
99 46 65
99 47 95
99 48 8
99 49 78
99 50 53
99 51 66
99 52 10
99 53 33
99 54 61
99 55 52
99 56 28
99 57 62
99 58 94
99 59 47
99 60 72
99 61 92
99 62 84
99 63 76
99 64 37
99 65 43
99 66 20
99 67 94
99 68 26
99 69 34
99 70 69
99 71 7
99 72 39
99 73 35
99 74 27
99 75 75
99 76 93
99 77 48
99 78 12
99 79 48
99 80 2
99 81 69
99 82 30
99 83 67
99 84 5
99 85 70
99 86 57
99 87 53
99 88 65
99 89 65
99 90 65
99 91 65
99 92 15
99 93 15
99 94 73
99 95 83
99 96 5
99 97 26
99 98 53
99 99 88
99 100 94
100 1 65
100 2 10
100 3 30
100 4 73
100 5 52
100 6 11
100 7 43
100 8 10
100 9 9
100 10 9
100 11 72
100 12 2
100 13 39
100 14 87
100 15 17
100 16 4
100 17 92
100 18 95
100 19 96
100 20 87
100 21 39
100 22 65
100 23 22
100 24 6
100 25 62
100 26 43
100 27 22
100 28 88
100 29 69
100 30 28
100 31 40
100 32 29
100 33 29
100 34 74
100 35 85
100 36 77
100 37 27
100 38 42
100 39 36
100 40 21
100 41 73
100 42 35
100 43 55
100 44 76
100 45 46
100 46 20
100 47 49
100 48 25
100 49 18
100 50 31
100 51 28
100 52 8
100 53 85
100 54 28
100 55 30
100 56 94
100 57 75
100 58 8
100 59 35
100 60 78
100 61 2
100 62 80
100 63 7
100 64 91
100 65 19
100 66 37
100 67 8
100 68 75
100 69 56
100 70 18
100 71 18
100 72 83
100 73 8
100 74 93
100 75 55
100 76 11
100 77 55
100 78 67
100 79 52
100 80 95
100 81 63
100 82 67
100 83 91
100 84 7
100 85 18
100 86 72
100 87 67
100 88 69
100 89 22
100 90 33
100 91 43
100 92 43
100 93 43
100 94 43
100 95 81
100 96 23
100 97 86
100 98 41
100 99 96
100 100 60