100 5
20
26
71
8
93
85
48
91
65
13
4
11
23
58
75
37
63
66
93
34
67
11
37
32
9
82
35
61
91
97
33
99
74
81
5
71
24
82
94
55
52
58
37
82
87
37
74
77
41
97
20
70
99
71
89
99
20
40
94
38
53
61
79
25
88
81
92
25
30
79
96
70
43
68
94
25
64
35
78
94
27
96
68
86
88
87
30
98
5
67
35
2
67
7
21
57
94
53
14
52
0 1 94
0 2 15
0 3 84
0 4 99
0 5 4
0 6 28
0 7 10
0 8 91
0 9 77
0 10 91
0 11 57
0 12 12
0 13 1
0 14 86
0 15 78
0 16 32
0 17 35
0 18 32
0 19 78
0 20 8
0 21 3
0 22 31
0 23 32
0 24 12
0 25 17
0 26 17
0 27 63
0 28 71
0 29 55
0 30 19
0 31 68
0 32 51
0 33 22
0 34 8
0 35 33
0 36 35
0 37 86
0 38 4
0 39 39
0 40 81
0 41 1
0 42 7
0 43 90
0 44 26
0 45 40
0 46 49
0 47 5
0 48 52
0 49 92
0 50 91
0 51 52
0 52 30
0 53 50
0 54 45
0 55 32
0 56 63
0 57 34
0 58 63
0 59 42
0 60 87
0 61 59
0 62 25
0 63 38
0 64 65
0 65 32
0 66 52
0 67 20
0 68 41
0 69 33
0 70 79
0 71 71
0 72 49
0 73 79
0 74 63
0 75 24
0 76 23
0 77 23
0 78 33
0 79 4
0 80 15
0 81 56
0 82 63
0 83 15
0 84 21
0 85 55
0 86 21
0 87 81
0 88 98
0 89 46
0 90 26
0 91 80
0 92 78
0 93 75
0 94 74
0 95 25
0 96 96
0 97 59
0 98 6
0 99 24
0 100 24
1 1 24
1 2 24
1 3 24
1 4 24
1 5 50
1 6 4
1 7 43
1 8 16
1 9 53
1 10 33
1 11 82
1 12 40
1 13 59
1 14 27
1 15 88
1 16 56
1 17 23
1 18 21
1 19 2
1 20 64
1 21 20
1 22 75
1 23 39
1 24 23
1 25 46
1 26 99
1 27 31
1 28 93
1 29 15
1 30 10
1 31 44
1 32 2
1 33 54
1 34 11
1 35 76
1 36 77
1 37 74
1 38 63
1 39 20
1 40 35
1 41 5
1 42 91
1 43 72
1 44 90
1 45 40
1 46 14
1 47 95
1 48 6
1 49 67
1 50 76
1 51 78
1 52 44
1 53 45
1 54 41
1 55 51
1 56 33
1 57 39
1 58 19
1 59 66
1 60 53
1 61 82
1 62 13
1 63 87
1 64 43
1 65 46
1 66 39
1 67 25
1 68 1
1 69 68
1 70 81
1 71 23
1 72 45
1 73 66
1 74 52
1 75 19
1 76 69
1 77 8
1 78 3
1 79 10
1 80 27
1 81 79
1 82 21
1 83 76
1 84 45
1 85 26
1 86 82
1 87 13
1 88 35
1 89 53
1 90 43
1 91 91
1 92 98
1 93 40
1 94 22
1 95 91
1 96 23
1 97 88
1 98 74
1 99 60
1 100 5
2 1 53
2 2 36
2 3 75
2 4 75
2 5 75
2 6 75
2 7 35
2 8 35
2 9 62
2 10 18
2 11 28
2 12 38
2 13 88
2 14 32
2 15 43
2 16 85
2 17 10
2 18 94
2 19 82
2 20 89
2 21 73
2 22 45
2 23 19
2 24 99
2 25 64
2 26 99
2 27 86
2 28 56
2 29 15
2 30 39
2 31 91
2 32 27
2 33 20
2 34 30
2 35 97
2 36 20
2 37 37
2 38 54
2 39 20
2 40 36
2 41 87
2 42 84
2 43 25
2 44 19
2 45 15
2 46 95
2 47 64
2 48 88
2 49 57
2 50 47
2 51 72
2 52 49
2 53 37
2 54 86
2 55 84
2 56 11
2 57 23
2 58 85
2 59 92
2 60 16
2 61 92
2 62 69
2 63 12
2 64 43
2 65 93
2 66 82
2 67 19
2 68 16
2 69 12
2 70 43
2 71 2
2 72 7
2 73 79
2 74 12
2 75 88
2 76 52
2 77 65
2 78 91
2 79 49
2 80 53
2 81 42
2 82 10
2 83 75
2 84 23
2 85 16
2 86 42
2 87 59
2 88 2
2 89 24
2 90 19
2 91 93
2 92 25
2 93 70
2 94 69
2 95 74
2 96 58
2 97 11
2 98 2
2 99 37
2 100 61
3 1 69
3 2 26
3 3 6
3 4 80
3 5 97
3 6 50
3 7 50
3 8 50
3 9 50
3 10 29
3 11 4
3 12 83
3 13 31
3 14 53
3 15 47
3 16 29
3 17 78
3 18 89
3 19 77
3 20 73
3 21 53
3 22 51
3 23 66
3 24 49
3 25 62
3 26 77
3 27 61
3 28 84
3 29 24
3 30 29
3 31 51
3 32 41
3 33 10
3 34 42
3 35 61
3 36 54
3 37 83
3 38 59
3 39 53
3 40 77
3 41 81
3 42 26
3 43 27
3 44 72
3 45 71
3 46 8
3 47 89
3 48 81
3 49 24
3 50 84
3 51 70
3 52 72
3 53 5
3 54 16
3 55 91
3 56 89
3 57 68
3 58 43
3 59 59
3 60 77
3 61 30
3 62 31
3 63 59
3 64 85
3 65 73
3 66 99
3 67 92
3 68 68
3 69 2
3 70 7
3 71 71
3 72 13
3 73 47
3 74 74
3 75 8
3 76 29
3 77 37
3 78 54
3 79 66
3 80 15
3 81 38
3 82 30
3 83 54
3 84 7
3 85 42
3 86 31
3 87 4
3 88 92
3 89 76
3 90 35
3 91 54
3 92 13
3 93 32
3 94 87
3 95 49
3 96 62
3 97 27
3 98 32
3 99 16
3 100 15
4 1 71
4 2 11
4 3 70
4 4 41
4 5 61
4 6 21
4 7 68
4 8 30
4 9 4
4 10 4
4 11 4
4 12 4
4 13 45
4 14 26
4 15 32
4 16 34
4 17 1
4 18 53
4 19 11
4 20 68
4 21 35
4 22 10
4 23 44
4 24 80
4 25 2
4 26 63
4 27 67
4 28 4
4 29 23
4 30 26
4 31 59
4 32 39
4 33 9
4 34 45
4 35 86
4 36 90
4 37 72
4 38 68
4 39 76
4 40 75
4 41 65
4 42 82
4 43 41
4 44 90
4 45 42
4 46 96
4 47 80
4 48 64
4 49 3
4 50 33
4 51 80
4 52 74
4 53 19
4 54 95
4 55 80
4 56 47
4 57 38
4 58 92
4 59 66
4 60 47
4 61 50
4 62 38
4 63 77
4 64 80
4 65 24
4 66 98
4 67 92
4 68 26
4 69 16
4 70 13
4 71 42
4 72 19
4 73 59
4 74 9
4 75 88
4 76 15
4 77 5
4 78 15
4 79 62
4 80 60
4 81 85
4 82 6
4 83 7
4 84 74
4 85 99
4 86 15
4 87 38
4 88 2
4 89 29
4 90 20
4 91 45
4 92 11
4 93 69
4 94 53
4 95 14
4 96 85
4 97 66
4 98 65
4 99 46
4 100 7
5 1 27
5 2 44
5 3 78
5 4 34
5 5 12
5 6 46
5 7 86
5 8 66
5 9 18
5 10 54
5 11 78
5 12 7
5 13 7
5 14 7
5 15 7
5 16 6
5 17 61
5 18 7
5 19 40
5 20 86
5 21 23
5 22 10
5 23 19
5 24 22
5 25 15
5 26 6
5 27 32
5 28 33
5 29 2
5 30 60
5 31 52
5 32 33
5 33 13
5 34 94
5 35 84
5 36 49
5 37 16
5 38 69
5 39 74
5 40 44
5 41 16
5 42 3
5 43 81
5 44 21
5 45 2
5 46 36
5 47 88
5 48 13
5 49 27
5 50 10
5 51 24
5 52 27
5 53 85
5 54 57
5 55 90
5 56 70
5 57 77
5 58 29
5 59 61
5 60 6
5 61 48
5 62 90
5 63 98
5 64 53
5 65 52
5 66 14
5 67 10
5 68 6
5 69 2
5 70 75
5 71 28
5 72 40
5 73 99
5 74 92
5 75 30
5 76 64
5 77 30
5 78 15
5 79 79
5 80 18
5 81 28
5 82 79
5 83 85
5 84 5
5 85 83
5 86 34
5 87 1
5 88 46
5 89 62
5 90 46
5 91 11
5 92 73
5 93 65
5 94 70
5 95 28
5 96 67
5 97 34
5 98 66
5 99 56
5 100 42
6 1 30
6 2 55
6 3 26
6 4 94
6 5 8
6 6 59
6 7 92
6 8 49
6 9 70
6 10 85
6 11 82
6 12 84
6 13 83
6 14 2
6 15 79
6 16 79
6 17 79
6 18 79
6 19 70
6 20 99
6 21 29
6 22 18
6 23 35
6 24 66
6 25 58
6 26 14
6 27 76
6 28 55
6 29 44
6 30 76
6 31 99
6 32 60
6 33 37
6 34 35
6 35 82
6 36 81
6 37 29
6 38 3
6 39 67
6 40 50
6 41 6
6 42 3
6 43 24
6 44 58
6 45 77
6 46 57
6 47 24
6 48 10
6 49 23
6 50 65
6 51 49
6 52 87
6 53 89
6 54 58
6 55 91
6 56 41
6 57 33
6 58 42
6 59 10
6 60 59
6 61 37
6 62 98
6 63 47
6 64 63
6 65 55
6 66 60
6 67 66
6 68 84
6 69 75
6 70 47
6 71 21
6 72 17
6 73 58
6 74 88
6 75 56
6 76 94
6 77 3
6 78 80
6 79 50
6 80 16
6 81 33
6 82 67
6 83 86
6 84 87
6 85 72
6 86 34
6 87 12
6 88 13
6 89 34
6 90 13
6 91 43
6 92 85
6 93 48
6 94 99
6 95 79
6 96 80
6 97 49
6 98 63
6 99 15
6 100 46
7 1 68
7 2 99
7 3 76
7 4 26
7 5 13
7 6 72
7 7 72
7 8 17
7 9 61
7 10 7
7 11 16
7 12 91
7 13 79
7 14 87
7 15 53
7 16 54
7 17 23
7 18 19
7 19 19
7 20 19
7 21 19
7 22 65
7 23 69
7 24 14
7 25 28
7 26 41
7 27 39
7 28 28
7 29 43
7 30 30
7 31 43
7 32 81
7 33 10
7 34 77
7 35 18
7 36 90
7 37 57
7 38 96
7 39 53
7 40 16
7 41 78
7 42 47
7 43 21
7 44 33
7 45 57
7 46 91
7 47 28
7 48 23
7 49 15
7 50 75
7 51 84
7 52 41
7 53 60
7 54 96
7 55 55
7 56 38
7 57 28
7 58 5
7 59 31
7 60 47
7 61 25
7 62 82
7 63 75
7 64 81
7 65 75
7 66 23
7 67 85
7 68 56
7 69 20
7 70 9
7 71 31
7 72 15
7 73 18
7 74 29
7 75 67
7 76 31
7 77 11
7 78 55
7 79 94
7 80 2
7 81 26
7 82 89
7 83 48
7 84 89
7 85 24
7 86 5
7 87 61
7 88 41
7 89 72
7 90 29
7 91 58
7 92 84
7 93 67
7 94 13
7 95 28
7 96 8
7 97 36
7 98 85
7 99 92
7 100 37
8 1 21
8 2 12
8 3 80
8 4 34
8 5 7
8 6 30
8 7 31
8 8 33
8 9 23
8 10 61
8 11 76
8 12 98
8 13 71
8 14 8
8 15 97
8 16 6
8 17 17
8 18 35
8 19 95
8 20 25
8 21 21
8 22 21
8 23 21
8 24 21
8 25 32
8 26 35
8 27 88
8 28 24
8 29 23
8 30 87
8 31 61
8 32 98
8 33 80
8 34 81
8 35 92
8 36 99
8 37 65
8 38 94
8 39 95
8 40 85
8 41 37
8 42 10
8 43 20
8 44 88
8 45 73
8 46 76
8 47 62
8 48 68
8 49 61
8 50 44
8 51 70
8 52 9
8 53 43
8 54 54
8 55 51
8 56 49
8 57 8
8 58 86
8 59 89
8 60 63
8 61 96
8 62 39
8 63 88
8 64 90
8 65 72
8 66 9
8 67 75
8 68 74
8 69 41
8 70 3
8 71 22
8 72 82
8 73 81
8 74 26
8 75 39
8 76 71
8 77 34
8 78 66
8 79 83
8 80 32
8 81 92
8 82 75
8 83 14
8 84 39
8 85 59
8 86 32
8 87 90
8 88 70
8 89 45
8 90 74
8 91 4
8 92 37
8 93 91
8 94 29
8 95 30
8 96 74
8 97 62
8 98 87
8 99 5
8 100 42
9 1 49
9 2 39
9 3 13
9 4 97
9 5 1
9 6 41
9 7 18
9 8 80
9 9 46
9 10 5
9 11 99
9 12 51
9 13 10
9 14 37
9 15 39
9 16 52
9 17 14
9 18 56
9 19 25
9 20 96
9 21 18
9 22 69
9 23 14
9 24 52
9 25 52
9 26 52
9 27 52
9 28 14
9 29 56
9 30 44
9 31 77
9 32 58
9 33 29
9 34 91
9 35 88
9 36 72
9 37 94
9 38 49
9 39 76
9 40 60
9 41 80
9 42 18
9 43 62
9 44 19
9 45 29
9 46 89
9 47 1
9 48 43
9 49 30
9 50 97
9 51 79
9 52 94
9 53 27
9 54 90
9 55 61
9 56 79
9 57 16
9 58 11
9 59 47
9 60 68
9 61 30
9 62 42
9 63 63
9 64 30
9 65 89
9 66 6
9 67 23
9 68 42
9 69 98
9 70 44
9 71 80
9 72 88
9 73 13
9 74 61
9 75 85
9 76 56
9 77 15
9 78 79
9 79 41
9 80 94
9 81 54
9 82 46
9 83 16
9 84 54
9 85 94
9 86 20
9 87 21
9 88 93
9 89 22
9 90 10
9 91 31
9 92 23
9 93 19
9 94 33
9 95 40
9 96 76
9 97 26
9 98 47
9 99 2
9 100 89
10 1 21
10 2 30
10 3 89
10 4 36
10 5 58
10 6 23
10 7 64
10 8 78
10 9 93
10 10 67
10 11 11
10 12 9
10 13 21
10 14 57
10 15 99
10 16 68
10 17 98
10 18 90
10 19 23
10 20 11
10 21 44
10 22 89
10 23 36
10 24 6
10 25 89
10 26 89
10 27 60
10 28 60
10 29 60
10 30 60
10 31 69
10 32 94
10 33 73
10 34 88
10 35 71
10 36 66
10 37 95
10 38 84
10 39 41
10 40 89
10 41 52
10 42 88
10 43 97
10 44 60
10 45 38
10 46 38
10 47 54
10 48 21
10 49 85
10 50 76
10 51 55
10 52 39
10 53 57
10 54 64
10 55 86
10 56 21
10 57 73
10 58 77
10 59 26
10 60 10
10 61 37
10 62 90
10 63 34
10 64 44
10 65 90
10 66 63
10 67 26
10 68 57
10 69 4
10 70 52
10 71 78
10 72 66
10 73 55
10 74 92
10 75 6
10 76 68
10 77 59
10 78 88
10 79 81
10 80 13
10 81 93
10 82 66
10 83 18
10 84 72
10 85 88
10 86 91
10 87 2
10 88 1
10 89 71
10 90 78
10 91 16
10 92 51
10 93 25
10 94 31
10 95 18
10 96 19
10 97 42
10 98 64
10 99 11
10 100 13
11 1 84
11 2 45
11 3 2
11 4 31
11 5 3
11 6 1
11 7 56
11 8 60
11 9 15
11 10 85
11 11 20
11 12 54
11 13 56
11 14 6
11 15 45
11 16 67
11 17 36
11 18 37
11 19 70
11 20 42
11 21 30
11 22 22
11 23 44
11 24 65
11 25 66
11 26 82
11 27 78
11 28 87
11 29 87
11 30 15
11 31 15
11 32 15
11 33 15
11 34 71
11 35 23
11 36 79
11 37 17
11 38 94
11 39 58
11 40 96
11 41 8
11 42 2
11 43 55
11 44 24
11 45 96
11 46 3
11 47 30
11 48 91
11 49 79
11 50 35
11 51 24
11 52 91
11 53 3
11 54 62
11 55 1
11 56 35
11 57 26
11 58 93
11 59 51
11 60 46
11 61 78
11 62 8
11 63 3
11 64 10
11 65 43
11 66 62
11 67 2
11 68 26
11 69 9
11 70 51
11 71 21
11 72 73
11 73 66
11 74 91
11 75 25
11 76 16
11 77 50
11 78 17
11 79 96
11 80 15
11 81 57
11 82 54
11 83 85
11 84 38
11 85 41
11 86 31
11 87 96
11 88 90
11 89 36
11 90 80
11 91 57
11 92 78
11 93 65
11 94 24
11 95 78
11 96 38
11 97 78
11 98 11
11 99 61
11 100 43
12 1 84
12 2 19
12 3 36
12 4 84
12 5 75
12 6 83
12 7 76
12 8 1
12 9 97
12 10 22
12 11 90
12 12 78
12 13 62
12 14 67
12 15 76
12 16 25
12 17 8
12 18 25
12 19 50
12 20 20
12 21 71
12 22 73
12 23 33
12 24 47
12 25 92
12 26 7
12 27 53
12 28 53
12 29 50
12 30 31
12 31 25
12 32 80
12 33 2
12 34 2
12 35 2
12 36 2
12 37 73
12 38 12
12 39 87
12 40 43
12 41 53
12 42 22
12 43 91
12 44 78
12 45 48
12 46 21
12 47 12
12 48 40
12 49 4
12 50 29
12 51 79
12 52 46
12 53 65
12 54 63
12 55 59
12 56 29
12 57 71
12 58 76
12 59 43
12 60 44
12 61 5
12 62 12
12 63 24
12 64 90
12 65 23
12 66 19
12 67 70
12 68 30
12 69 14
12 70 27
12 71 20
12 72 22
12 73 16
12 74 14
12 75 39
12 76 55
12 77 26
12 78 15
12 79 75
12 80 18
12 81 12
12 82 45
12 83 63
12 84 33
12 85 13
12 86 92
12 87 37
12 88 42
12 89 91
12 90 25
12 91 31
12 92 93
12 93 67
12 94 27
12 95 21
12 96 92
12 97 97
12 98 49
12 99 57
12 100 71
13 1 29
13 2 25
13 3 24
13 4 79
13 5 73
13 6 99
13 7 88
13 8 30
13 9 80
13 10 57
13 11 19
13 12 73
13 13 92
13 14 18
13 15 37
13 16 95
13 17 85
13 18 66
13 19 56
13 20 57
13 21 84
13 22 87
13 23 49
13 24 63
13 25 24
13 26 94
13 27 43
13 28 13
13 29 19
13 30 7
13 31 17
13 32 75
13 33 54
13 34 48
13 35 90
13 36 12
13 37 12
13 38 12
13 39 12
13 40 25
13 41 8
13 42 7
13 43 31
13 44 63
13 45 24
13 46 63
13 47 35
13 48 25
13 49 71
13 50 3
13 51 98
13 52 32
13 53 14
13 54 71
13 55 24
13 56 90
13 57 47
13 58 92
13 59 38
13 60 79
13 61 29
13 62 90
13 63 11
13 64 45
13 65 73
13 66 62
13 67 77
13 68 1
13 69 93
13 70 63
13 71 51
13 72 51
13 73 25
13 74 10
13 75 83
13 76 29
13 77 48
13 78 44
13 79 35
13 80 10
13 81 45
13 82 66
13 83 30
13 84 84
13 85 62
13 86 39
13 87 60
13 88 85
13 89 23
13 90 10
13 91 42
13 92 58
13 93 99
13 94 26
13 95 56
13 96 54
13 97 98
13 98 6
13 99 48
13 100 8
14 1 25
14 2 44
14 3 75
14 4 16
14 5 60
14 6 11
14 7 82
14 8 36
14 9 71
14 10 2
14 11 38
14 12 5
14 13 89
14 14 20
14 15 71
14 16 2
14 17 98
14 18 38
14 19 36
14 20 28
14 21 61
14 22 70
14 23 91
14 24 96
14 25 83
14 26 48
14 27 45
14 28 9
14 29 6
14 30 78
14 31 93
14 32 74
14 33 42
14 34 56
14 35 83
14 36 99
14 37 82
14 38 37
14 39 10
14 40 10
14 41 10
14 42 10
14 43 5
14 44 84
14 45 21
14 46 41
14 47 52
14 48 33
14 49 56
14 50 43
14 51 20
14 52 50
14 53 98
14 54 43
14 55 69
14 56 80
14 57 16
14 58 27
14 59 16
14 60 6
14 61 81
14 62 41
14 63 40
14 64 28
14 65 84
14 66 71
14 67 38
14 68 37
14 69 14
14 70 34
14 71 32
14 72 85
14 73 22
14 74 44
14 75 25
14 76 20
14 77 31
14 78 18
14 79 84
14 80 73
14 81 82
14 82 3
14 83 41
14 84 36
14 85 32
14 86 68
14 87 41
14 88 58
14 89 37
14 90 67
14 91 58
14 92 22
14 93 74
14 94 92
14 95 47
14 96 32
14 97 75
14 98 34
14 99 51
14 100 6
15 1 98
15 2 38
15 3 59
15 4 29
15 5 40
15 6 3
15 7 74
15 8 13
15 9 37
15 10 70
15 11 80
15 12 87
15 13 47
15 14 49
15 15 83
15 16 45
15 17 75
15 18 15
15 19 48
15 20 56
15 21 38
15 22 18
15 23 5
15 24 83
15 25 26
15 26 90
15 27 36
15 28 49
15 29 62
15 30 21
15 31 69
15 32 98
15 33 28
15 34 7
15 35 57
15 36 81
15 37 14
15 38 66
15 39 61
15 40 64
15 41 87
15 42 84
15 43 84
15 44 84
15 45 84
15 46 43
15 47 89
15 48 13
15 49 73
15 50 16
15 51 94
15 52 54
15 53 88
15 54 14
15 55 49
15 56 68
15 57 38
15 58 89
15 59 96
15 60 49
15 61 41
15 62 87
15 63 36
15 64 16
15 65 38
15 66 95
15 67 93
15 68 8
15 69 57
15 70 20
15 71 40
15 72 2
15 73 47
15 74 84
15 75 61
15 76 47
15 77 46
15 78 13
15 79 20
15 80 92
15 81 58
15 82 36
15 83 85
15 84 90
15 85 81
15 86 18
15 87 47
15 88 54
15 89 10
15 90 71
15 91 23
15 92 56
15 93 40
15 94 62
15 95 25
15 96 25
15 97 54
15 98 41
15 99 44
15 100 25
16 1 74
16 2 36
16 3 79
16 4 20
16 5 77
16 6 78
16 7 75
16 8 47
16 9 17
16 10 78
16 11 16
16 12 24
16 13 79
16 14 36
16 15 10
16 16 16
16 17 64
16 18 51
16 19 8
16 20 61
16 21 23
16 22 61
16 23 7
16 24 57
16 25 8
16 26 29
16 27 36
16 28 41
16 29 92
16 30 85
16 31 69
16 32 92
16 33 7
16 34 56
16 35 86
16 36 11
16 37 19
16 38 60
16 39 59
16 40 70
16 41 23
16 42 39
16 43 76
16 44 77
16 45 40
16 46 40
16 47 40
16 48 40
16 49 91
16 50 16
16 51 81
16 52 24
16 53 20
16 54 84
16 55 43
16 56 42
16 57 85
16 58 39
16 59 80
16 60 26
16 61 65
16 62 66
16 63 36
16 64 65
16 65 73
16 66 71
16 67 67
16 68 23
16 69 24
16 70 43
16 71 67
16 72 60
16 73 35
16 74 6
16 75 37
16 76 77
16 77 95
16 78 98
16 79 53
16 80 62
16 81 83
16 82 26
16 83 63
16 84 5
16 85 31
16 86 6
16 87 10
16 88 54
16 89 39
16 90 12
16 91 63
16 92 89
16 93 37
16 94 71
16 95 41
16 96 37
16 97 53
16 98 59
16 99 37
16 100 13
17 1 61
17 2 89
17 3 98
17 4 3
17 5 77
17 6 6
17 7 17
17 8 51
17 9 88
17 10 38
17 11 97
17 12 96
17 13 89
17 14 57
17 15 77
17 16 92
17 17 61
17 18 53
17 19 52
17 20 19
17 21 46
17 22 35
17 23 44
17 24 73
17 25 67
17 26 86
17 27 29
17 28 87
17 29 71
17 30 44
17 31 82
17 32 30
17 33 50
17 34 78
17 35 76
17 36 68
17 37 83
17 38 57
17 39 85
17 40 4
17 41 26
17 42 27
17 43 98
17 44 22
17 45 30
17 46 33
17 47 73
17 48 63
17 49 63
17 50 63
17 51 63
17 52 21
17 53 79
17 54 78
17 55 96
17 56 9
17 57 11
17 58 75
17 59 96
17 60 95
17 61 66
17 62 8
17 63 38
17 64 74
17 65 92
17 66 67
17 67 49
17 68 35
17 69 98
17 70 33
17 71 70
17 72 12
17 73 4
17 74 17
17 75 77
17 76 49
17 77 93
17 78 11
17 79 37
17 80 9
17 81 29
17 82 17
17 83 79
17 84 68
17 85 16
17 86 67
17 87 57
17 88 19
17 89 40
17 90 17
17 91 85
17 92 44
17 93 82
17 94 14
17 95 22
17 96 56
17 97 64
17 98 5
17 99 15
17 100 56
18 1 69
18 2 76
18 3 53
18 4 17
18 5 20
18 6 16
18 7 96
18 8 32
18 9 73
18 10 36
18 11 53
18 12 79
18 13 19
18 14 15
18 15 97
18 16 80
18 17 11
18 18 99
18 19 84
18 20 41
18 21 78
18 22 79
18 23 36
18 24 32
18 25 9
18 26 22
18 27 10
18 28 19
18 29 39
18 30 84
18 31 63
18 32 7
18 33 69
18 34 41
18 35 47
18 36 20
18 37 33
18 38 78
18 39 36
18 40 55
18 41 79
18 42 1
18 43 20
18 44 75
18 45 64
18 46 24
18 47 20
18 48 48
18 49 29
18 50 57
18 51 5
18 52 5
18 53 5
18 54 5
18 55 91
18 56 16
18 57 99
18 58 76
18 59 48
18 60 49
18 61 71
18 62 20
18 63 45
18 64 30
18 65 44
18 66 42
18 67 59
18 68 58
18 69 55
18 70 86
18 71 90
18 72 9
18 73 99
18 74 47
18 75 5
18 76 17
18 77 82
18 78 62
18 79 17
18 80 42
18 81 60
18 82 58
18 83 64
18 84 69
18 85 36
18 86 32
18 87 37
18 88 69
18 89 7
18 90 46
18 91 21
18 92 12
18 93 80
18 94 99
18 95 24
18 96 50
18 97 18
18 98 46
18 99 3
18 100 26
19 1 28
19 2 80
19 3 2
19 4 10
19 5 21
19 6 22
19 7 34
19 8 30
19 9 73
19 10 16
19 11 32
19 12 17
19 13 25
19 14 99
19 15 17
19 16 41
19 17 47
19 18 39
19 19 75
19 20 98
19 21 7
19 22 49
19 23 5
19 24 61
19 25 92
19 26 40
19 27 11
19 28 42
19 29 95
19 30 51
19 31 92
19 32 21
19 33 10
19 34 12
19 35 89
19 36 21
19 37 68
19 38 84
19 39 28
19 40 76
19 41 34
19 42 5
19 43 2
19 44 67
19 45 72
19 46 20
19 47 8
19 48 48
19 49 15
19 50 1
19 51 72
19 52 83
19 53 20
19 54 7
19 55 7
19 56 7
19 57 7
19 58 21
19 59 51
19 60 50
19 61 36
19 62 29
19 63 71
19 64 8
19 65 89
19 66 63
19 67 26
19 68 9
19 69 81
19 70 7
19 71 72
19 72 32
19 73 26
19 74 77
19 75 53
19 76 60
19 77 27
19 78 58
19 79 24
19 80 85
19 81 46
19 82 64
19 83 55
19 84 79
19 85 92
19 86 29
19 87 74
19 88 78
19 89 92
19 90 81
19 91 82
19 92 38
19 93 26
19 94 15
19 95 71
19 96 14
19 97 15
19 98 38
19 99 11
19 100 91
20 1 72
20 2 4
20 3 71
20 4 7
20 5 92
20 6 53
20 7 69
20 8 39
20 9 9
20 10 63
20 11 94
20 12 99
20 13 33
20 14 77
20 15 92
20 16 16
20 17 26
20 18 30
20 19 22
20 20 24
20 21 97
20 22 52
20 23 86
20 24 36
20 25 45
20 26 69
20 27 67
20 28 57
20 29 29
20 30 29
20 31 77
20 32 54
20 33 74
20 34 30
20 35 2
20 36 59
20 37 60
20 38 37
20 39 48
20 40 17
20 41 60
20 42 32
20 43 76
20 44 32
20 45 90
20 46 12
20 47 78
20 48 87
20 49 78
20 50 51
20 51 54
20 52 37
20 53 68
20 54 89
20 55 68
20 56 54
20 57 75
20 58 75
20 59 75
20 60 75
20 61 15
20 62 58
20 63 48
20 64 38
20 65 34
20 66 84
20 67 85
20 68 12
20 69 13
20 70 32
20 71 64
20 72 94
20 73 36
20 74 52
20 75 30
20 76 91
20 77 1
20 78 76
20 79 68
20 80 23
20 81 52
20 82 18
20 83 57
20 84 52
20 85 41
20 86 44
20 87 68
20 88 7
20 89 84
20 90 65
20 91 97
20 92 50
20 93 88
20 94 73
20 95 20
20 96 55
20 97 48
20 98 37
20 99 14
20 100 92
21 1 26
21 2 17
21 3 64
21 4 11
21 5 19
21 6 38
21 7 42
21 8 71
21 9 59
21 10 68
21 11 10
21 12 26
21 13 22
21 14 98
21 15 84
21 16 93
21 17 44
21 18 20
21 19 39
21 20 59
21 21 59
21 22 58
21 23 61
21 24 40
21 25 66
21 26 7
21 27 33
21 28 39
21 29 26
21 30 36
21 31 18
21 32 72
21 33 78
21 34 17
21 35 47
21 36 51
21 37 51
21 38 38
21 39 20
21 40 11
21 41 60
21 42 91
21 43 20
21 44 1
21 45 18
21 46 89
21 47 43
21 48 74
21 49 39
21 50 68
21 51 99
21 52 16
21 53 40
21 54 99
21 55 45
21 56 29
21 57 98
21 58 21
21 59 27
21 60 9
21 61 9
21 62 9
21 63 9
21 64 92
21 65 52
21 66 80
21 67 75
21 68 26
21 69 72
21 70 44
21 71 83
21 72 21
21 73 60
21 74 28
21 75 60
21 76 23
21 77 84
21 78 81
21 79 8
21 80 6
21 81 41
21 82 13
21 83 69
21 84 38
21 85 52
21 86 12
21 87 14
21 88 13
21 89 65
21 90 30
21 91 84
21 92 10
21 93 73
21 94 62
21 95 95
21 96 43
21 97 6
21 98 22
21 99 96
21 100 45
22 1 95
22 2 95
22 3 52
22 4 71
22 5 61
22 6 39
22 7 14
22 8 29
22 9 27
22 10 15
22 11 28
22 12 7
22 13 99
22 14 63
22 15 30
22 16 41
22 17 45
22 18 23
22 19 88
22 20 9
22 21 22
22 22 94
22 23 39
22 24 53
22 25 77
22 26 93
22 27 7
22 28 89
22 29 76
22 30 71
22 31 31
22 32 49
22 33 59
22 34 48
22 35 55
22 36 86
22 37 87
22 38 70
22 39 46
22 40 67
22 41 40
22 42 99
22 43 40
22 44 87
22 45 69
22 46 47
22 47 79
22 48 32
22 49 82
22 50 75
22 51 33
22 52 62
22 53 89
22 54 61
22 55 45
22 56 61
22 57 62
22 58 16
22 59 51
22 60 31
22 61 12
22 62 73
22 63 39
22 64 39
22 65 39
22 66 39
22 67 44
22 68 13
22 69 22
22 70 96
22 71 73
22 72 35
22 73 96
22 74 59
22 75 75
22 76 25
22 77 12
22 78 48
22 79 59
22 80 5
22 81 29
22 82 53
22 83 83
22 84 63
22 85 67
22 86 97
22 87 39
22 88 7
22 89 61
22 90 10
22 91 21
22 92 58
22 93 4
22 94 39
22 95 82
22 96 80
22 97 82
22 98 56
22 99 6
22 100 64
23 1 74
23 2 9
23 3 58
23 4 10
23 5 54
23 6 10
23 7 59
23 8 5
23 9 73
23 10 58
23 11 11
23 12 51
23 13 38
23 14 71
23 15 51
23 16 27
23 17 93
23 18 82
23 19 63
23 20 22
23 21 50
23 22 67
23 23 68
23 24 38
23 25 84
23 26 20
23 27 67
23 28 32
23 29 92
23 30 85
23 31 87
23 32 17
23 33 23
23 34 8
23 35 12
23 36 72
23 37 94
23 38 82
23 39 2
23 40 64
23 41 62
23 42 81
23 43 90
23 44 71
23 45 17
23 46 15
23 47 80
23 48 54
23 49 5
23 50 19
23 51 63
23 52 95
23 53 90
23 54 93
23 55 83
23 56 21
23 57 16
23 58 86
23 59 92
23 60 28
23 61 96
23 62 34
23 63 41
23 64 87
23 65 46
23 66 43
23 67 43
23 68 43
23 69 43
23 70 12
23 71 27
23 72 1
23 73 45
23 74 57
23 75 49
23 76 55
23 77 87
23 78 32
23 79 82
23 80 23
23 81 82
23 82 88
23 83 32
23 84 49
23 85 48
23 86 25
23 87 26
23 88 62
23 89 7
23 90 62
23 91 55
23 92 77
23 93 81
23 94 42
23 95 65
23 96 10
23 97 83
23 98 67
23 99 83
23 100 36
24 1 72
24 2 93
24 3 5
24 4 3
24 5 88
24 6 60
24 7 64
24 8 86
24 9 93
24 10 73
24 11 59
24 12 89
24 13 84
24 14 61
24 15 99
24 16 30
24 17 66
24 18 66
24 19 10
24 20 29
24 21 69
24 22 16
24 23 92
24 24 24
24 25 8
24 26 83
24 27 51
24 28 82
24 29 60
24 30 51
24 31 67
24 32 30
24 33 84
24 34 14
24 35 49
24 36 25
24 37 6
24 38 53
24 39 79
24 40 9
24 41 76
24 42 16
24 43 61
24 44 91
24 45 41
24 46 14
24 47 87
24 48 83
24 49 87
24 50 32
24 51 81
24 52 25
24 53 62
24 54 97
24 55 93
24 56 73
24 57 56
24 58 43
24 59 4
24 60 27
24 61 71
24 62 90
24 63 37
24 64 84
24 65 53
24 66 95
24 67 22
24 68 15
24 69 4
24 70 4
24 71 4
24 72 4
24 73 98
24 74 91
24 75 58
24 76 64
24 77 79
24 78 27
24 79 58
24 80 78
24 81 16
24 82 63
24 83 46
24 84 89
24 85 71
24 86 41
24 87 28
24 88 36
24 89 59
24 90 68
24 91 19
24 92 39
24 93 68
24 94 90
24 95 88
24 96 18
24 97 61
24 98 96
24 99 44
24 100 37
25 1 18
25 2 24
25 3 38
25 4 44
25 5 23
25 6 57
25 7 49
25 8 58
25 9 19
25 10 47
25 11 73
25 12 44
25 13 84
25 14 34
25 15 5
25 16 23
25 17 25
25 18 54
25 19 95
25 20 57
25 21 60
25 22 24
25 23 20
25 24 38
25 25 80
25 26 78
25 27 54
25 28 30
25 29 82
25 30 45
25 31 13
25 32 56
25 33 34
25 34 62
25 35 50
25 36 24
25 37 36
25 38 22
25 39 28
25 40 58
25 41 85
25 42 38
25 43 36
25 44 41
25 45 14
25 46 16
25 47 88
25 48 67
25 49 16
25 50 49
25 51 5
25 52 99
25 53 37
25 54 93
25 55 10
25 56 15
25 57 88
25 58 11
25 59 33
25 60 69
25 61 6
25 62 91
25 63 6
25 64 48
25 65 62
25 66 85
25 67 90
25 68 98
25 69 53
25 70 28
25 71 60
25 72 68
25 73 68
25 74 68
25 75 68
25 76 92
25 77 57
25 78 59
25 79 22
25 80 81
25 81 74
25 82 61
25 83 41
25 84 78
25 85 18
25 86 2
25 87 10
25 88 90
25 89 45
25 90 28
25 91 44
25 92 65
25 93 69
25 94 24
25 95 71
25 96 59
25 97 98
25 98 59
25 99 19
25 100 28
26 1 31
26 2 49
26 3 63
26 4 22
26 5 11
26 6 24
26 7 69
26 8 18
26 9 46
26 10 44
26 11 11
26 12 83
26 13 46
26 14 27
26 15 18
26 16 74
26 17 26
26 18 47
26 19 36
26 20 10
26 21 74
26 22 70
26 23 73
26 24 6
26 25 85
26 26 95
26 27 12
26 28 65
26 29 80
26 30 3
26 31 75
26 32 70
26 33 11
26 34 44
26 35 46
26 36 16
26 37 41
26 38 75
26 39 46
26 40 21
26 41 8
26 42 40
26 43 60
26 44 66
26 45 22
26 46 91
26 47 9
26 48 7
26 49 50
26 50 99
26 51 15
26 52 94
26 53 68
26 54 76
26 55 7
26 56 39
26 57 46
26 58 50
26 59 36
26 60 81
26 61 37
26 62 42
26 63 59
26 64 64
26 65 9
26 66 34
26 67 42
26 68 56
26 69 44
26 70 56
26 71 15
26 72 46
26 73 78
26 74 80
26 75 85
26 76 85
26 77 85
26 78 85
26 79 25
26 80 17
26 81 94
26 82 14
26 83 43
26 84 69
26 85 82
26 86 53
26 87 17
26 88 74
26 89 45
26 90 50
26 91 93
26 92 49
26 93 87
26 94 49
26 95 58
26 96 27
26 97 3
26 98 68
26 99 95
26 100 36
27 1 50
27 2 97
27 3 53
27 4 15
27 5 52
27 6 60
27 7 86
27 8 58
27 9 39
27 10 53
27 11 62
27 12 71
27 13 76
27 14 51
27 15 73
27 16 13
27 17 19
27 18 97
27 19 17
27 20 14
27 21 70
27 22 84
27 23 13
27 24 13
27 25 25
27 26 4
27 27 41
27 28 11
27 29 46
27 30 16
27 31 24
27 32 15
27 33 58
27 34 92
27 35 49
27 36 7
27 37 78
27 38 12
27 39 95
27 40 27
27 41 25
27 42 58
27 43 24
27 44 27
27 45 25
27 46 43
27 47 83
27 48 23
27 49 87
27 50 91
27 51 7
27 52 15
27 53 31
27 54 65
27 55 91
27 56 82
27 57 97
27 58 25
27 59 36
27 60 95
27 61 99
27 62 56
27 63 27
27 64 1
27 65 53
27 66 63
27 67 90
27 68 55
27 69 35
27 70 45
27 71 87
27 72 86
27 73 55
27 74 61
27 75 58
27 76 34
27 77 89
27 78 34
27 79 34
27 80 34
27 81 34
27 82 4
27 83 59
27 84 55
27 85 40
27 86 11
27 87 38
27 88 75
27 89 53
27 90 23
27 91 91
27 92 33
27 93 39
27 94 23
27 95 61
27 96 95
27 97 1
27 98 22
27 99 87
27 100 62
28 1 25
28 2 63
28 3 57
28 4 35
28 5 40
28 6 43
28 7 47
28 8 87
28 9 50
28 10 70
28 11 78
28 12 17
28 13 92
28 14 58
28 15 86
28 16 25
28 17 4
28 18 46
28 19 42
28 20 34
28 21 12
28 22 85
28 23 60
28 24 31
28 25 67
28 26 13
28 27 64
28 28 30
28 29 45
28 30 96
28 31 68
28 32 49
28 33 56
28 34 12
28 35 78
28 36 86
28 37 86
28 38 31
28 39 3
28 40 70
28 41 12
28 42 1
28 43 24
28 44 52
28 45 54
28 46 78
28 47 10
28 48 56
28 49 16
28 50 65
28 51 30
28 52 11
28 53 63
28 54 73
28 55 23
28 56 82
28 57 39
28 58 78
28 59 42
28 60 31
28 61 47
28 62 22
28 63 64
28 64 1
28 65 14
28 66 13
28 67 18
28 68 4
28 69 74
28 70 41
28 71 1
28 72 73
28 73 78
28 74 50
28 75 52
28 76 62
28 77 68
28 78 92
28 79 86
28 80 49
28 81 28
28 82 28
28 83 28
28 84 28
28 85 99
28 86 52
28 87 77
28 88 34
28 89 79
28 90 52
28 91 32
28 92 34
28 93 48
28 94 88
28 95 41
28 96 76
28 97 96
28 98 13
28 99 4
28 100 75
29 1 1
29 2 89
29 3 12
29 4 17
29 5 97
29 6 44
29 7 56
29 8 75
29 9 72
29 10 72
29 11 78
29 12 74
29 13 42
29 14 30
29 15 77
29 16 53
29 17 25
29 18 47
29 19 1
29 20 68
29 21 71
29 22 60
29 23 90
29 24 72
29 25 27
29 26 4
29 27 57
29 28 76
29 29 22
29 30 82
29 31 1
29 32 83
29 33 22
29 34 58
29 35 66
29 36 47
29 37 58
29 38 57
29 39 84
29 40 83
29 41 56
29 42 96
29 43 50
29 44 28
29 45 71
29 46 25
29 47 51
29 48 35
29 49 98
29 50 51
29 51 96
29 52 99
29 53 55
29 54 78
29 55 28
29 56 83
29 57 11
29 58 71
29 59 37
29 60 76
29 61 41
29 62 44
29 63 1
29 64 47
29 65 35
29 66 92
29 67 93
29 68 3
29 69 65
29 70 25
29 71 84
29 72 41
29 73 75
29 74 72
29 75 55
29 76 88
29 77 99
29 78 26
29 79 35
29 80 97
29 81 38
29 82 31
29 83 21
29 84 4
29 85 4
29 86 4
29 87 4
29 88 84
29 89 19
29 90 54
29 91 99
29 92 86
29 93 43
29 94 58
29 95 66
29 96 3
29 97 10
29 98 81
29 99 38
29 100 53
30 1 25
30 2 84
30 3 22
30 4 66
30 5 14
30 6 40
30 7 11
30 8 17
30 9 79
30 10 55
30 11 63
30 12 85
30 13 46
30 14 62
30 15 26
30 16 82
30 17 37
30 18 97
30 19 17
30 20 1
30 21 3
30 22 39
30 23 29
30 24 53
30 25 8
30 26 46
30 27 87
30 28 61
30 29 85
30 30 28
30 31 38
30 32 25
30 33 70
30 34 83
30 35 92
30 36 73
30 37 5
30 38 76
30 39 13
30 40 66
30 41 21
30 42 16
30 43 89
30 44 81
30 45 53
30 46 38
30 47 95
30 48 90
30 49 75
30 50 17
30 51 62
30 52 74
30 53 85
30 54 96
30 55 66
30 56 40
30 57 71
30 58 52
30 59 35
30 60 2
30 61 49
30 62 31
30 63 42
30 64 4
30 65 99
30 66 54
30 67 84
30 68 29
30 69 11
30 70 24
30 71 97
30 72 47
30 73 37
30 74 50
30 75 24
30 76 76
30 77 26
30 78 13
30 79 38
30 80 72
30 81 94
30 82 72
30 83 45
30 84 1
30 85 15
30 86 55
30 87 56
30 88 56
30 89 56
30 90 56
30 91 21
30 92 5
30 93 23
30 94 65
30 95 41
30 96 80
30 97 74
30 98 33
30 99 99
30 100 59
31 1 66
31 2 24
31 3 26
31 4 52
31 5 13
31 6 49
31 7 14
31 8 49
31 9 2
31 10 45
31 11 11
31 12 89
31 13 62
31 14 8
31 15 82
31 16 69
31 17 83
31 18 13
31 19 1
31 20 25
31 21 12
31 22 42
31 23 45
31 24 72
31 25 91
31 26 71
31 27 15
31 28 18
31 29 41
31 30 17
31 31 17
31 32 29
31 33 4
31 34 83
31 35 84
31 36 68
31 37 95
31 38 52
31 39 19
31 40 89
31 41 87
31 42 88
31 43 86
31 44 97
31 45 66
31 46 54
31 47 31
31 48 67
31 49 42
31 50 66
31 51 57
31 52 7
31 53 80
31 54 33
31 55 74
31 56 78
31 57 75
31 58 31
31 59 32
31 60 60
31 61 7
31 62 55
31 63 34
31 64 2
31 65 68
31 66 87
31 67 91
31 68 29
31 69 61
31 70 77
31 71 84
31 72 74
31 73 81
31 74 31
31 75 61
31 76 82
31 77 75
31 78 25
31 79 1
31 80 83
31 81 29
31 82 37
31 83 13
31 84 37
31 85 6
31 86 22
31 87 81
31 88 7
31 89 66
31 90 75
31 91 75
31 92 75
31 93 75
31 94 27
31 95 33
31 96 68
31 97 57
31 98 47
31 99 69
31 100 27
32 1 11
32 2 96
32 3 11
32 4 50
32 5 53
32 6 50
32 7 24
32 8 13
32 9 57
32 10 46
32 11 30
32 12 43
32 13 75
32 14 23
32 15 55
32 16 39
32 17 49
32 18 16
32 19 46
32 20 35
32 21 69
32 22 35
32 23 64
32 24 43
32 25 29
32 26 17
32 27 72
32 28 51
32 29 11
32 30 44
32 31 81
32 32 48
32 33 56
32 34 68
32 35 25
32 36 54
32 37 98
32 38 93
32 39 95
32 40 48
32 41 18
32 42 17
32 43 7
32 44 71
32 45 19
32 46 66
32 47 32
32 48 14
32 49 86
32 50 38
32 51 79
32 52 95
32 53 80
32 54 80
32 55 99
32 56 32
32 57 13
32 58 58
32 59 9
32 60 25
32 61 8
32 62 72
32 63 51
32 64 55
32 65 54
32 66 7
32 67 50
32 68 48
32 69 45
32 70 73
32 71 49
32 72 16
32 73 49
32 74 48
32 75 8
32 76 60
32 77 44
32 78 15
32 79 10
32 80 22
32 81 80
32 82 66
32 83 30
32 84 41
32 85 2
32 86 35
32 87 20
32 88 50
32 89 50
32 90 92
32 91 13
32 92 4
32 93 71
32 94 71
32 95 71
32 96 71
32 97 42
32 98 67
32 99 95
32 100 84
33 1 36
33 2 7
33 3 44
33 4 68
33 5 38
33 6 66
33 7 30
33 8 83
33 9 85
33 10 34
33 11 85
33 12 87
33 13 41
33 14 6
33 15 17
33 16 48
33 17 72
33 18 26
33 19 48
33 20 24
33 21 46
33 22 83
33 23 47
33 24 94
33 25 30
33 26 67
33 27 26
33 28 96
33 29 12
33 30 17
33 31 92
33 32 70
33 33 69
33 34 11
33 35 80
33 36 37
33 37 88
33 38 21
33 39 80
33 40 51
33 41 48
33 42 87
33 43 86
33 44 74
33 45 88
33 46 66
33 47 8
33 48 5
33 49 49
33 50 86
33 51 47
33 52 84
33 53 98
33 54 69
33 55 47
33 56 29
33 57 55
33 58 21
33 59 27
33 60 91
33 61 59
33 62 99
33 63 8
33 64 60
33 65 2
33 66 39
33 67 77
33 68 90
33 69 68
33 70 63
33 71 87
33 72 65
33 73 79
33 74 15
33 75 31
33 76 65
33 77 25
33 78 22
33 79 58
33 80 47
33 81 22
33 82 27
33 83 33
33 84 91
33 85 14
33 86 49
33 87 29
33 88 83
33 89 20
33 90 83
33 91 55
33 92 2
33 93 53
33 94 6
33 95 30
33 96 38
33 97 38
33 98 38
33 99 38
33 100 64
34 1 44
34 2 23
34 3 78
34 4 23
34 5 15
34 6 22
34 7 1
34 8 75
34 9 6
34 10 87
34 11 63
34 12 41
34 13 74
34 14 92
34 15 23
34 16 80
34 17 16
34 18 34
34 19 96
34 20 88
34 21 7
34 22 11
34 23 18
34 24 18
34 25 97
34 26 93
34 27 65
34 28 82
34 29 47
34 30 34
34 31 62
34 32 79
34 33 53
34 34 72
34 35 16
34 36 85
34 37 2
34 38 85
34 39 33
34 40 33
34 41 65
34 42 85
34 43 57
34 44 56
34 45 20
34 46 8
34 47 9
34 48 52
34 49 14
34 50 65
34 51 5
34 52 85
34 53 79
34 54 92
34 55 94
34 56 64
34 57 36
34 58 12
34 59 21
34 60 16
34 61 34
34 62 16
34 63 94
34 64 51
34 65 80
34 66 31
34 67 17
34 68 10
34 69 42
34 70 98
34 71 23
34 72 58
34 73 40
34 74 13
34 75 41
34 76 46
34 77 61
34 78 78
34 79 99
34 80 52
34 81 15
34 82 55
34 83 12
34 84 18
34 85 61
34 86 36
34 87 69
34 88 95
34 89 23
34 90 28
34 91 88
34 92 64
34 93 52
34 94 28
34 95 7
34 96 39
34 97 23
34 98 11
34 99 19
34 100 19
35 1 19
35 2 19
35 3 3
35 4 32
35 5 93
35 6 20
35 7 24
35 8 66
35 9 89
35 10 39
35 11 88
35 12 57
35 13 30
35 14 24
35 15 8
35 16 40
35 17 62
35 18 13
35 19 5
35 20 67
35 21 14
35 22 97
35 23 19
35 24 45
35 25 80
35 26 63
35 27 89
35 28 3
35 29 15
35 30 28
35 31 85
35 32 20
35 33 14
35 34 49
35 35 38
35 36 7
35 37 66
35 38 13
35 39 44
35 40 5
35 41 44
35 42 32
35 43 37
35 44 13
35 45 13
35 46 94
35 47 92
35 48 88
35 49 18
35 50 91
35 51 3
35 52 89
35 53 47
35 54 56
35 55 92
35 56 44
35 57 12
35 58 62
35 59 72
35 60 43
35 61 5
35 62 80
35 63 44
35 64 8
35 65 3
35 66 45
35 67 94
35 68 44
35 69 96
35 70 99
35 71 64
35 72 19
35 73 57
35 74 15
35 75 24
35 76 14
35 77 34
35 78 51
35 79 17
35 80 24
35 81 16
35 82 60
35 83 63
35 84 69
35 85 45
35 86 89
35 87 80
35 88 76
35 89 64
35 90 25
35 91 58
35 92 96
35 93 75
35 94 90
35 95 19
35 96 41
35 97 71
35 98 64
35 99 93
35 100 60
36 1 98
36 2 20
36 3 20
36 4 20
36 5 20
36 6 40
36 7 77
36 8 55
36 9 61
36 10 67
36 11 98
36 12 98
36 13 27
36 14 95
36 15 78
36 16 78
36 17 22
36 18 99
36 19 46
36 20 52
36 21 65
36 22 27
36 23 23
36 24 92
36 25 22
36 26 12
36 27 85
36 28 51
36 29 96
36 30 17
36 31 75
36 32 45
36 33 46
36 34 7
36 35 98
36 36 88
36 37 63
36 38 86
36 39 7
36 40 31
36 41 41
36 42 38
36 43 76
36 44 72
36 45 94
36 46 25
36 47 97
36 48 20
36 49 66
36 50 57
36 51 40
36 52 97
36 53 45
36 54 60
36 55 54
36 56 40
36 57 88
36 58 75
36 59 92
36 60 68
36 61 99
36 62 77
36 63 75
36 64 97
36 65 60
36 66 8
36 67 47
36 68 59
36 69 1
36 70 24
36 71 73
36 72 44
36 73 91
36 74 15
36 75 58
36 76 41
36 77 2
36 78 18
36 79 3
36 80 91
36 81 59
36 82 6
36 83 95
36 84 3
36 85 84
36 86 80
36 87 12
36 88 92
36 89 61
36 90 98
36 91 81
36 92 69
36 93 74
36 94 37
36 95 15
36 96 27
36 97 5
36 98 62
36 99 91
36 100 68
37 1 7
37 2 22
37 3 63
37 4 28
37 5 50
37 6 50
37 7 50
37 8 50
37 9 22
37 10 82
37 11 79
37 12 14
37 13 42
37 14 86
37 15 66
37 16 9
37 17 9
37 18 94
37 19 98
37 20 41
37 21 27
37 22 48
37 23 45
37 24 72
37 25 77
37 26 92
37 27 4
37 28 62
37 29 14
37 30 98
37 31 67
37 32 86
37 33 62
37 34 35
37 35 66
37 36 42
37 37 86
37 38 63
37 39 69
37 40 18
37 41 26
37 42 72
37 43 39
37 44 59
37 45 64
37 46 35
37 47 18
37 48 43
37 49 52
37 50 87
37 51 38
37 52 29
37 53 81
37 54 65
37 55 28
37 56 99
37 57 14
37 58 34
37 59 81
37 60 24
37 61 88
37 62 83
37 63 19
37 64 34
37 65 79
37 66 22
37 67 83
37 68 65
37 69 86
37 70 37
37 71 49
37 72 54
37 73 10
37 74 80
37 75 2
37 76 21
37 77 13
37 78 8
37 79 23
37 80 42
37 81 34
37 82 42
37 83 28
37 84 54
37 85 54
37 86 60
37 87 45
37 88 9
37 89 40
37 90 25
37 91 35
37 92 18
37 93 54
37 94 77
37 95 54
37 96 90
37 97 63
37 98 61
37 99 67
37 100 21
38 1 72
38 2 58
38 3 98
38 4 22
38 5 8
38 6 4
38 7 89
38 8 29
38 9 29
38 10 29
38 11 29
38 12 8
38 13 41
38 14 69
38 15 38
38 16 4
38 17 18
38 18 79
38 19 43
38 20 19
38 21 67
38 22 83
38 23 69
38 24 21
38 25 67
38 26 1
38 27 36
38 28 82
38 29 45
38 30 40
38 31 43
38 32 84
38 33 96
38 34 55
38 35 98
38 36 12
38 37 67
38 38 42
38 39 14
38 40 14
38 41 2
38 42 5
38 43 15
38 44 42
38 45 13
38 46 17
38 47 64
38 48 60
38 49 26
38 50 88
38 51 94
38 52 25
38 53 29
38 54 8
38 55 28
38 56 56
38 57 38
38 58 48
38 59 42
38 60 37
38 61 44
38 62 19
38 63 80
38 64 10
38 65 73
38 66 91
38 67 85
38 68 97
38 69 22
38 70 53
38 71 11
38 72 94
38 73 61
38 74 8
38 75 93
38 76 97
38 77 90
38 78 74
38 79 60
38 80 26
38 81 3
38 82 43
38 83 91
38 84 57
38 85 11
38 86 57
38 87 86
38 88 75
38 89 3
38 90 78
38 91 63
38 92 17
38 93 18
38 94 14
38 95 92
38 96 9
38 97 44
38 98 91
38 99 94
38 100 25
39 1 62
39 2 45
39 3 67
39 4 6
39 5 29
39 6 83
39 7 60
39 8 72
39 9 10
39 10 50
39 11 9
39 12 9
39 13 9
39 14 9
39 15 52
39 16 19
39 17 99
39 18 69
39 19 49
39 20 98
39 21 36
39 22 30
39 23 33
39 24 37
39 25 71
39 26 76
39 27 29
39 28 51
39 29 64
39 30 33
39 31 76
39 32 29
39 33 85
39 34 50
39 35 60
39 36 2
39 37 5
39 38 5
39 39 79
39 40 25
39 41 98
39 42 58
39 43 23
39 44 82
39 45 47
39 46 99
39 47 21
39 48 56
39 49 82
39 50 56
39 51 66
39 52 76
39 53 7
39 54 29
39 55 94
39 56 32
39 57 95
39 58 81
39 59 62
39 60 93
39 61 20
39 62 70
39 63 27
39 64 40
39 65 97
39 66 39
39 67 8
39 68 69
39 69 89
39 70 20
39 71 12
39 72 33
39 73 71
39 74 80
39 75 11
39 76 61
39 77 33
39 78 81
39 79 82
39 80 81
39 81 80
39 82 44
39 83 38
39 84 22
39 85 86
39 86 14
39 87 60
39 88 76
39 89 1
39 90 17
39 91 31
39 92 76
39 93 31
39 94 32
39 95 89
39 96 52
39 97 15
39 98 21
39 99 49
39 100 42
40 1 13
40 2 56
40 3 71
40 4 23
40 5 10
40 6 2
40 7 31
40 8 72
40 9 48
40 10 52
40 11 12
40 12 97
40 13 8
40 14 61
40 15 61
40 16 61
40 17 61
40 18 4
40 19 1
40 20 35
40 21 60
40 22 24
40 23 31
40 24 69
40 25 98
40 26 12
40 27 81
40 28 7
40 29 11
40 30 65
40 31 11
40 32 12
40 33 54
40 34 84
40 35 17
40 36 79
40 37 36
40 38 85
40 39 91
40 40 66
40 41 39
40 42 23
40 43 50
40 44 94
40 45 46
40 46 45
40 47 34
40 48 13
40 49 14
40 50 57
40 51 49
40 52 1
40 53 90
40 54 12
40 55 30
40 56 44
40 57 4
40 58 55
40 59 5
40 60 17
40 61 35
40 62 44
40 63 78
40 64 15
40 65 24
40 66 92
40 67 90
40 68 55
40 69 10
40 70 72
40 71 54
40 72 40
40 73 94
40 74 78
40 75 83
40 76 20
40 77 45
40 78 71
40 79 67
40 80 58
40 81 56
40 82 85
40 83 4
40 84 65
40 85 63
40 86 85
40 87 23
40 88 64
40 89 51
40 90 74
40 91 59
40 92 46
40 93 11
40 94 78
40 95 79
40 96 61
40 97 98
40 98 42
40 99 31
40 100 31
41 1 5
41 2 48
41 3 36
41 4 31
41 5 37
41 6 87
41 7 66
41 8 67
41 9 46
41 10 68
41 11 19
41 12 47
41 13 31
41 14 29
41 15 34
41 16 34
41 17 91
41 18 91
41 19 91
41 20 91
41 21 85
41 22 16
41 23 53
41 24 92
41 25 96
41 26 52
41 27 80
41 28 70
41 29 12
41 30 64
41 31 84
41 32 8
41 33 47
41 34 66
41 35 18
41 36 62
41 37 48
41 38 65
41 39 42
41 40 15
41 41 20
41 42 83
41 43 61
41 44 99
41 45 60
41 46 64
41 47 98
41 48 99
41 49 11
41 50 83
41 51 77
41 52 41
41 53 54
41 54 25
41 55 77
41 56 86
41 57 88
41 58 85
41 59 19
41 60 92
41 61 82
41 62 84
41 63 47
41 64 66
41 65 4
41 66 12
41 67 35
41 68 10
41 69 1
41 70 31
41 71 15
41 72 47
41 73 99
41 74 95
41 75 99
41 76 98
41 77 13
41 78 38
41 79 57
41 80 62
41 81 55
41 82 50
41 83 24
41 84 85
41 85 27
41 86 81
41 87 41
41 88 64
41 89 33
41 90 99
41 91 95
41 92 52
41 93 72
41 94 23
41 95 82
41 96 94
41 97 96
41 98 7
41 99 26
41 100 78
42 1 16
42 2 11
42 3 23
42 4 40
42 5 47
42 6 63
42 7 65
42 8 11
42 9 57
42 10 99
42 11 91
42 12 36
42 13 78
42 14 86
42 15 23
42 16 73
42 17 89
42 18 43
42 19 94
42 20 90
42 21 90
42 22 90
42 23 90
42 24 82
42 25 46
42 26 98
42 27 85
42 28 29
42 29 49
42 30 20
42 31 94
42 32 92
42 33 42
42 34 81
42 35 36
42 36 96
42 37 41
42 38 16
42 39 95
42 40 14
42 41 27
42 42 20
42 43 18
42 44 98
42 45 90
42 46 24
42 47 46
42 48 21
42 49 17
42 50 12
42 51 37
42 52 44
42 53 50
42 54 35
42 55 89
42 56 77
42 57 22
42 58 62
42 59 62
42 60 23
42 61 56
42 62 40
42 63 97
42 64 72
42 65 3
42 66 19
42 67 1
42 68 15
42 69 29
42 70 73
42 71 85
42 72 84
42 73 41
42 74 75
42 75 23
42 76 93
42 77 70
42 78 66
42 79 63
42 80 45
42 81 45
42 82 15
42 83 92
42 84 25
42 85 47
42 86 7
42 87 5
42 88 39
42 89 55
42 90 55
42 91 99
42 92 18
42 93 37
42 94 68
42 95 62
42 96 43
42 97 45
42 98 26
42 99 35
42 100 29
43 1 26
43 2 44
43 3 88
43 4 21
43 5 11
43 6 4
43 7 53
43 8 71
43 9 4
43 10 50
43 11 34
43 12 49
43 13 39
43 14 84
43 15 56
43 16 26
43 17 54
43 18 61
43 19 77
43 20 40
43 21 32
43 22 42
43 23 45
43 24 45
43 25 45
43 26 45
43 27 68
43 28 45
43 29 36
43 30 62
43 31 53
43 32 12
43 33 15
43 34 21
43 35 53
43 36 72
43 37 25
43 38 50
43 39 34
43 40 87
43 41 57
43 42 79
43 43 31
43 44 26
43 45 61
43 46 24
43 47 9
43 48 54
43 49 62
43 50 6
43 51 44
43 52 17
43 53 97
43 54 76
43 55 40
43 56 52
43 57 17
43 58 47
43 59 75
43 60 66
43 61 40
43 62 6
43 63 7
43 64 54
43 65 61
43 66 17
43 67 43
43 68 5
43 69 16
43 70 57
43 71 36
43 72 17
43 73 16
43 74 60
43 75 42
43 76 14
43 77 67
43 78 45
43 79 59
43 80 81
43 81 59
43 82 56
43 83 39
43 84 37
43 85 3
43 86 68
43 87 31
43 88 36
43 89 26
43 90 30
43 91 98
43 92 41
43 93 82
43 94 63
43 95 88
43 96 17
43 97 39
43 98 31
43 99 68
43 100 31
44 1 75
44 2 83
44 3 35
44 4 21
44 5 40
44 6 64
44 7 81
44 8 52
44 9 96
44 10 84
44 11 25
44 12 70
44 13 60
44 14 57
44 15 5
44 16 94
44 17 8
44 18 94
44 19 21
44 20 47
44 21 78
44 22 16
44 23 26
44 24 64
44 25 88
44 26 21
44 27 21
44 28 21
44 29 21
44 30 77
44 31 23
44 32 45
44 33 51
44 34 19
44 35 85
44 36 27
44 37 88
44 38 88
44 39 46
44 40 11
44 41 65
44 42 33
44 43 47
44 44 81
44 45 44
44 46 64
44 47 8
44 48 39
44 49 77
44 50 47
44 51 94
44 52 9
44 53 69
44 54 67
44 55 26
44 56 25
44 57 48
44 58 49
44 59 99
44 60 13
44 61 42
44 62 57
44 63 29
44 64 47
44 65 36
44 66 93
44 67 45
44 68 55
44 69 19
44 70 83
44 71 95
44 72 86
44 73 89
44 74 42
44 75 16
44 76 74
44 77 80
44 78 36
44 79 92
44 80 65
44 81 84
44 82 46
44 83 6
44 84 36
44 85 65
44 86 84
44 87 12
44 88 23
44 89 71
44 90 54
44 91 94
44 92 96
44 93 7
44 94 97
44 95 3
44 96 70
44 97 93
44 98 75
44 99 89
44 100 21
45 1 33
45 2 7
45 3 7
45 4 54
45 5 87
45 6 69
45 7 88
45 8 37
45 9 10
45 10 56
45 11 53
45 12 56
45 13 29
45 14 43
45 15 63
45 16 61
45 17 15
45 18 9
45 19 32
45 20 57
45 21 48
45 22 80
45 23 59
45 24 80
45 25 94
45 26 46
45 27 10
45 28 88
45 29 99
45 30 99
45 31 99
45 32 99
45 33 74
45 34 12
45 35 9
45 36 70
45 37 8
45 38 81
45 39 73
45 40 85
45 41 18
45 42 10
45 43 40
45 44 56
45 45 88
45 46 49
45 47 50
45 48 15
45 49 84
45 50 36
45 51 51
45 52 34
45 53 45
45 54 67
45 55 58
45 56 76
45 57 77
45 58 92
45 59 76
45 60 61
45 61 32
45 62 26
45 63 9
45 64 10
45 65 86
45 66 32
45 67 75
45 68 26
45 69 7
45 70 75
45 71 8
45 72 31
45 73 33
45 74 90
45 75 69
45 76 4
45 77 35
45 78 55
45 79 80
45 80 96
45 81 57
45 82 97
45 83 10
45 84 70
45 85 98
45 86 75
45 87 77
45 88 20
45 89 82
45 90 95
45 91 73
45 92 86
45 93 4
45 94 87
45 95 68
45 96 70
45 97 69
45 98 22
45 99 13
45 100 34
46 1 81
46 2 52
46 3 61
46 4 28
46 5 44
46 6 61
46 7 16
46 8 91
46 9 11
46 10 69
46 11 89
46 12 29
46 13 39
46 14 25
46 15 57
46 16 72
46 17 47
46 18 7
46 19 34
46 20 83
46 21 4
46 22 84
46 23 71
46 24 11
46 25 76
46 26 87
46 27 13
46 28 87
46 29 90
46 30 10
46 31 86
46 32 41
46 33 41
46 34 41
46 35 41
46 36 73
46 37 70
46 38 37
46 39 14
46 40 48
46 41 43
46 42 88
46 43 59
46 44 17
46 45 22
46 46 46
46 47 36
46 48 30
46 49 48
46 50 61
46 51 72
46 52 80
46 53 3
46 54 55
46 55 99
46 56 61
46 57 91
46 58 9
46 59 11
46 60 38
46 61 15
46 62 57
46 63 76
46 64 1
46 65 4
46 66 34
46 67 21
46 68 10
46 69 42
46 70 93
46 71 91
46 72 98
46 73 14
46 74 58
46 75 62
46 76 36
46 77 37
46 78 4
46 79 25
46 80 21
46 81 90
46 82 4
46 83 71
46 84 8
46 85 56
46 86 69
46 87 5
46 88 18
46 89 36
46 90 73
46 91 93
46 92 70
46 93 23
46 94 17
46 95 35
46 96 88
46 97 82
46 98 97
46 99 91
46 100 93
47 1 83
47 2 8
47 3 67
47 4 57
47 5 50
47 6 72
47 7 2
47 8 37
47 9 71
47 10 44
47 11 64
47 12 77
47 13 70
47 14 42
47 15 98
47 16 83
47 17 89
47 18 67
47 19 4
47 20 79
47 21 85
47 22 44
47 23 33
47 24 69
47 25 77
47 26 68
47 27 56
47 28 93
47 29 86
47 30 44
47 31 88
47 32 7
47 33 51
47 34 25
47 35 24
47 36 24
47 37 24
47 38 24
47 39 87
47 40 44
47 41 8
47 42 30
47 43 19
47 44 29
47 45 77
47 46 54
47 47 61
47 48 20
47 49 43
47 50 62
47 51 9
47 52 32
47 53 37
47 54 12
47 55 30
47 56 92
47 57 7
47 58 29
47 59 72
47 60 81
47 61 4
47 62 23
47 63 64
47 64 73
47 65 29
47 66 8
47 67 95
47 68 94
47 69 7
47 70 34
47 71 29
47 72 28
47 73 1
47 74 60
47 75 73
47 76 28
47 77 58
47 78 55
47 79 14
47 80 17
47 81 73
47 82 25
47 83 39
47 84 27
47 85 17
47 86 32
47 87 16
47 88 42
47 89 31
47 90 48
47 91 87
47 92 68
47 93 7
47 94 11
47 95 78
47 96 73
47 97 5
47 98 98
47 99 32
47 100 62
48 1 53
48 2 9
48 3 4
48 4 28
48 5 16
48 6 62
48 7 49
48 8 39
48 9 97
48 10 29
48 11 96
48 12 9
48 13 34
48 14 62
48 15 43
48 16 96
48 17 43
48 18 26
48 19 43
48 20 48
48 21 16
48 22 52
48 23 32
48 24 21
48 25 16
48 26 13
48 27 47
48 28 90
48 29 72
48 30 29
48 31 45
48 32 38
48 33 41
48 34 5
48 35 52
48 36 50
48 37 27
48 38 41
48 39 41
48 40 41
48 41 41
48 42 19
48 43 84
48 44 92
48 45 1
48 46 7
48 47 68
48 48 15
48 49 46
48 50 26
48 51 85
48 52 18
48 53 5
48 54 35
48 55 36
48 56 47
48 57 88
48 58 46
48 59 70
48 60 57
48 61 13
48 62 99
48 63 8
48 64 60
48 65 63
48 66 24
48 67 99
48 68 90
48 69 62
48 70 80
48 71 78
48 72 54
48 73 13
48 74 39
48 75 34
48 76 20
48 77 65
48 78 55
48 79 94
48 80 94
48 81 2
48 82 29
48 83 60
48 84 66
48 85 32
48 86 82
48 87 23
48 88 15
48 89 49
48 90 27
48 91 84
48 92 53
48 93 80
48 94 44
48 95 61
48 96 80
48 97 21
48 98 71
48 99 6
48 100 52
49 1 13
49 2 61
49 3 6
49 4 20
49 5 11
49 6 33
49 7 88
49 8 85
49 9 55
49 10 9
49 11 67
49 12 17
49 13 77
49 14 32
49 15 76
49 16 77
49 17 82
49 18 24
49 19 19
49 20 99
49 21 96
49 22 36
49 23 52
49 24 66
49 25 48
49 26 16
49 27 44
49 28 66
49 29 18
49 30 29
49 31 85
49 32 52
49 33 5
49 34 74
49 35 43
49 36 49
49 37 74
49 38 8
49 39 53
49 40 54
49 41 71
49 42 71
49 43 71
49 44 71
49 45 90
49 46 62
49 47 83
49 48 73
49 49 32
49 50 6
49 51 56
49 52 41
49 53 92
49 54 26
49 55 43
49 56 72
49 57 91
49 58 37
49 59 18
49 60 82
49 61 28
49 62 91
49 63 17
49 64 21
49 65 75
49 66 54
49 67 44
49 68 81
49 69 97
49 70 79
49 71 83
49 72 50
49 73 73
49 74 88
49 75 38
49 76 41
49 77 22
49 78 69
49 79 71
49 80 54
49 81 9
49 82 39
49 83 64
49 84 86
49 85 62
49 86 2
49 87 25
49 88 19
49 89 81
49 90 54
49 91 83
49 92 60
49 93 52
49 94 35
49 95 5
49 96 14
49 97 12
49 98 74
49 99 98
49 100 89
50 1 36
50 2 57
50 3 49
50 4 13
50 5 18
50 6 60
50 7 48
50 8 94
50 9 87
50 10 55
50 11 11
50 12 35
50 13 67
50 14 22
50 15 99
50 16 24
50 17 15
50 18 47
50 19 50
50 20 33
50 21 13
50 22 1
50 23 67
50 24 49
50 25 52
50 26 64
50 27 21
50 28 41
50 29 48
50 30 53
50 31 95
50 32 80
50 33 92
50 34 71
50 35 6
50 36 43
50 37 5
50 38 64
50 39 69
50 40 60
50 41 15
50 42 63
50 43 91
50 44 24
50 45 24
50 46 24
50 47 24
50 48 64
50 49 12
50 50 33
50 51 70
50 52 56
50 53 58
50 54 57
50 55 95
50 56 89
50 57 47
50 58 97
50 59 96
50 60 87
50 61 38
50 62 21
50 63 38
50 64 1
50 65 85
50 66 28
50 67 51
50 68 65
50 69 54
50 70 31
50 71 46
50 72 66
50 73 61
50 74 82
50 75 46
50 76 48
50 77 14
50 78 41
50 79 3
50 80 51
50 81 19
50 82 69
50 83 36
50 84 46
50 85 40
50 86 57
50 87 54
50 88 91
50 89 23
50 90 32
50 91 88
50 92 63
50 93 79
50 94 88
50 95 13
50 96 24
50 97 23
50 98 48
50 99 99
50 100 35
51 1 69
51 2 23
51 3 69
51 4 56
51 5 46
51 6 17
51 7 95
51 8 38
51 9 61
51 10 26
51 11 70
51 12 20
51 13 80
51 14 87
51 15 35
51 16 97
51 17 38
51 18 18
51 19 57
51 20 44
51 21 57
51 22 70
51 23 31
51 24 54
51 25 53
51 26 70
51 27 52
51 28 22
51 29 80
51 30 69
51 31 42
51 32 77
51 33 89
51 34 48
51 35 27
51 36 12
51 37 63
51 38 53
51 39 8
51 40 91
51 41 54
51 42 33
51 43 50
51 44 72
51 45 55
51 46 31
51 47 95
51 48 95
51 49 95
51 50 95
51 51 17
51 52 90
51 53 25
51 54 26
51 55 60
51 56 12
51 57 59
51 58 78
51 59 20
51 60 82
51 61 12
51 62 41
51 63 15
51 64 11
51 65 90
51 66 88
51 67 91
51 68 27
51 69 21
51 70 79
51 71 91
51 72 43
51 73 66
51 74 22
51 75 80
51 76 73
51 77 47
51 78 21
51 79 56
51 80 83
51 81 69
51 82 89
51 83 13
51 84 87
51 85 24
51 86 53
51 87 63
51 88 80
51 89 49
51 90 74
51 91 78
51 92 13
51 93 71
51 94 99
51 95 76
51 96 64
51 97 96
51 98 83
51 99 43
51 100 89
52 1 99
52 2 41
52 3 23
52 4 38
52 5 57
52 6 97
52 7 41
52 8 86
52 9 39
52 10 47
52 11 25
52 12 54
52 13 31
52 14 11
52 15 63
52 16 88
52 17 67
52 18 8
52 19 88
52 20 1
52 21 59
52 22 82
52 23 69
52 24 29
52 25 65
52 26 47
52 27 78
52 28 98
52 29 36
52 30 81
52 31 16
52 32 74
52 33 25
52 34 96
52 35 73
52 36 14
52 37 33
52 38 82
52 39 29
52 40 55
52 41 66
52 42 54
52 43 20
52 44 7
52 45 41
52 46 28
52 47 75
52 48 99
52 49 58
52 50 51
52 51 51
52 52 51
52 53 51
52 54 15
52 55 13
52 56 71
52 57 89
52 58 2
52 59 66
52 60 55
52 61 87
52 62 64
52 63 16
52 64 96
52 65 87
52 66 74
52 67 97
52 68 74
52 69 21
52 70 19
52 71 21
52 72 75
52 73 78
52 74 76
52 75 28
52 76 55
52 77 65
52 78 91
52 79 82
52 80 80
52 81 6
52 82 57
52 83 27
52 84 67
52 85 17
52 86 81
52 87 79
52 88 18
52 89 87
52 90 48
52 91 22
52 92 36
52 93 2
52 94 52
52 95 41
52 96 91
52 97 91
52 98 70
52 99 50
52 100 18
53 1 41
53 2 5
53 3 51
53 4 73
53 5 97
53 6 23
53 7 56
53 8 81
53 9 15
53 10 18
53 11 90
53 12 54
53 13 16
53 14 80
53 15 19
53 16 13
53 17 3
53 18 97
53 19 91
53 20 26
53 21 59
53 22 40
53 23 55
53 24 82
53 25 63
53 26 40
53 27 48
53 28 91
53 29 70
53 30 47
53 31 14
53 32 42
53 33 46
53 34 70
53 35 1
53 36 87
53 37 82
53 38 42
53 39 27
53 40 23
53 41 9
53 42 37
53 43 55
53 44 99
53 45 84
53 46 93
53 47 52
53 48 12
53 49 85
53 50 42
53 51 14
53 52 49
53 53 4
53 54 4
53 55 4
53 56 4
53 57 72
53 58 31
53 59 96
53 60 66
53 61 21
53 62 98
53 63 73
53 64 96
53 65 41
53 66 51
53 67 35
53 68 80
53 69 1
53 70 57
53 71 14
53 72 97
53 73 53
53 74 78
53 75 24
53 76 59
53 77 47
53 78 50
53 79 87
53 80 62
53 81 44
53 82 30
53 83 39
53 84 8
53 85 34
53 86 63
53 87 59
53 88 53
53 89 60
53 90 30
53 91 7
53 92 67
53 93 42
53 94 12
53 95 99
53 96 8
53 97 81
53 98 12
53 99 77
53 100 73
54 1 66
54 2 42
54 3 17
54 4 94
54 5 5
54 6 60
54 7 38
54 8 19
54 9 68
54 10 32
54 11 30
54 12 87
54 13 20
54 14 96
54 15 50
54 16 36
54 17 47
54 18 63
54 19 7
54 20 55
54 21 87
54 22 99
54 23 46
54 24 15
54 25 8
54 26 75
54 27 9
54 28 46
54 29 26
54 30 70
54 31 49
54 32 69
54 33 5
54 34 50
54 35 85
54 36 98
54 37 98
54 38 9
54 39 57
54 40 18
54 41 8
54 42 89
54 43 97
54 44 30
54 45 13
54 46 67
54 47 25
54 48 30
54 49 2
54 50 99
54 51 78
54 52 97
54 53 84
54 54 89
54 55 30
54 56 99
54 57 99
54 58 99
54 59 99
54 60 35
54 61 99
54 62 48
54 63 82
54 64 40
54 65 33
54 66 56
54 67 50
54 68 45
54 69 98
54 70 18
54 71 48
54 72 76
54 73 5
54 74 66
54 75 26
54 76 61
54 77 69
54 78 6
54 79 96
54 80 89
54 81 54
54 82 6
54 83 93
54 84 10
54 85 61
54 86 94
54 87 40
54 88 81
54 89 97
54 90 61
54 91 26
54 92 85
54 93 83
54 94 90
54 95 38
54 96 52
54 97 11
54 98 10
54 99 1
54 100 71
55 1 16
55 2 37
55 3 64
55 4 92
55 5 5
55 6 43
55 7 6
55 8 97
55 9 23
55 10 82
55 11 68
55 12 8
55 13 32
55 14 19
55 15 42
55 16 87
55 17 74
55 18 30
55 19 25
55 20 97
55 21 53
55 22 42
55 23 19
55 24 51
55 25 27
55 26 28
55 27 51
55 28 90
55 29 38
55 30 67
55 31 87
55 32 80
55 33 71
55 34 88
55 35 89
55 36 52
55 37 23
55 38 64
55 39 81
55 40 96
55 41 46
55 42 44
55 43 1
55 44 25
55 45 92
55 46 91
55 47 19
55 48 87
55 49 15
55 50 8
55 51 84
55 52 45
55 53 89
55 54 8
55 55 70
55 56 82
55 57 27
55 58 87
55 59 41
55 60 41
55 61 41
55 62 41
55 63 75
55 64 84
55 65 35
55 66 31
55 67 90
55 68 86
55 69 61
55 70 84
55 71 62
55 72 39
55 73 60
55 74 3
55 75 7
55 76 19
55 77 43
55 78 73
55 79 57
55 80 20
55 81 87
55 82 62
55 83 65
55 84 88
55 85 88
55 86 58
55 87 11
55 88 90
55 89 45
55 90 24
55 91 63
55 92 6
55 93 80
55 94 98
55 95 98
55 96 30
55 97 39
55 98 32
55 99 6
55 100 57
56 1 71
56 2 99
56 3 46
56 4 62
56 5 99
56 6 84
56 7 73
56 8 7
56 9 8
56 10 18
56 11 56
56 12 72
56 13 34
56 14 35
56 15 15
56 16 17
56 17 94
56 18 38
56 19 25
56 20 83
56 21 63
56 22 36
56 23 45
56 24 73
56 25 79
56 26 17
56 27 61
56 28 21
56 29 69
56 30 20
56 31 10
56 32 96
56 33 91
56 34 34
56 35 25
56 36 93
56 37 73
56 38 4
56 39 39
56 40 66
56 41 39
56 42 43
56 43 91
56 44 43
56 45 60
56 46 17
56 47 56
56 48 24
56 49 57
56 50 65
56 51 47
56 52 10
56 53 35
56 54 2
56 55 22
56 56 22
56 57 67
56 58 50
56 59 67
56 60 22
56 61 22
56 62 86
56 63 86
56 64 86
56 65 86
56 66 29
56 67 69
56 68 13
56 69 99
56 70 54
56 71 7
56 72 34
56 73 31
56 74 27
56 75 52
56 76 52
56 77 11
56 78 38
56 79 54
56 80 97
56 81 90
56 82 32
56 83 90
56 84 61
56 85 56
56 86 33
56 87 94
56 88 11
56 89 38
56 90 66
56 91 63
56 92 45
56 93 82
56 94 44
56 95 92
56 96 95
56 97 11
56 98 72
56 99 71
56 100 76
57 1 25
57 2 30
57 3 80
57 4 88
57 5 55
57 6 32
57 7 55
57 8 70
57 9 89
57 10 85
57 11 29
57 12 85
57 13 31
57 14 6
57 15 10
57 16 52
57 17 86
57 18 73
57 19 57
57 20 37
57 21 6
57 22 19
57 23 28
57 24 85
57 25 71
57 26 30
57 27 62
57 28 74
57 29 16
57 30 98
57 31 37
57 32 8
57 33 92
57 34 42
57 35 72
57 36 53
57 37 90
57 38 6
57 39 17
57 40 65
57 41 2
57 42 75
57 43 50
57 44 14
57 45 71
57 46 89
57 47 65
57 48 86
57 49 19
57 50 97
57 51 2
57 52 97
57 53 68
57 54 97
57 55 18
57 56 96
57 57 47
57 58 18
57 59 2
57 60 34
57 61 89
57 62 93
57 63 5
57 64 18
57 65 9
57 66 9
57 67 9
57 68 9
57 69 9
57 70 31
57 71 51
57 72 48
57 73 42
57 74 66
57 75 34
57 76 11
57 77 8
57 78 47
57 79 18
57 80 17
57 81 41
57 82 68
57 83 72
57 84 46
57 85 82
57 86 48
57 87 27
57 88 83
57 89 50
57 90 60
57 91 6
57 92 15
57 93 58
57 94 16
57 95 18
57 96 67
57 97 31
57 98 96
57 99 48
57 100 69
58 1 79
58 2 36
58 3 9
58 4 44
58 5 23
58 6 24
58 7 98
58 8 41
58 9 26
58 10 69
58 11 2
58 12 87
58 13 82
58 14 7
58 15 43
58 16 4
58 17 19
58 18 25
58 19 32
58 20 43
58 21 66
58 22 80
58 23 19
58 24 12
58 25 4
58 26 18
58 27 87
58 28 71
58 29 40
58 30 41
58 31 62
58 32 50
58 33 33
58 34 30
58 35 11
58 36 8
58 37 33
58 38 1
58 39 93
58 40 68
58 41 10
58 42 87
58 43 91
58 44 52
58 45 95
58 46 29
58 47 28
58 48 11
58 49 53
58 50 45
58 51 8
58 52 64
58 53 51
58 54 35
58 55 44
58 56 70
58 57 57
58 58 43
58 59 24
58 60 2
58 61 21
58 62 52
58 63 80
58 64 40
58 65 50
58 66 18
58 67 58
58 68 62
58 69 62
58 70 62
58 71 62
58 72 93
58 73 78
58 74 79
58 75 47
58 76 75
58 77 6
58 78 5
58 79 75
58 80 1
58 81 74
58 82 54
58 83 48
58 84 92
58 85 63
58 86 76
58 87 18
58 88 74
58 89 99
58 90 12
58 91 97
58 92 65
58 93 2
58 94 53
58 95 13
58 96 21
58 97 21
58 98 50
58 99 13
58 100 55
59 1 17
59 2 67
59 3 54
59 4 43
59 5 44
59 6 72
59 7 45
59 8 87
59 9 12
59 10 63
59 11 62
59 12 55
59 13 46
59 14 39
59 15 64
59 16 59
59 17 1
59 18 34
59 19 77
59 20 86
59 21 23
59 22 92
59 23 67
59 24 99
59 25 71
59 26 33
59 27 52
59 28 20
59 29 72
59 30 14
59 31 51
59 32 65
59 33 49
59 34 74
59 35 59
59 36 4
59 37 66
59 38 36
59 39 93
59 40 53
59 41 33
59 42 62
59 43 27
59 44 99
59 45 94
59 46 50
59 47 18
59 48 54
59 49 91
59 50 1
59 51 45
59 52 41
59 53 9
59 54 36
59 55 60
59 56 40
59 57 39
59 58 90
59 59 82
59 60 19
59 61 47
59 62 35
59 63 42
59 64 48
59 65 17
59 66 96
59 67 54
59 68 81
59 69 34
59 70 58
59 71 41
59 72 41
59 73 41
59 74 41
59 75 16
59 76 56
59 77 8
59 78 3
59 79 76
59 80 13
59 81 98
59 82 49
59 83 95
59 84 10
59 85 86
59 86 55
59 87 44
59 88 94
59 89 86
59 90 1
59 91 54
59 92 87
59 93 42
59 94 77
59 95 34
59 96 13
59 97 83
59 98 26
59 99 65
59 100 15
60 1 42
60 2 12
60 3 74
60 4 18
60 5 58
60 6 49
60 7 62
60 8 24
60 9 12
60 10 14
60 11 83
60 12 58
60 13 13
60 14 76
60 15 63
60 16 53
60 17 31
60 18 86
60 19 8
60 20 23
60 21 82
60 22 78
60 23 57
60 24 49
60 25 7
60 26 42
60 27 28
60 28 43
60 29 90
60 30 68
60 31 19
60 32 9
60 33 18
60 34 2
60 35 42
60 36 35
60 37 38
60 38 94
60 39 30
60 40 20
60 41 56
60 42 60
60 43 71
60 44 43
60 45 97
60 46 36
60 47 21
60 48 69
60 49 87
60 50 92
60 51 96
60 52 8
60 53 45
60 54 45
60 55 64
60 56 16
60 57 50
60 58 42
60 59 27
60 60 79
60 61 8
60 62 49
60 63 23
60 64 89
60 65 29
60 66 24
60 67 76
60 68 1
60 69 69
60 70 52
60 71 67
60 72 66
60 73 50
60 74 74
60 75 74
60 76 74
60 77 74
60 78 98
60 79 15
60 80 53
60 81 78
60 82 33
60 83 96
60 84 37
60 85 8
60 86 77
60 87 62
60 88 43
60 89 13
60 90 87
60 91 83
60 92 39
60 93 25
60 94 76
60 95 1
60 96 20
60 97 77
60 98 2
60 99 6
60 100 72
61 1 61
61 2 24
61 3 96
61 4 28
61 5 88
61 6 97
61 7 94
61 8 51
61 9 62
61 10 66
61 11 83
61 12 7
61 13 24
61 14 89
61 15 83
61 16 32
61 17 50
61 18 41
61 19 77
61 20 56
61 21 93
61 22 20
61 23 87
61 24 73
61 25 99
61 26 55
61 27 78
61 28 1
61 29 72
61 30 76
61 31 56
61 32 6
61 33 5
61 34 35
61 35 87
61 36 49
61 37 50
61 38 94
61 39 91
61 40 24
61 41 24
61 42 81
61 43 19
61 44 74
61 45 80
61 46 1
61 47 29
61 48 59
61 49 45
61 50 53
61 51 41
61 52 45
61 53 26
61 54 4
61 55 78
61 56 95
61 57 98
61 58 85
61 59 70
61 60 23
61 61 98
61 62 88
61 63 31
61 64 99
61 65 9
61 66 25
61 67 36
61 68 47
61 69 98
61 70 24
61 71 65
61 72 10
61 73 27
61 74 19
61 75 6
61 76 43
61 77 14
61 78 14
61 79 14
61 80 14
61 81 19
61 82 52
61 83 83
61 84 11
61 85 69
61 86 8
61 87 16
61 88 27
61 89 48
61 90 18
61 91 87
61 92 32
61 93 88
61 94 34
61 95 39
61 96 92
61 97 4
61 98 76
61 99 44
61 100 39
62 1 28
62 2 5
62 3 97
62 4 35
62 5 49
62 6 26
62 7 79
62 8 41
62 9 28
62 10 7
62 11 60
62 12 13
62 13 35
62 14 85
62 15 78
62 16 27
62 17 43
62 18 3
62 19 69
62 20 65
62 21 41
62 22 82
62 23 15
62 24 43
62 25 4
62 26 42
62 27 75
62 28 67
62 29 21
62 30 32
62 31 54
62 32 99
62 33 90
62 34 83
62 35 50
62 36 79
62 37 97
62 38 76
62 39 1
62 40 80
62 41 82
62 42 98
62 43 35
62 44 12
62 45 93
62 46 88
62 47 96
62 48 8
62 49 99
62 50 87
62 51 60
62 52 67
62 53 94
62 54 66
62 55 48
62 56 30
62 57 89
62 58 31
62 59 98
62 60 7
62 61 38
62 62 54
62 63 84
62 64 15
62 65 64
62 66 1
62 67 23
62 68 66
62 69 86
62 70 60
62 71 72
62 72 89
62 73 59
62 74 7
62 75 28
62 76 7
62 77 97
62 78 6
62 79 29
62 80 42
62 81 42
62 82 42
62 83 42
62 84 61
62 85 70
62 86 11
62 87 72
62 88 14
62 89 31
62 90 72
62 91 48
62 92 72
62 93 75
62 94 60
62 95 92
62 96 14
62 97 50
62 98 61
62 99 71
62 100 29
63 1 90
63 2 49
63 3 58
63 4 94
63 5 37
63 6 64
63 7 24
63 8 50
63 9 19
63 10 60
63 11 21
63 12 6
63 13 49
63 14 13
63 15 55
63 16 85
63 17 91
63 18 26
63 19 23
63 20 94
63 21 22
63 22 8
63 23 76
63 24 44
63 25 44
63 26 36
63 27 73
63 28 65
63 29 66
63 30 58
63 31 38
63 32 36
63 33 51
63 34 47
63 35 30
63 36 60
63 37 49
63 38 33
63 39 11
63 40 63
63 41 43
63 42 48
63 43 61
63 44 2
63 45 87
63 46 11
63 47 10
63 48 17
63 49 52
63 50 60
63 51 33
63 52 50
63 53 58
63 54 25
63 55 94
63 56 54
63 57 37
63 58 56
63 59 73
63 60 66
63 61 24
63 62 65
63 63 55
63 64 11
63 65 70
63 66 80
63 67 18
63 68 94
63 69 54
63 70 81
63 71 23
63 72 86
63 73 29
63 74 71
63 75 56
63 76 92
63 77 84
63 78 71
63 79 83
63 80 36
63 81 14
63 82 57
63 83 21
63 84 21
63 85 21
63 86 21
63 87 27
63 88 91
63 89 46
63 90 12
63 91 47
63 92 86
63 93 17
63 94 33
63 95 52
63 96 33
63 97 75
63 98 76
63 99 66
63 100 17
64 1 62
64 2 26
64 3 93
64 4 38
64 5 39
64 6 35
64 7 96
64 8 45
64 9 48
64 10 42
64 11 48
64 12 48
64 13 79
64 14 14
64 15 63
64 16 66
64 17 83
64 18 19
64 19 46
64 20 71
64 21 8
64 22 48
64 23 13
64 24 70
64 25 87
64 26 84
64 27 91
64 28 45
64 29 2
64 30 39
64 31 90
64 32 65
64 33 33
64 34 58
64 35 56
64 36 28
64 37 82
64 38 44
64 39 76
64 40 75
64 41 41
64 42 79
64 43 8
64 44 22
64 45 45
64 46 41
64 47 8
64 48 74
64 49 37
64 50 41
64 51 23
64 52 29
64 53 75
64 54 91
64 55 4
64 56 88
64 57 56
64 58 33
64 59 39
64 60 98
64 61 14
64 62 2
64 63 77
64 64 65
64 65 15
64 66 15
64 67 76
64 68 7
64 69 10
64 70 52
64 71 90
64 72 39
64 73 57
64 74 29
64 75 38
64 76 87
64 77 35
64 78 85
64 79 92
64 80 74
64 81 81
64 82 7
64 83 2
64 84 99
64 85 35
64 86 60
64 87 60
64 88 60
64 89 60
64 90 10
64 91 34
64 92 10
64 93 44
64 94 56
64 95 96
64 96 35
64 97 25
64 98 18
64 99 64
64 100 52
65 1 73
65 2 64
65 3 79
65 4 79
65 5 83
65 6 53
65 7 16
65 8 77
65 9 17
65 10 54
65 11 34
65 12 23
65 13 7
65 14 9
65 15 85
65 16 32
65 17 73
65 18 21
65 19 51
65 20 44
65 21 28
65 22 30
65 23 7
65 24 24
65 25 66
65 26 65
65 27 78
65 28 76
65 29 23
65 30 26
65 31 45
65 32 18
65 33 13
65 34 46
65 35 66
65 36 56
65 37 2
65 38 18
65 39 7
65 40 62
65 41 21
65 42 9
65 43 66
65 44 27
65 45 78
65 46 72
65 47 48
65 48 69
65 49 59
65 50 67
65 51 55
65 52 41
65 53 44
65 54 3
65 55 77
65 56 21
65 57 90
65 58 55
65 59 47
65 60 43
65 61 86
65 62 24
65 63 69
65 64 75
65 65 55
65 66 5
65 67 6
65 68 34
65 69 97
65 70 15
65 71 14
65 72 66
65 73 48
65 74 13
65 75 57
65 76 48
65 77 25
65 78 12
65 79 27
65 80 49
65 81 28
65 82 30
65 83 53
65 84 92
65 85 59
65 86 65
65 87 21
65 88 88
65 89 10
65 90 10
65 91 10
65 92 10
65 93 26
65 94 69
65 95 50
65 96 85
65 97 20
65 98 91
65 99 8
65 100 85
66 1 28
66 2 90
66 3 63
66 4 14
66 5 5
66 6 96
66 7 8
66 8 10
66 9 93
66 10 59
66 11 90
66 12 67
66 13 57
66 14 66
66 15 18
66 16 62
66 17 11
66 18 88
66 19 38
66 20 12
66 21 69
66 22 43
66 23 94
66 24 90
66 25 36
66 26 31
66 27 9
66 28 80
66 29 65
66 30 32
66 31 27
66 32 96
66 33 62
66 34 46
66 35 75
66 36 42
66 37 2
66 38 35
66 39 71
66 40 97
66 41 6
66 42 1
66 43 60
66 44 67
66 45 99
66 46 69
66 47 39
66 48 69
66 49 17
66 50 43
66 51 60
66 52 92
66 53 53
66 54 51
66 55 24
66 56 71
66 57 90
66 58 24
66 59 43
66 60 34
66 61 76
66 62 24
66 63 6
66 64 40
66 65 62
66 66 97
66 67 18
66 68 14
66 69 78
66 70 32
66 71 55
66 72 66
66 73 59
66 74 64
66 75 76
66 76 14
66 77 62
66 78 63
66 79 41
66 80 40
66 81 11
66 82 69
66 83 63
66 84 94
66 85 31
66 86 87
66 87 27
66 88 20
66 89 32
66 90 25
66 91 71
66 92 33
66 93 33
66 94 33
66 95 33
66 96 18
66 97 91
66 98 47
66 99 37
66 100 37
67 1 53
67 2 86
67 3 40
67 4 94
67 5 15
67 6 3
67 7 38
67 8 77
67 9 68
67 10 12
67 11 77
67 12 90
67 13 22
67 14 18
67 15 22
67 16 57
67 17 52
67 18 37
67 19 85
67 20 18
67 21 8
67 22 37
67 23 11
67 24 11
67 25 47
67 26 2
67 27 81
67 28 95
67 29 31
67 30 54
67 31 53
67 32 58
67 33 3
67 34 17
67 35 34
67 36 97
67 37 92
67 38 36
67 39 95
67 40 31
67 41 45
67 42 7
67 43 53
67 44 82
67 45 82
67 46 61
67 47 1
67 48 23
67 49 59
67 50 93
67 51 69
67 52 19
67 53 43
67 54 93
67 55 39
67 56 32
67 57 32
67 58 45
67 59 97
67 60 21
67 61 25
67 62 24
67 63 47
67 64 1
67 65 71
67 66 46
67 67 2
67 68 69
67 69 87
67 70 8
67 71 36
67 72 52
67 73 68
67 74 99
67 75 2
67 76 47
67 77 71
67 78 37
67 79 96
67 80 76
67 81 12
67 82 77
67 83 15
67 84 94
67 85 68
67 86 99
67 87 36
67 88 86
67 89 98
67 90 15
67 91 70
67 92 56
67 93 5
67 94 37
67 95 56
67 96 56
67 97 56
67 98 56
67 99 64
67 100 84
68 1 12
68 2 58
68 3 44
68 4 12
68 5 81
68 6 53
68 7 29
68 8 32
68 9 71
68 10 86
68 11 90
68 12 30
68 13 72
68 14 83
68 15 14
68 16 96
68 17 5
68 18 61
68 19 27
68 20 69
68 21 40
68 22 75
68 23 28
68 24 57
68 25 49
68 26 30
68 27 73
68 28 89
68 29 46
68 30 47
68 31 28
68 32 60
68 33 35
68 34 76
68 35 15
68 36 17
68 37 36
68 38 39
68 39 47
68 40 43
68 41 60
68 42 31
68 43 7
68 44 53
68 45 91
68 46 96
68 47 51
68 48 33
68 49 23
68 50 55
68 51 68
68 52 69
68 53 82
68 54 67
68 55 36
68 56 83
68 57 61
68 58 36
68 59 98
68 60 22
68 61 86
68 62 51
68 63 45
68 64 39
68 65 6
68 66 3
68 67 99
68 68 4
68 69 11
68 70 5
68 71 68
68 72 92
68 73 85
68 74 22
68 75 48
68 76 63
68 77 88
68 78 13
68 79 33
68 80 85
68 81 92
68 82 74
68 83 51
68 84 42
68 85 60
68 86 26
68 87 27
68 88 70
68 89 52
68 90 13
68 91 74
68 92 35
68 93 12
68 94 77
68 95 42
68 96 86
68 97 57
68 98 4
68 99 4
68 100 4
69 1 4
69 2 80
69 3 38
69 4 75
69 5 87
69 6 23
69 7 33
69 8 51
69 9 49
69 10 80
69 11 40
69 12 84
69 13 52
69 14 91
69 15 93
69 16 1
69 17 80
69 18 52
69 19 86
69 20 78
69 21 31
69 22 87
69 23 17
69 24 94
69 25 26
69 26 50
69 27 40
69 28 20
69 29 74
69 30 47
69 31 66
69 32 93
69 33 5
69 34 87
69 35 52
69 36 72
69 37 38
69 38 48
69 39 31
69 40 25
69 41 10
69 42 20
69 43 76
69 44 53
69 45 97
69 46 67
69 47 94
69 48 97
69 49 81
69 50 10
69 51 80
69 52 33
69 53 48
69 54 93
69 55 12
69 56 27
69 57 16
69 58 71
69 59 63
69 60 64
69 61 65
69 62 21
69 63 60
69 64 89
69 65 12
69 66 21
69 67 76
69 68 33
69 69 91
69 70 49
69 71 65
69 72 41
69 73 77
69 74 23
69 75 21
69 76 82
69 77 8
69 78 26
69 79 72
69 80 85
69 81 87
69 82 13
69 83 91
69 84 8
69 85 96
69 86 39
69 87 6
69 88 99
69 89 71
69 90 83
69 91 83
69 92 12
69 93 85
69 94 60
69 95 23
69 96 38
69 97 50
69 98 53
69 99 5
69 100 67
70 1 35
70 2 35
70 3 35
70 4 35
70 5 67
70 6 18
70 7 47
70 8 93
70 9 69
70 10 67
70 11 46
70 12 5
70 13 33
70 14 25
70 15 76
70 16 92
70 17 79
70 18 21
70 19 45
70 20 59
70 21 67
70 22 31
70 23 23
70 24 35
70 25 29
70 26 79
70 27 39
70 28 3
70 29 44
70 30 67
70 31 52
70 32 76
70 33 66
70 34 34
70 35 62
70 36 82
70 37 4
70 38 94
70 39 86
70 40 55
70 41 29
70 42 54
70 43 72
70 44 55
70 45 45
70 46 26
70 47 80
70 48 42
70 49 35
70 50 2
70 51 3
70 52 27
70 53 76
70 54 67
70 55 1
70 56 57
70 57 66
70 58 9
70 59 56
70 60 24
70 61 64
70 62 59
70 63 44
70 64 93
70 65 43
70 66 67
70 67 25
70 68 20
70 69 98
70 70 71
70 71 38
70 72 72
70 73 5
70 74 94
70 75 30
70 76 99
70 77 36
70 78 79
70 79 9
70 80 70
70 81 7
70 82 47
70 83 14
70 84 52
70 85 67
70 86 13
70 87 98
70 88 94
70 89 60
70 90 29
70 91 24
70 92 17
70 93 45
70 94 47
70 95 85
70 96 30
70 97 61
70 98 43
70 99 23
70 100 67
71 1 47
71 2 71
71 3 13
71 4 21
71 5 21
71 6 21
71 7 21
71 8 74
71 9 63
71 10 51
71 11 97
71 12 74
71 13 71
71 14 65
71 15 48
71 16 76
71 17 90
71 18 95
71 19 25
71 20 66
71 21 43
71 22 43
71 23 54
71 24 16
71 25 72
71 26 34
71 27 45
71 28 27
71 29 98
71 30 94
71 31 77
71 32 86
71 33 61
71 34 48
71 35 40
71 36 12
71 37 59
71 38 53
71 39 42
71 40 19
71 41 87
71 42 89
71 43 90
71 44 80
71 45 27
71 46 81
71 47 82
71 48 48
71 49 36
71 50 52
71 51 85
71 52 6
71 53 89
71 54 63
71 55 40
71 56 61
71 57 84
71 58 60
71 59 24
71 60 54
71 61 27
71 62 69
71 63 80
71 64 2
71 65 1
71 66 10
71 67 42
71 68 67
71 69 82
71 70 78
71 71 59
71 72 18
71 73 93
71 74 41
71 75 13
71 76 81
71 77 2
71 78 49
71 79 72
71 80 98
71 81 54
71 82 6
71 83 70
71 84 69
71 85 45
71 86 59
71 87 11
71 88 3
71 89 52
71 90 56
71 91 60
71 92 25
71 93 1
71 94 83
71 95 67
71 96 55
71 97 6
71 98 78
71 99 87
71 100 34
72 1 53
72 2 63
72 3 89
72 4 23
72 5 67
72 6 78
72 7 16
72 8 16
72 9 16
72 10 16
72 11 21
72 12 16
72 13 54
72 14 97
72 15 25
72 16 8
72 17 88
72 18 70
72 19 30
72 20 75
72 21 78
72 22 59
72 23 56
72 24 59
72 25 75
72 26 8
72 27 8
72 28 3
72 29 29
72 30 10
72 31 19
72 32 62
72 33 60
72 34 10
72 35 85
72 36 96
72 37 39
72 38 16
72 39 49
72 40 52
72 41 46
72 42 6
72 43 8
72 44 75
72 45 82
72 46 69
72 47 27
72 48 56
72 49 23
72 50 71
72 51 45
72 52 39
72 53 98
72 54 98
72 55 90
72 56 89
72 57 26
72 58 4
72 59 54
72 60 96
72 61 63
72 62 5
72 63 39
72 64 61
72 65 68
72 66 91
72 67 10
72 68 37
72 69 34
72 70 87
72 71 61
72 72 24
72 73 63
72 74 73
72 75 50
72 76 96
72 77 42
72 78 8
72 79 91
72 80 90
72 81 3
72 82 28
72 83 74
72 84 45
72 85 18
72 86 95
72 87 12
72 88 99
72 89 27
72 90 70
72 91 24
72 92 92
72 93 42
72 94 71
72 95 68
72 96 74
72 97 65
72 98 81
72 99 57
72 100 98
73 1 71
73 2 18
73 3 30
73 4 86
73 5 83
73 6 53
73 7 62
73 8 78
73 9 83
73 10 9
73 11 9
73 12 9
73 13 9
73 14 30
73 15 38
73 16 84
73 17 15
73 18 7
73 19 29
73 20 46
73 21 83
73 22 65
73 23 53
73 24 82
73 25 5
73 26 35
73 27 79
73 28 42
73 29 71
73 30 52
73 31 95
73 32 6
73 33 1
73 34 67
73 35 36
73 36 28
73 37 95
73 38 29
73 39 45
73 40 71
73 41 4
73 42 31
73 43 23
73 44 35
73 45 24
73 46 33
73 47 55
73 48 14
73 49 29
73 50 77
73 51 37
73 52 37
73 53 29
73 54 34
73 55 88
73 56 19
73 57 43
73 58 69
73 59 8
73 60 72
73 61 67
73 62 15
73 63 49
73 64 75
73 65 88
73 66 61
73 67 35
73 68 30
73 69 4
73 70 87
73 71 53
73 72 39
73 73 77
73 74 58
73 75 10
73 76 40
73 77 40
73 78 65
73 79 92
73 80 78
73 81 5
73 82 18
73 83 97
73 84 5
73 85 15
73 86 60
73 87 30
73 88 30
73 89 51
73 90 20
73 91 81
73 92 75
73 93 61
73 94 52
73 95 89
73 96 71
73 97 34
73 98 29
73 99 48
73 100 2
74 1 74
74 2 45
74 3 27
74 4 55
74 5 32
74 6 54
74 7 15
74 8 13
74 9 67
74 10 53
74 11 20
74 12 82
74 13 39
74 14 39
74 15 39
74 16 39
74 17 21
74 18 82
74 19 28
74 20 5
74 21 65
74 22 27
74 23 44
74 24 28
74 25 8
74 26 94
74 27 37
74 28 8
74 29 97
74 30 4
74 31 96
74 32 29
74 33 59
74 34 99
74 35 2
74 36 24
74 37 28
74 38 39
74 39 68
74 40 48
74 41 32
74 42 49
74 43 57
74 44 8
74 45 76
74 46 59
74 47 86
74 48 22
74 49 82
74 50 62
74 51 38
74 52 4
74 53 63
74 54 76
74 55 88
74 56 22
74 57 83
74 58 62
74 59 31
74 60 55
74 61 88
74 62 75
74 63 44
74 64 61
74 65 18
74 66 71
74 67 36
74 68 47
74 69 2
74 70 72
74 71 27
74 72 84
74 73 3
74 74 14
74 75 18
74 76 51
74 77 5
74 78 88
74 79 91
74 80 8
74 81 59
74 82 24
74 83 84
74 84 59
74 85 69
74 86 60
74 87 84
74 88 48
74 89 26
74 90 85
74 91 26
74 92 20
74 93 71
74 94 97
74 95 20
74 96 5
74 97 1
74 98 54
74 99 99
74 100 36
75 1 66
75 2 51
75 3 80
75 4 97
75 5 72
75 6 24
75 7 85
75 8 36
75 9 58
75 10 79
75 11 53
75 12 41
75 13 5
75 14 17
75 15 3
75 16 15
75 17 15
75 18 15
75 19 15
75 20 6
75 21 65
75 22 52
75 23 93
75 24 30
75 25 40
75 26 65
75 27 92
75 28 34
75 29 50
75 30 47
75 31 67
75 32 77
75 33 85
75 34 76
75 35 36
75 36 12
75 37 52
75 38 53
75 39 8
75 40 23
75 41 75
75 42 33
75 43 71
75 44 39
75 45 14
75 46 30
75 47 82
75 48 65
75 49 34
75 50 64
75 51 44
75 52 36
75 53 15
75 54 1
75 55 37
75 56 4
75 57 81
75 58 37
75 59 85
75 60 3
75 61 31
75 62 50
75 63 35
75 64 65
75 65 48
75 66 1
75 67 87
75 68 10
75 69 81
75 70 72
75 71 52
75 72 32
75 73 80
75 74 46
75 75 28
75 76 40
75 77 77
75 78 25
75 79 89
75 80 68
75 81 44
75 82 85
75 83 61
75 84 30
75 85 36
75 86 43
75 87 53
75 88 71
75 89 9
75 90 77
75 91 72
75 92 14
75 93 2
75 94 41
75 95 37
75 96 97
75 97 69
75 98 78
75 99 21
75 100 70
76 1 22
76 2 86
76 3 73
76 4 14
76 5 40
76 6 26
76 7 33
76 8 10
76 9 2
76 10 32
76 11 2
76 12 58
76 13 18
76 14 17
76 15 78
76 16 62
76 17 13
76 18 59
76 19 87
76 20 87
76 21 87
76 22 87
76 23 80
76 24 41
76 25 11
76 26 81
76 27 66
76 28 55
76 29 9
76 30 20
76 31 10
76 32 51
76 33 90
76 34 16
76 35 33
76 36 33
76 37 56
76 38 1
76 39 14
76 40 31
76 41 94
76 42 41
76 43 60
76 44 10
76 45 47
76 46 42
76 47 65
76 48 11
76 49 89
76 50 25
76 51 95
76 52 14
76 53 46
76 54 87
76 55 17
76 56 88
76 57 5
76 58 70
76 59 33
76 60 14
76 61 78
76 62 39
76 63 80
76 64 87
76 65 10
76 66 90
76 67 80
76 68 96
76 69 61
76 70 60
76 71 45
76 72 47
76 73 89
76 74 56
76 75 24
76 76 11
76 77 73
76 78 53
76 79 76
76 80 12
76 81 73
76 82 42
76 83 45
76 84 51
76 85 53
76 86 21
76 87 25
76 88 51
76 89 8
76 90 90
76 91 49
76 92 48
76 93 57
76 94 25
76 95 12
76 96 35
76 97 29
76 98 80
76 99 63
76 100 21
77 1 99
77 2 52
77 3 83
77 4 58
77 5 37
77 6 37
77 7 21
77 8 94
77 9 68
77 10 57
77 11 88
77 12 7
77 13 85
77 14 77
77 15 82
77 16 66
77 17 24
77 18 68
77 19 86
77 20 49
77 21 92
77 22 51
77 23 51
77 24 51
77 25 51
77 26 88
77 27 68
77 28 8
77 29 29
77 30 90
77 31 80
77 32 10
77 33 63
77 34 19
77 35 7
77 36 9
77 37 22
77 38 3
77 39 23
77 40 10
77 41 27
77 42 72
77 43 20
77 44 74
77 45 89
77 46 80
77 47 33
77 48 99
77 49 35
77 50 9
77 51 62
77 52 13
77 53 11
77 54 46
77 55 57
77 56 79
77 57 5
77 58 89
77 59 53
77 60 10
77 61 2
77 62 48
77 63 90
77 64 26
77 65 29
77 66 44
77 67 38
77 68 52
77 69 83
77 70 12
77 71 39
77 72 74
77 73 76
77 74 4
77 75 54
77 76 57
77 77 21
77 78 96
77 79 26
77 80 98
77 81 87
77 82 72
77 83 51
77 84 25
77 85 80
77 86 20
77 87 67
77 88 45
77 89 54
77 90 58
77 91 7
77 92 57
77 93 77
77 94 81
77 95 41
77 96 91
77 97 36
77 98 2
77 99 57
77 100 91
78 1 44
78 2 17
78 3 99
78 4 3
78 5 98
78 6 98
78 7 7
78 8 1
78 9 40
78 10 96
78 11 68
78 12 47
78 13 34
78 14 33
78 15 72
78 16 34
78 17 13
78 18 32
78 19 88
78 20 43
78 21 88
78 22 28
78 23 55
78 24 52
78 25 40
78 26 40
78 27 40
78 28 40
78 29 86
78 30 41
78 31 57
78 32 1
78 33 4
78 34 17
78 35 84
78 36 4
78 37 80
78 38 58
78 39 34
78 40 96
78 41 81
78 42 5
78 43 17
78 44 61
78 45 88
78 46 63
78 47 25
78 48 8
78 49 75
78 50 49
78 51 14
78 52 32
78 53 74
78 54 32
78 55 78
78 56 94
78 57 41
78 58 77
78 59 40
78 60 68
78 61 22
78 62 63
78 63 93
78 64 91
78 65 55
78 66 21
78 67 92
78 68 3
78 69 28
78 70 52
78 71 19
78 72 51
78 73 73
78 74 73
78 75 66
78 76 3
78 77 94
78 78 56
78 79 62
78 80 83
78 81 72
78 82 9
78 83 46
78 84 38
78 85 11
78 86 79
78 87 73
78 88 99
78 89 26
78 90 57
78 91 21
78 92 81
78 93 71
78 94 20
78 95 6
78 96 91
78 97 43
78 98 57
78 99 41
78 100 14
79 1 95
79 2 89
79 3 8
79 4 87
79 5 81
79 6 15
79 7 84
79 8 96
79 9 84
79 10 18
79 11 89
79 12 70
79 13 30
79 14 14
79 15 97
79 16 72
79 17 27
79 18 53
79 19 3
79 20 7
79 21 43
79 22 1
79 23 79
79 24 40
79 25 99
79 26 90
79 27 38
79 28 9
79 29 9
79 30 9
79 31 9
79 32 54
79 33 75
79 34 93
79 35 22
79 36 72
79 37 30
79 38 4
79 39 93
79 40 78
79 41 18
79 42 18
79 43 17
79 44 82
79 45 99
79 46 83
79 47 60
79 48 56
79 49 63
79 50 87
79 51 4
79 52 49
79 53 54
79 54 97
79 55 93
79 56 86
79 57 7
79 58 2
79 59 13
79 60 38
79 61 31
79 62 89
79 63 53
79 64 54
79 65 72
79 66 97
79 67 69
79 68 87
79 69 93
79 70 68
79 71 44
79 72 78
79 73 77
79 74 96
79 75 91
79 76 40
79 77 96
79 78 26
79 79 38
79 80 49
79 81 54
79 82 82
79 83 28
79 84 97
79 85 7
79 86 26
79 87 84
79 88 18
79 89 74
79 90 40
79 91 84
79 92 22
79 93 33
79 94 18
79 95 51
79 96 78
79 97 83
79 98 24
79 99 64
79 100 37
80 1 9
80 2 84
80 3 1
80 4 92
80 5 15
80 6 66
80 7 5
80 8 99
80 9 83
80 10 49
80 11 33
80 12 90
80 13 56
80 14 14
80 15 21
80 16 54
80 17 21
80 18 33
80 19 4
80 20 90
80 21 27
80 22 2
80 23 95
80 24 63
80 25 45
80 26 68
80 27 90
80 28 32
80 29 96
80 30 86
80 31 3
80 32 3
80 33 3
80 34 3
80 35 78
80 36 9
80 37 20
80 38 50
80 39 69
80 40 19
80 41 79
80 42 19
80 43 75
80 44 57
80 45 39
80 46 67
80 47 69
80 48 79
80 49 90
80 50 77
80 51 23
80 52 41
80 53 80
80 54 9
80 55 43
80 56 6
80 57 7
80 58 22
80 59 82
80 60 86
80 61 75
80 62 8
80 63 39
80 64 44
80 65 14
80 66 7
80 67 52
80 68 31
80 69 60
80 70 74
80 71 14
80 72 76
80 73 78
80 74 91
80 75 9
80 76 5
80 77 99
80 78 10
80 79 57
80 80 41
80 81 36
80 82 98
80 83 99
80 84 23
80 85 44
80 86 27
80 87 37
80 88 55
80 89 34
80 90 3
80 91 69
80 92 99
80 93 15
80 94 50
80 95 48
80 96 9
80 97 3
80 98 72
80 99 64
80 100 39
81 1 66
81 2 33
81 3 75
81 4 87
81 5 91
81 6 95
81 7 6
81 8 33
81 9 98
81 10 37
81 11 32
81 12 38
81 13 23
81 14 45
81 15 97
81 16 31
81 17 58
81 18 36
81 19 53
81 20 57
81 21 80
81 22 99
81 23 72
81 24 78
81 25 3
81 26 67
81 27 98
81 28 35
81 29 7
81 30 77
81 31 45
81 32 26
81 33 35
81 34 42
81 35 42
81 36 42
81 37 42
81 38 94
81 39 42
81 40 83
81 41 2
81 42 11
81 43 81
81 44 47
81 45 54
81 46 41
81 47 75
81 48 70
81 49 78
81 50 73
81 51 71
81 52 97
81 53 15
81 54 25
81 55 85
81 56 88
81 57 77
81 58 11
81 59 80
81 60 35
81 61 42
81 62 20
81 63 77
81 64 43
81 65 78
81 66 7
81 67 32
81 68 14
81 69 54
81 70 28
81 71 79
81 72 3
81 73 15
81 74 16
81 75 91
81 76 96
81 77 15
81 78 59
81 79 91
81 80 91
81 81 28
81 82 66
81 83 46
81 84 56
81 85 98
81 86 51
81 87 76
81 88 25
81 89 84
81 90 24
81 91 90
81 92 92
81 93 66
81 94 83
81 95 14
81 96 17
81 97 36
81 98 31
81 99 29
81 100 80
82 1 36
82 2 69
82 3 28
82 4 53
82 5 16
82 6 36
82 7 99
82 8 94
82 9 31
82 10 5
82 11 55
82 12 38
82 13 40
82 14 53
82 15 2
82 16 2
82 17 3
82 18 43
82 19 90
82 20 73
82 21 41
82 22 12
82 23 37
82 24 45
82 25 86
82 26 91
82 27 70
82 28 4
82 29 6
82 30 6
82 31 49
82 32 82
82 33 66
82 34 66
82 35 7
82 36 14
82 37 7
82 38 7
82 39 7
82 40 7
82 41 67
82 42 63
82 43 50
82 44 39
82 45 34
82 46 19
82 47 46
82 48 29
82 49 91
82 50 69
82 51 46
82 52 64
82 53 80
82 54 32
82 55 97
82 56 86
82 57 31
82 58 16
82 59 72
82 60 42
82 61 59
82 62 59
82 63 66
82 64 89
82 65 93
82 66 11
82 67 6
82 68 45
82 69 56
82 70 38
82 71 68
82 72 68
82 73 93
82 74 35
82 75 8
82 76 70
82 77 85
82 78 22
82 79 92
82 80 4
82 81 84
82 82 21
82 83 46
82 84 86
82 85 42
82 86 49
82 87 35
82 88 5
82 89 54
82 90 63
82 91 31
82 92 86
82 93 22
82 94 68
82 95 92
82 96 12
82 97 31
82 98 6
82 99 8
82 100 27
83 1 23
83 2 66
83 3 46
83 4 47
83 5 89
83 6 63
83 7 27
83 8 96
83 9 92
83 10 55
83 11 29
83 12 22
83 13 76
83 14 71
83 15 35
83 16 68
83 17 10
83 18 31
83 19 19
83 20 50
83 21 18
83 22 58
83 23 32
83 24 26
83 25 38
83 26 25
83 27 15
83 28 71
83 29 35
83 30 33
83 31 19
83 32 38
83 33 81
83 34 15
83 35 38
83 36 45
83 37 69
83 38 75
83 39 91
83 40 70
83 41 70
83 42 70
83 43 70
83 44 73
83 45 44
83 46 2
83 47 37
83 48 60
83 49 24
83 50 28
83 51 16
83 52 31
83 53 46
83 54 41
83 55 3
83 56 23
83 57 19
83 58 79
83 59 16
83 60 40
83 61 98
83 62 72
83 63 85
83 64 49
83 65 59
83 66 72
83 67 24
83 68 29
83 69 60
83 70 39
83 71 91
83 72 32
83 73 14
83 74 55
83 75 54
83 76 93
83 77 20
83 78 60
83 79 96
83 80 99
83 81 50
83 82 52
83 83 23
83 84 57
83 85 52
83 86 12
83 87 47
83 88 15
83 89 57
83 90 60
83 91 17
83 92 34
83 93 47
83 94 45
83 95 27
83 96 39
83 97 55
83 98 93
83 99 69
83 100 85
84 1 92
84 2 44
84 3 73
84 4 21
84 5 87
84 6 52
84 7 22
84 8 25
84 9 22
84 10 6
84 11 88
84 12 73
84 13 10
84 14 71
84 15 50
84 16 9
84 17 70
84 18 48
84 19 26
84 20 57
84 21 91
84 22 11
84 23 74
84 24 66
84 25 59
84 26 63
84 27 23
84 28 46
84 29 37
84 30 18
84 31 56
84 32 13
84 33 56
84 34 85
84 35 91
84 36 20
84 37 45
84 38 62
84 39 5
84 40 93
84 41 80
84 42 20
84 43 13
84 44 13
84 45 13
84 46 13
84 47 36
84 48 92
84 49 96
84 50 15
84 51 68
84 52 70
84 53 53
84 54 1
84 55 7
84 56 19
84 57 28
84 58 72
84 59 87
84 60 48
84 61 48
84 62 11
84 63 82
84 64 60
84 65 61
84 66 25
84 67 60
84 68 75
84 69 17
84 70 79
84 71 53
84 72 6
84 73 38
84 74 14
84 75 93
84 76 96
84 77 9
84 78 94
84 79 17
84 80 62
84 81 47
84 82 4
84 83 36
84 84 57
84 85 3
84 86 70
84 87 12
84 88 46
84 89 29
84 90 14
84 91 52
84 92 99
84 93 41
84 94 73
84 95 12
84 96 48
84 97 39
84 98 39
84 99 81
84 100 92
85 1 36
85 2 5
85 3 11
85 4 52
85 5 45
85 6 25
85 7 63
85 8 84
85 9 14
85 10 6
85 11 32
85 12 20
85 13 57
85 14 77
85 15 54
85 16 39
85 17 62
85 18 29
85 19 58
85 20 69
85 21 92
85 22 40
85 23 75
85 24 16
85 25 97
85 26 65
85 27 78
85 28 20
85 29 81
85 30 46
85 31 20
85 32 45
85 33 41
85 34 4
85 35 5
85 36 11
85 37 21
85 38 41
85 39 74
85 40 60
85 41 87
85 42 46
85 43 10
85 44 85
85 45 84
85 46 53
85 47 53
85 48 53
85 49 53
85 50 44
85 51 84
85 52 8
85 53 78
85 54 57
85 55 55
85 56 2
85 57 59
85 58 45
85 59 41
85 60 96
85 61 46
85 62 63
85 63 79
85 64 92
85 65 83
85 66 28
85 67 65
85 68 4
85 69 51
85 70 36
85 71 51
85 72 63
85 73 66
85 74 95
85 75 96
85 76 12
85 77 92
85 78 92
85 79 62
85 80 46
85 81 24
85 82 23
85 83 57
85 84 57
85 85 7
85 86 58
85 87 60
85 88 95
85 89 89
85 90 87
85 91 72
85 92 49
85 93 48
85 94 22
85 95 37
85 96 40
85 97 87
85 98 56
85 99 4
85 100 19
86 1 61
86 2 32
86 3 18
86 4 89
86 5 24
86 6 61
86 7 56
86 8 17
86 9 63
86 10 69
86 11 13
86 12 17
86 13 40
86 14 93
86 15 98
86 16 31
86 17 99
86 18 73
86 19 58
86 20 85
86 21 3
86 22 71
86 23 59
86 24 95
86 25 67
86 26 7
86 27 97
86 28 34
86 29 20
86 30 5
86 31 63
86 32 48
86 33 66
86 34 38
86 35 3
86 36 62
86 37 39
86 38 95
86 39 6
86 40 31
86 41 64
86 42 47
86 43 52
86 44 65
86 45 89
86 46 76
86 47 71
86 48 8
86 49 10
86 50 10
86 51 10
86 52 10
86 53 38
86 54 79
86 55 88
86 56 19
86 57 23
86 58 47
86 59 37
86 60 62
86 61 60
86 62 13
86 63 51
86 64 17
86 65 28
86 66 41
86 67 79
86 68 76
86 69 95
86 70 38
86 71 91
86 72 89
86 73 59
86 74 51
86 75 44
86 76 96
86 77 11
86 78 13
86 79 61
86 80 16
86 81 68
86 82 52
86 83 76
86 84 10
86 85 5
86 86 97
86 87 96
86 88 79
86 89 2
86 90 6
86 91 99
86 92 99
86 93 71
86 94 11
86 95 6
86 96 21
86 97 42
86 98 89
86 99 34
86 100 85
87 1 97
87 2 65
87 3 57
87 4 46
87 5 71
87 6 38
87 7 56
87 8 71
87 9 56
87 10 82
87 11 53
87 12 62
87 13 35
87 14 79
87 15 62
87 16 84
87 17 40
87 18 80
87 19 92
87 20 31
87 21 82
87 22 8
87 23 27
87 24 93
87 25 26
87 26 49
87 27 50
87 28 9
87 29 74
87 30 87
87 31 23
87 32 18
87 33 45
87 34 69
87 35 48
87 36 46
87 37 69
87 38 96
87 39 96
87 40 55
87 41 13
87 42 83
87 43 50
87 44 48
87 45 23
87 46 30
87 47 59
87 48 34
87 49 16
87 50 55
87 51 79
87 52 61
87 53 61
87 54 61
87 55 61
87 56 10
87 57 50
87 58 1
87 59 1
87 60 94
87 61 52
87 62 77
87 63 88
87 64 14
87 65 7
87 66 54
87 67 79
87 68 35
87 69 12
87 70 45
87 71 54
87 72 94
87 73 2
87 74 65
87 75 73
87 76 71
87 77 56
87 78 99
87 79 94
87 80 41
87 81 7
87 82 47
87 83 64
87 84 69
87 85 86
87 86 92
87 87 93
87 88 7
87 89 39
87 90 47
87 91 81
87 92 51
87 93 97
87 94 69
87 95 28
87 96 78
87 97 66
87 98 18
87 99 25
87 100 43
88 1 49
88 2 42
88 3 80
88 4 97
88 5 14
88 6 95
88 7 94
88 8 24
88 9 64
88 10 71
88 11 12
88 12 47
88 13 51
88 14 98
88 15 49
88 16 77
88 17 37
88 18 71
88 19 24
88 20 87
88 21 80
88 22 41
88 23 43
88 24 12
88 25 32
88 26 6
88 27 70
88 28 10
88 29 37
88 30 64
88 31 73
88 32 38
88 33 36
88 34 71
88 35 2
88 36 43
88 37 44
88 38 11
88 39 54
88 40 83
88 41 82
88 42 28
88 43 99
88 44 59
88 45 29
88 46 28
88 47 80
88 48 73
88 49 97
88 50 13
88 51 13
88 52 55
88 53 56
88 54 64
88 55 75
88 56 75
88 57 75
88 58 75
88 59 11
88 60 85
88 61 63
88 62 93
88 63 38
88 64 96
88 65 10
88 66 18
88 67 33
88 68 29
88 69 47
88 70 5
88 71 68
88 72 24
88 73 31
88 74 8
88 75 62
88 76 9
88 77 18
88 78 14
88 79 70
88 80 54
88 81 68
88 82 57
88 83 59
88 84 49
88 85 23
88 86 46
88 87 66
88 88 92
88 89 15
88 90 81
88 91 81
88 92 28
88 93 54
88 94 60
88 95 40
88 96 65
88 97 28
88 98 22
88 99 36
88 100 7
89 1 22
89 2 11
89 3 99
89 4 60
89 5 23
89 6 34
89 7 43
89 8 33
89 9 99
89 10 2
89 11 11
89 12 91
89 13 89
89 14 82
89 15 56
89 16 24
89 17 51
89 18 57
89 19 14
89 20 58
89 21 65
89 22 84
89 23 27
89 24 64
89 25 73
89 26 86
89 27 36
89 28 55
89 29 25
89 30 69
89 31 90
89 32 80
89 33 10
89 34 3
89 35 61
89 36 44
89 37 44
89 38 97
89 39 3
89 40 89
89 41 64
89 42 73
89 43 29
89 44 27
89 45 49
89 46 52
89 47 49
89 48 54
89 49 87
89 50 7
89 51 27
89 52 95
89 53 29
89 54 2
89 55 43
89 56 52
89 57 52
89 58 64
89 59 64
89 60 64
89 61 64
89 62 38
89 63 17
89 64 59
89 65 73
89 66 7
89 67 33
89 68 81
89 69 33
89 70 32
89 71 68
89 72 54
89 73 21
89 74 72
89 75 85
89 76 59
89 77 99
89 78 90
89 79 23
89 80 21
89 81 42
89 82 88
89 83 85
89 84 4
89 85 91
89 86 19
89 87 75
89 88 80
89 89 11
89 90 52
89 91 80
89 92 79
89 93 61
89 94 36
89 95 51
89 96 22
89 97 80
89 98 58
89 99 20
89 100 43
90 1 70
90 2 21
90 3 62
90 4 98
90 5 55
90 6 11
90 7 9
90 8 66
90 9 68
90 10 1
90 11 40
90 12 99
90 13 73
90 14 2
90 15 7
90 16 24
90 17 29
90 18 88
90 19 23
90 20 65
90 21 68
90 22 87
90 23 37
90 24 12
90 25 36
90 26 76
90 27 41
90 28 57
90 29 82
90 30 74
90 31 62
90 32 63
90 33 51
90 34 43
90 35 36
90 36 53
90 37 71
90 38 95
90 39 93
90 40 44
90 41 44
90 42 8
90 43 88
90 44 85
90 45 52
90 46 91
90 47 94
90 48 17
90 49 69
90 50 36
90 51 4
90 52 21
90 53 91
90 54 80
90 55 13
90 56 5
90 57 68
90 58 36
90 59 51
90 60 47
90 61 92
90 62 92
90 63 92
90 64 92
90 65 78
90 66 78
90 67 60
90 68 43
90 69 3
90 70 25
90 71 88
90 72 78
90 73 95
90 74 51
90 75 62
90 76 28
90 77 60
90 78 33
90 79 13
90 80 22
90 81 53
90 82 3
90 83 3
90 84 35
90 85 52
90 86 92
90 87 69
90 88 31
90 89 70
90 90 44
90 91 28
90 92 86
90 93 21
90 94 86
90 95 50
90 96 80
90 97 88
90 98 85
90 99 45
90 100 68
91 1 91
91 2 88
91 3 87
91 4 63
91 5 82
91 6 57
91 7 98
91 8 83
91 9 4
91 10 18
91 11 61
91 12 82
91 13 1
91 14 58
91 15 23
91 16 77
91 17 8
91 18 1
91 19 33
91 20 65
91 21 31
91 22 63
91 23 40
91 24 36
91 25 57
91 26 37
91 27 1
91 28 57
91 29 82
91 30 88
91 31 84
91 32 13
91 33 32
91 34 98
91 35 12
91 36 49
91 37 89
91 38 52
91 39 76
91 40 41
91 41 68
91 42 12
91 43 83
91 44 77
91 45 29
91 46 57
91 47 79
91 48 93
91 49 48
91 50 84
91 51 50
91 52 72
91 53 60
91 54 54
91 55 59
91 56 53
91 57 31
91 58 72
91 59 4
91 60 51
91 61 73
91 62 85
91 63 69
91 64 5
91 65 5
91 66 5
91 67 5
91 68 94
91 69 12
91 70 1
91 71 41
91 72 93
91 73 81
91 74 3
91 75 93
91 76 99
91 77 12
91 78 71
91 79 51
91 80 30
91 81 33
91 82 56
91 83 15
91 84 87
91 85 54
91 86 25
91 87 18
91 88 80
91 89 56
91 90 50
91 91 99
91 92 14
91 93 4
91 94 86
91 95 88
91 96 68
91 97 30
91 98 24
91 99 70
91 100 24
92 1 66
92 2 36
92 3 18
92 4 21
92 5 30
92 6 37
92 7 68
92 8 36
92 9 36
92 10 35
92 11 2
92 12 45
92 13 50
92 14 65
92 15 88
92 16 75
92 17 63
92 18 29
92 19 35
92 20 10
92 21 91
92 22 81
92 23 17
92 24 10
92 25 72
92 26 80
92 27 30
92 28 74
92 29 78
92 30 5
92 31 80
92 32 31
92 33 25
92 34 54
92 35 81
92 36 19
92 37 25
92 38 88
92 39 17
92 40 50
92 41 49
92 42 65
92 43 42
92 44 88
92 45 50
92 46 44
92 47 84
92 48 46
92 49 93
92 50 55
92 51 8
92 52 73
92 53 83
92 54 86
92 55 33
92 56 40
92 57 52
92 58 69
92 59 29
92 60 59
92 61 59
92 62 33
92 63 19
92 64 61
92 65 59
92 66 29
92 67 78
92 68 78
92 69 78
92 70 78
92 71 62
92 72 34
92 73 96
92 74 46
92 75 91
92 76 68
92 77 54
92 78 97
92 79 80
92 80 25
92 81 25
92 82 43
92 83 12
92 84 48
92 85 46
92 86 13
92 87 78
92 88 14
92 89 56
92 90 44
92 91 67
92 92 45
92 93 38
92 94 25
92 95 77
92 96 40
92 97 50
92 98 53
92 99 91
92 100 73
93 1 25
93 2 35
93 3 46
93 4 27
93 5 60
93 6 82
93 7 19
93 8 35
93 9 71
93 10 49
93 11 54
93 12 93
93 13 54
93 14 13
93 15 68
93 16 6
93 17 32
93 18 94
93 19 4
93 20 15
93 21 14
93 22 34
93 23 18
93 24 55
93 25 78
93 26 46
93 27 38
93 28 16
93 29 90
93 30 53
93 31 47
93 32 31
93 33 71
93 34 9
93 35 19
93 36 82
93 37 44
93 38 40
93 39 60
93 40 90
93 41 81
93 42 88
93 43 17
93 44 42
93 45 56
93 46 76
93 47 36
93 48 74
93 49 15
93 50 90
93 51 17
93 52 8
93 53 96
93 54 49
93 55 49
93 56 27
93 57 88
93 58 44
93 59 32
93 60 72
93 61 85
93 62 84
93 63 60
93 64 39
93 65 79
93 66 64
93 67 47
93 68 36
93 69 35
93 70 56
93 71 56
93 72 56
93 73 56
93 74 18
93 75 28
93 76 71
93 77 69
93 78 7
93 79 97
93 80 97
93 81 75
93 82 32
93 83 1
93 84 3
93 85 53
93 86 17
93 87 75
93 88 16
93 89 32
93 90 56
93 91 42
93 92 52
93 93 58
93 94 3
93 95 32
93 96 65
93 97 45
93 98 14
93 99 63
93 100 72
94 1 14
94 2 59
94 3 14
94 4 84
94 5 62
94 6 93
94 7 59
94 8 14
94 9 80
94 10 25
94 11 86
94 12 29
94 13 15
94 14 85
94 15 37
94 16 92
94 17 33
94 18 49
94 19 19
94 20 33
94 21 21
94 22 68
94 23 28
94 24 12
94 25 62
94 26 53
94 27 11
94 28 88
94 29 92
94 30 74
94 31 45
94 32 26
94 33 84
94 34 96
94 35 2
94 36 71
94 37 91
94 38 39
94 39 60
94 40 56
94 41 39
94 42 13
94 43 38
94 44 31
94 45 20
94 46 3
94 47 20
94 48 78
94 49 73
94 50 95
94 51 81
94 52 1
94 53 7
94 54 35
94 55 10
94 56 73
94 57 99
94 58 34
94 59 20
94 60 76
94 61 81
94 62 40
94 63 59
94 64 94
94 65 67
94 66 30
94 67 48
94 68 23
94 69 59
94 70 50
94 71 56
94 72 38
94 73 89
94 74 89
94 75 89
94 76 89
94 77 25
94 78 31
94 79 78
94 80 97
94 81 92
94 82 64
94 83 18
94 84 37
94 85 9
94 86 46
94 87 16
94 88 27
94 89 91
94 90 7
94 91 98
94 92 83
94 93 70
94 94 49
94 95 65
94 96 36
94 97 42
94 98 62
94 99 24
94 100 90
95 1 2
95 2 69
95 3 39
95 4 72
95 5 97
95 6 17
95 7 1
95 8 67
95 9 61
95 10 20
95 11 69
95 12 51
95 13 62
95 14 54
95 15 49
95 16 11
95 17 21
95 18 97
95 19 15
95 20 99
95 21 24
95 22 12
95 23 58
95 24 19
95 25 57
95 26 56
95 27 30
95 28 78
95 29 59
95 30 57
95 31 38
95 32 64
95 33 57
95 34 31
95 35 39
95 36 59
95 37 30
95 38 32
95 39 72
95 40 31
95 41 68
95 42 25
95 43 61
95 44 96
95 45 11
95 46 56
95 47 54
95 48 13
95 49 19
95 50 12
95 51 32
95 52 97
95 53 92
95 54 45
95 55 59
95 56 17
95 57 51
95 58 57
95 59 3
95 60 49
95 61 67
95 62 57
95 63 55
95 64 31
95 65 83
95 66 55
95 67 48
95 68 95
95 69 93
95 70 56
95 71 33
95 72 66
95 73 61
95 74 72
95 75 27
95 76 55
95 77 55
95 78 55
95 79 55
95 80 68
95 81 9
95 82 41
95 83 39
95 84 64
95 85 84
95 86 3
95 87 54
95 88 75
95 89 43
95 90 9
95 91 22
95 92 25
95 93 53
95 94 28
95 95 36
95 96 45
95 97 8
95 98 23
95 99 30
95 100 76
96 1 48
96 2 6
96 3 29
96 4 17
96 5 79
96 6 7
96 7 37
96 8 26
96 9 53
96 10 95
96 11 46
96 12 21
96 13 87
96 14 78
96 15 12
96 16 76
96 17 3
96 18 63
96 19 35
96 20 60
96 21 58
96 22 52
96 23 22
96 24 34
96 25 30
96 26 99
96 27 36
96 28 96
96 29 68
96 30 30
96 31 76
96 32 84
96 33 44
96 34 21
96 35 14
96 36 38
96 37 40
96 38 69
96 39 39
96 40 24
96 41 44
96 42 21
96 43 46
96 44 77
96 45 13
96 46 98
96 47 91
96 48 23
96 49 14
96 50 78
96 51 87
96 52 58
96 53 94
96 54 83
96 55 54
96 56 26
96 57 65
96 58 94
96 59 72
96 60 50
96 61 35
96 62 5
96 63 80
96 64 29
96 65 34
96 66 79
96 67 42
96 68 68
96 69 44
96 70 55
96 71 67
96 72 17
96 73 79
96 74 98
96 75 98
96 76 45
96 77 88
96 78 25
96 79 75
96 80 75
96 81 75
96 82 75
96 83 6
96 84 33
96 85 36
96 86 50
96 87 60
96 88 15
96 89 98
96 90 7
96 91 19
96 92 20
96 93 35
96 94 29
96 95 9
96 96 19
96 97 18
96 98 34
96 99 57
96 100 60
97 1 22
97 2 13
97 3 92
97 4 50
97 5 68
97 6 60
97 7 53
97 8 81
97 9 62
97 10 86
97 11 91
97 12 33
97 13 27
97 14 57
97 15 29
97 16 67
97 17 25
97 18 50
97 19 12
97 20 52
97 21 25
97 22 34
97 23 75
97 24 73
97 25 67
97 26 48
97 27 91
97 28 92
97 29 66
97 30 31
97 31 6
97 32 37
97 33 17
97 34 11
97 35 25
97 36 11
97 37 25
97 38 58
97 39 16
97 40 36
97 41 54
97 42 57
97 43 88
97 44 98
97 45 54
97 46 13
97 47 69
97 48 77
97 49 61
97 50 86
97 51 88
97 52 79
97 53 75
97 54 16
97 55 82
97 56 12
97 57 74
97 58 98
97 59 96
97 60 34
97 61 73
97 62 85
97 63 24
97 64 36
97 65 59
97 66 81
97 67 50
97 68 10
97 69 50
97 70 62
97 71 44
97 72 58
97 73 4
97 74 3
97 75 18
97 76 61
97 77 73
97 78 17
97 79 77
97 80 10
97 81 48
97 82 79
97 83 79
97 84 79
97 85 79
97 86 39
97 87 11
97 88 96
97 89 4
97 90 24
97 91 59
97 92 67
97 93 79
97 94 73
97 95 28
97 96 64
97 97 93
97 98 87
97 99 82
97 100 50
98 1 60
98 2 86
98 3 84
98 4 91
98 5 44
98 6 23
98 7 66
98 8 66
98 9 53
98 10 94
98 11 55
98 12 64
98 13 66
98 14 57
98 15 26
98 16 41
98 17 5
98 18 18
98 19 47
98 20 54
98 21 30
98 22 22
98 23 92
98 24 34
98 25 84
98 26 15
98 27 56
98 28 64
98 29 57
98 30 5
98 31 50
98 32 8
98 33 14
98 34 98
98 35 85
98 36 35
98 37 78
98 38 71
98 39 29
98 40 24
98 41 4
98 42 96
98 43 6
98 44 29
98 45 81
98 46 11
98 47 98
98 48 96
98 49 67
98 50 51
98 51 37
98 52 85
98 53 35
98 54 61
98 55 19
98 56 1
98 57 76
98 58 38
98 59 61
98 60 56
98 61 53
98 62 65
98 63 84
98 64 18
98 65 21
98 66 89
98 67 66
98 68 38
98 69 43
98 70 46
98 71 23
98 72 9
98 73 5
98 74 59
98 75 56
98 76 13
98 77 14
98 78 23
98 79 22
98 80 21
98 81 73
98 82 70
98 83 30
98 84 9
98 85 51
98 86 51
98 87 51
98 88 51
98 89 87
98 90 62
98 91 34
98 92 52
98 93 95
98 94 28
98 95 96
98 96 75
98 97 19
98 98 71
98 99 33
98 100 15
99 1 15
99 2 45
99 3 89
99 4 19
99 5 45
99 6 67
99 7 27
99 8 89
99 9 63
99 10 81
99 11 47
99 12 66
99 13 8
99 14 65
99 15 31
99 16 22
99 17 25
99 18 46
99 19 24
99 20 15
99 21 70
99 22 20
99 23 57
99 24 22
99 25 33
99 26 83
99 27 14
99 28 22
99 29 32
99 30 38
99 31 98
99 32 64
99 33 65
99 34 99
99 35 97
99 36 97
99 37 78
99 38 35
99 39 51
99 40 22
99 41 14
99 42 59
99 43 6
99 44 39
99 45 37
99 46 93
99 47 88
99 48 88
99 49 45
99 50 73
99 51 52
99 52 16
99 53 74
99 54 97
99 55 47
99 56 45
99 57 88
99 58 40
99 59 84
99 60 67
99 61 40
99 62 26
99 63 24
99 64 21
99 65 52
99 66 95
99 67 68
99 68 92
99 69 73
99 70 12
99 71 67
99 72 2
99 73 49
99 74 31
99 75 23
99 76 64
99 77 54
99 78 19
99 79 90
99 80 57
99 81 59
99 82 66
99 83 40
99 84 55
99 85 62
99 86 56
99 87 84
99 88 51
99 89 51
99 90 51
99 91 51
99 92 41
99 93 24
99 94 73
99 95 2
99 96 6
99 97 15
99 98 35
99 99 93
99 100 35
100 1 54
100 2 74
100 3 42
100 4 30
100 5 77
100 6 59
100 7 59
100 8 2
100 9 15
100 10 54
100 11 90
100 12 70
100 13 74
100 14 13
100 15 64
100 16 30
100 17 50
100 18 63
100 19 74
100 20 29
100 21 91
100 22 2
100 23 8
100 24 29
100 25 35
100 26 50
100 27 98
100 28 8
100 29 36
100 30 40
100 31 21
100 32 95
100 33 64
100 34 92
100 35 65
100 36 85
100 37 65
100 38 56
100 39 65
100 40 35
100 41 78
100 42 17
100 43 29
100 44 83
100 45 90
100 46 12
100 47 28
100 48 9
100 49 80
100 50 76
100 51 54
100 52 59
100 53 1
100 54 61
100 55 67
100 56 52
100 57 37
100 58 8
100 59 83
100 60 42
100 61 1
100 62 19
100 63 12
100 64 78
100 65 16
100 66 83
100 67 97
100 68 1
100 69 95
100 70 24
100 71 22
100 72 8
100 73 90
100 74 88
100 75 77
100 76 70
100 77 9
100 78 92
100 79 88
100 80 47
100 81 10
100 82 28
100 83 39
100 84 24
100 85 49
100 86 56
100 87 14
100 88 6
100 89 52
100 90 89
100 91 86
100 92 86
100 93 86
100 94 86
100 95 5
100 96 41
100 97 51
100 98 78
100 99 40
100 100 18