10 2
20
95
8
58
31
75
9
67
4
4
0 1 49
0 2 21
0 3 34
0 4 35
0 5 50
0 6 63
0 7 30
0 8 31
0 9 57
0 10 57
1 0 78
1 2 6
1 3 37
1 4 38
1 5 46
1 6 73
1 7 17
1 8 33
1 9 43
1 10 53
2 0 50
2 1 54
2 3 71
2 4 72
2 5 80
2 6 103
2 7 26
2 8 19
2 9 58
2 10 86
3 0 64
3 1 63
3 2 88
3 4 12
3 5 28
3 6 49
3 7 41
3 8 54
3 9 52
3 10 35
4 0 70
4 1 19
4 2 76
4 3 85
4 5 64
4 6 95
4 7 8
4 8 30
4 9 40
4 10 69
5 0 12
5 1 59
5 2 16
5 3 10
5 4 79
5 6 94
5 7 16
5 8 50
5 9 19
5 10 56
6 0 55
6 1 30
6 2 72
6 3 70
6 4 28
6 5 51
6 7 31
6 8 12
6 9 66
6 10 89
7 0 24
7 1 62
7 2 50
7 3 30
7 4 76
7 5 76
7 6 40
7 8 21
7 9 47
7 10 68
8 0 63
8 1 17
8 2 62
8 3 76
8 4 29
8 5 7
8 6 84
8 7 87
8 9 93
8 10 86
9 0 27
9 1 25
9 2 39
9 3 42
9 4 43
9 5 37
9 6 52
9 7 49
9 8 27
9 10 46
10 0 68
10 1 74
10 2 93
10 3 78
10 4 73
10 5 94
10 6 88
10 7 55
10 8 61
10 9 19