10 2
87
8
99
17
28
12
32
6
63
27
0 1 29
0 2 36
0 3 16
0 4 25
0 5 4
0 6 45
0 7 59
0 8 46
0 9 52
0 10 28
1 0 45
1 2 93
1 3 74
1 4 59
1 5 58
1 6 33
1 7 64
1 8 48
1 9 90
1 10 88
2 0 43
2 1 54
2 3 46
2 4 33
2 5 30
2 6 29
2 7 58
2 8 40
2 9 72
2 10 60
3 0 85
3 1 29
3 2 36
3 4 21
3 5 33
3 6 49
3 7 77
3 8 60
3 9 85
3 10 59
4 0 60
4 1 37
4 2 32
4 3 43
4 5 38
4 6 82
4 7 92
4 8 81
4 9 69
4 10 14
5 0 72
5 1 73
5 2 67
5 3 80
5 4 105
5 6 54
5 7 55
5 8 48
5 9 34
5 10 24
6 0 47
6 1 40
6 2 12
6 3 35
6 4 39
6 5 57
6 7 42
6 8 48
6 9 4
6 10 59
7 0 49
7 1 46
7 2 33
7 3 51
7 4 72
7 5 62
7 6 37
7 8 67
7 9 38
7 10 23
8 0 55
8 1 87
8 2 71
8 3 92
8 4 96
8 5 64
8 6 57
8 7 107
8 9 23
8 10 46
9 0 33
9 1 67
9 2 46
9 3 70
9 4 70
9 5 45
9 6 54
9 7 83
9 8 19
9 10 50
10 0 16
10 1 70
10 2 40
10 3 67
10 4 32
10 5 24
10 6 83
10 7 73
10 8 31
10 9 68