10 2
45
13
79
76
80
18
46
53
32
23
0 1 46
0 2 39
0 3 48
0 4 30
0 5 29
0 6 39
0 7 35
0 8 40
0 9 61
0 10 46
1 0 57
1 2 43
1 3 17
1 4 49
1 5 41
1 6 30
1 7 64
1 8 75
1 9 11
1 10 21
2 0 43
2 1 23
2 3 78
2 4 59
2 5 59
2 6 65
2 7 60
2 8 60
2 9 90
2 10 76
3 0 48
3 1 28
3 2 36
3 4 57
3 5 49
3 6 24
3 7 71
3 8 81
3 9 52
3 10 45
4 0 75
4 1 56
4 2 23
4 3 43
4 5 33
4 6 46
4 7 42
4 8 52
4 9 24
4 10 25
5 0 59
5 1 47
5 2 57
5 3 73
5 4 39
5 6 65
5 7 36
5 8 32
5 9 82
5 10 67
6 0 85
6 1 68
6 2 52
6 3 32
6 4 56
6 5 22
6 7 26
6 8 16
6 9 81
6 10 68
7 0 40
7 1 23
7 2 52
7 3 49
7 4 20
7 5 39
7 6 54
7 8 82
7 9 16
7 10 29
8 0 17
8 1 34
8 2 95
8 3 100
8 4 53
8 5 90
8 6 35
8 7 85
8 9 17
8 10 13
9 0 72
9 1 51
9 2 15
9 3 19
9 4 30
9 5 53
9 6 65
9 7 56
9 8 45
9 10 72
10 0 56
10 1 37
10 2 32
10 3 44
10 4 17
10 5 67
10 6 41
10 7 66
10 8 25
10 9 20