100 2
57
37
54
47
24
19
67
62
92
93
73
17
93
11
29
35
42
98
99
58
24
52
68
3
71
5
51
83
54
46
4
1
34
7
33
55
33
58
75
74
91
40
32
80
46
14
53
54
16
52
48
94
32
58
37
83
83
66
57
42
14
39
89
97
80
98
39
93
75
18
26
48
61
89
43
20
25
10
10
42
99
72
73
62
56
29
91
81
2
21
14
20
29
1
78
49
90
32
55
22
0 1 83
0 2 74
0 3 119
0 4 100
0 5 61
0 6 29
0 7 42
0 8 65
0 9 20
0 10 69
0 11 112
0 12 65
0 13 28
0 14 25
0 15 59
0 16 9
0 17 91
0 18 75
0 19 85
0 20 96
0 21 30
0 22 103
0 23 35
0 24 81
0 25 97
0 26 104
0 27 65
0 28 6
0 29 97
0 30 28
0 31 60
0 32 81
0 33 78
0 34 10
0 35 77
0 36 80
0 37 106
0 38 105
0 39 111
0 40 87
0 41 72
0 42 72
0 43 89
0 44 73
0 45 90
0 46 43
0 47 35
0 48 20
0 49 51
0 50 52
0 51 56
0 52 56
0 53 54
0 54 33
0 55 50
0 56 5
0 57 90
0 58 80
0 59 130
0 60 26
0 61 51
0 62 93
0 63 48
0 64 53
0 65 28
0 66 13
0 67 98
0 68 84
0 69 89
0 70 64
0 71 51
0 72 100
0 73 77
0 74 81
0 75 7
0 76 54
0 77 107
0 78 71
0 79 25
0 80 82
0 81 91
0 82 82
0 83 78
0 84 101
0 85 61
0 86 27
0 87 96
0 88 87
0 89 100
0 90 54
0 91 68
0 92 92
0 93 48
0 94 62
0 95 104
0 96 97
0 97 59
0 98 89
0 99 42
0 100 100
1 0 12
1 2 54
1 3 101
1 4 68
1 5 62
1 6 55
1 7 27
1 8 22
1 9 41
1 10 70
1 11 99
1 12 65
1 13 40
1 14 53
1 15 65
1 16 40
1 17 83
1 18 35
1 19 52
1 20 97
1 21 17
1 22 90
1 23 39
1 24 92
1 25 77
1 26 84
1 27 30
1 28 42
1 29 77
1 30 21
1 31 49
1 32 59
1 33 72
1 34 36
1 35 74
1 36 56
1 37 89
1 38 82
1 39 99
1 40 81
1 41 41
1 42 29
1 43 46
1 44 30
1 45 53
1 46 39
1 47 39
1 48 54
1 49 59
1 50 70
1 51 70
1 52 14
1 53 22
1 54 40
1 55 52
1 56 41
1 57 95
1 58 89
1 59 108
1 60 46
1 61 67
1 62 54
1 63 26
1 64 59
1 65 21
1 66 45
1 67 98
1 68 63
1 69 102
1 70 68
1 71 69
1 72 81
1 73 52
1 74 79
1 75 50
1 76 40
1 77 81
1 78 61
1 79 37
1 80 73
1 81 86
1 82 47
1 83 79
1 84 83
1 85 17
1 86 18
1 87 98
1 88 67
1 89 88
1 90 12
1 91 76
1 92 62
1 93 60
1 94 25
1 95 73
1 96 61
1 97 23
1 98 92
1 99 54
1 100 72
2 0 62
2 1 91
2 3 17
2 4 48
2 5 46
2 6 82
2 7 67
2 8 83
2 9 84
2 10 40
2 11 9
2 12 42
2 13 76
2 14 85
2 15 50
2 16 95
2 17 16
2 18 72
2 19 51
2 20 33
2 21 85
2 22 2
2 23 69
2 24 51
2 25 17
2 26 14
2 27 65
2 28 97
2 29 18
2 30 82
2 31 45
2 32 32
2 33 27
2 34 94
2 35 31
2 36 37
2 37 9
2 38 23
2 39 9
2 40 20
2 41 54
2 42 86
2 43 86
2 44 83
2 45 61
2 46 61
2 47 68
2 48 93
2 49 56
2 50 67
2 51 61
2 52 82
2 53 69
2 54 71
2 55 55
2 56 99
2 57 41
2 58 49
2 59 32
2 60 79
2 61 64
2 62 68
2 63 65
2 64 54
2 65 83
2 66 92
2 67 31
2 68 29
2 69 59
2 70 45
2 71 68
2 72 14
2 73 39
2 74 29
2 75 104
2 76 52
2 77 31
2 78 33
2 79 78
2 80 21
2 81 20
2 82 59
2 83 34
2 84 12
2 85 89
2 86 87
2 87 36
2 88 24
2 89 5
2 90 82
2 91 49
2 92 41
2 93 61
2 94 70
2 95 44
2 96 56
2 97 70
2 98 35
2 99 65
2 100 37
3 0 80
3 1 113
3 2 58
3 4 48
3 5 50
3 6 86
3 7 71
3 8 86
3 9 88
3 10 44
3 11 6
3 12 46
3 13 79
3 14 89
3 15 54
3 16 98
3 17 20
3 18 74
3 19 52
3 20 36
3 21 89
3 22 6
3 23 73
3 24 54
3 25 19
3 26 14
3 27 67
3 28 101
3 29 19
3 30 86
3 31 49
3 32 35
3 33 31
3 34 98
3 35 35
3 36 40
3 37 8
3 38 23
3 39 6
3 40 24
3 41 56
3 42 89
3 43 88
3 44 85
3 45 63
3 46 65
3 47 72
3 48 97
3 49 60
3 50 71
3 51 65
3 52 85
3 53 72
3 54 75
3 55 59
3 56 103
3 57 44
3 58 52
3 59 28
3 60 83
3 61 68
3 62 69
3 63 68
3 64 58
3 65 87
3 66 96
3 67 33
3 68 31
3 69 62
3 70 49
3 71 72
3 72 15
3 73 42
3 74 33
3 75 108
3 76 56
3 77 31
3 78 36
3 79 82
3 80 25
3 81 24
3 82 61
3 83 38
3 84 13
3 85 92
3 86 91
3 87 39
3 88 27
3 89 9
3 90 85
3 91 52
3 92 43
3 93 65
3 94 73
3 95 44
3 96 57
3 97 73
3 98 38
3 99 69
3 100 37
4 0 79
4 1 25
4 2 74
4 3 67
4 5 19
4 6 44
4 7 54
4 8 86
4 9 54
4 10 13
4 11 52
4 12 17
4 13 47
4 14 48
4 15 15
4 16 64
4 17 31
4 18 82
4 19 71
4 20 24
4 21 68
4 22 45
4 23 44
4 24 11
4 25 53
4 26 56
4 27 70
4 28 66
4 29 54
4 30 63
4 31 36
4 32 51
4 33 25
4 34 66
4 35 19
4 36 55
4 37 55
4 38 63
4 39 51
4 40 27
4 41 64
4 42 92
4 43 101
4 44 90
4 45 82
4 46 41
4 47 43
4 48 56
4 49 23
4 50 23
4 51 18
4 52 79
4 53 66
4 54 44
4 55 28
4 56 68
4 57 17
4 58 9
4 59 79
4 60 47
4 61 22
4 62 89
4 63 56
4 64 22
4 65 64
4 66 59
4 67 27
4 68 50
4 69 23
4 70 13
4 71 25
4 72 54
4 73 54
4 74 18
4 75 70
4 76 43
4 77 70
4 78 30
4 79 51
4 80 31
4 81 27
4 82 76
4 83 13
4 84 53
4 85 88
4 86 69
4 87 24
4 88 49
4 89 42
4 90 79
4 91 4
4 92 68
4 93 25
4 94 73
4 95 77
4 96 82
4 97 70
4 98 18
4 99 31
4 100 70
5 0 81
5 1 95
5 2 57
5 3 59
5 4 60
5 6 41
5 7 25
5 8 53
5 9 40
5 10 21
5 11 53
5 12 16
5 13 32
5 14 43
5 15 21
5 16 50
5 17 34
5 18 49
5 19 41
5 20 46
5 21 43
5 22 43
5 23 25
5 24 44
5 25 38
5 26 45
5 27 37
5 28 53
5 29 39
5 30 39
5 31 3
5 32 26
5 33 21
5 34 50
5 35 23
5 36 28
5 37 47
5 38 48
5 39 52
5 40 30
5 41 33
5 42 60
5 43 68
5 44 57
5 45 52
5 46 17
5 47 24
5 48 51
5 49 20
5 50 35
5 51 32
5 52 48
5 53 34
5 54 27
5 55 13
5 56 55
5 57 44
5 58 41
5 59 71
5 60 36
5 61 31
5 62 58
5 63 25
5 64 19
5 65 40
5 66 48
5 67 47
5 68 27
5 69 55
5 70 20
5 71 36
5 72 42
5 73 26
5 74 27
5 75 60
5 76 11
5 77 52
5 78 12
5 79 34
5 80 24
5 81 35
5 82 45
5 83 28
5 84 42
5 85 57
5 86 44
5 87 48
5 88 29
5 89 41
5 90 48
5 91 30
5 92 42
5 93 25
5 94 40
5 95 53
5 96 54
5 97 38
5 98 41
5 99 25
5 100 47
6 0 82
6 1 94
6 2 57
6 3 58
6 4 59
6 5 73
6 7 68
6 8 100
6 9 64
6 10 28
6 11 59
6 12 32
6 13 58
6 14 57
6 15 29
6 16 74
6 17 41
6 18 97
6 19 85
6 20 25
6 21 81
6 22 54
6 23 57
6 24 5
6 25 65
6 26 67
6 27 85
6 28 76
6 29 66
6 30 76
6 31 51
6 32 65
6 33 37
6 34 76
6 35 32
6 36 69
6 37 64
6 38 75
6 39 58
6 40 38
6 41 79
6 42 107
6 43 115
6 44 104
6 45 97
6 46 55
6 47 56
6 48 63
6 49 36
6 50 29
6 51 26
6 52 94
6 53 80
6 54 56
6 55 42
6 56 78
6 57 16
6 58 8
6 59 87
6 60 57
6 61 31
6 62 103
6 63 71
6 64 35
6 65 77
6 66 68
6 67 29
6 68 63
6 69 8
6 70 27
6 71 31
6 72 65
6 73 69
6 74 29
6 75 78
6 76 58
6 77 82
6 78 45
6 79 62
6 80 43
6 81 36
6 82 91
6 83 25
6 84 64
6 85 103
6 86 81
6 87 23
6 88 62
6 89 51
6 90 94
6 91 18
6 92 82
6 93 36
6 94 88
6 95 90
6 96 96
6 97 85
6 98 21
6 99 43
6 100 83
7 0 31
7 1 79
7 2 8
7 3 74
7 4 83
7 5 21
7 6 79
7 8 2
7 9 60
7 10 74
7 11 91
7 12 69
7 13 57
7 14 71
7 15 73
7 16 62
7 17 80
7 18 13
7 19 36
7 20 98
7 21 38
7 22 82
7 23 52
7 24 97
7 25 66
7 26 73
7 27 18
7 28 64
7 29 66
7 30 41
7 31 51
7 32 50
7 33 71
7 34 58
7 35 75
7 36 45
7 37 79
7 38 69
7 39 91
7 40 78
7 41 28
7 42 6
7 43 22
7 44 6
7 45 32
7 46 49
7 47 52
7 48 74
7 49 68
7 50 82
7 51 81
7 52 12
7 53 21
7 54 54
7 55 60
7 56 64
7 57 97
7 58 95
7 59 93
7 60 63
7 61 78
7 62 31
7 63 31
7 64 68
7 65 41
7 66 66
7 67 97
7 68 54
7 69 109
7 70 74
7 71 82
7 72 71
7 73 43
7 74 79
7 75 73
7 76 43
7 77 65
7 78 60
7 79 55
7 80 70
7 81 84
7 82 28
7 83 81
7 84 73
7 85 10
7 86 40
7 87 100
7 88 58
7 89 82
7 90 13
7 91 83
7 92 46
7 93 71
7 94 13
7 95 55
7 96 41
7 97 16
7 98 93
7 99 66
7 100 56
8 0 85
8 1 18
8 2 79
8 3 63
8 4 74
8 5 66
8 6 89
8 7 84
8 9 70
8 10 22
8 11 38
8 12 27
8 13 63
8 14 66
8 15 30
8 16 81
8 17 21
8 18 87
8 19 71
8 20 7
8 21 81
8 22 33
8 23 58
8 24 17
8 25 46
8 26 47
8 27 76
8 28 83
8 29 47
8 30 77
8 31 43
8 32 50
8 33 23
8 34 82
8 35 18
8 36 55
8 37 44
8 38 55
8 39 37
8 40 19
8 41 68
8 42 99
8 43 104
8 44 96
8 45 83
8 46 54
8 47 58
8 48 74
8 49 39
8 50 41
8 51 36
8 52 88
8 53 74
8 54 59
8 55 42
8 56 85
8 57 6
8 58 15
8 59 66
8 60 63
8 61 40
8 62 90
8 63 66
8 64 37
8 65 78
8 66 76
8 67 9
8 68 48
8 69 25
8 70 26
8 71 43
8 72 45
8 73 55
8 74 14
8 75 88
8 76 52
8 77 63
8 78 33
8 79 66
8 80 27
8 81 15
8 82 78
8 83 13
8 84 44
8 85 97
8 86 82
8 87 7
8 88 45
8 89 30
8 90 88
8 91 22
8 92 66
8 93 41
8 94 80
8 95 73
8 96 81
8 97 78
8 98 0
8 99 48
8 100 65
9 0 77
9 1 38
9 2 59
9 3 27
9 4 38
9 5 58
9 6 47
9 7 47
9 8 37
9 10 74
9 11 78
9 12 70
9 13 69
9 14 84
9 15 76
9 16 79
9 17 73
9 18 11
9 19 20
9 20 93
9 21 56
9 22 71
9 23 63
9 24 98
9 25 53
9 26 59
9 27 22
9 28 82
9 29 53
9 30 58
9 31 52
9 32 40
9 33 67
9 34 76
9 35 72
9 36 35
9 37 65
9 38 53
9 39 78
9 40 72
9 41 23
9 42 23
9 43 16
9 44 19
9 45 11
9 46 58
9 47 63
9 48 89
9 49 74
9 50 89
9 51 86
9 52 32
9 53 33
9 54 66
9 55 66
9 56 82
9 57 95
9 58 95
9 59 75
9 60 76
9 61 85
9 62 8
9 63 41
9 64 73
9 65 58
9 66 82
9 67 92
9 68 43
9 69 109
9 70 75
9 71 89
9 72 58
9 73 34
9 74 76
9 75 91
9 76 47
9 77 47
9 78 57
9 79 69
9 80 63
9 81 77
9 82 12
9 83 79
9 84 59
9 85 33
9 86 59
9 87 95
9 88 47
9 89 72
9 90 34
9 91 84
9 92 30
9 93 78
9 94 23
9 95 34
9 96 19
9 97 27
9 98 89
9 99 75
9 100 38
10 0 57
10 1 93
10 2 33
10 3 70
10 4 75
10 5 51
10 6 64
10 7 9
10 8 90
10 9 67
10 11 48
10 12 47
10 13 62
10 14 76
10 15 55
10 16 78
10 17 43
10 18 33
10 19 11
10 20 64
10 21 60
10 22 40
10 23 55
10 24 72
10 25 23
10 26 29
10 27 29
10 28 81
10 29 22
10 30 60
10 31 34
10 32 12
10 33 40
10 34 77
10 35 45
10 36 8
10 37 35
10 38 24
10 39 47
10 40 43
10 41 18
10 42 48
10 43 47
10 44 44
10 45 22
10 46 47
10 47 55
10 48 83
10 49 56
10 50 71
10 51 67
10 52 47
10 53 37
10 54 58
10 55 49
10 56 82
10 57 67
10 58 69
10 59 49
10 60 69
10 61 67
10 62 29
10 63 39
10 64 55
10 65 60
10 66 78
10 67 62
10 68 14
10 69 83
10 70 53
10 71 72
10 72 27
10 73 11
10 74 48
10 75 90
10 76 34
10 77 22
10 78 33
10 79 64
10 80 35
10 81 48
10 82 19
10 83 52
10 84 29
10 85 53
10 86 63
10 87 66
10 88 17
10 89 41
10 90 48
10 91 61
10 92 6
10 93 61
10 94 35
10 95 18
10 96 19
10 97 36
10 98 61
10 99 61
10 100 13
11 0 58
11 1 59
11 2 37
11 3 44
11 4 54
11 5 42
11 6 52
11 7 24
11 8 56
11 9 40
11 10 23
11 12 56
11 13 21
11 14 30
11 15 53
11 16 16
11 17 79
11 18 53
11 19 65
11 20 88
11 21 9
11 22 89
11 23 24
11 24 78
11 25 80
11 26 88
11 27 44
11 28 18
11 29 80
11 30 8
11 31 45
11 32 64
11 33 67
11 34 12
11 35 67
11 36 62
11 37 91
11 38 88
11 39 98
11 40 76
11 41 52
11 42 51
11 43 68
11 44 52
11 45 69
11 46 29
11 47 25
11 48 31
11 49 45
11 50 52
11 51 54
11 52 34
11 53 33
11 54 24
11 55 40
11 56 18
11 57 84
11 58 76
11 59 113
11 60 25
11 61 50
11 62 72
11 63 29
11 64 46
11 65 7
11 66 21
11 67 90
11 68 67
11 69 87
11 70 57
11 71 51
11 72 84
11 73 59
11 74 71
11 75 27
11 76 38
11 77 89
11 78 58
11 79 17
11 80 70
11 81 80
11 82 62
11 83 70
11 84 85
11 85 40
11 86 6
11 87 89
11 88 70
11 89 87
11 90 33
11 91 63
11 92 72
11 93 44
11 94 41
11 95 84
11 96 76
11 97 37
11 98 82
11 99 37
11 100 81
12 0 59
12 1 103
12 2 36
12 3 79
12 4 83
12 5 56
12 6 71
12 7 20
12 8 100
12 9 77
12 10 47
12 11 89
12 13 28
12 14 18
12 15 29
12 16 36
12 17 64
12 18 85
12 19 84
12 20 61
12 21 52
12 22 78
12 23 31
12 24 42
12 25 79
12 26 85
12 27 72
12 28 37
12 29 80
12 30 47
12 31 46
12 32 70
12 33 53
12 34 40
12 35 49
12 36 72
12 37 85
12 38 90
12 39 85
12 40 60
12 41 73
12 42 90
12 43 103
12 44 89
12 45 93
12 46 36
12 47 31
12 48 23
12 49 24
12 50 14
12 51 19
12 52 73
12 53 63
12 54 29
12 55 30
12 56 39
12 57 53
12 58 42
12 59 110
12 60 22
12 61 15
12 62 98
12 63 53
12 64 26
12 65 47
12 66 30
12 67 63
12 68 71
12 69 48
12 70 34
12 71 12
12 72 82
12 73 69
12 74 51
12 75 38
12 76 47
12 77 95
12 78 51
12 79 31
12 80 59
12 81 62
12 82 85
12 83 47
12 84 82
12 85 82
12 86 51
12 87 60
12 88 72
12 89 75
12 90 73
12 91 33
12 92 86
12 93 19
12 94 73
12 95 97
12 96 96
12 97 69
12 98 54
12 99 19
12 100 91
13 0 50
13 1 48
13 2 39
13 3 57
13 4 69
13 5 30
13 6 74
13 7 46
13 8 43
13 9 51
13 10 19
13 11 70
13 12 30
13 14 70
13 15 53
13 16 71
13 17 46
13 18 26
13 19 9
13 20 66
13 21 52
13 22 46
13 23 49
13 24 72
13 25 29
13 26 36
13 27 21
13 28 74
13 29 29
13 30 52
13 31 30
13 32 14
13 33 41
13 34 69
13 35 46
13 36 9
13 37 42
13 38 32
13 39 54
13 40 46
13 41 9
13 42 41
13 43 42
13 44 37
13 45 20
13 46 41
13 47 48
13 48 77
13 49 52
13 50 68
13 51 64
13 52 39
13 53 29
13 54 51
13 55 45
13 56 75
13 57 69
13 58 69
13 59 58
13 60 62
13 61 64
13 62 27
13 63 31
13 64 51
13 65 52
13 66 71
13 67 65
13 68 17
13 69 84
13 70 51
13 71 68
13 72 34
13 73 8
13 74 50
13 75 82
13 76 29
13 77 31
13 78 32
13 79 57
13 80 37
13 81 51
13 82 15
13 83 53
13 84 36
13 85 45
13 86 55
13 87 69
13 88 22
13 89 46
13 90 40
13 91 60
13 92 13
13 93 57
13 94 26
13 95 25
13 96 21
13 97 28
13 98 63
13 99 56
13 100 22
14 0 72
14 1 112
14 2 50
14 3 82
14 4 85
14 5 69
14 6 70
14 7 28
14 8 109
14 9 81
14 10 59
14 11 91
14 12 104
14 13 83
14 15 46
14 16 62
14 17 46
14 18 26
14 19 17
14 20 65
14 21 43
14 22 49
14 23 40
14 24 68
14 25 34
14 26 41
14 27 16
14 28 64
14 29 34
14 30 43
14 31 22
14 32 17
14 33 38
14 34 60
14 35 43
14 36 13
14 37 46
14 38 39
14 39 57
14 40 45
14 41 7
14 42 39
14 43 44
14 44 36
14 45 26
14 46 32
14 47 39
14 48 68
14 49 45
14 50 60
14 51 57
14 52 33
14 53 21
14 54 42
14 55 37
14 56 65
14 57 66
14 58 65
14 59 65
14 60 53
14 61 56
14 62 32
14 63 22
14 64 44
14 65 43
14 66 62
14 67 64
14 68 20
14 69 79
14 70 45
14 71 60
14 72 39
14 73 9
14 74 47
14 75 73
14 76 20
14 77 39
14 78 28
14 79 48
14 80 36
14 81 50
14 82 19
14 83 49
14 84 40
14 85 41
14 86 46
14 87 67
14 88 25
14 89 48
14 90 34
14 91 55
14 92 22
14 93 49
14 94 22
14 95 34
14 96 29
14 97 22
14 98 61
14 99 48
14 100 30
15 0 57
15 1 58
15 2 36
15 3 45
15 4 54
15 5 41
15 6 54
15 7 26
15 8 55
15 9 40
15 10 22
15 11 58
15 12 51
15 13 55
15 14 34
15 16 84
15 17 33
15 18 97
15 19 83
15 20 14
15 21 88
15 22 45
15 23 64
15 24 11
15 25 58
15 26 59
15 27 86
15 28 86
15 29 59
15 30 83
15 31 53
15 32 62
15 33 34
15 34 86
15 35 29
15 36 67
15 37 55
15 38 68
15 39 47
15 40 31
15 41 79
15 42 109
15 43 116
15 44 106
15 45 95
15 46 60
15 47 63
15 48 75
15 49 43
15 50 41
15 51 36
15 52 98
15 53 84
15 54 64
15 55 48
15 56 88
15 57 7
15 58 12
15 59 77
15 60 66
15 61 41
15 62 101
15 63 75
15 64 42
15 65 84
15 66 79
15 67 17
15 68 60
15 69 13
15 70 32
15 71 43
15 72 57
15 73 67
15 74 25
15 75 90
15 76 61
15 77 75
15 78 44
15 79 71
15 80 39
15 81 28
15 82 89
15 83 23
15 84 56
15 85 107
15 86 89
15 87 11
15 88 57
15 89 42
15 90 97
15 91 24
15 92 78
15 93 45
15 94 90
15 95 85
15 96 93
15 97 88
15 98 12
15 99 51
15 100 77
16 0 95
16 1 50
16 2 74
16 3 7
16 4 17
16 5 77
16 6 28
16 7 54
16 8 50
16 9 6
16 10 59
16 11 20
16 12 65
16 13 18
16 14 16
16 15 25
16 17 52
16 18 95
16 19 88
16 20 42
16 21 71
16 22 66
16 23 47
16 24 21
16 25 73
16 26 77
16 27 83
16 28 61
16 29 74
16 30 66
16 31 50
16 32 70
16 33 45
16 34 63
16 35 39
16 36 73
16 37 76
16 38 84
16 39 72
16 40 48
16 41 79
16 42 103
16 43 114
16 44 101
16 45 99
16 46 48
16 47 47
16 48 48
16 49 29
16 50 16
16 51 16
16 52 88
16 53 76
16 54 46
16 55 37
16 56 63
16 57 33
16 58 22
16 59 100
16 60 44
16 61 19
16 62 105
16 63 66
16 64 29
16 65 67
16 66 54
16 67 45
16 68 69
16 69 23
16 70 28
16 71 17
16 72 74
16 73 71
16 74 39
16 75 63
16 76 55
16 77 91
16 78 48
16 79 51
16 80 51
16 81 48
16 82 92
16 83 34
16 84 74
16 85 97
16 86 71
16 87 40
16 88 68
16 89 63
16 90 88
16 91 20
16 92 86
16 93 26
16 94 84
16 95 96
16 96 100
16 97 81
16 98 36
16 99 32
16 100 89
17 0 74
17 1 30
17 2 59
17 3 36
17 4 48
17 5 54
17 6 58
17 7 53
17 8 28
17 9 30
17 10 39
17 11 49
17 12 33
17 13 50
17 14 18
17 15 16
17 16 64
17 18 44
17 19 38
17 20 53
17 21 36
17 22 49
17 23 21
17 24 50
17 25 41
17 26 48
17 27 31
17 28 49
17 29 41
17 30 33
17 31 5
17 32 27
17 33 28
17 34 46
17 35 30
17 36 28
17 37 51
17 38 50
17 39 58
17 40 37
17 41 28
17 42 53
17 43 63
17 44 51
17 45 48
17 46 13
17 47 21
17 48 49
17 49 23
17 50 39
17 51 36
17 52 41
17 53 27
17 54 24
17 55 15
17 56 51
17 57 51
17 58 48
17 59 74
17 60 34
17 61 34
17 62 54
17 63 18
17 64 22
17 65 34
17 66 45
17 67 53
17 68 29
17 69 61
17 70 26
17 71 39
17 72 45
17 73 25
17 74 34
17 75 57
17 76 4
17 77 53
17 78 18
17 79 31
17 80 30
17 81 42
17 82 41
17 83 35
17 84 46
17 85 50
17 86 38
17 87 54
17 88 32
17 89 47
17 90 41
17 91 36
17 92 41
17 93 27
17 94 34
17 95 53
17 96 51
17 97 32
17 98 48
17 99 26
17 100 47
18 0 52
18 1 69
18 2 29
18 3 53
18 4 61
18 5 39
18 6 57
18 7 16
18 8 65
18 9 49
18 10 21
18 11 65
18 12 59
18 13 61
18 14 44
18 15 51
18 16 40
18 17 33
18 19 22
18 20 52
18 21 61
18 22 30
18 23 51
18 24 60
18 25 15
18 26 22
18 27 35
18 28 78
18 29 14
18 30 59
18 31 26
18 32 3
18 33 28
18 34 74
18 35 34
18 36 7
18 37 27
18 38 21
18 39 38
18 40 31
18 41 24
18 42 57
18 43 58
18 44 53
18 45 34
18 46 42
18 47 50
18 48 78
18 49 48
18 50 62
18 51 58
18 52 53
18 53 40
18 54 53
18 55 42
18 56 79
18 57 55
18 58 58
18 59 47
18 60 63
18 61 58
18 62 41
18 63 39
18 64 46
18 65 60
18 66 75
18 67 50
18 68 2
18 69 71
18 70 43
18 71 63
18 72 19
18 73 10
18 74 36
18 75 86
18 76 30
18 77 24
18 78 22
18 79 60
18 80 23
18 81 36
18 82 30
18 83 40
18 84 21
18 85 60
18 86 63
18 87 54
18 88 6
18 89 30
18 90 53
18 91 50
18 92 17
18 93 53
18 94 41
18 95 26
18 96 31
18 97 41
18 98 49
18 99 54
18 100 19
19 0 42
19 1 68
19 2 20
19 3 61
19 4 70
19 5 27
19 6 68
19 7 24
19 8 65
19 9 56
19 10 10
19 11 74
19 12 54
19 13 70
19 14 49
19 15 54
19 16 30
19 17 32
19 18 56
19 20 45
19 21 53
19 22 32
19 23 38
19 24 49
19 25 24
19 26 31
19 27 36
19 28 67
19 29 24
19 30 50
19 31 13
19 32 13
19 33 18
19 34 63
19 35 23
19 36 16
19 37 34
19 38 33
19 39 41
19 40 25
19 41 27
19 42 59
19 43 64
19 44 56
19 45 43
19 46 30
19 47 38
19 48 65
19 49 33
19 50 48
19 51 44
19 52 51
19 53 37
19 54 41
19 55 28
19 56 68
19 57 46
19 58 46
19 59 57
19 60 50
19 61 44
19 62 50
19 63 32
19 64 32
19 65 51
19 66 62
19 67 44
19 68 13
19 69 60
19 70 29
19 71 49
19 72 28
19 73 15
19 74 27
19 75 74
19 76 20
19 77 37
19 78 9
19 79 48
19 80 16
19 81 30
19 82 37
19 83 30
19 84 28
19 85 59
19 86 55
19 87 47
19 88 15
19 89 31
19 90 51
19 91 37
19 92 29
19 93 38
19 94 40
19 95 40
19 96 43
19 97 39
19 98 41
19 99 40
19 100 33
20 0 27
20 1 90
20 2 5
20 3 83
20 4 92
20 5 25
20 6 86
20 7 30
20 8 86
20 9 79
20 10 24
20 11 96
20 12 71
20 13 91
20 14 73
20 15 78
20 16 15
20 17 17
20 18 72
20 19 43
20 21 56
20 22 29
20 23 40
20 24 45
20 25 23
20 26 29
20 27 41
20 28 68
20 29 24
20 30 53
20 31 15
20 32 16
20 33 13
20 34 65
20 35 18
20 36 20
20 37 32
20 38 33
20 39 38
20 40 20
20 41 32
20 42 64
20 43 68
20 44 61
20 45 48
20 46 32
20 47 39
20 48 66
20 49 32
20 50 46
20 51 42
20 52 55
20 53 41
20 54 42
20 55 28
20 56 70
20 57 41
20 58 42
20 59 56
20 60 51
20 61 43
20 62 54
20 63 36
20 64 30
20 65 54
20 66 64
20 67 39
20 68 15
20 69 56
20 70 26
20 71 47
20 72 26
20 73 19
20 74 22
20 75 76
20 76 23
20 77 38
20 78 6
20 79 50
20 80 11
20 81 25
20 82 42
20 83 25
20 84 27
20 85 64
20 86 58
20 87 42
20 88 15
20 89 27
20 90 56
20 91 34
20 92 33
20 93 37
20 94 45
20 95 42
20 96 47
20 97 44
20 98 36
20 99 40
20 100 35
21 0 67
21 1 50
21 2 47
21 3 35
21 4 45
21 5 49
21 6 47
21 7 34
21 8 48
21 9 30
21 10 31
21 11 48
21 12 49
21 13 45
21 14 24
21 15 31
21 16 55
21 17 53
21 18 54
21 19 20
21 20 13
21 22 10
21 23 76
21 24 59
21 25 18
21 26 12
21 27 68
21 28 104
21 29 19
21 30 88
21 31 51
21 32 35
21 33 34
21 34 101
21 35 39
21 36 40
21 37 6
21 38 20
21 39 9
21 40 28
21 41 56
21 42 88
21 43 87
21 44 85
21 45 61
21 46 68
21 47 75
21 48 100
21 49 64
21 50 75
21 51 69
21 52 85
21 53 72
21 54 77
21 55 62
21 56 106
21 57 48
21 58 57
21 59 24
21 60 86
21 61 72
21 62 67
21 63 70
21 64 62
21 65 89
21 66 99
21 67 38
21 68 32
21 69 67
21 70 53
21 71 76
21 72 14
21 73 42
21 74 37
21 75 111
21 76 58
21 77 28
21 78 39
21 79 85
21 80 29
21 81 28
21 82 60
21 83 42
21 84 12
21 85 92
21 86 93
21 87 43
21 88 27
21 89 13
21 90 86
21 91 57
21 92 41
21 93 69
21 94 73
21 95 41
21 96 55
21 97 73
21 98 42
21 99 73
21 100 35
22 0 107
22 1 58
22 2 85
22 3 8
22 4 5
22 5 89
22 6 21
22 7 62
22 8 59
22 9 15
22 10 71
22 11 10
22 12 76
22 13 6
22 14 27
22 15 35
22 16 95
22 17 86
22 18 81
22 19 58
22 20 38
22 21 54
22 23 30
22 24 64
22 25 40
22 26 47
22 27 17
22 28 55
22 29 40
22 30 34
22 31 17
22 32 23
22 33 37
22 34 51
22 35 41
22 36 20
22 37 52
22 38 47
22 39 61
22 40 45
22 41 14
22 42 40
22 43 48
22 44 37
22 45 35
22 46 23
22 47 30
22 48 58
22 49 38
22 50 53
22 51 51
22 52 30
22 53 16
22 54 33
22 55 30
22 56 56
22 57 63
22 58 61
22 59 72
22 60 44
22 61 49
22 62 40
22 63 13
22 64 37
22 65 35
22 66 53
22 67 64
22 68 26
22 69 75
22 70 40
22 71 53
22 72 44
22 73 17
22 74 45
22 75 64
22 76 12
22 77 47
22 78 26
22 79 38
22 80 36
22 81 50
22 82 27
22 83 47
22 84 46
22 85 39
22 86 38
22 87 66
22 88 30
22 89 51
22 90 31
22 91 50
22 92 31
22 93 42
22 94 21
22 95 43
22 96 39
22 97 19
22 98 59
22 99 39
22 100 39
23 0 41
23 1 57
23 2 40
23 3 76
23 4 87
23 5 23
23 6 93
23 7 59
23 8 52
23 9 69
23 10 26
23 11 89
23 12 28
23 13 88
23 14 58
23 15 56
23 16 37
23 17 61
23 18 28
23 19 25
23 20 55
23 21 88
23 22 42
23 24 71
23 25 16
23 26 10
23 27 62
23 28 107
23 29 16
23 30 88
23 31 54
23 32 32
23 33 43
23 34 103
23 35 48
23 36 35
23 37 12
23 38 9
23 39 24
23 40 39
23 41 51
23 42 81
23 43 76
23 44 77
23 45 51
23 46 70
23 47 78
23 48 105
23 49 71
23 50 83
23 51 78
23 52 80
23 53 69
23 54 81
23 55 67
23 56 108
23 57 62
23 58 69
23 59 17
23 60 91
23 61 80
23 62 56
23 63 68
23 64 69
23 65 89
23 66 103
23 67 52
23 68 30
23 69 80
23 70 62
23 71 84
23 72 13
23 73 39
23 74 48
23 75 114
23 76 59
23 77 14
23 78 44
23 79 88
23 80 36
23 81 40
23 82 51
23 83 53
23 84 13
23 85 86
23 86 93
23 87 57
23 88 26
23 89 26
23 90 81
23 91 67
23 92 32
23 93 76
23 94 68
23 95 29
23 96 43
23 97 69
23 98 56
23 99 79
23 100 23
24 0 86
24 1 67
24 2 62
24 3 27
24 4 31
24 5 71
24 6 24
24 7 36
24 8 66
24 9 27
24 10 52
24 11 36
24 12 74
24 13 30
24 14 32
24 15 42
24 16 74
24 17 60
24 18 78
24 19 45
24 20 16
24 21 32
24 22 52
24 23 31
24 25 71
24 26 75
24 27 82
24 28 64
24 29 72
24 30 67
24 31 49
24 32 68
24 33 43
24 34 65
24 35 37
24 36 72
24 37 73
24 38 82
24 39 69
24 40 46
24 41 79
24 42 103
24 43 114
24 44 101
24 45 98
24 46 49
24 47 48
24 48 51
24 49 29
24 50 18
24 51 17
24 52 89
24 53 76
24 54 48
24 55 37
24 56 66
24 57 29
24 58 18
24 59 97
24 60 46
24 61 21
24 62 104
24 63 66
24 64 29
24 65 68
24 66 57
24 67 41
24 68 67
24 69 20
24 70 27
24 71 19
24 72 72
24 73 70
24 74 36
24 75 66
24 76 55
24 77 88
24 78 47
24 79 53
24 80 49
24 81 45
24 82 91
24 83 32
24 84 71
24 85 98
24 86 73
24 87 36
24 88 67
24 89 60
24 90 88
24 91 18
24 92 85
24 93 27
24 94 85
24 95 95
24 96 98
24 97 81
24 98 33
24 99 34
24 100 87
25 0 36
25 1 62
25 2 25
25 3 68
25 4 79
25 5 16
25 6 81
25 7 41
25 8 58
25 9 62
25 10 8
25 11 81
25 12 41
25 13 79
25 14 53
25 15 54
25 16 27
25 17 44
25 18 42
25 19 18
25 20 41
25 21 71
25 22 44
25 23 48
25 24 15
25 26 17
25 27 55
25 28 86
25 29 16
25 30 71
25 31 33
25 32 24
25 33 16
25 34 83
25 35 21
25 36 29
25 37 16
25 38 25
25 39 20
25 40 13
25 41 45
25 42 78
25 43 79
25 44 74
25 45 56
25 46 50
25 47 57
25 48 82
25 49 46
25 50 57
25 51 52
25 52 72
25 53 58
25 54 59
25 55 43
25 56 87
25 57 37
25 58 43
25 59 41
25 60 68
25 61 54
25 62 62
25 63 54
25 64 44
25 65 72
25 66 81
25 67 30
25 68 20
25 69 55
25 70 36
25 71 58
25 72 14
25 73 31
25 74 21
25 75 93
25 76 41
25 77 32
25 78 21
25 79 67
25 80 10
25 81 16
25 82 52
25 83 26
25 84 14
25 85 79
25 86 76
25 87 35
25 88 16
25 89 9
25 90 72
25 91 40
25 92 37
25 93 51
25 94 60
25 95 42
25 96 52
25 97 60
25 98 31
25 99 54
25 100 34
26 0 55
26 1 106
26 2 34
26 3 85
26 4 90
26 5 54
26 6 78
26 7 24
26 8 103
26 9 83
26 10 47
26 11 95
26 12 94
26 13 88
26 14 80
26 15 88
26 16 44
26 17 13
26 18 96
26 19 62
26 20 51
26 21 43
26 22 87
26 23 27
26 24 51
26 25 108
26 27 22
26 28 39
26 29 58
26 30 16
26 31 26
26 32 41
26 33 50
26 34 34
26 35 51
26 36 38
26 37 69
26 38 65
26 39 78
26 40 58
26 41 28
26 42 37
26 43 51
26 44 36
26 45 46
26 46 19
26 47 21
26 48 46
26 49 38
26 50 51
26 51 51
26 52 22
26 53 11
26 54 23
26 55 31
26 56 40
26 57 72
26 58 67
26 59 90
26 60 33
26 61 47
26 62 50
26 63 5
26 64 38
26 65 17
26 66 38
26 67 75
26 68 44
26 69 81
26 70 46
26 71 51
26 72 62
26 73 35
26 74 56
26 75 48
26 76 18
26 77 65
26 78 39
26 79 25
26 80 51
26 81 63
26 82 39
26 83 56
26 84 63
26 85 31
26 86 20
26 87 76
26 88 48
26 89 67
26 90 21
26 91 55
26 92 48
26 93 40
26 94 21
26 95 60
26 96 52
26 97 17
26 98 69
26 99 35
26 100 57
27 0 57
27 1 102
27 2 35
27 3 78
27 4 83
27 5 55
27 6 71
27 7 18
27 8 99
27 9 76
27 10 45
27 11 88
27 12 91
27 13 82
27 14 75
27 15 83
27 16 46
27 17 16
27 18 94
27 19 58
27 20 44
27 21 37
27 22 83
27 23 21
27 24 51
27 25 103
27 26 9
27 28 48
27 29 67
27 30 25
27 31 43
27 32 50
27 33 65
27 34 43
27 35 68
27 36 46
27 37 79
27 38 72
27 39 90
27 40 73
27 41 30
27 42 22
27 43 38
27 44 22
27 45 42
27 46 37
27 47 39
27 48 59
27 49 56
27 50 69
27 51 69
27 52 4
27 53 13
27 54 40
27 55 49
27 56 48
27 57 89
27 58 85
27 59 97
27 60 48
27 61 65
27 62 43
27 63 20
27 64 56
27 65 25
27 66 50
27 67 91
27 68 53
27 69 99
27 70 64
27 71 68
27 72 72
27 73 43
27 74 72
27 75 57
27 76 34
27 77 70
27 78 54
27 79 40
27 80 65
27 81 79
27 82 36
27 83 73
27 84 73
27 85 13
27 86 24
27 87 93
27 88 58
27 89 80
27 90 3
27 91 73
27 92 51
27 93 58
27 94 14
27 95 62
27 96 50
27 97 12
27 98 86
27 99 53
27 100 61
28 0 94
28 1 14
28 2 88
28 3 63
28 4 74
28 5 75
28 6 90
28 7 91
28 8 13
28 9 57
28 10 68
28 11 71
28 12 26
28 13 76
28 14 47
28 15 37
28 16 89
28 17 104
28 18 29
28 19 51
28 20 71
28 21 107
28 22 27
28 23 93
28 24 76
28 25 5
28 26 116
28 27 25
28 29 58
28 30 54
28 31 53
28 32 45
28 33 70
28 34 72
28 35 75
28 36 40
28 37 71
28 38 59
28 39 84
28 40 76
28 41 25
28 42 15
28 43 12
28 44 12
28 45 18
28 46 57
28 47 62
28 48 87
28 49 74
28 50 89
28 51 87
28 52 27
28 53 30
28 54 64
28 55 66
28 56 78
28 57 98
28 58 97
28 59 82
28 60 74
28 61 85
28 62 15
28 63 40
28 64 73
28 65 54
28 66 79
28 67 96
28 68 48
28 69 111
28 70 77
28 71 89
28 72 63
28 73 38
28 74 79
28 75 87
28 76 48
28 77 54
28 78 60
28 79 66
28 80 67
28 81 81
28 82 17
28 83 81
28 84 65
28 85 26
28 86 54
28 87 99
28 88 52
28 89 77
28 90 28
28 91 86
28 92 36
28 93 77
28 94 20
28 95 42
28 96 27
28 97 24
28 98 93
28 99 74
28 100 45
29 0 66
29 1 74
29 2 42
29 3 46
29 4 52
29 5 54
29 6 44
29 7 15
29 8 71
29 9 44
29 10 36
29 11 57
29 12 71
29 13 51
29 14 43
29 15 52
29 16 54
29 17 38
29 18 74
29 19 37
29 20 13
29 21 29
29 22 55
29 23 12
29 24 50
29 25 77
29 26 39
29 27 58
29 28 73
29 30 30
29 31 62
29 32 84
29 33 81
29 34 12
29 35 80
29 36 83
29 37 109
29 38 108
29 39 114
29 40 90
29 41 74
29 42 73
29 43 90
29 44 74
29 45 92
29 46 45
29 47 38
29 48 22
29 49 54
29 50 55
29 51 59
29 52 56
29 53 56
29 54 36
29 55 53
29 56 7
29 57 93
29 58 83
29 59 132
29 60 29
29 61 54
29 62 94
29 63 50
29 64 56
29 65 29
29 66 16
29 67 101
29 68 86
29 69 92
29 70 67
29 71 53
29 72 103
29 73 79
29 74 84
29 75 8
29 76 56
29 77 109
29 78 74
29 79 28
29 80 85
29 81 94
29 82 84
29 83 81
29 84 104
29 85 61
29 86 28
29 87 99
29 88 89
29 89 103
29 90 55
29 91 71
29 92 94
29 93 51
29 94 64
29 95 106
29 96 98
29 97 60
29 98 92
29 99 44
29 100 102
30 0 84
30 1 114
30 2 61
30 3 80
30 4 80
30 5 80
30 6 63
30 7 35
30 8 112
30 9 80
30 10 67
30 11 87
30 12 110
30 13 79
30 14 82
30 15 92
30 16 72
30 17 42
30 18 113
30 19 76
30 20 53
30 21 24
30 22 96
30 23 30
30 24 76
30 25 118
30 26 22
30 27 98
30 28 113
30 29 82
30 31 29
30 32 11
30 33 23
30 34 78
30 35 29
30 36 16
30 37 20
30 38 19
30 39 30
30 40 24
30 41 33
30 42 65
30 43 66
30 44 62
30 45 42
30 46 45
30 47 53
30 48 80
30 49 47
30 50 61
30 51 56
30 52 61
30 53 48
30 54 56
30 55 42
30 56 83
30 57 48
30 58 52
30 59 42
30 60 66
30 61 57
30 62 49
30 63 45
30 64 45
30 65 65
30 66 78
30 67 43
30 68 7
30 69 66
30 70 40
30 71 61
30 72 13
30 73 18
30 74 30
30 75 89
30 76 34
30 77 24
30 78 20
30 79 63
30 80 16
30 81 28
30 82 39
30 83 35
30 84 14
30 85 68
30 86 69
30 87 47
30 88 3
30 89 21
30 90 61
30 91 47
30 92 23
30 93 52
30 94 49
30 95 30
30 96 39
30 97 49
30 98 42
30 99 54
30 100 23
31 0 25
31 1 72
31 2 29
31 3 85
31 4 96
31 5 9
31 6 98
31 7 54
31 8 67
31 9 79
31 10 23
31 11 98
31 12 44
31 13 96
31 14 69
31 15 69
31 16 23
31 17 50
31 18 44
31 19 34
31 20 59
31 21 86
31 22 56
31 23 62
31 24 12
31 25 68
31 26 71
31 27 52
31 28 48
31 29 17
31 30 54
31 32 71
31 33 69
31 34 2
31 35 68
31 36 70
31 37 96
31 38 95
31 39 101
31 40 78
31 41 62
31 42 65
31 43 82
31 44 65
31 45 81
31 46 33
31 47 26
31 48 18
31 49 42
31 50 46
31 51 49
31 52 48
31 53 45
31 54 23
31 55 40
31 56 6
31 57 81
31 58 73
31 59 120
31 60 18
31 61 44
31 62 84
31 63 38
31 64 44
31 65 19
31 66 8
31 67 89
31 68 73
31 69 82
31 70 55
31 71 44
31 72 90
31 73 67
31 74 72
31 75 14
31 76 44
31 77 97
31 78 61
31 79 15
31 80 73
31 81 82
31 82 73
31 83 70
31 84 91
31 85 54
31 86 20
31 87 87
31 88 77
31 89 90
31 90 47
31 91 60
31 92 82
31 93 40
31 94 54
31 95 94
31 96 87
31 97 50
31 98 81
31 99 33
31 100 90
32 0 44
32 1 74
32 2 21
32 3 61
32 4 70
32 5 32
32 6 65
32 7 16
32 8 70
32 9 57
32 10 17
32 11 74
32 12 61
32 13 69
32 14 52
32 15 58
32 16 32
32 17 26
32 18 64
32 19 28
32 20 27
32 21 48
32 22 55
32 23 24
32 24 28
32 25 75
32 26 38
32 27 54
32 28 65
32 29 31
32 30 67
32 31 28
32 33 76
32 34 65
32 35 81
32 36 49
32 37 82
32 38 71
32 39 94
32 40 83
32 41 32
32 42 2
32 43 16
32 44 3
32 45 31
32 46 56
32 47 60
32 48 82
32 49 75
32 50 89
32 51 88
32 52 19
32 53 28
32 54 62
32 55 67
32 56 71
32 57 103
32 58 101
32 59 95
32 60 71
32 61 85
32 62 29
32 63 38
32 64 75
32 65 48
32 66 73
32 67 103
32 68 57
32 69 115
32 70 80
32 71 89
32 72 74
32 73 47
32 74 85
32 75 79
32 76 50
32 77 67
32 78 66
32 79 62
32 80 75
32 81 89
32 82 29
32 83 87
32 84 76
32 85 14
32 86 47
32 87 105
32 88 62
32 89 86
32 90 20
32 91 89
32 92 48
32 93 78
32 94 20
32 95 55
32 96 40
32 97 23
32 98 99
32 99 73
32 100 57
33 0 85
33 1 83
33 2 60
33 3 44
33 4 45
33 5 73
33 6 31
33 7 29
33 8 82
33 9 45
33 10 55
33 11 52
33 12 86
33 13 44
33 14 49
33 15 59
33 16 72
33 17 52
33 18 91
33 19 55
33 20 24
33 21 14
33 22 67
33 23 21
33 24 69
33 25 89
33 26 44
33 27 71
33 28 89
33 29 67
33 30 88
33 31 34
33 32 23
33 34 69
33 35 5
33 36 43
33 37 41
33 38 49
33 39 39
33 40 13
33 41 54
33 42 84
33 43 91
33 44 81
33 45 70
33 46 39
33 47 44
33 48 63
33 49 26
33 50 34
33 51 28
33 52 73
33 53 59
33 54 45
33 55 28
33 56 72
33 57 19
33 58 19
33 59 65
33 60 51
33 61 31
33 62 77
33 63 51
33 64 24
33 65 63
33 66 64
33 67 22
33 68 36
33 69 33
33 70 13
33 71 35
33 72 39
33 73 42
33 74 4
33 75 76
33 76 37
33 77 56
33 78 19
33 79 53
33 80 17
33 81 15
33 82 65
33 83 2
33 84 39
33 85 82
33 86 68
33 87 22
33 88 35
33 89 29
33 90 73
33 91 15
33 92 55
33 93 30
33 94 65
33 95 63
33 96 69
33 97 63
33 98 15
33 99 36
33 100 56
34 0 57
34 1 57
34 2 36
34 3 45
34 4 55
34 5 40
34 6 55
34 7 27
34 8 54
34 9 40
34 10 22
34 11 58
34 12 50
34 13 55
34 14 34
34 15 40
34 16 45
34 17 44
34 18 54
34 19 17
34 20 16
34 21 49
34 22 38
34 23 30
34 24 37
34 25 59
34 26 53
34 27 39
34 28 53
34 29 29
34 30 54
34 31 41
34 32 20
34 33 57
34 35 35
34 36 27
34 37 55
34 38 52
34 39 62
34 40 42
34 41 25
34 42 48
34 43 58
34 44 46
34 45 45
34 46 13
34 47 20
34 48 49
34 49 27
34 50 43
34 51 40
34 52 35
34 53 21
34 54 23
34 55 19
34 56 49
34 57 57
34 58 53
34 59 77
34 60 34
34 61 38
34 62 51
34 63 13
34 64 27
34 65 30
34 66 44
34 67 59
34 68 30
34 69 67
34 70 32
34 71 42
34 72 48
34 73 24
34 74 40
34 75 56
34 76 2
34 77 54
34 78 23
34 79 29
34 80 34
34 81 47
34 82 38
34 83 41
34 84 49
34 85 44
34 86 34
34 87 60
34 88 34
34 89 51
34 90 35
34 91 41
34 92 40
34 93 31
34 94 29
34 95 52
34 96 49
34 97 26
34 98 53
34 99 28
34 100 47
35 0 93
35 1 84
35 2 68
35 3 41
35 4 40
35 5 80
35 6 24
35 7 37
35 8 83
35 9 43
35 10 62
35 11 47
35 12 90
35 13 38
35 14 49
35 15 60
35 16 80
35 17 60
35 18 94
35 19 59
35 20 29
35 21 17
35 22 69
35 23 29
35 24 76
35 25 90
35 26 51
35 27 73
35 28 92
35 29 73
35 30 91
35 31 42
35 32 26
35 33 89
35 34 63
35 36 49
35 37 66
35 38 69
35 39 68
35 40 43
35 41 51
35 42 71
35 43 83
35 44 69
35 45 71
35 46 16
35 47 15
35 48 32
35 49 6
35 50 17
35 51 17
35 52 56
35 53 44
35 54 15
35 55 8
35 56 41
35 57 45
35 58 37
35 59 90
35 60 19
35 61 13
35 62 76
35 63 34
35 64 8
35 65 36
35 66 32
35 67 53
35 68 49
35 69 49
35 70 19
35 71 17
35 72 61
35 73 47
35 74 36
35 75 44
35 76 25
35 77 73
35 78 30
35 79 22
35 80 40
35 81 46
35 82 63
35 83 33
35 84 62
35 85 65
35 86 40
35 87 51
35 88 50
35 89 57
35 90 55
35 91 24
35 92 63
35 93 6
35 94 53
35 95 75
35 96 74
35 97 50
35 98 45
35 99 4
35 100 69
36 0 76
36 1 31
36 2 60
36 3 32
36 4 45
36 5 56
36 6 55
36 7 53
36 8 29
36 9 26
36 10 41
36 11 45
36 12 37
36 13 46
36 14 14
36 15 14
36 16 66
36 17 70
36 18 42
36 19 22
36 20 30
36 21 67
36 22 14
36 23 54
36 24 55
36 25 35
36 26 79
36 27 18
36 28 38
36 29 38
36 30 36
36 31 66
36 32 30
36 33 34
36 34 19
36 35 49
36 37 91
36 38 92
36 39 95
36 40 70
36 41 64
36 42 72
36 43 87
36 44 71
36 45 83
36 46 29
36 47 21
36 48 9
36 49 33
36 50 35
36 51 38
36 52 55
36 53 48
36 54 18
36 55 33
36 56 14
36 57 72
36 58 62
36 59 116
36 60 9
36 61 33
36 62 87
36 63 40
36 64 35
36 65 26
36 66 5
36 67 80
36 68 71
36 69 71
36 70 46
36 71 33
36 72 86
36 73 65
36 74 64
36 75 16
36 76 41
36 77 95
36 78 56
36 79 12
36 80 66
36 81 74
36 82 75
36 83 61
36 84 87
36 85 62
36 86 28
36 87 78
36 88 73
36 89 84
36 90 54
36 91 50
36 92 81
36 93 30
36 94 58
36 95 93
36 96 88
36 97 54
36 98 72
36 99 24
36 100 89
37 0 40
37 1 75
37 2 16
37 3 65
37 4 74
37 5 28
37 6 70
37 7 20
37 8 71
37 9 61
37 10 14
37 11 78
37 12 60
37 13 74
37 14 55
37 15 60
37 16 27
37 17 25
37 18 63
37 19 29
37 20 32
37 21 52
37 22 56
37 23 28
37 24 24
37 25 75
37 26 40
37 27 55
37 28 64
37 29 29
37 30 67
37 31 30
37 32 36
37 33 73
37 34 65
37 35 50
37 36 55
37 38 75
37 39 68
37 40 43
37 41 66
37 42 89
37 43 100
37 44 87
37 45 86
37 46 34
37 47 33
37 48 39
37 49 15
37 50 5
37 51 2
37 52 74
37 53 62
37 54 32
37 55 23
37 56 52
37 57 35
37 58 24
37 59 94
37 60 31
37 61 6
37 62 92
37 63 51
37 64 15
37 65 53
37 66 43
37 67 45
37 68 58
37 69 33
37 70 18
37 71 6
37 72 66
37 73 59
37 74 34
37 75 53
37 76 41
37 77 81
37 78 38
37 79 38
37 80 43
37 81 44
37 82 78
37 83 29
37 84 66
37 85 83
37 86 57
37 87 42
37 88 58
37 89 58
37 90 74
37 91 15
37 92 75
37 93 12
37 94 70
37 95 85
37 96 87
37 97 67
37 98 36
37 99 18
37 100 79
38 0 43
38 1 53
38 2 39
38 3 70
38 4 82
38 5 24
38 6 87
38 7 54
38 8 49
38 9 64
38 10 22
38 11 83
38 12 27
38 13 82
38 14 52
38 15 51
38 16 38
38 17 58
38 18 28
38 19 19
38 20 49
38 21 82
38 22 38
38 23 61
38 24 25
38 25 49
38 26 76
38 27 33
38 28 31
38 29 7
38 30 37
38 31 66
38 32 53
38 33 47
38 34 55
38 35 15
38 36 42
38 37 49
38 39 88
38 40 73
38 41 26
38 42 16
38 43 32
38 44 15
38 45 36
38 46 40
38 47 43
38 48 65
38 49 59
38 50 73
38 51 72
38 52 3
38 53 13
38 54 45
38 55 51
38 56 55
38 57 91
38 58 87
38 59 93
38 60 54
38 61 69
38 62 37
38 63 23
38 64 59
38 65 31
38 66 56
38 67 92
38 68 51
38 69 101
38 70 66
38 71 72
38 72 69
38 73 40
38 74 73
38 75 63
38 76 35
38 77 66
38 78 54
38 79 45
38 80 64
38 81 78
38 82 30
38 83 74
38 84 70
38 85 10
38 86 31
38 87 93
38 88 55
38 89 78
38 90 5
38 91 75
38 92 47
38 93 62
38 94 10
38 95 57
38 96 45
38 97 9
38 98 87
38 99 57
38 100 56
39 0 67
39 1 34
39 2 53
39 3 43
39 4 55
39 5 47
39 6 63
39 7 51
39 8 30
39 9 36
39 10 33
39 11 55
39 12 29
39 13 56
39 14 24
39 15 23
39 16 58
39 17 66
39 18 34
39 19 14
39 20 33
39 21 70
39 22 15
39 23 54
39 24 46
39 25 35
39 26 77
39 27 15
39 28 31
39 29 28
39 30 31
39 31 65
39 32 35
39 33 33
39 34 28
39 35 38
39 36 16
39 37 49
39 38 28
39 40 47
39 41 20
39 42 41
39 43 51
39 44 39
39 45 40
39 46 18
39 47 24
39 48 52
39 49 34
39 50 49
39 51 47
39 52 29
39 53 15
39 54 27
39 55 26
39 56 50
39 57 63
39 58 60
39 59 77
39 60 38
39 61 45
39 62 45
39 63 8
39 64 34
39 65 29
39 66 47
39 67 65
39 68 31
39 69 74
39 70 39
39 71 49
39 72 49
39 73 23
39 74 46
39 75 57
39 76 8
39 77 53
39 78 28
39 79 32
39 80 39
39 81 52
39 82 32
39 83 47
39 84 50
39 85 38
39 86 32
39 87 66
39 88 35
39 89 55
39 90 29
39 91 48
39 92 37
39 93 38
39 94 22
39 95 49
39 96 44
39 97 19
39 98 59
39 99 34
39 100 46
40 0 35
40 1 64
40 2 37
40 3 81
40 4 93
40 5 18
40 6 97
40 7 59
40 8 59
40 9 75
40 10 26
40 11 95
40 12 34
40 13 94
40 14 64
40 15 63
40 16 33
40 17 59
40 18 34
40 19 30
40 20 59
40 21 90
40 22 49
40 23 67
40 24 21
40 25 59
40 26 78
40 27 44
40 28 38
40 29 14
40 30 45
40 31 69
40 32 63
40 33 56
40 34 67
40 35 13
40 36 54
40 37 53
40 38 21
40 39 72
40 41 38
40 42 54
40 43 67
40 44 53
40 45 58
40 46 3
40 47 6
40 48 35
40 49 22
40 50 35
40 51 34
40 52 38
40 53 27
40 54 9
40 55 15
40 56 36
40 57 59
40 58 53
40 59 90
40 60 20
40 61 31
40 62 62
40 63 17
40 64 22
40 65 21
40 66 30
40 67 64
40 68 44
40 69 65
40 70 31
40 71 34
40 72 60
40 73 38
40 74 45
40 75 42
40 76 14
40 77 68
40 78 31
40 79 16
40 80 43
40 81 54
40 82 50
40 83 44
40 84 61
40 85 47
40 86 26
40 87 63
40 88 47
40 89 61
40 90 38
40 91 39
40 92 54
40 93 23
40 94 36
40 95 66
40 96 62
40 97 33
40 98 56
40 99 18
40 100 61
41 0 105
41 1 79
41 2 81
41 3 31
41 4 26
41 5 91
41 6 7
41 7 52
41 8 79
41 9 35
41 10 72
41 11 33
41 12 91
41 13 24
41 14 45
41 15 55
41 16 92
41 17 76
41 18 96
41 19 65
41 20 36
41 21 33
41 22 67
41 23 45
41 24 87
41 25 87
41 26 68
41 27 72
41 28 93
41 29 80
41 30 90
41 31 58
41 32 32
41 33 86
41 34 57
41 35 98
41 36 61
41 37 57
41 38 90
41 39 46
41 40 47
41 42 14
41 43 30
41 44 14
41 45 36
41 46 41
41 47 44
41 48 66
41 49 61
41 50 74
41 51 73
41 52 4
41 53 14
41 54 46
41 55 53
41 56 56
41 57 92
41 58 88
41 59 94
41 60 55
41 61 70
41 62 36
41 63 24
41 64 61
41 65 32
41 66 57
41 67 93
41 68 51
41 69 102
41 70 67
41 71 74
41 72 70
41 73 41
41 74 74
41 75 64
41 76 37
41 77 66
41 78 55
41 79 46
41 80 65
41 81 79
41 82 30
41 83 75
41 84 71
41 85 10
41 86 32
41 87 94
41 88 56
41 89 79
41 90 5
41 91 76
41 92 47
41 93 63
41 94 10
41 95 57
41 96 44
41 97 10
41 98 88
41 99 58
41 100 57
42 0 50
42 1 54
42 2 33
42 3 53
42 4 64
42 5 31
42 6 66
42 7 35
42 8 50
42 9 47
42 10 14
42 11 66
42 12 40
42 13 64
42 14 38
42 15 41
42 16 39
42 17 46
42 18 43
42 19 7
42 20 28
42 21 61
42 22 34
42 23 40
42 24 29
42 25 53
42 26 60
42 27 33
42 28 44
42 29 17
42 30 46
42 31 48
42 32 32
42 33 51
42 34 46
42 35 36
42 36 35
42 37 31
42 38 32
42 39 46
42 40 31
42 41 36
42 43 94
42 44 86
42 45 73
42 46 46
42 47 51
42 48 70
42 49 34
42 50 40
42 51 34
42 52 79
42 53 65
42 54 53
42 55 35
42 56 80
42 57 16
42 58 20
42 59 61
42 60 58
42 61 38
42 62 79
42 63 57
42 64 32
42 65 70
42 66 72
42 67 15
42 68 38
42 69 33
42 70 21
42 71 41
42 72 37
42 73 45
42 74 4
42 75 83
42 76 43
42 77 54
42 78 23
42 79 61
42 80 17
42 81 9
42 82 68
42 83 6
42 84 36
42 85 88
42 86 75
42 87 16
42 88 35
42 89 24
42 90 79
42 91 21
42 92 56
42 93 37
42 94 70
42 95 63
42 96 71
42 97 68
42 98 10
42 99 43
42 100 56
43 0 98
43 1 44
43 2 79
43 3 6
43 4 18
43 5 80
43 6 33
43 7 61
43 8 45
43 9 2
43 10 62
43 11 18
43 12 63
43 13 20
43 14 13
43 15 21
43 16 87
43 17 83
43 18 68
43 19 47
43 20 34
43 21 60
43 22 36
43 23 58
43 24 78
43 25 52
43 26 84
43 27 42
43 28 63
43 29 64
43 30 59
43 31 72
43 32 30
43 33 52
43 34 21
43 35 76
43 36 29
43 37 63
43 38 65
43 39 62
43 40 54
43 41 76
43 42 85
43 44 62
43 45 41
43 46 48
43 47 56
43 48 84
43 49 50
43 50 64
43 51 59
43 52 62
43 53 49
43 54 59
43 55 46
43 56 86
43 57 51
43 58 55
43 59 39
43 60 69
43 61 60
43 62 48
43 63 47
43 64 49
43 65 68
43 66 81
43 67 45
43 68 9
43 69 68
43 70 43
43 71 65
43 72 10
43 73 19
43 74 33
43 75 93
43 76 37
43 77 20
43 78 24
43 79 66
43 80 19
43 81 30
43 82 38
43 83 38
43 84 11
43 85 69
43 86 71
43 87 49
43 88 4
43 89 22
43 90 63
43 91 50
43 92 22
43 93 56
43 94 50
43 95 28
43 96 37
43 97 50
43 98 45
43 99 58
43 100 20
44 0 34
44 1 76
44 2 12
44 3 70
44 4 79
44 5 22
44 6 76
44 7 26
44 8 72
44 9 65
44 10 11
44 11 83
44 12 58
44 13 79
44 14 58
44 15 63
44 16 21
44 17 26
44 18 60
44 19 29
44 20 37
44 21 58
44 22 57
44 23 34
44 24 18
44 25 75
44 26 43
44 27 55
44 28 62
44 29 26
44 30 66
44 31 35
44 32 42
44 33 73
44 34 68
44 35 46
44 36 57
44 37 19
44 38 47
44 39 38
44 40 26
44 41 45
44 42 50
44 43 51
44 45 71
44 46 33
44 47 29
44 48 32
44 49 49
44 50 56
44 51 58
44 52 35
44 53 35
44 54 28
44 55 44
44 56 18
44 57 88
44 58 80
44 59 117
44 60 28
44 61 53
44 62 73
44 63 32
44 64 50
44 65 10
44 66 23
44 67 94
44 68 70
44 69 91
44 70 60
44 71 54
44 72 88
44 73 62
44 74 75
44 75 26
44 76 41
44 77 92
44 78 61
44 79 21
44 80 73
44 81 84
44 82 64
44 83 74
44 84 89
44 85 40
44 86 7
44 87 93
44 88 74
44 89 91
44 90 34
44 91 67
44 92 75
44 93 48
44 94 43
44 95 87
44 96 78
44 97 39
44 98 86
44 99 41
44 100 84
45 0 76
45 1 43
45 2 57
45 3 27
45 4 38
45 5 57
45 6 44
45 7 44
45 8 41
45 9 21
45 10 40
45 11 40
45 12 48
45 13 39
45 14 13
45 15 21
45 16 65
45 17 64
45 18 53
45 19 25
45 20 19
45 21 55
45 22 26
45 23 44
45 24 55
45 25 47
45 26 69
45 27 30
45 28 50
45 29 42
45 30 48
45 31 57
45 32 18
45 33 46
45 34 26
45 35 56
45 36 21
45 37 44
45 38 47
45 39 49
45 40 37
45 41 56
45 42 72
45 43 22
45 44 11
45 46 19
45 47 21
45 48 45
45 49 38
45 50 51
45 51 51
45 52 22
45 53 12
45 54 23
45 55 31
45 56 39
45 57 73
45 58 68
45 59 92
45 60 32
45 61 47
45 62 51
45 63 6
45 64 39
45 65 15
45 66 37
45 67 76
45 68 45
45 69 81
45 70 46
45 71 50
45 72 64
45 73 36
45 74 57
45 75 47
45 76 19
45 77 67
45 78 40
45 79 24
45 80 52
45 81 65
45 82 40
45 83 57
45 84 65
45 85 31
45 86 18
45 87 77
45 88 49
45 89 68
45 90 21
45 91 55
45 92 50
45 93 40
45 94 22
45 95 61
45 96 54
45 97 18
45 98 70
45 99 35
45 100 58
46 0 79
46 1 29
46 2 63
46 3 31
46 4 43
46 5 59
46 6 55
46 7 56
46 8 27
46 9 25
46 10 44
46 11 43
46 12 37
46 13 45
46 14 12
46 15 11
46 16 69
46 17 74
46 18 42
46 19 25
46 20 33
46 21 69
46 22 13
46 23 57
46 24 58
46 25 33
46 26 82
46 27 17
46 28 38
46 29 41
46 30 35
46 31 69
46 32 32
46 33 32
46 34 16
46 35 51
46 36 7
46 37 55
46 38 40
46 39 62
46 40 50
46 41 51
46 42 85
46 43 10
46 44 23
46 45 49
46 47 85
46 48 110
46 49 74
46 50 85
46 51 79
46 52 93
46 53 81
46 54 88
46 55 72
46 56 116
46 57 57
46 58 66
46 59 15
46 60 96
46 61 82
46 62 71
46 63 79
46 64 72
46 65 98
46 66 109
46 67 45
46 68 40
46 69 75
46 70 64
46 71 86
46 72 21
46 73 50
46 74 47
46 75 121
46 76 67
46 77 29
46 78 49
46 79 95
46 80 39
46 81 38
46 82 65
46 83 52
46 84 20
46 85 99
46 86 102
46 87 51
46 88 36
46 89 23
46 90 94
46 91 67
46 92 46
46 93 79
46 94 80
46 95 43
46 96 58
46 97 81
46 98 51
46 99 83
46 100 38
47 0 64
47 1 58
47 2 43
47 3 39
47 4 48
47 5 48
47 6 47
47 7 27
47 8 55
47 9 35
47 10 29
47 11 51
47 12 55
47 13 48
47 14 30
47 15 38
47 16 52
47 17 47
47 18 59
47 19 23
47 20 8
47 21 44
47 22 39
47 23 28
47 24 45
47 25 61
47 26 53
47 27 41
47 28 58
47 29 37
47 30 58
47 31 40
47 32 12
47 33 59
47 34 43
47 35 56
47 36 36
47 37 27
47 38 50
47 39 34
47 40 21
47 41 56
47 42 55
47 43 34
47 44 17
47 45 33
47 46 14
47 48 22
47 49 56
47 50 56
47 51 60
47 52 62
47 53 61
47 54 39
47 55 55
47 56 11
47 57 94
47 58 84
47 59 136
47 60 31
47 61 55
47 62 99
47 63 55
47 64 58
47 65 35
47 66 18
47 67 103
47 68 90
47 69 92
47 70 69
47 71 54
47 72 107
47 73 84
47 74 86
47 75 7
47 76 60
47 77 114
47 78 77
47 79 31
47 80 88
47 81 96
47 82 89
47 83 83
47 84 107
47 85 67
47 86 34
47 87 100
47 88 93
47 89 106
47 90 60
47 91 73
47 92 98
47 93 53
47 94 69
47 95 110
47 96 103
47 97 65
47 98 94
47 99 46
47 100 107
48 0 45
48 1 57
48 2 29
48 3 57
48 4 68
48 5 27
48 6 69
48 7 35
48 8 53
48 9 52
48 10 10
48 11 70
48 12 42
48 13 68
48 14 43
48 15 46
48 16 35
48 17 44
48 18 44
48 19 10
48 20 30
48 21 62
48 22 38
48 23 40
48 24 24
48 25 57
48 26 58
48 27 37
48 28 45
48 29 15
48 30 48
48 31 47
48 32 35
48 33 54
48 34 51
48 35 35
48 36 39
48 37 30
48 38 32
48 39 46
48 40 31
48 41 35
48 42 64
48 43 32
48 44 37
48 45 56
48 46 33
48 47 16
48 49 76
48 50 90
48 51 85
48 52 74
48 53 65
48 54 83
48 55 71
48 56 109
48 57 73
48 58 79
48 59 24
48 60 93
48 61 86
48 62 45
48 63 66
48 64 74
48 65 88
48 66 104
48 67 64
48 68 30
48 69 91
48 70 69
48 71 91
48 72 22
48 73 36
48 74 57
48 75 116
48 76 60
48 77 6
48 78 49
48 79 89
48 80 44
48 81 51
48 82 43
48 83 62
48 84 23
48 85 79
48 86 91
48 87 70
48 88 29
48 89 38
48 90 76
48 91 75
48 92 24
48 93 81
48 94 62
48 95 17
48 96 32
48 97 64
48 98 67
48 99 83
48 100 15
49 0 11
49 1 85
49 2 24
49 3 93
49 4 104
49 5 10
49 6 104
49 7 54
49 8 80
49 9 88
49 10 28
49 11 107
49 12 57
49 13 104
49 14 78
49 15 80
49 16 13
49 17 44
49 18 57
49 19 43
49 20 64
49 21 87
49 22 68
49 23 63
49 24 12
49 25 81
49 26 66
49 27 65
49 28 61
49 29 29
49 30 67
49 31 60
49 32 69
49 33 78
49 34 85
49 35 36
49 36 72
49 37 47
49 38 44
49 39 66
49 40 55
49 41 35
49 42 74
49 43 63
49 44 73
49 45 88
49 46 69
49 47 45
49 48 83
49 50 65
49 51 61
49 52 36
49 53 25
49 54 47
49 55 41
49 56 71
49 57 67
49 58 67
49 59 61
49 60 58
49 61 60
49 62 29
49 63 27
49 64 48
49 65 48
49 66 67
49 67 65
49 68 18
49 69 81
49 70 48
49 71 65
49 72 36
49 73 7
49 74 48
49 75 78
49 76 25
49 77 34
49 78 30
49 79 53
49 80 36
49 81 50
49 82 16
49 83 51
49 84 37
49 85 43
49 86 51
49 87 68
49 88 22
49 89 47
49 90 37
49 91 57
49 92 17
49 93 53
49 94 24
49 95 29
49 96 25
49 97 25
49 98 62
49 99 52
49 100 26
50 0 42
50 1 56
50 2 41
50 3 76
50 4 88
50 5 24
50 6 93
50 7 60
50 8 51
50 9 70
50 10 27
50 11 89
50 12 27
50 13 89
50 14 58
50 15 56
50 16 38
50 17 62
50 18 27
50 19 26
50 20 56
50 21 89
50 22 42
50 23 66
50 24 26
50 25 51
50 26 80
50 27 37
50 28 31
50 29 12
50 30 37
50 31 71
50 32 60
50 33 49
50 34 60
50 35 9
50 36 47
50 37 54
50 38 13
50 39 72
50 40 57
50 41 8
50 42 87
50 43 38
50 44 59
50 45 81
50 46 55
50 47 22
50 48 81
50 49 52
50 51 76
50 52 64
50 53 54
50 54 72
50 55 61
50 56 98
50 57 68
50 58 73
50 59 33
50 60 82
50 61 77
50 62 38
50 63 55
50 64 65
50 65 76
50 66 93
50 67 61
50 68 21
50 69 86
50 70 61
50 71 82
50 72 19
50 73 25
50 74 51
50 75 105
50 76 49
50 77 6
50 78 41
50 79 78
50 80 37
50 81 47
50 82 33
50 83 56
50 84 21
50 85 69
50 86 79
50 87 66
50 88 20
50 89 36
50 90 65
50 91 68
50 92 14
50 93 72
50 94 51
50 95 11
50 96 25
50 97 53
50 98 62
50 99 73
50 100 5
51 0 17
51 1 80
51 2 17
51 3 85
51 4 95
51 5 4
51 6 94
51 7 45
51 8 75
51 9 80
51 10 19
51 11 98
51 12 55
51 13 95
51 14 70
51 15 73
51 16 10
51 17 38
51 18 55
51 19 36
51 20 55
51 21 78
51 22 62
51 23 54
51 24 4
51 25 76
51 26 59
51 27 59
51 28 59
51 29 23
51 30 64
51 31 53
51 32 60
51 33 74
51 34 77
51 35 35
51 36 65
51 37 39
51 38 41
51 39 58
51 40 46
51 41 34
51 42 67
51 43 57
51 44 65
51 45 79
51 46 60
51 47 38
51 48 74
51 49 68
51 50 32
51 52 33
51 53 26
51 54 55
51 55 52
51 56 76
51 57 79
51 58 79
51 59 65
51 60 66
51 61 71
51 62 17
51 63 32
51 64 59
51 65 52
51 66 74
51 67 76
51 68 28
51 69 94
51 70 60
51 71 75
51 72 44
51 73 19
51 74 60
51 75 84
51 76 34
51 77 37
51 78 42
51 79 60
51 80 48
51 81 62
51 82 4
51 83 63
51 84 45
51 85 37
51 86 54
51 87 79
51 88 32
51 89 57
51 90 34
51 91 69
51 92 18
51 93 64
51 94 21
51 95 27
51 96 17
51 97 23
51 98 74
51 99 62
51 100 27
52 0 68
52 1 62
52 2 45
52 3 37
52 4 45
52 5 53
52 6 42
52 7 25
52 8 59
52 9 34
52 10 34
52 11 49
52 12 61
52 13 45
52 14 31
52 15 40
52 16 56
52 17 47
52 18 65
52 19 29
52 20 2
52 21 38
52 22 44
52 23 24
52 24 49
52 25 65
52 26 50
52 27 46
52 28 63
52 29 43
52 30 63
52 31 38
52 32 7
52 33 64
52 34 45
52 35 62
52 36 40
52 37 27
52 38 56
52 39 30
52 40 18
52 41 62
52 42 52
52 43 39
52 44 16
52 45 27
52 46 14
52 47 35
52 48 28
52 49 37
52 50 31
52 51 46
52 53 48
52 54 16
52 55 15
52 56 37
52 57 49
52 58 40
52 59 97
52 60 15
52 61 11
52 62 82
52 63 38
52 64 13
52 65 36
52 66 28
52 67 57
52 68 56
52 69 50
52 70 24
52 71 13
52 72 68
52 73 54
52 74 41
52 75 39
52 76 31
52 77 80
52 78 37
52 79 21
52 80 47
52 81 52
52 82 69
52 83 38
52 84 68
52 85 68
52 86 40
52 87 55
52 88 57
52 89 64
52 90 59
52 91 27
52 92 70
52 93 7
52 94 58
52 95 81
52 96 80
52 97 54
52 98 49
52 99 3
52 100 76
53 0 49
53 1 48
53 2 42
53 3 64
53 4 76
53 5 29
53 6 82
53 7 54
53 8 43
53 9 58
53 10 24
53 11 77
53 12 24
53 13 77
53 14 46
53 15 45
53 16 42
53 17 60
53 18 26
53 19 15
53 20 46
53 21 80
53 22 32
53 23 59
53 24 29
53 25 44
53 26 76
53 27 27
53 28 28
53 29 10
53 30 32
53 31 66
53 32 49
53 33 42
53 34 49
53 35 18
53 36 36
53 37 49
53 38 13
53 39 65
53 40 50
53 41 18
53 42 82
53 43 27
53 44 48
53 45 70
53 46 44
53 47 11
53 48 72
53 49 40
53 50 45
53 51 36
53 52 27
53 54 72
53 55 66
53 56 95
53 57 83
53 58 86
53 59 50
53 60 83
53 61 84
53 62 19
53 63 51
53 64 71
53 65 71
53 66 92
53 67 77
53 68 30
53 69 100
53 70 70
53 71 88
53 72 37
53 73 27
53 74 65
53 75 102
53 76 50
53 77 24
53 78 50
53 79 77
53 80 51
53 81 63
53 82 18
53 83 69
53 84 39
53 85 55
53 86 73
53 87 82
53 88 32
53 89 54
53 90 53
53 91 78
53 92 12
53 93 78
53 94 40
53 95 10
53 96 6
53 97 43
53 98 77
53 99 77
53 100 15
54 0 2
54 1 96
54 2 23
54 3 101
54 4 110
54 5 19
54 6 108
54 7 55
54 8 91
54 9 95
54 10 35
54 11 114
54 12 69
54 13 110
54 14 87
54 15 89
54 16 11
54 17 40
54 18 69
54 19 53
54 20 69
54 21 87
54 22 79
54 23 63
54 24 20
54 25 92
54 26 61
54 27 75
54 28 73
54 29 39
54 30 79
54 31 58
54 32 74
54 33 90
54 34 94
54 35 47
54 36 82
54 37 48
54 38 55
54 39 66
54 40 57
54 41 47
54 42 70
54 43 73
54 44 80
54 45 92
54 46 76
54 47 55
54 48 85
54 49 84
54 50 41
54 51 21
54 52 70
54 53 60
54 55 63
54 56 104
54 57 61
54 58 67
54 59 22
54 60 87
54 61 77
54 62 52
54 63 64
54 64 66
54 65 85
54 66 98
54 67 52
54 68 25
54 69 79
54 70 59
54 71 81
54 72 11
54 73 34
54 74 46
54 75 110
54 76 55
54 77 11
54 78 41
54 79 84
54 80 34
54 81 39
54 82 47
54 83 51
54 84 11
54 85 81
54 86 88
54 87 57
54 88 22
54 89 25
54 90 77
54 91 65
54 92 27
54 93 73
54 94 63
54 95 25
54 96 39
54 97 64
54 98 55
54 99 75
54 100 19
55 0 109
55 1 62
55 2 87
55 3 13
55 4 4
55 5 92
55 6 17
55 7 63
55 8 63
55 9 19
55 10 74
55 11 11
55 12 81
55 13 3
55 14 31
55 15 39
55 16 97
55 17 87
55 18 85
55 19 61
55 20 39
55 21 53
55 22 54
55 23 58
55 24 89
55 25 71
55 26 84
55 27 60
55 28 81
55 29 78
55 30 77
55 31 73
55 32 35
55 33 70
55 34 39
55 35 92
55 36 47
55 37 67
55 38 82
55 39 61
55 40 57
55 41 92
55 42 82
55 43 54
55 44 28
55 45 26
55 46 33
55 47 64
55 48 42
55 49 41
55 50 72
55 51 87
55 52 86
55 53 67
55 54 85
55 56 84
55 57 17
55 58 13
55 59 89
55 60 63
55 61 37
55 62 109
55 63 77
55 64 42
55 65 84
55 66 75
55 67 29
55 68 68
55 69 1
55 70 34
55 71 38
55 72 68
55 73 74
55 74 34
55 75 85
55 76 64
55 77 86
55 78 50
55 79 69
55 80 48
55 81 39
55 82 96
55 83 30
55 84 67
55 85 110
55 86 88
55 87 23
55 88 67
55 89 53
55 90 100
55 91 25
55 92 87
55 93 43
55 94 94
55 95 95
55 96 101
55 97 92
55 98 23
55 99 50
55 100 87
56 0 104
56 1 33
56 2 87
56 3 19
56 4 28
56 5 85
56 6 47
56 7 73
56 8 35
56 9 16
56 10 69
56 11 24
56 12 58
56 13 30
56 14 17
56 15 15
56 16 94
56 17 94
56 18 63
56 19 51
56 20 46
56 21 75
56 22 31
56 23 71
56 24 83
56 25 42
56 26 97
56 27 38
56 28 57
56 29 67
56 30 52
56 31 85
56 32 43
56 33 42
56 34 12
56 35 75
56 36 25
56 37 74
56 38 64
56 39 76
56 40 66
56 41 75
56 42 98
56 43 34
56 44 32
56 45 49
56 46 33
56 47 51
56 48 63
56 49 20
56 50 77
56 51 85
56 52 63
56 53 49
56 54 59
56 55 64
56 57 103
56 58 102
56 59 84
56 60 80
56 61 90
56 62 15
56 63 45
56 64 79
56 65 59
56 66 84
56 67 101
56 68 53
56 69 117
56 70 82
56 71 94
56 72 67
56 73 43
56 74 84
56 75 92
56 76 53
56 77 57
56 78 65
56 79 72
56 80 72
56 81 86
56 82 21
56 83 87
56 84 69
56 85 29
56 86 59
56 87 104
56 88 57
56 89 81
56 90 32
56 91 92
56 92 39
56 93 83
56 94 26
56 95 43
56 96 28
56 97 30
56 98 98
56 99 80
56 100 47
57 0 81
57 1 113
57 2 58
57 3 79
57 4 80
57 5 78
57 6 63
57 7 33
57 8 111
57 9 79
57 10 65
57 11 86
57 12 108
57 13 78
57 14 81
57 15 91
57 16 70
57 17 40
57 18 111
57 19 74
57 20 51
57 21 24
57 22 95
57 23 28
57 24 74
57 25 116
57 26 19
57 27 97
57 28 111
57 29 80
57 30 112
57 31 22
57 32 53
57 33 115
57 34 95
57 35 101
57 36 91
57 37 38
57 38 99
57 39 22
57 40 37
57 41 101
57 42 12
57 43 90
57 44 64
57 45 50
57 46 64
57 47 81
57 48 34
57 49 88
57 50 44
57 51 65
57 52 113
57 53 90
57 54 121
57 55 31
57 56 71
57 58 22
57 59 101
57 60 45
57 61 21
57 62 106
57 63 67
57 64 31
57 65 68
57 66 55
57 67 45
57 68 70
57 69 23
57 70 29
57 71 19
57 72 76
57 73 73
57 74 40
57 75 64
57 76 56
57 77 92
57 78 50
57 79 52
57 80 53
57 81 49
57 82 93
57 83 35
57 84 75
57 85 99
57 86 72
57 87 41
57 88 70
57 89 64
57 90 89
57 91 22
57 92 88
57 93 28
57 94 86
57 95 98
57 96 101
57 97 83
57 98 37
57 99 34
57 100 91
58 0 34
58 1 71
58 2 15
58 3 68
58 4 78
58 5 20
58 6 76
58 7 29
58 8 67
58 9 63
58 10 6
58 11 81
58 12 53
58 13 78
58 14 55
58 15 59
58 16 22
58 17 31
58 18 55
58 19 24
58 20 36
58 21 61
58 22 52
58 23 37
58 24 16
58 25 70
58 26 48
58 27 51
58 28 57
58 29 21
58 30 60
58 31 39
58 32 41
58 33 68
58 34 64
58 35 41
58 36 53
58 37 23
58 38 41
58 39 41
58 40 29
58 41 40
58 42 55
58 43 46
58 44 47
58 45 60
58 46 43
58 47 29
58 48 56
58 49 55
58 50 17
58 51 13
58 52 57
58 53 38
58 54 67
58 55 50
58 56 30
58 57 49
58 59 85
58 60 41
58 61 16
58 62 90
58 63 55
58 64 18
58 65 61
58 66 54
58 67 33
58 68 53
58 69 24
58 70 13
58 71 18
58 72 58
58 73 56
58 74 24
58 75 65
58 76 42
58 77 74
58 78 33
58 79 47
58 80 35
58 81 33
58 82 77
58 83 19
58 84 58
58 85 87
58 86 65
58 87 30
58 88 52
58 89 48
58 90 78
58 91 4
58 92 71
58 93 20
58 94 72
58 95 80
58 96 84
58 97 70
58 98 24
58 99 27
58 100 73
59 0 92
59 1 34
59 2 74
59 3 17
59 4 29
59 5 73
59 6 43
59 7 60
59 8 35
59 9 10
59 10 56
59 11 28
59 12 52
59 13 31
59 14 4
59 15 10
59 16 81
59 17 81
59 18 57
59 19 39
59 20 34
59 21 65
59 22 25
59 23 59
59 24 71
59 25 42
59 26 85
59 27 31
59 28 52
59 29 55
59 30 48
59 31 73
59 32 31
59 33 42
59 34 12
59 35 66
59 36 18
59 37 61
59 38 55
59 39 64
59 40 53
59 41 66
59 42 86
59 43 25
59 44 20
59 45 41
59 46 21
59 47 40
59 48 53
59 49 11
59 50 63
59 51 72
59 52 57
59 53 40
59 54 56
59 55 54
59 56 30
59 57 35
59 58 73
59 60 63
59 61 79
59 62 35
59 63 32
59 64 69
59 65 39
59 66 64
59 67 100
59 68 57
59 69 111
59 70 75
59 71 82
59 72 75
59 73 47
59 74 82
59 75 71
59 76 45
59 77 70
59 78 63
59 79 54
59 80 73
59 81 87
59 82 32
59 83 83
59 84 77
59 85 5
59 86 38
59 87 102
59 88 62
59 89 86
59 90 11
59 91 85
59 92 51
59 93 72
59 94 16
59 95 59
59 96 45
59 97 18
59 98 96
59 99 67
59 100 60
60 0 57
60 1 99
60 2 34
60 3 76
60 4 80
60 5 54
60 6 69
60 7 16
60 8 96
60 9 74
60 10 43
60 11 86
60 12 89
60 13 79
60 14 72
60 15 80
60 16 46
60 17 16
60 18 92
60 19 56
60 20 42
60 21 35
60 22 80
60 23 18
60 24 50
60 25 101
60 26 11
60 27 81
60 28 92
60 29 59
60 30 95
60 31 4
60 32 45
60 33 99
60 34 85
60 35 79
60 36 78
60 37 18
60 38 79
60 39 16
60 40 22
60 41 79
60 42 17
60 43 74
60 44 56
60 45 52
60 46 55
60 47 62
60 48 39
60 49 76
60 50 21
60 51 40
60 52 93
60 53 71
60 54 103
60 55 33
60 56 55
60 57 81
60 58 14
60 59 6
60 61 56
60 62 43
60 63 9
60 64 46
60 65 22
60 66 46
60 67 81
60 68 44
60 69 88
60 70 53
60 71 59
60 72 63
60 73 34
60 74 62
60 75 54
60 76 23
60 77 63
60 78 44
60 79 33
60 80 55
60 81 68
60 82 33
60 83 62
60 84 64
60 85 23
60 86 23
60 87 82
60 88 48
60 89 70
60 90 13
60 91 62
60 92 45
60 93 48
60 94 13
60 95 56
60 96 47
60 97 9
60 98 75
60 99 44
60 100 55
61 0 38
61 1 63
61 2 44
61 3 85
61 4 97
61 5 24
61 6 102
61 7 66
61 8 59
61 9 79
61 10 33
61 11 98
61 12 32
61 13 98
61 14 67
61 15 65
61 16 38
61 17 65
61 18 31
61 19 35
61 20 64
61 21 96
61 22 51
61 23 73
61 24 27
61 25 57
61 26 84
61 27 45
61 28 36
61 29 20
61 30 43
61 31 76
61 32 68
61 33 55
61 34 69
61 35 9
61 36 56
61 37 60
61 38 19
61 39 78
61 40 64
61 41 8
61 42 92
61 43 47
61 44 68
61 45 89
61 46 64
61 47 32
61 48 89
61 49 61
61 50 54
61 51 37
61 52 32
61 53 32
61 54 45
61 55 84
61 56 44
61 57 41
61 58 85
61 59 77
61 60 68
61 62 36
61 63 21
61 64 41
61 65 42
61 66 60
61 67 62
61 68 20
61 69 76
61 70 42
61 71 57
61 72 38
61 73 10
61 74 44
61 75 71
61 76 17
61 77 40
61 78 25
61 79 45
61 80 34
61 81 48
61 82 22
61 83 46
61 84 40
61 85 42
61 86 45
61 87 64
61 88 24
61 89 47
61 90 35
61 91 51
61 92 24
61 93 46
61 94 23
61 95 36
61 96 33
61 97 23
61 98 58
61 99 44
61 100 32
62 0 67
62 1 30
62 2 61
62 3 60
62 4 72
62 5 48
62 6 83
62 7 68
62 8 25
62 9 53
62 10 42
62 11 72
62 12 9
62 13 74
62 14 41
62 15 35
62 16 62
62 17 78
62 18 14
62 19 26
62 20 53
62 21 90
62 22 19
62 23 72
62 24 49
62 25 25
62 26 92
62 27 13
62 28 11
62 29 29
62 30 13
62 31 81
62 32 55
62 33 22
62 34 38
62 35 26
62 36 26
62 37 64
62 38 14
62 39 78
62 40 63
62 41 27
62 42 97
62 43 18
62 44 50
62 45 75
62 46 46
62 47 19
62 48 80
62 49 32
62 50 62
62 51 55
62 52 15
62 53 10
62 54 21
62 55 77
62 56 30
62 57 8
62 58 86
62 59 82
62 60 36
62 61 82
62 63 49
62 64 34
62 65 38
62 66 16
62 67 76
62 68 74
62 69 63
62 70 43
62 71 25
62 72 88
62 73 71
62 74 61
62 75 23
62 76 47
62 77 99
62 78 57
62 79 22
62 80 67
62 81 72
62 82 83
62 83 58
62 84 88
62 85 74
62 86 40
62 87 73
62 88 76
62 89 84
62 90 65
62 91 45
62 92 87
62 93 27
62 94 68
62 95 99
62 96 96
62 97 64
62 98 67
62 99 23
62 100 94
63 0 13
63 1 86
63 2 14
63 3 89
63 4 99
63 5 11
63 6 97
63 7 45
63 8 81
63 9 84
63 10 23
63 11 102
63 12 61
63 13 99
63 14 75
63 15 78
63 16 4
63 17 34
63 18 61
63 19 41
63 20 57
63 21 78
63 22 68
63 23 53
63 24 9
63 25 83
63 26 56
63 27 65
63 28 65
63 29 29
63 30 70
63 31 51
63 32 62
63 33 80
63 34 83
63 35 41
63 36 70
63 37 38
63 38 47
63 39 57
63 40 47
63 41 41
63 42 64
63 43 63
63 44 68
63 45 81
63 46 64
63 47 44
63 48 75
63 49 73
63 50 31
63 51 9
63 52 63
63 53 50
63 54 76
63 55 69
63 56 49
63 57 62
63 58 61
63 59 52
63 60 84
63 61 95
63 62 99
63 64 37
63 65 44
63 66 60
63 67 55
63 68 15
63 69 70
63 70 37
63 71 54
63 72 34
63 73 8
63 74 38
63 75 72
63 76 16
63 77 38
63 78 19
63 79 45
63 80 27
63 81 41
63 82 27
63 83 40
63 84 35
63 85 48
63 86 48
63 87 58
63 88 19
63 89 41
63 90 41
63 91 46
63 92 25
63 93 43
63 94 29
63 95 36
63 96 36
63 97 28
63 98 52
63 99 42
63 100 31
64 0 61
64 1 39
64 2 47
64 3 45
64 4 57
64 5 42
64 6 64
64 7 47
64 8 36
64 9 39
64 10 28
64 11 58
64 12 31
64 13 58
64 14 28
64 15 28
64 16 52
64 17 60
64 18 35
64 19 8
64 20 31
64 21 67
64 22 20
64 23 50
64 24 41
64 25 40
64 26 72
64 27 20
64 28 34
64 29 24
64 30 34
64 31 60
64 32 33
64 33 38
64 34 33
64 35 36
64 36 21
64 37 44
64 38 28
64 39 56
64 40 42
64 41 37
64 42 76
64 43 14
64 44 30
64 45 53
64 46 26
64 47 8
64 48 58
64 49 24
64 50 43
64 51 43
64 52 37
64 53 13
64 54 43
64 55 55
64 56 7
64 57 19
64 58 65
64 59 60
64 60 35
64 61 62
64 62 54
64 63 59
64 65 40
64 66 59
64 67 64
64 68 22
64 69 78
64 70 44
64 71 58
64 72 41
64 73 12
64 74 47
64 75 70
64 76 17
64 77 42
64 78 28
64 79 44
64 80 36
64 81 50
64 82 21
64 83 49
64 84 42
64 85 39
64 86 43
64 87 67
64 88 27
64 89 49
64 90 32
64 91 53
64 92 25
64 93 47
64 94 20
64 95 37
64 96 32
64 97 20
64 98 61
64 99 45
64 100 34
65 0 101
65 1 33
65 2 84
65 3 17
65 4 27
65 5 82
65 6 46
65 7 70
65 8 34
65 9 14
65 10 66
65 11 25
65 12 56
65 13 30
65 14 14
65 15 13
65 16 91
65 17 91
65 18 61
65 19 48
65 20 43
65 21 73
65 22 30
65 23 68
65 24 80
65 25 42
65 26 94
65 27 36
65 28 56
65 29 64
65 30 51
65 31 82
65 32 40
65 33 42
65 34 11
65 35 73
65 36 23
65 37 71
65 38 62
65 39 73
65 40 63
65 41 73
65 42 96
65 43 32
65 44 29
65 45 47
65 46 30
65 47 48
65 48 61
65 49 17
65 50 73
65 51 82
65 52 61
65 53 47
65 54 58
65 55 62
65 56 40
65 57 40
65 58 82
65 59 82
65 60 15
65 61 45
65 62 17
65 63 31
65 64 71
65 66 89
65 67 85
65 68 36
65 69 105
65 70 73
65 71 90
65 72 47
65 73 30
65 74 70
65 75 98
65 76 49
65 77 34
65 78 53
65 79 75
65 80 57
65 81 70
65 82 12
65 83 74
65 84 48
65 85 46
65 86 68
65 87 89
65 88 39
65 89 62
65 90 45
65 91 82
65 92 19
65 93 78
65 94 33
65 95 21
65 96 5
65 97 36
65 98 83
65 99 77
65 100 25
66 0 60
66 1 94
66 2 36
66 3 69
66 4 74
66 5 54
66 6 62
66 7 11
66 8 91
66 9 67
66 10 42
66 11 79
66 12 86
66 13 72
66 14 66
66 15 74
66 16 48
66 17 21
66 18 89
66 19 52
66 20 36
66 21 30
66 22 75
66 23 11
66 24 50
66 25 97
66 26 16
66 27 76
66 28 89
66 29 57
66 30 91
66 31 3
66 32 39
66 33 95
66 34 79
66 35 78
66 36 73
66 37 15
66 38 76
66 39 10
66 40 16
66 41 77
66 42 19
66 43 70
66 44 50
66 45 45
66 46 49
66 47 59
66 48 32
66 49 71
66 50 20
66 51 41
66 52 90
66 53 68
66 54 99
66 55 27
66 56 51
66 57 76
66 58 11
66 59 3
66 60 83
66 61 61
66 62 81
66 63 73
66 64 63
66 65 71
66 67 39
66 68 60
66 69 23
66 70 20
66 71 15
66 72 66
66 73 63
66 74 31
66 75 63
66 76 48
66 77 82
66 78 40
66 79 47
66 80 43
66 81 41
66 82 84
66 83 26
66 84 66
66 85 91
66 86 67
66 87 35
66 88 60
66 89 55
66 90 82
66 91 12
66 92 78
66 93 21
66 94 78
66 95 88
66 96 91
66 97 75
66 98 30
66 99 28
66 100 81
67 0 68
67 1 76
67 2 44
67 3 47
67 4 52
67 5 56
67 6 43
67 7 15
67 8 73
67 9 45
67 10 39
67 11 57
67 12 73
67 13 51
67 14 45
67 15 54
67 16 56
67 17 39
67 18 77
67 19 40
67 20 14
67 21 26
67 22 58
67 23 11
67 24 52
67 25 79
67 26 38
67 27 60
67 28 76
67 29 51
67 30 76
67 31 26
67 32 17
67 33 78
67 34 58
67 35 71
67 36 54
67 37 20
67 38 66
67 39 16
67 40 10
67 41 71
67 42 39
67 43 53
67 44 28
67 45 26
67 46 27
67 47 47
67 48 19
67 49 51
67 50 26
67 51 46
67 52 78
67 53 55
67 54 85
67 55 14
67 56 35
67 57 61
67 58 25
67 59 25
67 60 63
67 61 42
67 62 58
67 63 51
67 64 59
67 65 62
67 66 46
67 68 25
67 69 92
67 70 60
67 71 76
67 72 40
67 73 17
67 74 58
67 75 86
67 76 35
67 77 33
67 78 41
67 79 61
67 80 45
67 81 59
67 82 6
67 83 61
67 84 42
67 85 41
67 86 57
67 87 77
67 88 29
67 89 54
67 90 38
67 91 69
67 92 14
67 93 64
67 94 24
67 95 23
67 96 15
67 97 27
67 98 72
67 99 63
67 100 23
68 0 114
68 1 61
68 2 92
68 3 14
68 4 2
68 5 97
68 6 22
68 7 69
68 8 63
68 9 21
68 10 78
68 11 5
68 12 82
68 13 4
68 14 33
68 15 39
68 16 102
68 17 93
68 18 87
68 19 65
68 20 45
68 21 59
68 22 55
68 23 64
68 24 94
68 25 70
68 26 90
68 27 61
68 28 82
68 29 81
68 30 78
68 31 79
68 32 40
68 33 70
68 34 39
68 35 95
68 36 48
68 37 73
68 38 85
68 39 68
68 40 63
68 41 95
68 42 88
68 43 56
68 44 33
68 45 33
68 46 37
68 47 67
68 48 48
68 49 42
68 50 78
68 51 92
68 52 87
68 53 69
68 54 86
68 55 52
68 56 55
68 57 66
68 58 75
68 59 78
68 60 44
68 61 22
68 62 13
68 63 4
68 64 90
68 65 82
68 66 87
68 67 46
68 69 41
68 70 39
68 71 59
68 72 33
68 73 52
68 74 21
68 75 101
68 76 57
68 77 51
68 78 36
68 79 78
68 80 25
68 81 11
68 82 74
68 83 24
68 84 32
68 85 100
68 86 91
68 87 17
68 88 39
68 89 16
68 90 92
68 91 38
68 92 59
68 93 55
68 94 81
68 95 63
68 96 74
68 97 80
68 98 18
68 99 61
68 100 55
69 0 31
69 1 70
69 2 38
69 3 88
69 4 99
69 5 17
69 6 103
69 7 62
69 8 65
69 9 82
69 10 30
69 11 101
69 12 40
69 13 100
69 14 71
69 15 70
69 16 31
69 17 59
69 18 39
69 19 37
69 20 64
69 21 94
69 22 56
69 23 70
69 24 21
69 25 65
69 26 79
69 27 51
69 28 44
69 29 20
69 30 50
69 31 72
69 32 69
69 33 62
69 34 74
69 35 17
69 36 61
69 37 56
69 38 26
69 39 75
69 40 62
69 41 16
69 42 87
69 43 52
69 44 70
69 45 89
69 46 66
69 47 35
69 48 88
69 49 65
69 50 50
69 51 31
69 52 40
69 53 37
69 54 53
69 55 83
69 56 46
69 57 47
69 58 81
69 59 73
69 60 74
69 61 102
69 62 97
69 63 101
69 64 12
69 65 24
69 66 25
69 67 71
69 68 51
69 70 13
69 71 21
69 72 53
69 73 41
69 74 28
69 75 52
69 76 22
69 77 66
69 78 22
69 79 28
69 80 32
69 81 39
69 82 59
69 83 26
69 84 54
69 85 65
69 86 44
69 87 45
69 88 43
69 89 49
69 90 56
69 91 20
69 92 57
69 93 10
69 94 51
69 95 68
69 96 68
69 97 48
69 98 38
69 99 12
69 100 62
70 0 23
70 1 73
70 2 26
70 3 84
70 4 95
70 5 6
70 6 97
70 7 52
70 8 69
70 9 78
70 10 21
70 11 98
70 12 46
70 13 96
70 14 68
70 15 69
70 16 20
70 17 48
70 18 46
70 19 33
70 20 57
70 21 84
70 22 57
70 23 60
70 24 10
70 25 69
70 26 68
70 27 53
70 28 50
70 29 17
70 30 56
70 31 61
70 32 62
70 33 67
70 34 74
70 35 25
70 36 61
70 37 46
70 38 32
70 39 65
70 40 52
70 41 25
70 42 76
70 43 52
70 44 65
70 45 82
70 46 61
70 47 34
70 48 79
70 49 64
70 50 39
70 51 19
70 52 47
70 53 38
70 54 60
70 55 74
70 56 43
70 57 49
70 58 70
70 59 62
70 60 74
70 61 95
70 62 94
70 63 97
70 64 13
70 65 29
70 66 14
70 67 63
70 68 41
70 69 88
70 71 19
70 72 52
70 73 45
70 74 22
70 75 59
70 76 30
70 77 66
70 78 23
70 79 37
70 80 29
70 81 32
70 82 65
70 83 19
70 84 52
70 85 74
70 86 54
70 87 36
70 88 44
70 89 45
70 90 65
70 91 11
70 92 60
70 93 13
70 94 60
70 95 71
70 96 73
70 97 57
70 98 29
70 99 19
70 100 64
71 0 58
71 1 55
71 2 38
71 3 44
71 4 54
71 5 41
71 6 54
71 7 29
71 8 52
71 9 39
71 10 22
71 11 57
71 12 48
71 13 54
71 14 32
71 15 37
71 16 47
71 17 46
71 18 52
71 19 15
71 20 16
71 21 51
71 22 36
71 23 32
71 24 38
71 25 57
71 26 55
71 27 37
71 28 51
71 29 29
71 30 52
71 31 43
71 32 20
71 33 55
71 34 43
71 35 48
71 36 34
71 37 28
71 38 42
71 39 38
71 40 24
71 41 48
71 42 59
71 43 30
71 44 23
71 45 41
71 46 19
71 47 22
71 48 42
71 49 33
71 50 29
71 51 37
71 52 53
71 53 30
71 54 60
71 55 38
71 56 11
71 57 37
71 58 47
71 59 43
71 60 46
71 61 53
71 62 54
71 63 55
71 64 38
71 65 38
71 66 31
71 67 24
71 68 20
71 69 46
71 70 52
71 72 46
71 73 34
71 74 25
71 75 57
71 76 17
71 77 58
71 78 15
71 79 32
71 80 26
71 81 34
71 82 53
71 83 24
71 84 47
71 85 63
71 86 46
71 87 43
71 88 35
71 89 43
71 90 53
71 91 22
71 92 50
71 93 17
71 94 47
71 95 61
71 96 62
71 97 45
71 98 37
71 99 19
71 100 54
72 0 86
72 1 103
72 2 62
72 3 65
72 4 65
72 5 79
72 6 48
72 7 31
72 8 101
72 9 66
72 10 64
72 11 72
72 12 102
72 13 63
72 14 69
72 15 79
72 16 74
72 17 47
72 18 106
72 19 69
72 20 42
72 21 8
72 22 86
72 23 24
72 24 75
72 25 107
72 26 31
72 27 88
72 28 105
72 29 78
72 30 105
72 31 27
72 32 42
72 33 106
72 34 83
72 35 99
72 36 81
72 37 38
72 38 95
72 39 19
72 40 32
72 41 98
72 42 25
72 43 81
72 44 52
72 45 35
72 46 53
72 47 75
72 48 19
72 49 77
72 50 45
72 51 67
72 52 107
72 53 83
72 54 114
72 55 18
72 56 64
72 57 90
72 58 16
72 59 25
72 60 88
72 61 47
72 62 75
72 63 63
72 64 85
72 65 90
72 66 69
72 67 32
72 68 43
72 69 43
72 70 46
72 71 99
72 73 22
72 74 61
72 75 74
72 76 29
72 77 46
72 78 42
72 79 51
72 80 50
72 81 64
72 82 12
72 83 63
72 84 52
72 85 28
72 86 44
72 87 81
72 88 37
72 89 61
72 90 24
72 91 67
72 92 27
72 93 59
72 94 10
72 95 37
72 96 27
72 97 13
72 98 75
72 99 56
72 100 37
73 0 48
73 1 48
73 2 39
73 3 61
73 4 73
73 5 28
73 6 78
73 7 49
73 8 44
73 9 55
73 10 20
73 11 74
73 12 27
73 13 74
73 14 44
73 15 43
73 16 41
73 17 57
73 18 30
73 19 11
73 20 41
73 21 76
73 22 31
73 23 55
73 24 28
73 25 45
73 26 72
73 27 27
73 28 31
73 29 9
73 30 35
73 31 62
73 32 45
73 33 43
73 34 48
73 35 22
73 36 35
73 37 45
73 38 17
73 39 61
73 40 46
73 41 22
73 42 78
73 43 26
73 44 44
73 45 66
73 46 40
73 47 8
73 48 67
73 49 38
73 50 41
73 51 34
73 52 31
73 53 13
73 54 42
73 55 63
73 56 20
73 57 24
73 58 69
73 59 63
73 60 48
73 61 77
73 62 69
73 63 74
73 64 15
73 65 12
73 66 24
73 67 50
73 68 37
73 69 70
73 70 76
73 71 25
73 72 82
73 74 72
73 75 59
73 76 34
73 77 68
73 78 54
73 79 42
73 80 64
73 81 78
73 82 33
73 83 73
73 84 72
73 85 12
73 86 27
73 87 93
73 88 56
73 89 79
73 90 3
73 91 73
73 92 49
73 93 59
73 94 12
73 95 59
73 96 48
73 97 10
73 98 86
73 99 54
73 100 59
74 0 85
74 1 36
74 2 66
74 3 21
74 4 33
74 5 66
74 6 44
74 7 53
74 8 35
74 9 14
74 10 49
74 11 33
74 12 48
74 13 34
74 14 3
74 15 12
74 16 74
74 17 74
74 18 53
74 19 32
74 20 28
74 21 61
74 22 23
74 23 53
74 24 64
74 25 42
74 26 79
74 27 28
74 28 49
74 29 49
74 30 46
74 31 66
74 32 26
74 33 42
74 34 16
74 35 61
74 36 16
74 37 54
74 38 50
74 39 58
74 40 47
74 41 61
74 42 81
74 43 22
74 44 15
74 45 39
74 46 15
74 47 33
74 48 50
74 49 10
74 50 56
74 51 64
74 52 54
74 53 35
74 54 54
74 55 49
74 56 23
74 57 32
74 58 67
74 59 66
74 60 21
74 61 43
74 62 29
74 63 35
74 64 56
74 65 48
74 66 57
74 67 36
74 68 47
74 69 38
74 70 42
74 71 45
74 72 41
74 73 51
74 75 22
74 76 41
74 77 93
74 78 61
74 79 18
74 80 73
74 81 83
74 82 66
74 83 72
74 84 89
74 85 45
74 86 11
74 87 91
74 88 74
74 89 90
74 90 38
74 91 65
74 92 77
74 93 45
74 94 46
74 95 89
74 96 81
74 97 42
74 98 84
74 99 38
74 100 85
75 0 56
75 1 42
75 2 52
75 3 67
75 4 79
75 5 37
75 6 87
75 7 63
75 8 37
75 9 60
75 10 34
75 11 79
75 12 14
75 13 80
75 14 48
75 15 44
75 16 51
75 17 71
75 18 15
75 19 23
75 20 53
75 21 89
75 22 29
75 23 69
75 24 38
75 25 36
75 26 87
75 27 23
75 28 18
75 29 20
75 30 23
75 31 76
75 32 56
75 33 34
75 34 48
75 35 15
75 36 35
75 37 59
75 38 4
75 39 75
75 40 60
75 41 16
75 42 92
75 43 26
75 44 53
75 45 77
75 46 49
75 47 17
75 48 80
75 49 40
75 50 56
75 51 46
75 52 17
75 53 11
75 54 28
75 55 76
75 56 30
75 57 19
75 58 83
75 59 77
75 60 46
75 61 86
75 62 73
75 63 81
75 64 20
75 65 4
75 66 36
75 67 62
75 68 51
75 69 79
75 70 85
75 71 12
75 72 87
75 73 27
75 74 12
75 76 68
75 77 86
75 78 52
75 79 74
75 80 49
75 81 38
75 82 98
75 83 31
75 84 67
75 85 113
75 86 92
75 87 21
75 88 68
75 89 53
75 90 104
75 91 29
75 92 88
75 93 47
75 94 97
75 95 95
75 96 103
75 97 95
75 98 23
75 99 54
75 100 88
76 0 68
76 1 102
76 2 45
76 3 73
76 4 76
76 5 64
76 6 62
76 7 19
76 8 99
76 9 72
76 10 51
76 11 82
76 12 95
76 13 74
76 14 72
76 15 81
76 16 57
76 17 28
76 18 98
76 19 61
76 20 41
76 21 25
76 22 83
76 23 16
76 24 60
76 25 105
76 26 12
76 27 85
76 28 98
76 29 66
76 30 100
76 31 8
76 32 44
76 33 103
76 34 85
76 35 87
76 36 80
76 37 24
76 38 86
76 39 11
76 40 24
76 41 87
76 42 11
76 43 78
76 44 55
76 45 46
76 46 55
76 47 68
76 48 31
76 49 78
76 50 30
76 51 51
76 52 99
76 53 77
76 54 108
76 55 26
76 56 59
76 57 85
76 58 4
76 59 7
76 60 90
76 61 61
76 62 84
76 63 75
76 64 73
76 65 81
76 66 55
76 67 34
76 68 32
76 69 56
76 70 59
76 71 92
76 72 86
76 73 60
76 74 90
76 75 39
76 77 85
76 78 45
76 79 11
76 80 55
76 81 62
76 82 69
76 83 49
76 84 76
76 85 62
76 86 31
76 87 67
76 88 63
76 89 73
76 90 53
76 91 39
76 92 73
76 93 19
76 94 54
76 95 85
76 96 82
76 97 50
76 98 60
76 99 12
76 100 80
77 0 97
77 1 85
77 2 72
77 3 41
77 4 39
77 5 84
77 6 21
77 7 41
77 8 84
77 9 43
77 10 66
77 11 45
77 12 92
77 13 37
77 14 50
77 15 60
77 16 84
77 17 64
77 18 97
77 19 62
77 20 32
77 21 19
77 22 71
77 23 33
77 24 80
77 25 91
77 26 54
77 27 75
77 28 94
77 29 76
77 30 93
77 31 46
77 32 29
77 33 90
77 34 63
77 35 95
77 36 65
77 37 47
77 38 89
77 39 34
77 40 38
77 41 95
77 42 51
77 43 67
77 44 35
77 45 10
77 46 38
77 47 68
77 48 11
77 49 59
77 50 54
77 51 75
77 52 98
77 53 75
77 54 102
77 55 17
77 56 55
77 57 78
77 58 38
77 59 44
77 60 69
77 61 20
77 62 50
77 63 36
77 64 85
77 65 85
77 66 73
77 67 24
77 68 48
77 69 17
77 70 18
77 71 89
77 72 47
77 73 73
77 74 96
77 75 62
77 76 31
77 78 43
77 79 70
77 80 45
77 81 58
77 82 14
77 83 63
77 84 37
77 85 51
77 86 67
77 87 77
77 88 27
77 89 50
77 90 48
77 91 72
77 92 7
77 93 70
77 94 34
77 95 13
77 96 9
77 97 37
77 98 72
77 99 69
77 100 15
78 0 96
78 1 24
78 2 80
78 3 26
78 4 37
78 5 76
78 6 53
78 7 69
78 8 25
78 9 20
78 10 61
78 11 34
78 12 47
78 13 39
78 14 14
78 15 6
78 16 86
78 17 89
78 18 52
78 19 42
78 20 44
78 21 77
78 22 21
78 23 69
78 24 75
78 25 32
78 26 95
78 27 27
78 28 46
78 29 57
78 30 41
78 31 83
78 32 42
78 33 33
78 34 1
78 35 64
78 36 14
78 37 70
78 38 53
78 39 74
78 40 63
78 41 65
78 42 97
78 43 24
78 44 31
78 45 53
78 46 31
78 47 41
78 48 65
78 49 11
78 50 71
78 51 77
78 52 52
78 53 39
78 54 48
78 55 65
78 56 35
78 57 31
78 58 83
78 59 82
78 60 6
78 61 52
78 62 27
78 63 40
78 64 64
78 65 52
78 66 69
78 67 52
78 68 63
78 69 49
78 70 53
78 71 44
78 72 42
78 73 62
78 74 61
78 75 72
78 76 72
78 77 83
78 79 63
78 80 35
78 81 27
78 82 84
78 83 17
78 84 55
78 85 99
78 86 80
78 87 15
78 88 54
78 89 42
78 90 90
78 91 16
78 92 74
78 93 36
78 94 83
78 95 82
78 96 89
78 97 81
78 98 12
78 99 43
78 100 75
79 0 67
79 1 36
79 2 52
79 3 40
79 4 52
79 5 47
79 6 59
79 7 48
79 8 33
79 9 33
79 10 32
79 11 53
79 12 34
79 13 53
79 14 22
79 15 23
79 16 57
79 17 64
79 18 38
79 19 14
79 20 29
79 21 66
79 22 17
79 23 50
79 24 46
79 25 38
79 26 74
79 27 18
79 28 36
79 29 29
79 30 35
79 31 62
79 32 30
79 33 36
79 34 28
79 35 42
79 36 16
79 37 46
79 38 32
79 39 56
79 40 42
79 41 42
79 42 77
79 43 11
79 44 25
79 45 50
79 46 22
79 47 14
79 48 56
79 49 18
79 50 46
79 51 48
79 52 39
79 53 17
79 54 44
79 55 53
79 56 8
79 57 20
79 58 65
79 59 62
79 60 30
79 61 58
79 62 48
79 63 54
79 64 37
79 65 29
79 66 40
79 67 38
79 68 38
79 69 52
79 70 57
79 71 30
79 72 61
79 73 33
79 74 40
79 75 44
79 76 54
79 77 59
79 78 38
79 80 53
79 81 63
79 82 54
79 83 53
79 84 70
79 85 44
79 86 17
79 87 72
79 88 55
79 89 70
79 90 35
79 91 47
79 92 60
79 93 29
79 94 37
79 95 72
79 96 67
79 97 33
79 98 65
79 99 23
79 100 68
80 0 115
80 1 69
80 2 92
80 3 20
80 4 9
80 5 98
80 6 14
80 7 67
80 8 70
80 9 26
80 10 79
80 11 14
80 12 88
80 13 7
80 14 38
80 15 46
80 16 103
80 17 90
80 18 93
80 19 68
80 20 44
80 21 53
80 22 62
80 23 61
80 24 95
80 25 78
80 26 86
80 27 68
80 28 89
80 29 84
80 30 85
80 31 75
80 32 39
80 33 78
80 34 47
80 35 99
80 36 54
80 37 71
80 38 89
80 39 63
80 40 61
80 41 99
80 42 83
80 43 61
80 44 35
80 45 27
80 46 39
80 47 71
80 48 43
80 49 48
80 50 76
80 51 93
80 52 94
80 53 74
80 54 93
80 55 47
80 56 58
80 57 72
80 58 70
80 59 74
80 60 51
80 61 14
80 62 22
80 63 6
80 64 93
80 65 87
80 66 88
80 67 44
80 68 68
80 69 18
80 70 15
80 71 85
80 72 14
80 73 85
80 74 98
80 75 82
80 76 60
80 77 82
80 78 88
80 79 86
80 81 80
80 82 18
80 83 80
80 84 65
80 85 23
80 86 51
80 87 98
80 88 52
80 89 76
80 90 25
80 91 84
80 92 37
80 93 75
80 94 17
80 95 44
80 96 29
80 97 21
80 98 92
80 99 71
80 100 46
81 0 47
81 1 50
81 2 37
81 3 60
81 4 71
81 5 28
81 6 76
81 7 46
81 8 45
81 9 54
81 10 18
81 11 73
81 12 30
81 13 72
81 14 43
81 15 43
81 16 39
81 17 54
81 18 33
81 19 9
81 20 39
81 21 73
81 22 32
81 23 52
81 24 27
81 25 48
81 26 69
81 27 29
81 28 34
81 29 9
81 30 37
81 31 59
81 32 42
81 33 45
81 34 48
81 35 25
81 36 35
81 37 42
81 38 20
81 39 57
81 40 43
81 41 25
81 42 75
81 43 27
81 44 42
81 45 64
81 46 38
81 47 8
81 48 65
81 49 38
81 50 38
81 51 32
81 52 34
81 53 15
81 54 44
81 55 61
81 56 18
81 57 26
81 58 65
81 59 59
81 60 48
81 61 74
81 62 69
81 63 73
81 64 16
81 65 15
81 66 22
81 67 47
81 68 34
81 69 68
81 70 74
81 71 28
81 72 81
81 73 14
81 74 26
81 75 33
81 76 57
81 77 52
81 78 39
81 79 55
81 80 59
81 82 34
81 83 38
81 84 17
81 85 64
81 86 66
81 87 51
81 88 1
81 89 26
81 90 58
81 91 49
81 92 19
81 93 53
81 94 45
81 95 27
81 96 35
81 97 45
81 98 46
81 99 54
81 100 20
82 0 70
82 1 35
82 2 54
82 3 38
82 4 50
82 5 50
82 6 58
82 7 49
82 8 32
82 9 31
82 10 35
82 11 50
82 12 34
82 13 51
82 14 20
82 15 20
82 16 60
82 17 66
82 18 39
82 19 16
82 20 29
82 21 66
82 22 16
82 23 51
82 24 49
82 25 37
82 26 75
82 27 18
82 28 36
82 29 32
82 30 35
82 31 63
82 32 30
82 33 35
82 34 25
82 35 44
82 36 14
82 37 48
82 38 34
82 39 57
82 40 44
82 41 44
82 42 79
82 43 10
82 44 24
82 45 49
82 46 21
82 47 16
82 48 56
82 49 16
82 50 48
82 51 51
82 52 40
82 53 18
82 54 44
82 55 53
82 56 10
82 57 19
82 58 66
82 59 63
82 60 27
82 61 57
82 62 46
82 63 52
82 64 39
82 65 31
82 66 43
82 67 39
82 68 40
82 69 51
82 70 56
82 71 31
82 72 59
82 73 36
82 74 42
82 75 47
82 76 55
82 77 61
82 78 38
82 79 65
82 80 39
82 81 17
82 83 33
82 84 31
82 85 55
82 86 52
82 87 51
82 88 16
82 89 35
82 90 47
82 91 40
82 92 28
82 93 39
82 94 36
82 95 39
82 96 40
82 97 35
82 98 45
82 99 40
82 100 33
83 0 77
83 1 26
83 2 63
83 3 37
83 4 49
83 5 57
83 6 61
83 7 58
83 8 23
83 9 30
83 10 43
83 11 49
83 12 32
83 13 51
83 14 18
83 15 14
83 16 68
83 17 75
83 18 36
83 19 24
83 20 37
83 21 73
83 22 7
83 23 60
83 24 56
83 25 29
83 26 84
83 27 12
83 28 32
83 29 38
83 30 29
83 31 72
83 32 37
83 33 28
83 34 18
83 35 46
83 36 6
83 37 57
83 38 35
83 39 66
83 40 52
83 41 46
83 42 87
83 43 5
83 44 29
83 45 54
83 46 26
83 47 22
83 48 62
83 49 10
83 50 57
83 51 59
83 52 37
83 53 19
83 54 38
83 55 61
83 56 19
83 57 15
83 58 75
83 59 72
83 60 19
83 61 59
83 62 43
83 63 52
83 64 44
83 65 33
83 66 50
83 67 46
83 68 49
83 69 54
83 70 59
83 71 29
83 72 57
83 73 43
83 74 43
83 75 55
83 76 63
83 77 70
83 78 33
83 79 74
83 80 40
83 81 23
83 82 70
83 84 42
83 85 93
83 86 78
83 87 12
83 88 42
83 89 29
83 90 84
83 91 18
83 92 63
83 93 37
83 94 75
83 95 70
83 96 78
83 97 74
83 98 5
83 99 44
83 100 63
84 0 41
84 1 62
84 2 46
84 3 85
84 4 97
84 5 26
84 6 102
84 7 67
84 8 57
84 9 78
84 10 34
84 11 98
84 12 30
84 13 98
84 14 67
84 15 64
84 16 40
84 17 67
84 18 29
84 19 35
84 20 65
84 21 97
84 22 49
84 23 74
84 24 29
84 25 56
84 26 86
84 27 44
84 28 34
84 29 20
84 30 41
84 31 78
84 32 69
84 33 53
84 34 68
84 35 6
84 36 55
84 37 61
84 38 18
84 39 79
84 40 65
84 41 6
84 42 93
84 43 46
84 44 68
84 45 90
84 46 64
84 47 31
84 48 90
84 49 60
84 50 56
84 51 39
84 52 30
84 53 31
84 54 43
84 55 85
84 56 44
84 57 39
84 58 86
84 59 79
84 60 67
84 61 101
84 62 93
84 63 99
84 64 12
84 65 17
84 66 31
84 67 73
84 68 55
84 69 94
84 70 100
84 71 30
84 72 106
84 73 25
84 74 13
84 75 47
84 76 79
84 77 69
84 78 41
84 79 70
84 80 85
84 81 60
84 82 68
84 83 39
84 85 16
84 86 19
84 87 96
84 88 64
84 89 85
84 90 10
84 91 74
84 92 59
84 93 58
84 94 22
84 95 69
84 96 58
84 97 20
84 98 89
84 99 52
84 100 68
85 0 93
85 1 63
85 2 69
85 3 20
85 4 23
85 5 77
85 6 19
85 7 45
85 8 63
85 9 21
85 10 58
85 11 28
85 12 74
85 13 22
85 14 29
85 15 39
85 16 80
85 17 68
85 18 79
85 19 49
85 20 22
85 21 38
85 22 51
85 23 40
85 24 74
85 25 70
85 26 65
85 27 55
85 28 76
85 29 64
85 30 73
85 31 54
85 32 17
85 33 70
85 34 42
85 35 81
85 36 44
85 37 48
85 38 73
85 39 43
85 40 39
85 41 81
85 42 64
85 43 48
85 44 16
85 45 12
85 46 20
85 47 53
85 48 26
85 49 38
85 50 54
85 51 70
85 52 80
85 53 58
85 54 82
85 55 28
85 56 39
85 57 59
85 58 50
85 59 53
85 60 47
85 61 17
85 62 31
85 63 22
85 64 73
85 65 70
85 66 66
85 67 21
85 68 45
85 69 11
85 70 16
85 71 71
85 72 33
85 73 64
85 74 81
85 75 59
85 76 40
85 77 60
85 78 77
85 79 64
85 80 10
85 81 24
85 82 61
85 83 58
85 84 19
85 86 67
85 87 56
85 88 6
85 89 30
85 90 56
85 91 54
85 92 14
85 93 57
85 94 43
85 95 22
85 96 29
85 97 44
85 98 51
85 99 58
85 100 15
86 0 74
86 1 24
86 2 68
86 3 60
86 4 72
86 5 55
86 6 84
86 7 74
86 8 19
86 9 53
86 10 49
86 11 71
86 12 10
86 13 74
86 14 41
86 15 34
86 16 69
86 17 85
86 18 14
86 19 32
86 20 57
86 21 94
86 22 18
86 23 77
86 24 56
86 25 18
86 26 98
86 27 12
86 28 9
86 29 36
86 30 7
86 31 87
86 32 58
86 33 15
86 34 36
86 35 32
86 36 25
86 37 70
86 38 20
86 39 83
86 40 69
86 41 32
86 42 103
86 43 19
86 44 52
86 45 77
86 46 49
86 47 26
86 48 84
86 49 32
86 50 68
86 51 62
86 52 14
86 53 17
86 54 16
86 55 81
86 56 34
86 57 9
86 58 92
86 59 87
86 60 33
86 61 83
86 62 64
86 63 75
86 64 38
86 65 23
86 66 53
86 67 66
86 68 62
86 69 78
86 70 83
86 71 8
86 72 79
86 73 44
86 74 26
86 75 64
86 76 82
86 77 82
86 78 10
86 79 86
86 80 64
86 81 45
86 82 83
86 83 9
86 84 57
86 85 73
86 87 33
86 88 18
86 89 10
86 90 72
86 91 38
86 92 38
86 93 49
86 94 61
86 95 44
86 96 53
86 97 60
86 98 29
86 99 53
86 100 36
87 0 103
87 1 74
87 2 80
87 3 26
87 4 22
87 5 88
87 6 6
87 7 52
87 8 74
87 9 30
87 10 70
87 11 28
87 12 87
87 13 20
87 14 40
87 15 50
87 16 91
87 17 76
87 18 92
87 19 61
87 20 33
87 21 36
87 22 63
87 23 45
87 24 85
87 25 82
87 26 69
87 27 68
87 28 88
87 29 77
87 30 85
87 31 59
87 32 29
87 33 81
87 34 51
87 35 94
87 36 56
87 37 57
87 38 86
87 39 47
87 40 47
87 41 94
87 42 67
87 43 60
87 44 29
87 45 11
87 46 33
87 47 66
87 48 26
87 49 50
87 50 63
87 51 81
87 52 93
87 53 71
87 54 94
87 55 31
87 56 52
87 57 71
87 58 53
87 59 58
87 60 57
87 61 5
87 62 34
87 63 19
87 64 86
87 65 82
87 66 78
87 67 30
87 68 55
87 69 2
87 70 4
87 71 84
87 72 30
87 73 76
87 74 94
87 75 70
87 76 44
87 77 67
87 78 89
87 79 71
87 80 17
87 81 37
87 82 68
87 83 71
87 84 26
87 85 105
87 86 37
87 88 25
87 89 49
87 90 38
87 91 63
87 92 13
87 93 60
87 94 24
87 95 24
87 96 19
87 97 26
87 98 67
87 99 58
87 100 23
88 0 55
88 1 87
88 2 30
88 3 65
88 4 71
88 5 47
88 6 61
88 7 4
88 8 84
88 9 62
88 10 34
88 11 76
88 12 77
88 13 70
88 14 60
88 15 68
88 16 42
88 17 20
88 18 80
88 19 44
88 20 30
88 21 34
88 22 68
88 23 11
88 24 43
88 25 89
88 26 23
88 27 69
88 28 81
88 29 49
88 30 83
88 31 11
88 32 34
88 33 87
88 34 73
88 35 69
88 36 65
88 37 6
88 38 68
88 39 13
88 40 10
88 41 69
88 42 28
88 43 62
88 44 45
88 45 44
88 46 43
88 47 51
88 48 33
88 49 64
88 50 13
88 51 35
88 52 82
88 53 60
88 54 91
88 55 27
88 56 43
88 57 68
88 58 19
88 59 12
88 60 76
88 61 60
88 62 76
88 63 70
88 64 55
88 65 63
88 66 38
88 67 27
88 68 14
88 69 53
88 70 58
88 71 74
88 72 81
88 73 42
88 74 73
88 75 22
88 76 15
88 77 12
88 78 85
88 79 16
88 80 56
88 81 43
88 82 13
88 83 68
88 84 62
88 85 58
88 86 37
88 87 81
88 89 69
88 90 53
88 91 35
88 92 70
88 93 15
88 94 54
88 95 82
88 96 79
88 97 50
88 98 56
88 99 8
88 100 77
89 0 29
89 1 69
89 2 21
89 3 74
89 4 85
89 5 9
89 6 86
89 7 42
89 8 64
89 9 69
89 10 10
89 11 88
89 12 45
89 13 85
89 14 59
89 15 61
89 16 20
89 17 41
89 18 46
89 19 25
89 20 46
89 21 73
89 22 51
89 23 50
89 24 8
89 25 66
89 26 60
89 27 48
89 28 49
89 29 12
89 30 54
89 31 52
89 32 51
89 33 64
89 34 66
89 35 29
89 36 54
89 37 36
89 38 32
89 39 54
89 40 41
89 41 29
89 42 67
89 43 46
89 44 55
89 45 71
89 46 50
89 47 27
89 48 68
89 49 56
89 50 30
89 51 14
89 52 48
89 53 33
89 54 60
89 55 63
89 56 33
89 57 45
89 58 61
89 59 53
89 60 67
89 61 84
89 62 84
89 63 86
89 64 15
89 65 28
89 66 5
89 67 52
89 68 30
89 69 77
89 70 83
89 71 43
89 72 95
89 73 5
89 74 34
89 75 21
89 76 55
89 77 42
89 78 56
89 79 44
89 80 71
89 81 47
89 82 42
89 83 44
89 84 71
89 85 28
89 86 44
89 87 57
89 88 24
89 90 18
89 91 81
89 92 40
89 93 70
89 94 12
89 95 48
89 96 34
89 97 15
89 98 90
89 99 66
89 100 49
90 0 109
90 1 42
90 2 90
90 3 13
90 4 19
90 5 90
90 6 40
90 7 73
90 8 44
90 9 14
90 10 73
90 11 15
90 12 66
90 13 22
90 14 21
90 15 23
90 16 98
90 17 95
90 18 71
90 19 56
90 20 46
90 21 71
90 22 40
90 23 70
90 24 88
90 25 52
90 26 97
90 27 46
90 28 66
90 29 73
90 30 61
90 31 85
90 32 42
90 33 52
90 34 21
90 35 83
90 36 33
90 37 75
90 38 71
90 39 74
90 40 66
90 41 83
90 42 97
90 43 42
90 44 32
90 45 44
90 46 34
90 47 57
90 48 59
90 49 27
90 50 78
90 51 88
90 52 72
90 53 57
90 54 68
90 55 61
90 56 47
90 57 51
90 58 83
90 59 84
90 60 25
90 61 39
90 62 7
90 63 23
90 64 80
90 65 70
90 66 82
90 67 51
90 68 69
90 69 38
90 70 39
90 71 64
90 72 22
90 73 76
90 74 80
90 75 81
90 76 71
90 77 88
90 78 64
90 79 92
90 80 24
90 81 36
90 82 88
90 83 51
90 84 15
90 85 109
90 86 41
90 87 53
90 88 71
90 89 92
90 91 23
90 92 85
90 93 20
90 94 78
90 95 96
90 96 97
90 97 75
90 98 43
90 99 24
90 100 89
91 0 35
91 1 64
91 2 22
91 3 67
91 4 78
91 5 16
91 6 79
91 7 38
91 8 60
91 9 62
91 10 5
91 11 81
91 12 44
91 13 78
91 14 53
91 15 55
91 16 25
91 17 41
91 18 45
91 19 18
91 20 39
91 21 68
91 22 46
91 23 45
91 24 14
91 25 62
91 26 58
91 27 43
91 28 48
91 29 11
91 30 52
91 31 48
91 32 44
91 33 60
91 34 60
91 35 31
91 36 48
91 37 32
91 38 32
91 39 50
91 40 36
91 41 31
91 42 64
91 43 40
91 44 47
91 45 64
91 46 43
91 47 22
91 48 62
91 49 50
91 50 27
91 51 17
91 52 47
91 53 29
91 54 58
91 55 57
91 56 27
91 57 41
91 58 57
91 59 50
91 60 61
91 61 77
91 62 77
91 63 79
91 64 17
91 65 27
91 66 8
91 67 45
91 68 25
91 69 70
91 70 76
91 71 41
91 72 88
91 73 4
91 74 35
91 75 19
91 76 50
91 77 40
91 78 53
91 79 43
91 80 64
91 81 40
91 82 40
91 83 40
91 84 64
91 85 35
91 86 37
91 87 53
91 88 19
91 89 41
91 90 24
91 92 90
91 93 42
91 94 96
91 95 99
91 96 105
91 97 93
91 98 28
91 99 49
91 100 91
92 0 83
92 1 85
92 2 58
92 3 48
92 4 49
92 5 72
92 6 34
92 7 27
92 8 84
92 9 48
92 10 55
92 11 55
92 12 87
92 13 47
92 14 52
92 15 62
92 16 70
92 17 49
92 18 91
92 19 55
92 20 26
92 21 12
92 22 69
92 23 19
92 24 68
92 25 90
92 26 40
92 27 72
92 28 90
92 29 67
92 30 89
92 31 31
92 32 25
92 33 89
92 34 66
92 35 87
92 36 64
92 37 33
92 38 82
92 39 19
92 40 24
92 41 87
92 42 38
92 43 65
92 44 35
92 45 18
92 46 36
92 47 61
92 48 4
92 49 60
92 50 40
92 51 62
92 52 93
92 53 69
92 54 98
92 55 2
92 56 49
92 57 74
92 58 24
92 59 29
92 60 71
92 61 33
92 62 58
92 63 47
92 64 75
92 65 77
92 66 62
92 67 16
92 68 35
92 69 28
92 70 32
92 71 84
92 72 59
92 73 63
92 74 88
92 75 49
92 76 16
92 77 40
92 78 93
92 79 44
92 80 37
92 81 39
92 82 41
92 83 73
92 84 46
92 85 86
92 86 35
92 87 85
92 88 42
92 89 44
92 90 66
92 91 27
92 93 62
92 94 38
92 95 16
92 96 21
92 97 40
92 98 60
92 99 62
92 100 11
93 0 46
93 1 89
93 2 21
93 3 71
93 4 78
93 5 40
93 6 70
93 7 12
93 8 85
93 9 68
93 10 29
93 11 83
93 12 76
93 13 77
93 14 64
93 15 71
93 16 34
93 17 13
93 18 78
93 19 43
93 20 36
93 21 43
93 22 69
93 23 20
93 24 36
93 25 89
93 26 24
93 27 69
93 28 79
93 29 45
93 30 82
93 31 16
93 32 41
93 33 87
93 34 76
93 35 65
93 36 68
93 37 8
93 38 65
93 39 22
93 40 17
93 41 64
93 42 31
93 43 63
93 44 51
93 45 53
93 46 48
93 47 50
93 48 43
93 49 67
93 50 7
93 51 27
93 52 80
93 53 59
93 54 90
93 55 37
93 56 44
93 57 69
93 58 26
93 59 17
93 60 80
93 61 69
93 62 83
93 63 78
93 64 50
93 65 60
93 66 31
93 67 35
93 68 14
93 69 62
93 70 67
93 71 73
93 72 89
93 73 38
93 74 69
93 75 15
93 76 24
93 77 7
93 78 84
93 79 11
93 80 64
93 81 48
93 82 7
93 83 68
93 84 69
93 85 49
93 86 42
93 87 81
93 88 16
93 89 10
93 90 54
93 91 39
93 92 37
93 94 38
93 95 64
93 96 62
93 97 35
93 98 52
93 99 17
93 100 59
94 0 116
94 1 59
94 2 95
94 3 15
94 4 6
94 5 98
94 6 26
94 7 72
94 8 61
94 9 21
94 10 80
94 11 2
94 12 81
94 13 8
94 14 33
94 15 39
94 16 104
94 17 96
94 18 86
94 19 66
94 20 48
94 21 63
94 22 55
94 23 68
94 24 96
94 25 68
94 26 93
94 27 61
94 28 82
94 29 83
94 30 77
94 31 82
94 32 43
94 33 69
94 34 38
94 35 95
94 36 48
94 37 76
94 38 85
94 39 71
94 40 66
94 41 96
94 42 92
94 43 55
94 44 35
94 45 36
94 46 39
94 47 68
94 48 52
94 49 41
94 50 81
94 51 94
94 52 87
94 53 69
94 54 85
94 55 56
94 56 56
94 57 65
94 58 78
94 59 81
94 60 42
94 61 26
94 62 10
94 63 8
94 64 91
94 65 83
94 66 89
94 67 49
94 68 72
94 69 28
94 70 27
94 71 79
94 72 7
94 73 84
94 74 93
94 75 85
94 76 68
94 77 88
94 78 80
94 79 92
94 80 20
94 81 42
94 82 88
94 83 65
94 84 18
94 85 117
94 86 45
94 87 69
94 88 75
94 89 92
94 90 70
94 91 80
94 92 49
94 93 17
94 95 39
94 96 52
94 97 68
94 98 40
94 99 68
94 100 32
95 0 35
95 1 66
95 2 40
95 3 85
95 4 97
95 5 20
95 6 102
95 7 63
95 8 61
95 9 79
95 10 31
95 11 98
95 12 35
95 13 98
95 14 68
95 15 66
95 16 34
95 17 62
95 18 34
95 19 35
95 20 63
95 21 94
95 22 52
95 23 71
95 24 24
95 25 60
95 26 81
95 27 47
95 28 39
95 29 19
95 30 46
95 31 73
95 32 67
95 33 58
95 34 70
95 35 12
95 36 57
95 37 57
95 38 22
95 39 76
95 40 62
95 41 11
95 42 89
95 43 48
95 44 68
95 45 88
95 46 64
95 47 32
95 48 87
95 49 62
95 50 52
95 51 33
95 52 35
95 53 33
95 54 49
95 55 83
95 56 44
95 57 43
95 58 82
95 59 75
95 60 70
95 61 100
95 62 94
95 63 99
95 64 10
95 65 20
95 66 26
95 67 70
95 68 51
95 69 93
95 70 99
95 71 35
95 72 107
95 73 22
95 74 18
95 75 43
95 76 76
95 77 64
95 78 46
95 79 65
95 80 85
95 81 60
95 82 64
95 83 42
95 84 83
95 85 32
95 86 59
95 87 51
95 88 45
95 89 64
95 90 30
95 91 96
95 92 59
95 93 88
95 94 51
95 96 85
95 97 72
95 98 21
95 99 30
95 100 73
96 0 43
96 1 102
96 2 24
96 3 86
96 4 93
96 5 44
96 6 83
96 7 26
96 8 99
96 9 83
96 10 39
96 11 98
96 12 87
96 13 92
96 14 80
96 15 86
96 16 33
96 17 3
96 18 89
96 19 56
96 20 51
96 21 52
96 22 83
96 23 32
96 24 40
96 25 103
96 26 20
96 27 83
96 28 91
96 29 54
96 30 94
96 31 21
96 32 56
96 33 101
96 34 91
96 35 73
96 36 82
96 37 23
96 38 75
96 39 32
96 40 32
96 41 72
96 42 29
96 43 77
96 44 66
96 45 66
96 46 63
96 47 62
96 48 54
96 49 82
96 50 20
96 51 31
96 52 90
96 53 71
96 54 101
96 55 48
96 56 59
96 57 81
96 58 31
96 59 23
96 60 94
96 61 82
96 62 98
96 63 92
96 64 58
96 65 70
96 66 38
96 67 49
96 68 29
96 69 76
96 70 80
96 71 84
96 72 104
96 73 46
96 74 77
96 75 24
96 76 35
96 77 11
96 78 96
96 79 7
96 80 78
96 81 63
96 82 10
96 83 81
96 84 84
96 85 47
96 86 57
96 87 94
96 88 30
96 89 6
96 90 66
96 91 43
96 92 52
96 93 95
96 94 49
96 95 29
96 97 29
96 98 58
96 99 51
96 100 23
97 0 101
97 1 19
97 2 86
97 3 32
97 4 42
97 5 81
97 6 60
97 7 77
97 8 21
97 9 27
97 10 67
97 11 39
97 12 47
97 13 44
97 14 22
97 15 13
97 16 92
97 17 96
97 18 51
97 19 48
97 20 52
97 21 85
97 22 23
97 23 77
97 24 80
97 25 28
97 26 103
97 27 28
97 28 45
97 29 62
97 30 39
97 31 90
97 32 50
97 33 29
97 34 8
97 35 66
97 36 19
97 37 77
97 38 55
97 39 82
97 40 71
97 41 67
97 42 105
97 43 27
97 44 39
97 45 60
97 46 39
97 47 46
97 48 73
97 49 17
97 50 79
97 51 83
97 52 51
97 53 42
97 54 46
97 55 73
97 56 41
97 57 33
97 58 91
97 59 90
97 60 5
97 61 59
97 62 31
97 63 45
97 64 67
97 65 55
97 66 74
97 67 60
97 68 70
97 69 56
97 70 59
97 71 45
97 72 46
97 73 67
97 74 62
97 75 78
97 76 80
97 77 91
97 78 42
97 79 95
97 80 41
97 81 37
97 82 91
97 83 33
97 84 31
97 85 100
97 86 43
97 87 31
97 88 70
97 89 94
97 90 45
97 91 99
97 92 49
97 93 24
97 94 50
97 95 72
97 96 48
97 98 92
97 99 77
97 100 39
98 0 33
98 1 69
98 2 16
98 3 68
98 4 78
98 5 17
98 6 77
98 7 32
98 8 65
98 9 63
98 10 3
98 11 81
98 12 50
98 13 78
98 14 55
98 15 58
98 16 22
98 17 34
98 18 52
98 19 23
98 20 38
98 21 63
98 22 51
98 23 40
98 24 14
98 25 68
98 26 51
98 27 49
98 28 54
98 29 18
98 30 58
98 31 42
98 32 43
98 33 66
98 34 63
98 35 38
98 36 52
98 37 26
98 38 38
98 39 44
98 40 31
98 41 37
98 42 58
98 43 45
98 44 48
98 45 62
98 46 44
98 47 27
98 48 58
98 49 54
98 50 20
98 51 13
98 52 54
98 53 35
98 54 65
98 55 53
98 56 29
98 57 47
98 58 51
98 59 43
98 60 65
98 61 76
98 62 79
98 63 79
98 64 23
98 65 34
98 66 7
98 67 43
98 68 20
98 69 69
98 70 75
98 71 48
98 72 89
98 73 10
98 74 42
98 75 12
98 76 45
98 77 34
98 78 60
98 79 36
98 80 64
98 81 41
98 82 34
98 83 46
98 84 65
98 85 34
98 86 37
98 87 59
98 88 14
98 89 35
98 90 30
98 91 64
98 92 35
98 93 74
98 94 28
98 95 9
98 96 42
98 97 20
98 99 32
98 100 40
99 0 67
99 1 32
99 2 62
99 3 64
99 4 76
99 5 48
99 6 87
99 7 71
99 8 27
99 9 57
99 10 44
99 11 76
99 12 5
99 13 78
99 14 45
99 15 39
99 16 62
99 17 80
99 18 9
99 19 29
99 20 57
99 21 94
99 22 23
99 23 76
99 24 50
99 25 25
99 26 95
99 27 17
99 28 8
99 29 30
99 30 12
99 31 84
99 32 59
99 33 23
99 34 42
99 35 24
99 36 30
99 37 67
99 38 13
99 39 81
99 40 67
99 41 25
99 42 101
99 43 22
99 44 54
99 45 79
99 46 50
99 47 23
99 48 84
99 49 36
99 50 65
99 51 57
99 52 10
99 53 14
99 54 18
99 55 81
99 56 34
99 57 12
99 58 90
99 59 85
99 60 40
99 61 86
99 62 69
99 63 79
99 64 31
99 65 16
99 66 47
99 67 66
99 68 59
99 69 80
99 70 85
99 71 2
99 72 84
99 73 38
99 74 19
99 75 59
99 76 80
99 77 79
99 78 13
99 79 82
99 80 67
99 81 46
99 82 79
99 83 12
99 84 62
99 85 65
99 86 48
99 87 17
99 88 55
99 89 80
99 90 18
99 91 102
99 92 52
99 93 62
99 94 47
99 95 54
99 96 6
99 97 49
99 98 92
99 100 78
100 0 67
100 1 65
100 2 44
100 3 40
100 4 47
100 5 52
100 6 43
100 7 22
100 8 63
100 9 37
100 10 34
100 11 52
100 12 63
100 13 47
100 14 35
100 15 44
100 16 55
100 17 44
100 18 67
100 19 31
100 20 5
100 21 35
100 22 47
100 23 21
100 24 49
100 25 69
100 26 47
100 27 49
100 28 66
100 29 44
100 30 66
100 31 34
100 32 9
100 33 67
100 34 48
100 35 63
100 36 43
100 37 24
100 38 58
100 39 26
100 40 15
100 41 63
100 42 49
100 43 42
100 44 19
100 45 27
100 46 18
100 47 37
100 48 26
100 49 40
100 50 28
100 51 45
100 52 69
100 53 45
100 54 75
100 55 23
100 56 25
100 57 51
100 58 35
100 59 34
100 60 52
100 61 41
100 62 52
100 63 47
100 64 52
100 65 53
100 66 42
100 67 8
100 68 20
100 69 34
100 70 40
100 71 60
100 72 58
100 73 41
100 74 64
100 75 34
100 76 24
100 77 37
100 78 69
100 79 41
100 80 33
100 81 19
100 82 37
100 83 50
100 84 37
100 85 69
100 86 13
100 87 62
100 88 24
100 89 41
100 90 42
100 91 45
100 92 8
100 93 49
100 94 12
100 95 30
100 96 57
100 97 15
100 98 42
100 99 35