100 2
55
12
84
86
92
16
67
42
89
24
99
37
12
56
11
3
90
2
75
68
11
98
91
70
62
66
26
36
53
40
36
15
85
17
17
31
34
67
27
10
61
8
28
33
62
28
27
44
17
80
33
14
24
27
57
59
82
57
80
13
23
34
90
20
43
56
19
39
54
83
76
93
25
15
38
82
24
81
45
35
51
4
89
20
57
98
24
27
31
12
45
91
89
96
76
59
95
27
13
53
0 1 61
0 2 61
0 3 69
0 4 47
0 5 83
0 6 84
0 7 38
0 8 54
0 9 19
0 10 8
0 11 15
0 12 39
0 13 22
0 14 52
0 15 40
0 16 46
0 17 88
0 18 42
0 19 83
0 20 14
0 21 53
0 22 67
0 23 32
0 24 76
0 25 41
0 26 88
0 27 32
0 28 15
0 29 71
0 30 35
0 31 74
0 32 47
0 33 36
0 34 69
0 35 68
0 36 45
0 37 62
0 38 56
0 39 73
0 40 53
0 41 79
0 42 90
0 43 31
0 44 75
0 45 46
0 46 72
0 47 80
0 48 35
0 49 54
0 50 64
0 51 103
0 52 53
0 53 61
0 54 80
0 55 85
0 56 63
0 57 31
0 58 94
0 59 68
0 60 11
0 61 74
0 62 39
0 63 86
0 64 35
0 65 43
0 66 42
0 67 74
0 68 58
0 69 41
0 70 88
0 71 65
0 72 102
0 73 92
0 74 28
0 75 17
0 76 57
0 77 32
0 78 58
0 79 88
0 80 37
0 81 48
0 82 87
0 83 26
0 84 77
0 85 48
0 86 22
0 87 59
0 88 69
0 89 18
0 90 51
0 91 87
0 92 55
0 93 12
0 94 21
0 95 43
0 96 98
0 97 60
0 98 92
0 99 53
0 100 44
1 0 99
1 2 72
1 3 9
1 4 31
1 5 40
1 6 48
1 7 80
1 8 79
1 9 81
1 10 72
1 11 70
1 12 41
1 13 72
1 14 29
1 15 67
1 16 68
1 17 29
1 18 46
1 19 12
1 20 85
1 21 26
1 22 60
1 23 60
1 24 44
1 25 99
1 26 61
1 27 44
1 28 82
1 29 69
1 30 48
1 31 38
1 32 54
1 33 92
1 34 73
1 35 37
1 36 41
1 37 40
1 38 78
1 39 7
1 40 27
1 41 55
1 42 46
1 43 65
1 44 36
1 45 104
1 46 90
1 47 44
1 48 56
1 49 31
1 50 17
1 51 29
1 52 35
1 53 68
1 54 16
1 55 76
1 56 13
1 57 54
1 58 90
1 59 8
1 60 69
1 61 29
1 62 76
1 63 64
1 64 60
1 65 50
1 66 34
1 67 45
1 68 20
1 69 74
1 70 28
1 71 42
1 72 28
1 73 24
1 74 65
1 75 66
1 76 93
1 77 54
1 78 34
1 79 65
1 80 40
1 81 56
1 82 58
1 83 61
1 84 13
1 85 34
1 86 59
1 87 90
1 88 60
1 89 72
1 90 56
1 91 69
1 92 22
1 93 73
1 94 83
1 95 78
1 96 28
1 97 68
1 98 76
1 99 30
1 100 33
2 0 63
2 1 32
2 3 95
2 4 74
2 5 92
2 6 89
2 7 25
2 8 37
2 9 28
2 10 54
2 11 60
2 12 63
2 13 34
2 14 89
2 15 85
2 16 41
2 17 103
2 18 58
2 19 105
2 20 32
2 21 88
2 22 64
2 23 44
2 24 82
2 25 5
2 26 85
2 27 67
2 28 31
2 29 61
2 30 77
2 31 84
2 32 54
2 33 13
2 34 56
2 35 79
2 36 85
2 37 73
2 38 40
2 39 98
2 40 88
2 41 79
2 42 97
2 43 76
2 44 86
2 45 0
2 46 47
2 47 87
2 48 79
2 49 74
2 50 97
2 51 125
2 52 71
2 53 53
2 54 101
2 55 73
2 56 92
2 57 51
2 58 75
2 59 97
2 60 43
2 61 89
2 62 29
2 63 81
2 64 45
2 65 55
2 66 73
2 67 80
2 68 91
2 69 33
2 70 104
2 71 73
2 72 123
2 73 111
2 74 74
2 75 42
2 76 27
2 77 76
2 78 73
2 79 83
2 80 73
2 81 52
2 82 86
2 83 44
2 84 100
2 85 86
2 86 65
2 87 32
2 88 65
2 89 64
2 90 54
2 91 80
2 92 84
2 93 58
2 94 25
2 95 30
2 96 117
2 97 51
2 98 81
2 99 75
2 100 78
3 0 47
3 1 43
3 2 48
3 4 34
3 5 9
3 6 17
3 7 64
3 8 57
3 9 74
3 10 75
3 11 76
3 12 39
3 13 63
3 14 49
3 15 83
3 16 49
3 17 13
3 18 36
3 19 24
3 20 80
3 21 44
3 22 32
3 23 49
3 24 13
3 25 86
3 26 29
3 27 50
3 28 76
3 29 41
3 30 62
3 31 7
3 32 36
3 33 78
3 34 46
3 35 11
3 36 59
3 37 17
3 38 56
3 39 25
3 40 46
3 41 24
3 42 17
3 43 78
3 44 4
3 45 90
3 46 63
3 47 13
3 48 71
3 49 24
3 50 42
3 51 37
3 52 24
3 53 43
3 54 18
3 55 46
3 56 32
3 57 47
3 58 59
3 59 31
3 60 67
3 61 4
3 62 61
3 63 32
3 64 47
3 65 37
3 66 41
3 67 14
3 68 40
3 69 57
3 70 14
3 71 17
3 72 36
3 73 23
3 74 77
3 75 62
3 76 72
3 77 67
3 78 19
3 79 34
3 80 49
3 81 38
3 82 27
3 83 53
3 84 20
3 85 53
3 86 68
3 87 68
3 88 32
3 89 80
3 90 36
3 91 38
3 92 34
3 93 78
3 94 75
3 95 60
3 96 28
3 97 44
3 98 44
3 99 25
3 100 45
4 0 54
4 1 93
4 2 98
4 3 14
4 5 78
4 6 73
4 7 18
4 8 20
4 9 34
4 10 60
4 11 66
4 12 57
4 13 34
4 14 85
4 15 90
4 16 28
4 17 89
4 18 49
4 19 95
4 20 41
4 21 83
4 22 48
4 23 38
4 24 67
4 25 20
4 26 68
4 27 65
4 28 38
4 29 43
4 30 77
4 31 70
4 32 42
4 33 18
4 34 38
4 35 66
4 36 84
4 37 60
4 38 22
4 39 89
4 40 84
4 41 63
4 42 81
4 43 81
4 44 73
4 45 19
4 46 28
4 47 71
4 48 82
4 49 65
4 50 91
4 51 113
4 52 61
4 53 36
4 54 89
4 55 54
4 56 85
4 57 45
4 58 56
4 59 89
4 60 46
4 61 76
4 62 20
4 63 64
4 64 37
4 65 45
4 66 69
4 67 65
4 68 85
4 69 22
4 70 90
4 71 60
4 72 111
4 73 99
4 74 78
4 75 42
4 76 8
4 77 78
4 78 62
4 79 66
4 80 70
4 81 40
4 82 69
4 83 40
4 84 89
4 85 84
4 86 68
4 87 13
4 88 49
4 89 70
4 90 40
4 91 62
4 92 77
4 93 64
4 94 31
4 95 18
4 96 104
4 97 34
4 98 62
4 99 66
4 100 74
5 0 30
5 1 64
5 2 69
5 3 29
5 4 49
5 6 13
5 7 66
5 8 52
5 9 82
5 10 92
5 11 94
5 12 57
5 13 72
5 14 76
5 15 107
5 16 50
5 17 35
5 18 50
5 19 51
5 20 90
5 21 71
5 22 25
5 23 59
5 24 18
5 25 87
5 26 4
5 27 71
5 28 86
5 29 28
5 30 85
5 31 24
5 32 44
5 33 80
5 34 34
5 35 29
5 36 84
5 37 32
5 38 49
5 39 54
5 40 73
5 41 11
5 42 17
5 43 100
5 44 26
5 45 89
5 46 49
5 47 17
5 48 94
5 49 46
5 50 70
5 51 58
5 52 43
5 53 36
5 54 46
5 55 23
5 56 60
5 57 61
5 58 34
5 59 60
5 60 80
5 61 33
5 62 62
5 63 8
5 64 56
5 65 48
5 66 65
5 67 19
5 68 68
5 69 58
5 70 37
5 71 28
5 72 57
5 73 47
5 74 98
5 75 74
5 76 65
5 77 90
5 78 39
5 79 7
5 80 72
5 81 43
5 82 4
5 83 64
5 84 48
5 85 79
5 86 88
5 87 60
5 88 24
5 89 99
5 90 40
5 91 13
5 92 60
5 93 95
5 94 82
5 95 60
5 96 49
5 97 38
5 98 18
5 99 48
5 100 69
6 0 58
6 1 31
6 2 35
6 3 52
6 4 49
6 5 56
6 7 8
6 8 17
6 9 24
6 10 43
6 11 48
6 12 32
6 13 16
6 14 61
6 15 70
6 16 10
6 17 69
6 18 25
6 19 72
6 20 32
6 21 59
6 22 34
6 23 13
6 24 50
6 25 30
6 26 56
6 27 41
6 28 28
6 29 35
6 30 55
6 31 51
6 32 20
6 33 22
6 34 32
6 35 45
6 36 60
6 37 39
6 38 19
6 39 65
6 40 60
6 41 49
6 42 64
6 43 61
6 44 53
6 45 34
6 46 34
6 47 54
6 48 60
6 49 41
6 50 67
6 51 91
6 52 37
6 53 25
6 54 67
6 55 49
6 56 60
6 57 21
6 58 56
6 59 64
6 60 28
6 61 55
6 62 5
6 63 53
6 64 13
6 65 21
6 66 44
6 67 48
6 68 61
6 69 3
6 70 70
6 71 40
6 72 90
6 73 78
6 74 58
6 75 22
6 76 25
6 77 56
6 78 40
6 79 55
6 80 46
6 81 18
6 82 56
6 83 17
6 84 66
6 85 60
6 86 47
6 87 24
6 88 35
6 89 52
6 90 20
6 91 53
6 92 53
6 93 48
6 94 23
6 95 7
6 96 83
6 97 23
6 98 56
6 99 42
6 100 49
7 0 85
7 1 96
7 2 100
7 3 35
7 4 32
7 5 39
7 6 9
7 8 59
7 9 69
7 10 66
7 11 66
7 12 30
7 13 58
7 14 37
7 15 72
7 16 49
7 17 19
7 18 30
7 19 18
7 20 74
7 21 32
7 22 38
7 23 45
7 24 23
7 25 84
7 26 40
7 27 40
7 28 70
7 29 47
7 30 50
7 31 17
7 32 35
7 33 76
7 34 51
7 35 15
7 36 47
7 37 18
7 38 58
7 39 15
7 40 34
7 41 34
7 42 29
7 43 67
7 44 15
7 45 88
7 46 68
7 47 24
7 48 59
7 49 15
7 50 30
7 51 37
7 52 17
7 53 46
7 54 13
7 55 54
7 56 20
7 57 41
7 58 68
7 59 20
7 60 60
7 61 8
7 62 59
7 63 43
7 64 43
7 65 33
7 66 30
7 67 23
7 68 28
7 69 56
7 70 19
7 71 20
7 72 36
7 73 24
7 74 66
7 75 55
7 76 74
7 77 56
7 78 14
7 79 44
7 80 38
7 81 37
7 82 38
7 83 47
7 84 12
7 85 40
7 86 57
7 87 70
7 88 38
7 89 70
7 90 36
7 91 48
7 92 21
7 93 69
7 94 70
7 95 59
7 96 30
7 97 47
7 98 54
7 99 16
7 100 33
8 0 38
8 1 80
8 2 85
8 3 13
8 4 45
8 5 58
8 6 50
8 7 33
8 9 77
8 10 64
8 11 61
8 12 39
8 13 68
8 14 19
8 15 56
8 16 69
8 17 40
8 18 46
8 19 24
8 20 79
8 21 17
8 22 65
8 23 58
8 24 52
8 25 97
8 26 69
8 27 37
8 28 77
8 29 74
8 30 39
8 31 46
8 32 55
8 33 89
8 34 77
8 35 43
8 36 30
8 37 44
8 38 80
8 39 16
8 40 17
8 41 63
8 42 56
8 43 55
8 44 44
8 45 102
8 46 93
8 47 53
8 48 46
8 49 32
8 50 6
8 51 40
8 52 37
8 53 71
8 54 27
8 55 83
8 56 11
8 57 51
8 58 96
8 59 9
8 60 64
8 61 37
8 62 75
8 63 72
8 64 58
8 65 50
8 66 29
8 67 52
8 68 11
8 69 73
8 70 39
8 71 47
8 72 39
8 73 36
8 74 55
8 75 62
8 76 94
8 77 44
8 78 37
8 79 73
8 80 33
8 81 57
8 82 67
8 83 58
8 84 23
8 85 24
8 86 51
8 87 91
8 88 65
8 89 63
8 90 58
8 91 77
8 92 18
8 93 64
8 94 79
8 95 77
8 96 40
8 97 71
8 98 83
8 99 30
8 100 26
9 0 72
9 1 24
9 2 29
9 3 55
9 4 42
9 5 45
9 6 80
9 7 41
9 8 58
9 10 2
9 11 7
9 12 38
9 13 28
9 14 48
9 15 32
9 16 51
9 17 87
9 18 43
9 19 81
9 20 21
9 21 49
9 22 71
9 23 36
9 24 78
9 25 48
9 26 90
9 27 30
9 28 22
9 29 75
9 30 30
9 31 75
9 32 50
9 33 43
9 34 73
9 35 69
9 36 39
9 37 63
9 38 62
9 39 70
9 40 49
9 41 82
9 42 91
9 43 23
9 44 76
9 45 53
9 46 78
9 47 82
9 48 28
9 49 53
9 50 60
9 51 101
9 52 53
9 53 65
9 54 78
9 55 90
9 56 60
9 57 33
9 58 99
9 59 65
9 60 15
9 61 74
9 62 45
9 63 89
9 64 39
9 65 45
9 66 40
9 67 76
9 68 55
9 69 47
9 70 87
9 71 66
9 72 100
9 73 91
9 74 21
9 75 21
9 76 64
9 77 26
9 78 58
9 79 91
9 80 34
9 81 51
9 82 89
9 83 30
9 84 76
9 85 43
9 86 16
9 87 66
9 88 72
9 89 10
9 90 54
9 91 91
9 92 52
9 93 5
9 94 29
9 95 48
9 96 97
9 97 64
9 98 95
9 99 52
9 100 40
10 0 60
10 1 91
10 2 96
10 3 14
10 4 38
10 5 50
10 6 26
10 7 29
10 8 13
10 9 25
10 11 49
10 12 21
10 13 25
10 14 50
10 15 67
10 16 12
10 17 53
10 18 11
10 19 56
10 20 42
10 21 47
10 22 24
10 23 11
10 24 35
10 25 46
10 26 44
10 27 33
10 28 38
10 29 29
10 30 48
10 31 35
10 32 4
10 33 38
10 34 29
10 35 29
10 36 52
10 37 23
10 38 24
10 39 49
10 40 48
10 41 36
10 42 50
10 43 59
10 44 37
10 45 50
10 46 39
10 47 39
10 48 55
10 49 25
10 50 53
10 51 75
10 52 21
10 53 20
10 54 51
10 55 43
10 56 46
10 57 15
10 58 54
10 59 49
10 60 33
10 61 39
10 62 21
10 63 42
10 64 9
10 65 6
10 66 33
10 67 33
10 68 47
10 69 18
10 70 54
10 71 24
10 72 73
10 73 61
10 74 56
10 75 26
10 76 38
10 77 51
10 78 24
10 79 45
10 80 37
10 81 4
10 82 44
10 83 17
10 84 50
10 85 49
10 86 45
10 87 35
10 88 25
10 89 54
10 90 8
10 91 44
10 92 39
10 93 50
10 94 36
10 95 22
10 96 67
10 97 19
10 98 49
10 99 26
10 100 38
11 0 45
11 1 53
11 2 58
11 3 28
11 4 37
11 5 48
11 6 62
11 7 27
11 8 38
11 9 26
11 10 78
11 12 12
11 13 33
11 14 22
11 15 38
11 16 42
11 17 57
11 18 22
11 19 49
11 20 43
11 21 21
11 22 52
11 23 27
11 24 52
11 25 62
11 26 67
11 27 2
11 28 41
11 29 58
11 30 17
11 31 48
11 32 33
11 33 55
11 34 60
11 35 41
11 36 21
11 37 37
11 38 55
11 39 39
11 40 21
11 41 58
11 42 63
11 43 31
11 44 48
11 45 68
11 46 70
11 47 55
11 48 25
11 49 24
11 50 31
11 51 70
11 52 26
11 53 52
11 54 47
11 55 72
11 56 29
11 57 19
11 58 84
11 59 34
11 60 28
11 61 44
11 62 45
11 63 67
11 64 28
11 65 26
11 66 8
11 67 50
11 68 25
11 69 43
11 70 56
11 71 41
11 72 68
11 73 59
11 74 29
11 75 26
11 76 65
11 77 21
11 78 30
11 79 69
11 80 6
11 81 35
11 82 65
11 83 24
11 84 44
11 85 19
11 86 20
11 87 64
11 88 53
11 89 32
11 90 37
11 91 70
11 92 21
11 93 31
11 94 44
11 95 47
11 96 66
11 97 51
11 98 76
11 99 22
11 100 11
12 0 98
12 1 110
12 2 114
12 3 49
12 4 45
12 5 49
12 6 12
12 7 47
12 8 35
12 9 46
12 10 66
12 11 17
12 13 41
12 14 45
12 15 72
12 16 27
12 17 36
12 18 15
12 19 40
12 20 58
12 21 41
12 22 19
12 23 27
12 24 20
12 25 63
12 26 33
12 27 36
12 28 54
12 29 28
12 30 51
12 31 18
12 32 13
12 33 56
12 34 31
12 35 12
12 36 51
12 37 6
12 38 35
12 39 36
12 40 43
12 41 24
12 42 34
12 43 65
12 44 20
12 45 67
12 46 47
12 47 24
12 48 60
12 49 15
12 50 45
12 51 58
12 52 11
12 53 25
12 54 35
12 55 39
12 56 35
12 57 26
12 58 52
12 59 38
12 60 46
12 61 22
12 62 38
12 63 33
12 64 25
12 65 15
12 66 31
12 67 18
12 68 40
12 69 34
12 70 37
12 71 8
12 72 57
12 73 45
12 74 63
12 75 41
12 76 51
12 77 55
12 78 9
12 79 35
12 80 38
12 81 15
12 82 32
12 83 31
12 84 35
12 85 47
12 86 52
12 87 48
12 88 20
12 89 63
12 90 14
12 91 36
12 92 31
12 93 61
12 94 53
12 95 38
12 96 50
12 97 25
12 98 42
12 99 17
12 100 36
13 0 76
13 1 97
13 2 101
13 3 27
13 4 36
13 5 45
13 6 11
13 7 32
13 8 15
13 9 29
13 10 71
13 11 27
13 12 32
13 14 84
13 15 84
13 16 33
13 17 95
13 18 51
13 19 98
13 20 32
13 21 82
13 22 56
13 23 38
13 24 74
13 25 8
13 26 77
13 27 62
13 28 30
13 29 53
13 30 73
13 31 76
13 32 46
13 33 9
13 34 48
13 35 71
13 36 81
13 37 65
13 38 32
13 39 91
13 40 83
13 41 71
13 42 89
13 43 74
13 44 79
13 45 8
13 46 40
13 47 79
13 48 77
13 49 67
13 50 91
13 51 117
13 52 64
13 53 44
13 54 94
13 55 65
13 56 86
13 57 45
13 58 67
13 59 90
13 60 40
13 61 81
13 62 22
13 63 73
13 64 38
13 65 48
13 66 68
13 67 72
13 68 85
13 69 25
13 70 96
13 71 65
13 72 116
13 73 104
13 74 72
13 75 38
13 76 19
13 77 73
13 78 66
13 79 75
13 80 68
13 81 44
13 82 78
13 83 38
13 84 92
13 85 82
13 86 63
13 87 24
13 88 57
13 89 62
13 90 46
13 91 72
13 92 78
13 93 57
13 94 23
13 95 22
13 96 110
13 97 43
13 98 73
13 99 68
13 100 72
14 0 72
14 1 21
14 2 25
14 3 58
14 4 46
14 5 50
14 6 85
14 7 45
14 8 62
14 9 47
14 10 69
14 11 79
14 12 48
14 13 48
14 15 62
14 16 48
14 17 28
14 18 26
14 19 22
14 20 67
14 21 22
14 22 42
14 23 41
14 24 31
14 25 80
14 26 48
14 27 31
14 28 64
14 29 51
14 30 41
14 31 25
14 32 34
14 33 72
14 34 55
14 35 21
14 36 37
14 37 22
14 38 58
14 39 13
14 40 24
14 41 41
14 42 39
14 43 57
14 44 24
14 45 85
14 46 70
14 47 33
14 48 49
14 49 11
14 50 22
14 51 42
14 52 15
14 53 48
14 54 19
14 55 61
14 56 12
14 57 35
14 58 74
14 59 14
14 60 53
14 61 18
14 62 56
14 63 50
14 64 40
14 65 30
14 66 21
14 67 31
14 68 19
14 69 54
14 70 28
14 71 25
14 72 41
14 73 31
14 74 56
14 75 49
14 76 73
14 77 46
14 78 15
14 79 52
14 80 29
14 81 36
14 82 46
14 83 42
14 84 16
14 85 31
14 86 48
14 87 70
14 88 43
14 89 61
14 90 36
14 91 55
14 92 11
14 93 60
14 94 65
14 95 58
14 96 37
14 97 49
14 98 61
14 99 10
14 100 23
15 0 118
15 1 68
15 2 69
15 3 78
15 4 44
15 5 31
15 6 74
15 7 56
15 8 68
15 9 60
15 10 12
15 11 55
15 12 49
15 13 30
15 14 24
15 16 40
15 17 89
15 18 41
15 19 86
15 20 3
15 21 60
15 22 63
15 23 29
15 24 75
15 25 29
15 26 84
15 27 39
15 28 3
15 29 65
15 30 45
15 31 74
15 32 44
15 33 24
15 34 62
15 35 67
15 36 54
15 37 61
15 38 48
15 39 76
15 40 60
15 41 76
15 42 89
15 43 42
15 44 75
15 45 34
15 46 63
15 47 79
15 48 46
15 49 55
15 50 70
15 51 107
15 52 54
15 53 55
15 54 83
15 55 79
15 56 68
15 57 30
15 58 87
15 59 73
15 60 12
15 61 75
15 62 30
15 63 82
15 64 31
15 65 41
15 66 47
15 67 72
15 68 64
15 69 33
15 70 89
15 71 63
15 72 105
15 73 95
15 74 40
15 75 15
15 76 47
15 77 43
15 78 58
15 79 84
15 80 44
15 81 44
15 82 84
15 83 24
15 84 80
15 85 56
15 86 32
15 87 49
15 88 64
15 89 29
15 90 47
15 91 83
15 92 60
15 93 24
15 94 10
15 95 34
15 96 101
15 97 53
15 98 86
15 99 55
15 100 50
16 0 77
16 1 21
16 2 26
16 3 59
16 4 43
16 5 45
16 6 83
16 7 44
16 8 62
16 9 47
16 10 63
16 11 75
16 12 45
16 13 43
16 14 60
16 15 59
16 17 62
16 18 26
16 19 68
16 20 45
16 21 61
16 22 22
16 23 21
16 24 41
16 25 39
16 26 44
16 27 47
16 28 41
16 29 22
16 30 62
16 31 43
16 32 16
16 33 33
16 34 19
16 35 38
16 36 66
16 37 33
16 38 9
16 39 63
16 40 63
16 41 38
16 42 55
16 43 71
16 44 45
16 45 42
16 46 25
16 47 45
16 48 69
16 49 39
16 50 68
16 51 86
16 52 35
16 53 12
16 54 63
16 55 36
16 56 60
16 57 28
16 58 44
16 59 63
16 60 40
16 61 49
16 62 15
16 63 40
16 64 18
16 65 21
16 66 48
16 67 38
16 68 62
16 69 11
16 70 63
16 71 32
16 72 84
16 73 72
16 74 68
16 75 34
16 76 24
16 77 64
16 78 36
16 79 43
16 80 51
16 81 14
16 82 44
16 83 26
16 84 62
16 85 64
16 86 57
16 87 21
16 88 24
16 89 64
16 90 14
16 91 40
16 92 54
16 93 59
16 94 36
16 95 13
16 96 77
16 97 10
16 98 43
16 99 41
16 100 53
17 0 96
17 1 91
17 2 94
17 3 46
17 4 27
17 5 27
17 6 25
17 7 33
17 8 31
17 9 35
17 10 44
17 11 6
17 12 27
17 13 29
17 14 27
17 15 78
17 16 49
17 18 1
17 19 48
17 20 44
17 21 37
17 22 29
17 23 14
17 24 34
17 25 53
17 26 47
17 27 25
17 28 40
17 29 36
17 30 40
17 31 33
17 32 10
17 33 45
17 34 37
17 35 26
17 36 43
17 37 20
17 38 34
17 39 41
17 40 38
17 41 38
17 42 48
17 43 52
17 44 34
17 45 58
17 46 49
17 47 38
17 48 48
17 49 17
17 50 43
17 51 68
17 52 14
17 53 29
17 54 44
17 55 50
17 56 36
17 57 11
17 58 61
17 59 40
17 60 32
17 61 34
17 62 29
17 63 46
17 64 13
17 65 4
17 66 23
17 67 32
17 68 37
17 69 27
17 70 49
17 71 23
17 72 66
17 73 55
17 74 50
17 75 26
17 76 47
17 77 43
17 78 17
17 79 49
17 80 28
17 81 12
17 82 46
17 83 17
17 84 42
17 85 40
17 86 39
17 87 45
17 88 30
17 89 49
17 90 15
17 91 49
17 92 29
17 93 46
17 94 40
17 95 31
17 96 61
17 97 28
17 98 54
17 99 17
17 100 29
18 0 62
18 1 46
18 2 51
18 3 34
18 4 25
18 5 33
18 6 59
18 7 20
18 8 36
18 9 22
18 10 62
18 11 56
18 12 24
18 13 33
18 14 52
18 15 42
18 16 25
18 17 32
18 19 98
18 20 15
18 21 75
18 22 65
18 23 36
18 24 80
18 25 13
18 26 86
18 27 54
18 28 15
18 29 64
18 30 62
18 31 81
18 32 49
18 33 12
18 34 60
18 35 75
18 36 70
18 37 69
18 38 44
18 39 89
18 40 75
18 41 80
18 42 95
18 43 59
18 44 82
18 45 18
18 46 56
18 47 85
18 48 63
18 49 66
18 50 85
18 51 118
18 52 64
18 53 55
18 54 94
18 55 78
18 56 82
18 57 41
18 58 83
18 59 87
18 60 28
18 61 84
18 62 28
18 63 83
18 64 38
18 65 48
18 66 62
18 67 78
18 68 79
18 69 32
18 70 98
18 71 70
18 72 116
18 73 105
18 74 57
18 75 28
18 76 37
18 77 60
18 78 67
18 79 86
18 80 59
18 81 49
18 82 87
18 83 34
18 84 92
18 85 72
18 86 49
18 87 41
18 88 66
18 89 46
18 90 51
18 91 83
18 92 73
18 93 41
18 94 11
18 95 30
18 96 111
18 97 53
18 98 85
18 99 66
18 100 65
19 0 51
19 1 37
19 2 41
19 3 57
19 4 61
19 5 69
19 6 92
19 7 54
19 8 67
19 9 55
19 10 93
19 11 92
19 12 60
19 13 68
19 14 87
19 15 38
19 16 53
19 17 26
19 18 29
19 20 51
19 21 37
19 22 25
19 23 20
19 24 28
19 25 58
19 26 41
19 27 29
19 28 47
19 29 33
19 30 44
19 31 26
19 32 10
19 33 51
19 34 35
19 35 19
19 36 45
19 37 14
19 38 36
19 39 36
19 40 38
19 41 32
19 42 42
19 43 57
19 44 27
19 45 63
19 46 49
19 47 32
19 48 52
19 49 13
19 50 42
19 51 62
19 52 9
19 53 28
19 54 38
19 55 46
19 56 33
19 57 18
19 58 58
19 59 37
19 60 38
19 61 27
19 62 34
19 63 40
19 64 18
19 65 8
19 66 25
19 67 26
19 68 36
19 69 31
19 70 42
19 71 16
19 72 61
19 73 49
19 74 55
19 75 33
19 76 50
19 77 48
19 78 11
19 79 43
19 80 31
19 81 13
19 82 40
19 83 24
19 84 37
19 85 41
19 86 44
19 87 47
19 88 26
19 89 55
19 90 14
19 91 44
19 92 28
19 93 52
19 94 46
19 95 35
19 96 55
19 97 27
19 98 49
19 99 14
19 100 30
20 0 69
20 1 42
20 2 47
20 3 40
20 4 24
20 5 30
20 6 62
20 7 23
20 8 41
20 9 26
20 10 56
20 11 56
20 12 25
20 13 29
20 14 48
20 15 49
20 16 18
20 17 29
20 18 11
20 19 53
20 21 40
20 22 24
20 23 37
20 24 13
20 25 74
20 26 30
20 27 41
20 28 64
20 29 33
20 30 55
20 31 9
20 32 24
20 33 66
20 34 37
20 35 3
20 36 53
20 37 5
20 38 45
20 39 28
20 40 42
20 41 22
20 42 25
20 43 70
20 44 10
20 45 78
20 46 54
20 47 16
20 48 63
20 49 15
20 50 41
20 51 48
20 52 13
20 53 33
20 54 25
20 55 41
20 56 31
20 57 35
20 58 55
20 59 32
20 60 55
20 61 11
20 62 48
20 63 31
20 64 35
20 65 24
20 66 34
20 67 12
20 68 38
20 69 45
20 70 26
20 71 6
20 72 47
20 73 34
20 74 68
20 75 50
20 76 61
20 77 59
20 78 8
20 79 33
20 80 41
20 81 26
20 82 28
20 83 41
20 84 26
20 85 48
20 86 58
20 87 57
20 88 24
20 89 70
20 90 24
20 91 36
20 92 29
20 93 68
20 94 63
20 95 48
20 96 40
20 97 33
20 98 42
20 99 17
20 100 38
21 0 79
21 1 53
21 2 57
21 3 41
21 4 12
21 5 14
21 6 52
21 7 19
21 8 36
21 9 23
21 10 43
21 11 43
21 12 15
21 13 14
21 14 33
21 15 59
21 16 15
21 17 42
21 18 26
21 19 52
21 20 41
21 22 80
21 23 55
21 24 77
21 25 84
21 26 93
21 27 28
21 28 59
21 29 88
21 30 13
21 31 72
21 32 62
21 33 78
21 34 89
21 35 66
21 36 11
21 37 64
21 38 84
21 39 51
21 40 24
21 41 85
21 42 86
21 43 19
21 44 71
21 45 90
21 46 100
21 47 79
21 48 12
21 49 49
21 50 33
21 51 79
21 52 52
21 53 81
21 54 62
21 55 101
21 56 40
21 57 48
21 58 113
21 59 44
21 60 47
21 61 66
21 62 72
21 63 94
21 64 57
21 65 56
21 66 31
21 67 76
21 68 31
21 69 71
21 70 74
21 71 67
21 72 78
21 73 73
21 74 21
21 75 49
21 76 93
21 77 14
21 78 56
21 79 96
21 80 24
21 81 64
21 82 92
21 83 51
21 84 58
21 85 17
21 86 25
21 87 92
21 88 81
21 89 32
21 90 67
21 91 98
21 92 36
21 93 36
21 94 64
21 95 75
21 96 78
21 97 80
21 98 104
21 99 47
21 100 26
22 0 96
22 1 88
22 2 92
22 3 46
22 4 25
22 5 25
22 6 27
22 7 32
22 8 31
22 9 34
22 10 42
22 11 8
22 12 26
22 13 26
22 14 25
22 15 78
22 16 47
22 17 77
22 18 57
22 19 47
22 20 64
22 21 73
22 23 75
22 24 49
22 25 114
22 26 64
22 27 61
22 28 98
22 29 77
22 30 65
22 31 43
22 32 66
22 33 106
22 34 82
22 35 45
22 36 57
22 37 49
22 38 89
22 39 21
22 40 43
22 41 60
22 42 46
22 43 81
22 44 41
22 45 119
22 46 99
22 47 48
22 48 73
22 49 44
22 50 33
22 51 14
22 52 48
22 53 77
22 54 19
22 55 81
22 56 30
22 57 69
22 58 95
22 59 25
22 60 86
22 61 34
22 62 90
22 63 67
22 64 74
22 65 64
22 66 51
22 67 50
22 68 37
22 69 87
22 70 26
22 71 51
22 72 13
22 73 16
22 74 81
22 75 82
22 76 105
22 77 71
22 78 46
22 79 68
22 80 57
22 81 68
22 82 61
22 83 76
22 84 19
22 85 51
22 86 76
22 87 102
22 88 68
22 89 89
22 90 68
22 91 73
22 92 38
22 93 90
22 94 99
22 95 91
22 96 18
22 97 78
22 98 79
22 99 44
22 100 50
23 0 22
23 1 66
23 2 70
23 3 47
23 4 67
23 5 78
23 6 86
23 7 57
23 8 62
23 9 55
23 10 108
23 11 93
23 12 64
23 13 78
23 14 97
23 15 15
23 16 70
23 17 53
23 18 41
23 19 58
23 20 25
23 21 16
23 22 45
23 24 43
23 25 110
23 26 57
23 27 60
23 28 95
23 29 71
23 30 66
23 31 37
23 32 61
23 33 102
23 34 76
23 35 39
23 36 58
23 37 44
23 38 84
23 39 19
23 40 44
23 41 53
23 42 39
23 43 82
23 44 34
23 45 115
23 46 93
23 47 41
23 48 73
23 49 41
23 50 34
23 51 12
23 52 44
23 53 72
23 54 14
23 55 75
23 56 29
23 57 66
23 58 88
23 59 25
23 60 84
23 61 28
23 62 86
23 63 61
23 64 70
23 65 60
23 66 49
23 67 44
23 68 37
23 69 82
23 70 19
23 71 45
23 72 11
23 73 10
23 74 82
23 75 80
23 76 100
23 77 71
23 78 41
23 79 61
23 80 56
23 81 63
23 82 54
23 83 73
23 84 15
23 85 52
23 86 76
23 87 96
23 88 62
23 89 89
23 90 63
23 91 66
23 92 37
23 93 89
23 94 96
23 95 86
23 96 12
23 97 72
23 98 72
23 99 41
23 100 50
24 0 88
24 1 62
24 2 65
24 3 46
24 4 12
24 5 4
24 6 49
24 7 23
24 8 37
24 9 27
24 10 34
24 11 35
24 12 17
24 13 3
24 14 22
24 15 68
24 16 20
24 17 51
24 18 36
24 19 54
24 20 51
24 21 60
24 22 65
24 23 48
24 25 34
24 26 86
24 27 36
24 28 9
24 29 67
24 30 41
24 31 74
24 32 45
24 33 29
24 34 65
24 35 68
24 36 50
24 37 62
24 38 52
24 39 75
24 40 57
24 41 78
24 42 90
24 43 37
24 44 75
24 45 40
24 46 67
24 47 80
24 48 41
24 49 55
24 50 68
24 51 105
24 52 54
24 53 58
24 54 82
24 55 82
24 56 66
24 57 30
24 58 90
24 59 71
24 60 10
24 61 75
24 62 34
24 63 84
24 64 33
24 65 42
24 66 45
24 67 74
24 68 62
24 69 37
24 70 89
24 71 64
24 72 104
24 73 94
24 74 35
24 75 16
24 76 52
24 77 38
24 78 58
24 79 86
24 80 41
24 81 46
24 82 85
24 83 25
24 84 79
24 85 53
24 86 28
24 87 54
24 88 66
24 89 24
24 90 49
24 91 85
24 92 58
24 93 19
24 94 15
24 95 38
24 96 100
24 97 56
24 98 89
24 99 54
24 100 47
25 0 83
25 1 28
25 2 31
25 3 60
25 4 38
25 5 37
25 6 78
25 7 41
25 8 59
25 9 44
25 10 53
25 11 69
25 12 41
25 13 36
25 14 52
25 15 65
25 16 15
25 17 20
25 18 26
25 19 73
25 20 46
25 21 54
25 22 36
25 23 54
25 24 18
25 26 41
25 27 64
25 28 95
25 29 59
25 30 73
25 31 26
25 32 56
25 33 98
25 34 64
25 35 31
25 36 68
25 37 36
25 38 75
25 39 27
25 40 54
25 41 39
25 42 22
25 43 90
25 44 24
25 45 110
25 46 82
25 47 27
25 48 82
25 49 40
25 50 46
25 51 19
25 52 41
25 53 62
25 54 16
25 55 60
25 56 38
25 57 65
25 58 73
25 59 35
25 60 84
25 61 21
25 62 80
25 63 45
25 64 67
25 65 56
25 66 54
25 67 32
25 68 47
25 69 77
25 70 6
25 71 37
25 72 18
25 73 8
25 74 89
25 75 80
25 76 92
25 77 79
25 78 37
25 79 46
25 80 62
25 81 57
25 82 38
25 83 72
25 84 20
25 85 61
25 86 82
25 87 87
25 88 50
25 89 94
25 90 56
25 91 51
25 92 43
25 93 93
25 94 94
25 95 80
25 96 10
25 97 63
25 98 57
25 99 41
25 100 56
26 0 63
26 1 80
26 2 85
26 3 13
26 4 25
26 5 38
26 6 28
26 7 16
26 8 4
26 9 13
26 10 68
26 11 36
26 12 20
26 13 39
26 14 52
26 15 46
26 16 49
26 17 65
26 18 39
26 19 18
26 20 36
26 21 43
26 22 72
26 23 23
26 24 71
26 25 37
26 27 27
26 28 51
26 29 38
26 30 41
26 31 24
26 32 17
26 33 56
26 34 40
26 35 17
26 36 41
26 37 13
26 38 42
26 39 30
26 40 33
26 41 34
26 42 40
26 43 55
26 44 25
26 45 69
26 46 55
26 47 31
26 48 50
26 49 6
26 50 36
26 51 57
26 52 2
26 53 33
26 54 33
26 55 50
26 56 27
26 57 21
26 58 62
26 59 30
26 60 41
26 61 23
26 62 40
26 63 42
26 64 24
26 65 14
26 66 21
26 67 26
26 68 30
26 69 37
26 70 38
26 71 16
26 72 55
26 73 44
26 74 54
26 75 36
26 76 57
26 77 45
26 78 7
26 79 45
26 80 28
26 81 19
26 82 41
26 83 28
26 84 31
26 85 37
26 86 44
26 87 54
26 88 30
26 89 55
26 90 20
26 91 46
26 92 22
26 93 53
26 94 51
26 95 41
26 96 50
26 97 33
26 98 52
26 99 8
26 100 26
27 0 85
27 1 86
27 2 90
27 3 35
27 4 22
27 5 27
27 6 20
27 7 24
27 8 19
27 9 25
27 10 52
27 11 14
27 12 20
27 13 29
27 14 34
27 15 67
27 16 47
27 17 73
27 18 51
27 19 36
27 20 55
27 21 63
27 22 84
27 23 44
27 24 69
27 25 52
27 26 48
27 28 59
27 29 88
27 30 13
27 31 72
27 32 62
27 33 78
27 34 89
27 35 67
27 36 11
27 37 64
27 38 84
27 39 51
27 40 25
27 41 86
27 42 87
27 43 19
27 44 71
27 45 90
27 46 100
27 47 80
27 48 11
27 49 49
27 50 34
27 51 80
27 52 52
27 53 81
27 54 63
27 55 101
27 56 41
27 57 48
27 58 113
27 59 44
27 60 47
27 61 66
27 62 72
27 63 94
27 64 57
27 65 56
27 66 31
27 67 76
27 68 32
27 69 71
27 70 74
27 71 68
27 72 78
27 73 74
27 74 20
27 75 49
27 76 93
27 77 14
27 78 57
27 79 97
27 80 25
27 81 64
27 82 92
27 83 51
27 84 59
27 85 18
27 86 24
27 87 92
27 88 82
27 89 32
27 90 67
27 91 98
27 92 37
27 93 35
27 94 64
27 95 75
27 96 79
27 97 80
27 98 104
27 99 47
27 100 26
28 0 33
28 1 59
28 2 64
28 3 33
28 4 49
28 5 61
28 6 70
28 7 39
28 8 46
28 9 37
28 10 91
28 11 76
28 12 47
28 13 61
28 14 80
28 15 14
28 16 55
28 17 44
28 18 26
28 19 46
28 20 7
28 21 3
28 22 41
28 23 21
28 24 68
28 25 17
28 26 14
28 27 23
28 29 34
28 30 43
28 31 38
28 32 9
28 33 37
28 34 34
28 35 32
28 36 47
28 37 26
28 38 29
28 39 48
28 40 44
28 41 41
28 42 53
28 43 53
28 44 40
28 45 50
28 46 44
28 47 43
28 48 50
28 49 24
28 50 50
28 51 75
28 52 21
28 53 26
28 54 51
28 55 49
28 56 44
28 57 9
28 58 60
28 59 48
28 60 27
28 61 41
28 62 22
28 63 48
28 64 5
28 65 5
28 66 29
28 67 37
28 68 44
28 69 19
28 70 55
28 71 27
28 72 74
28 73 62
28 74 51
28 75 21
28 76 40
28 77 45
28 78 24
28 79 50
28 80 32
28 81 10
28 82 49
28 83 12
28 84 50
28 85 45
28 86 39
28 87 38
28 88 31
28 89 48
28 90 13
28 91 50
28 92 36
28 93 44
28 94 33
28 95 23
28 96 68
28 97 25
28 98 54
28 99 25
28 100 34
29 0 80
29 1 87
29 2 91
29 3 30
29 4 24
29 5 32
29 6 17
29 7 23
29 8 14
29 9 22
29 10 58
29 11 19
29 12 21
29 13 33
29 14 40
29 15 63
29 16 50
29 17 74
29 18 50
29 19 29
29 20 52
29 21 59
29 22 83
29 23 40
29 24 72
29 25 50
29 26 45
29 27 77
29 28 81
29 30 46
29 31 29
29 32 5
29 33 45
29 34 31
29 35 23
29 36 48
29 37 17
29 38 30
29 39 42
29 40 42
29 41 33
29 42 45
29 43 58
29 44 31
29 45 57
29 46 44
29 47 34
29 48 53
29 49 18
29 50 47
29 51 68
29 52 14
29 53 24
29 54 44
29 55 44
29 56 39
29 57 16
29 58 56
29 59 42
29 60 36
29 61 32
29 62 28
29 63 40
29 64 14
29 65 4
29 66 28
29 67 28
29 68 41
29 69 25
29 70 47
29 71 19
29 72 66
29 73 54
29 74 56
29 75 30
29 76 45
29 77 49
29 78 16
29 79 43
29 80 33
29 81 8
29 82 41
29 83 20
29 84 43
29 85 45
29 86 44
29 87 42
29 88 25
29 89 54
29 90 9
29 91 43
29 92 33
29 93 51
29 94 42
29 95 29
29 96 60
29 97 23
29 98 48
29 99 19
29 100 34
30 0 87
30 1 29
30 2 32
30 3 62
30 4 39
30 5 37
30 6 80
30 7 43
30 8 61
30 9 47
30 10 51
30 11 69
30 12 42
30 13 35
30 14 50
30 15 68
30 16 14
30 17 23
30 18 29
30 19 75
30 20 50
30 21 58
30 22 39
30 23 58
30 24 14
30 25 38
30 26 51
30 27 76
30 28 37
30 29 16
30 31 20
30 32 47
30 33 87
30 34 44
30 35 26
30 36 80
30 37 31
30 38 59
30 39 46
30 40 67
30 41 18
30 42 5
30 43 98
30 44 20
30 45 97
30 46 61
30 47 13
30 48 91
30 49 44
30 50 63
30 51 46
30 52 42
30 53 45
30 54 36
30 55 36
30 56 53
30 57 62
30 58 47
30 59 52
30 60 83
30 61 25
30 62 69
30 63 21
30 64 60
30 65 51
30 66 62
30 67 19
30 68 61
30 69 65
30 70 25
30 71 28
30 72 45
30 73 34
30 74 97
30 75 77
30 76 75
30 77 87
30 78 37
30 79 20
30 80 70
30 81 48
30 82 14
30 83 67
30 84 39
30 85 74
30 86 87
30 87 70
30 88 32
30 89 99
30 90 45
30 91 26
30 92 55
30 93 96
30 94 87
30 95 68
30 96 36
30 97 46
30 98 31
30 99 45
30 100 65
31 0 56
31 1 69
31 2 74
31 3 12
31 4 23
31 5 37
31 6 40
31 7 12
31 8 15
31 9 8
31 10 68
31 11 44
31 12 19
31 13 38
31 14 54
31 15 37
31 16 42
31 17 54
31 18 28
31 19 24
31 20 25
31 21 33
31 22 61
31 23 15
31 24 64
31 25 25
31 26 18
31 27 51
31 28 58
31 29 67
31 30 34
31 32 16
31 33 56
31 34 22
31 35 15
31 36 61
31 37 11
31 38 30
31 39 44
31 40 53
31 41 17
31 42 31
31 43 74
31 44 21
31 45 66
31 46 39
31 47 21
31 48 69
31 49 25
31 50 54
31 51 62
31 52 21
31 53 17
31 54 41
31 55 29
31 56 45
31 57 33
31 58 42
31 59 47
31 60 52
31 61 26
31 62 37
31 63 24
31 64 29
31 65 20
31 66 41
31 67 14
31 68 50
31 69 33
31 70 39
31 71 9
31 72 61
31 73 49
31 74 72
31 75 46
31 76 47
31 77 65
31 78 18
31 79 26
31 80 48
31 81 16
31 82 24
31 83 37
31 84 41
31 85 57
31 86 61
31 87 43
31 88 10
31 89 71
31 90 13
31 91 27
31 92 41
31 93 68
31 94 55
31 95 37
31 96 54
31 97 18
31 98 32
31 99 27
31 100 46
32 0 43
32 1 85
32 2 90
32 3 10
32 4 44
32 5 58
32 6 44
32 7 33
32 8 25
32 9 29
32 10 89
32 11 57
32 12 39
32 13 59
32 14 73
32 15 29
32 16 64
32 17 70
32 18 44
32 19 14
32 20 29
32 21 31
32 22 71
32 23 14
32 24 84
32 25 37
32 26 23
32 27 43
32 28 69
32 29 86
32 30 54
32 31 76
32 33 21
32 34 64
32 35 72
32 36 60
32 37 66
32 38 49
32 39 82
32 40 66
32 41 80
32 42 93
32 43 47
32 44 80
32 45 30
32 46 63
32 47 83
32 48 51
32 49 61
32 50 77
32 51 112
32 52 59
32 53 57
32 54 88
32 55 81
32 56 74
32 57 35
32 58 88
32 59 79
32 60 18
32 61 80
32 62 31
32 63 85
32 64 35
32 65 45
32 66 53
32 67 77
32 68 71
32 69 35
32 70 94
32 71 67
32 72 111
32 73 100
32 74 45
32 75 21
32 76 46
32 77 48
32 78 63
32 79 87
32 80 50
32 81 48
32 82 87
32 83 29
32 84 86
32 85 62
32 86 38
32 87 49
32 88 67
32 89 34
32 90 50
32 91 85
32 92 66
32 93 29
32 94 9
32 95 34
32 96 106
32 97 56
32 98 88
32 99 61
32 100 56
33 0 52
33 1 68
33 2 73
33 3 11
33 4 26
33 5 40
33 6 43
33 7 15
33 8 18
33 9 11
33 10 71
33 11 48
33 12 22
33 13 40
33 14 57
33 15 34
33 16 44
33 17 53
33 18 27
33 19 25
33 20 22
33 21 29
33 22 59
33 23 11
33 24 64
33 25 23
33 26 14
33 27 47
33 28 56
33 29 67
33 30 35
33 31 61
33 32 53
33 34 64
33 35 29
33 36 64
33 37 35
33 38 74
33 39 24
33 40 50
33 41 39
33 42 23
33 43 87
33 44 22
33 45 108
33 46 81
33 47 27
33 48 79
33 49 37
33 50 42
33 51 19
33 52 39
33 53 61
33 54 13
33 55 61
33 56 34
33 57 62
33 58 74
33 59 31
33 60 82
33 61 19
33 62 78
33 63 46
33 64 64
33 65 54
33 66 51
33 67 31
33 68 43
33 69 75
33 70 4
33 71 35
33 72 18
33 73 6
33 74 86
33 75 77
33 76 91
33 77 76
33 78 35
33 79 47
33 80 59
33 81 56
33 82 39
33 83 69
33 84 17
33 85 58
33 86 78
33 87 86
33 88 50
33 89 91
33 90 54
33 91 52
33 92 40
33 93 90
33 94 92
33 95 78
33 96 10
33 97 62
33 98 57
33 99 38
33 100 53
34 0 121
34 1 84
34 2 87
34 3 75
34 4 43
34 5 30
34 6 61
34 7 54
34 8 62
34 9 58
34 10 10
34 11 40
34 12 47
34 13 30
34 14 12
34 15 101
34 16 44
34 17 78
34 18 69
34 19 80
34 20 84
34 21 93
34 22 94
34 23 80
34 24 56
34 25 75
34 26 80
34 27 114
34 28 92
34 29 63
34 30 55
34 31 12
34 32 32
34 33 95
34 35 21
34 36 74
34 37 26
34 38 57
34 39 40
34 40 62
34 41 17
34 42 2
34 43 93
34 44 14
34 45 95
34 46 61
34 47 8
34 48 86
34 49 38
34 50 57
34 51 43
34 52 36
34 53 43
34 54 30
34 55 37
34 56 47
34 57 58
34 58 50
34 59 46
34 60 78
34 61 20
34 62 66
34 63 22
34 64 56
34 65 46
34 66 56
34 67 15
34 68 56
34 69 62
34 70 21
34 71 24
34 72 41
34 73 30
34 74 91
34 75 72
34 76 74
34 77 82
34 78 32
34 79 23
34 80 64
34 81 44
34 82 15
34 83 63
34 84 33
34 85 68
34 86 81
34 87 69
34 88 31
34 89 93
34 90 42
34 91 28
34 92 49
34 93 91
34 94 84
34 95 65
34 96 33
34 97 45
34 98 34
34 99 40
34 100 60
35 0 83
35 1 49
35 2 53
35 3 47
35 4 18
35 5 16
35 6 58
35 7 25
35 8 42
35 9 29
35 10 40
35 11 47
35 12 22
35 13 15
35 14 33
35 15 63
35 16 8
35 17 39
35 18 27
35 19 58
35 20 45
35 21 54
35 22 53
35 23 46
35 24 31
35 25 35
35 26 43
35 27 75
35 28 51
35 29 37
35 30 13
35 31 41
35 32 16
35 33 56
35 34 83
35 36 58
35 37 50
35 38 90
35 39 22
35 40 45
35 41 60
35 42 46
35 43 83
35 44 41
35 45 120
35 46 100
35 47 48
35 48 74
35 49 46
35 50 34
35 51 13
35 52 49
35 53 78
35 54 20
35 55 82
35 56 31
35 57 70
35 58 95
35 59 26
35 60 87
35 61 35
35 62 91
35 63 68
35 64 75
35 65 65
35 66 52
35 67 51
35 68 38
35 69 88
35 70 26
35 71 52
35 72 12
35 73 16
35 74 83
35 75 84
35 76 106
35 77 72
35 78 47
35 79 69
35 80 58
35 81 69
35 82 61
35 83 77
35 84 20
35 85 52
35 86 78
35 87 103
35 88 69
35 89 90
35 90 69
35 91 73
35 92 40
35 93 91
35 94 100
35 95 92
35 96 17
35 97 79
35 98 79
35 99 45
35 100 51
36 0 103
36 1 48
36 2 50
36 3 68
36 4 37
36 5 27
36 6 75
36 7 46
36 8 62
36 9 50
36 10 30
36 11 59
36 12 41
36 13 26
36 14 33
36 15 83
36 16 16
36 17 44
36 18 44
36 19 79
36 20 64
36 21 73
36 22 60
36 23 67
36 24 19
36 25 53
36 26 63
36 27 93
36 28 59
36 29 27
36 30 28
36 31 42
36 32 8
36 33 74
36 34 103
36 35 29
36 37 7
36 38 46
36 39 30
36 40 45
36 41 19
36 42 21
36 43 73
36 44 7
36 45 80
36 46 54
36 47 12
36 48 67
36 49 19
36 50 44
36 51 47
36 52 17
36 53 33
36 54 25
36 55 39
36 56 33
36 57 39
36 58 53
36 59 34
36 60 59
36 61 10
36 62 51
36 63 28
36 64 38
36 65 28
36 66 37
36 67 9
36 68 40
36 69 47
36 70 24
36 71 7
36 72 45
36 73 33
36 74 72
36 75 53
36 76 63
36 77 63
36 78 12
36 79 30
36 80 45
36 81 28
36 82 24
36 83 44
36 84 26
36 85 51
36 86 62
36 87 58
36 88 23
36 89 74
36 90 26
36 91 33
36 92 33
36 93 72
36 94 66
36 95 51
36 96 38
36 97 34
36 98 40
36 99 21
36 100 42
37 0 22
37 1 66
37 2 71
37 3 42
37 4 62
37 5 74
37 6 80
37 7 52
37 8 56
37 9 49
37 10 104
37 11 87
37 12 59
37 13 74
37 14 93
37 15 9
37 16 67
37 17 53
37 18 38
37 19 52
37 20 20
37 21 11
37 22 46
37 23 30
37 24 80
37 25 30
37 26 25
37 27 10
37 28 45
37 29 79
37 30 54
37 31 98
37 32 80
37 33 9
37 34 21
37 35 83
37 36 60
37 38 78
37 39 13
37 40 18
37 41 60
37 42 53
37 43 56
37 44 41
37 45 101
37 46 90
37 47 50
37 48 47
37 49 30
37 50 8
37 51 38
37 52 34
37 53 69
37 54 24
37 55 80
37 56 9
37 57 50
37 58 94
37 59 6
37 60 64
37 61 34
37 62 74
37 63 69
37 64 57
37 65 49
37 66 28
37 67 49
37 68 12
37 69 72
37 70 36
37 71 44
37 72 37
37 73 33
37 74 56
37 75 61
37 76 92
37 77 46
37 78 35
37 79 70
37 80 33
37 81 55
37 82 64
37 83 57
37 84 20
37 85 26
37 86 52
37 87 90
37 88 63
37 89 64
37 90 56
37 91 74
37 92 17
37 93 65
37 94 79
37 95 76
37 96 38
37 97 69
37 98 80
37 99 28
37 100 26
38 0 86
38 1 78
38 2 82
38 3 38
38 4 14
38 5 17
38 6 30
38 7 21
38 8 24
38 9 23
38 10 43
38 11 19
38 12 14
38 13 19
38 14 26
38 15 67
38 16 37
38 17 66
38 18 45
38 19 42
38 20 53
38 21 61
38 22 77
38 23 44
38 24 59
38 25 48
38 26 47
38 27 81
38 28 75
38 29 65
38 30 39
38 31 28
38 32 37
38 33 63
38 34 86
38 35 69
38 36 16
38 37 49
38 39 31
38 40 50
38 41 18
38 42 14
38 43 80
38 44 2
38 45 87
38 46 58
38 47 7
38 48 74
38 49 26
38 50 47
38 51 42
38 52 24
38 53 38
38 54 24
38 55 39
38 56 37
38 57 47
38 58 53
38 59 37
38 60 67
38 61 9
38 62 58
38 63 26
38 64 46
38 65 36
38 66 44
38 67 8
38 68 45
38 69 54
38 70 19
38 71 14
38 72 41
38 73 29
38 74 79
38 75 61
38 76 68
38 77 70
38 78 20
38 79 28
38 80 52
38 81 35
38 82 21
38 83 52
38 84 26
38 85 57
38 86 69
38 87 64
38 88 27
38 89 81
38 90 33
38 91 32
38 92 38
38 93 79
38 94 74
38 95 57
38 96 33
38 97 39
38 98 38
38 99 27
38 100 48
39 0 88
39 1 101
39 2 105
39 3 38
39 4 37
39 5 43
39 6 5
39 7 37
39 8 24
39 9 35
39 10 64
39 11 17
39 12 34
39 13 44
39 14 46
39 15 72
39 16 62
39 17 87
39 18 63
39 19 33
39 20 63
39 21 70
39 22 97
39 23 50
39 24 85
39 25 63
39 26 56
39 27 86
39 28 94
39 29 90
39 30 62
39 31 44
39 32 62
39 33 71
39 34 88
39 35 94
39 36 23
39 37 71
39 38 35
39 40 81
39 41 65
39 42 83
39 43 76
39 44 74
39 45 15
39 46 33
39 47 73
39 48 77
39 49 64
39 50 89
39 51 113
39 52 60
39 53 38
39 54 89
39 55 58
39 56 83
39 57 43
39 58 61
39 59 87
39 60 41
39 61 77
39 62 18
39 63 67
39 64 35
39 65 44
39 66 66
39 67 67
39 68 83
39 69 21
39 70 91
39 71 60
39 72 112
39 73 100
39 74 73
39 75 38
39 76 13
39 77 73
39 78 62
39 79 69
39 80 67
39 81 40
39 82 72
39 83 37
39 84 89
39 85 81
39 86 64
39 87 18
39 88 51
39 89 65
39 90 41
39 91 65
39 92 75
39 93 59
39 94 26
39 95 17
39 96 105
39 97 37
39 98 66
39 99 65
39 100 71
40 0 106
40 1 83
40 2 86
40 3 59
40 4 29
40 5 19
40 6 44
40 7 40
40 8 45
40 9 43
40 10 26
40 11 23
40 12 32
40 13 21
40 14 8
40 15 87
40 16 40
40 17 74
40 18 59
40 19 62
40 20 71
40 21 80
40 22 88
40 23 65
40 24 58
40 25 64
40 26 66
40 27 100
40 28 86
40 29 65
40 30 48
40 31 7
40 32 32
40 33 82
40 34 106
40 35 68
40 36 36
40 37 56
40 38 32
40 39 45
40 41 9
40 42 20
40 43 81
40 44 13
40 45 78
40 46 47
40 47 9
40 48 75
40 49 28
40 50 54
40 51 54
40 52 24
40 53 27
40 54 34
40 55 29
40 56 44
40 57 42
40 58 43
40 59 45
40 60 62
40 61 19
40 62 49
40 63 18
40 64 39
40 65 30
40 66 46
40 67 3
40 68 51
40 69 45
40 70 30
40 71 9
40 72 52
40 73 40
40 74 79
40 75 56
40 76 57
40 77 71
40 78 20
40 79 20
40 80 53
40 81 27
40 82 16
40 83 47
40 84 36
40 85 60
40 86 69
40 87 53
40 88 15
40 89 80
40 90 25
40 91 23
40 92 42
40 93 77
40 94 67
40 95 48
40 96 45
40 97 28
40 98 29
40 99 30
40 100 50
41 0 100
41 1 90
41 2 94
41 3 50
41 4 28
41 5 26
41 6 29
41 7 36
41 8 35
41 9 38
41 10 41
41 11 8
41 12 29
41 13 28
41 14 23
41 15 82
41 16 48
41 17 79
41 18 60
41 19 51
41 20 68
41 21 76
41 22 92
41 23 58
41 24 69
41 25 63
41 26 62
41 27 95
41 28 90
41 29 76
41 30 53
41 31 20
41 32 44
41 33 78
41 34 100
41 35 79
41 36 28
41 37 62
41 38 30
41 39 40
41 40 52
41 42 39
41 43 97
41 44 40
41 45 69
41 46 25
41 47 33
41 48 93
41 49 51
41 50 80
41 51 80
41 52 47
41 53 20
41 54 62
41 55 5
41 56 70
41 57 54
41 58 16
41 59 72
41 60 70
41 61 47
41 62 46
41 63 16
41 64 47
41 65 43
41 66 67
41 67 31
41 68 76
41 69 42
41 70 57
41 71 34
41 72 78
41 73 67
41 74 95
41 75 64
41 76 43
41 77 89
41 78 44
41 79 17
41 80 73
41 81 35
41 82 23
41 83 55
41 84 64
41 85 83
41 86 84
41 87 38
41 88 16
41 89 93
41 90 32
41 91 12
41 92 67
41 93 89
41 94 68
41 95 43
41 96 70
41 97 21
41 98 12
41 99 53
41 100 72
42 0 107
42 1 92
42 2 96
42 3 57
42 4 33
42 5 28
42 6 36
42 7 42
42 8 42
42 9 44
42 10 35
42 11 14
42 12 35
42 13 29
42 14 19
42 15 88
42 16 50
42 17 82
42 18 65
42 19 59
42 20 74
42 21 83
42 22 96
42 23 65
42 24 69
42 25 68
42 26 68
42 27 102
42 28 93
42 29 76
42 30 56
42 31 14
42 32 43
42 33 84
42 34 107
42 35 79
42 36 35
42 37 65
42 38 35
42 39 46
42 40 55
42 41 15
42 43 44
42 44 42
42 45 89
42 46 84
42 47 51
42 48 35
42 49 24
42 50 8
42 51 50
42 52 28
42 53 62
42 54 31
42 55 77
42 56 9
42 57 39
42 58 91
42 59 14
42 60 51
42 61 36
42 62 64
42 63 68
42 64 46
42 65 40
42 66 16
42 67 48
42 68 2
42 69 62
42 70 43
42 71 41
42 72 49
42 73 42
42 74 44
42 75 49
42 76 83
42 77 33
42 78 31
42 79 70
42 80 20
42 81 47
42 82 64
42 83 45
42 84 27
42 85 14
42 86 38
42 87 81
42 88 59
42 89 51
42 90 49
42 91 72
42 92 8
42 93 52
42 94 66
42 95 66
42 96 48
42 97 62
42 98 79
42 99 22
42 100 13
43 0 92
43 1 87
43 2 91
43 3 42
43 4 23
43 5 25
43 6 24
43 7 29
43 8 27
43 9 30
43 10 46
43 11 9
43 12 23
43 13 27
43 14 28
43 15 74
43 16 46
43 17 76
43 18 54
43 19 43
43 20 61
43 21 69
43 22 87
43 23 51
43 24 68
43 25 57
43 26 54
43 27 88
43 28 85
43 29 74
43 30 49
43 31 27
43 32 44
43 33 70
43 34 92
43 35 78
43 36 20
43 37 58
43 38 24
43 39 32
43 40 49
43 41 6
43 42 42
43 44 35
43 45 87
43 46 78
43 47 44
43 48 40
43 49 17
43 50 12
43 51 47
43 52 22
43 53 56
43 54 26
43 55 71
43 56 6
43 57 36
43 58 84
43 59 11
43 60 50
43 61 29
43 62 60
43 63 61
43 64 43
43 65 35
43 66 15
43 67 42
43 68 8
43 69 58
43 70 37
43 71 35
43 72 45
43 73 38
43 74 48
43 75 48
43 76 79
43 77 37
43 78 24
43 79 63
43 80 21
43 81 42
43 82 57
43 83 43
43 84 22
43 85 20
43 86 41
43 87 76
43 88 52
43 89 54
43 90 43
43 91 66
43 92 3
43 93 54
43 94 65
43 95 62
43 96 44
43 97 56
43 98 72
43 99 16
43 100 15
44 0 37
44 1 63
44 2 68
44 3 22
44 4 41
44 5 54
44 6 60
44 7 30
44 8 35
44 9 28
44 10 85
44 11 66
44 12 38
44 13 54
44 14 72
44 15 17
44 16 51
44 17 48
44 18 25
44 19 36
44 20 6
44 21 11
44 22 48
44 23 10
44 24 68
44 25 16
44 26 4
44 27 30
44 28 46
44 29 69
44 30 39
44 31 77
44 32 63
44 33 12
44 34 37
44 35 73
44 36 39
44 37 43
44 38 38
44 39 26
44 40 42
44 41 63
44 42 42
44 43 46
44 45 60
44 46 41
44 47 29
44 48 60
44 49 20
44 50 50
44 51 66
44 52 16
44 53 19
44 54 43
44 55 38
44 56 41
44 57 22
44 58 50
44 59 44
44 60 42
44 61 29
44 62 30
44 63 34
44 64 19
44 65 10
44 66 33
44 67 23
44 68 45
44 69 27
44 70 44
44 71 14
44 72 64
44 73 52
44 74 62
44 75 36
44 76 44
44 77 55
44 78 16
44 79 37
44 80 39
44 81 7
44 82 35
44 83 26
44 84 42
44 85 50
44 86 51
44 87 40
44 88 18
44 89 61
44 90 6
44 91 37
44 92 36
44 93 58
44 94 46
44 95 30
44 96 58
44 97 19
44 98 42
44 99 22
44 100 39
45 0 42
45 1 47
45 2 51
45 3 55
45 4 64
45 5 74
45 6 92
45 7 56
45 8 67
45 9 56
45 10 100
45 11 94
45 12 63
45 13 73
45 14 92
45 15 31
45 16 60
45 17 36
45 18 34
45 19 68
45 20 28
45 21 24
45 22 25
45 23 43
45 24 67
45 25 29
45 26 35
45 27 29
45 28 24
45 29 64
45 30 47
45 31 99
45 32 74
45 33 24
45 34 41
45 35 67
45 36 68
45 37 44
45 38 62
45 39 54
45 40 50
45 41 91
45 42 54
45 43 52
45 44 32
45 46 44
45 47 25
45 48 99
45 49 52
45 50 78
45 51 67
45 52 49
45 53 34
45 54 54
45 55 16
45 56 67
45 57 63
45 58 26
45 59 68
45 60 81
45 61 40
45 62 61
45 63 7
45 64 57
45 65 50
45 66 70
45 67 25
45 68 75
45 69 57
45 70 46
45 71 33
45 72 66
45 73 55
45 74 102
45 75 75
45 76 61
45 77 94
45 78 45
45 79 4
45 80 77
45 81 45
45 82 11
45 83 66
45 84 57
45 85 85
45 86 91
45 87 56
45 88 24
45 89 102
45 90 41
45 91 6
45 92 67
45 93 98
45 94 82
45 95 59
45 96 58
45 97 36
45 98 9
45 99 54
45 100 75
46 0 90
46 1 72
46 2 75
46 3 44
46 4 13
46 5 8
46 6 40
46 7 24
46 8 32
46 9 27
46 10 35
46 11 25
46 12 16
46 13 9
46 14 19
46 15 71
46 16 30
46 17 61
46 18 43
46 19 50
46 20 55
46 21 64
46 22 74
46 23 49
46 24 51
46 25 48
46 26 50
46 27 84
46 28 72
46 29 57
46 30 34
46 31 23
46 32 27
46 33 65
46 34 90
46 35 61
46 36 24
46 37 43
46 38 15
46 39 29
46 40 33
46 41 23
46 42 26
46 43 36
46 44 73
46 45 42
46 47 43
46 48 99
46 49 59
46 50 88
46 51 89
46 52 54
46 53 24
46 54 71
46 55 10
46 56 78
46 57 59
46 58 10
46 59 80
46 60 74
46 61 56
46 62 47
46 63 25
46 64 51
46 65 48
46 66 74
46 67 40
46 68 84
46 69 44
46 70 66
46 71 42
46 72 88
46 73 76
46 74 100
46 75 67
46 76 40
46 77 95
46 78 52
46 79 25
46 80 80
46 81 40
46 82 32
46 83 59
46 84 73
46 85 90
46 86 89
46 87 35
46 88 24
46 89 97
46 90 37
46 91 20
46 92 75
46 93 92
46 94 69
46 95 44
46 96 79
46 97 25
46 98 17
46 99 61
46 100 79
47 0 51
47 1 84
47 2 88
47 3 5
47 4 37
47 5 51
47 6 36
47 7 27
47 8 16
47 9 22
47 10 81
47 11 49
47 12 32
47 13 51
47 14 65
47 15 36
47 16 58
47 17 68
47 18 42
47 19 10
47 20 32
47 21 36
47 22 72
47 23 16
47 24 80
47 25 37
47 26 24
47 27 49
47 28 70
47 29 83
47 30 50
47 31 68
47 32 66
47 33 37
47 34 51
47 35 87
47 36 24
47 37 58
47 38 34
47 39 21
47 40 53
47 41 46
47 42 49
47 43 57
47 44 37
47 45 67
47 46 90
47 48 106
47 49 66
47 50 95
47 51 94
47 52 61
47 53 31
47 54 77
47 55 14
47 56 85
47 57 66
47 58 5
47 59 87
47 60 80
47 61 62
47 62 53
47 63 29
47 64 58
47 65 56
47 66 81
47 67 46
47 68 91
47 69 50
47 70 71
47 71 49
47 72 93
47 73 81
47 74 107
47 75 74
47 76 44
47 77 102
47 78 59
47 79 29
47 80 87
47 81 47
47 82 36
47 83 66
47 84 79
47 85 97
47 86 96
47 87 39
47 88 31
47 89 104
47 90 44
47 91 24
47 92 82
47 93 99
47 94 74
47 95 49
47 96 84
47 97 32
47 98 19
47 99 68
47 100 86
48 0 89
48 1 34
48 2 37
48 3 61
48 4 36
48 5 32
48 6 76
48 7 41
48 8 59
48 9 45
48 10 46
48 11 65
48 12 39
48 13 31
48 14 45
48 15 70
48 16 10
48 17 28
48 18 30
48 19 74
48 20 51
48 21 59
48 22 44
48 23 57
48 24 14
48 25 40
48 26 52
48 27 79
48 28 42
48 29 19
48 30 16
48 31 53
48 32 19
48 33 61
48 34 89
48 35 23
48 36 52
48 37 14
48 38 37
48 39 45
48 40 13
48 41 62
48 42 17
48 43 8
48 44 72
48 45 2
48 46 28
48 47 47
48 49 41
48 50 50
48 51 25
48 52 41
48 53 58
48 54 20
48 55 55
48 56 41
48 57 65
48 58 68
48 59 38
48 60 84
48 61 20
48 62 78
48 63 40
48 64 65
48 65 55
48 66 56
48 67 28
48 68 50
48 69 74
48 70 8
48 71 34
48 72 24
48 73 14
48 74 91
48 75 79
48 76 89
48 77 81
48 78 37
48 79 40
48 80 64
48 81 55
48 82 33
48 83 71
48 84 24
48 85 64
48 86 83
48 87 84
48 88 46
48 89 96
48 90 54
48 91 46
48 92 46
48 93 94
48 94 93
48 95 78
48 96 15
48 97 59
48 98 51
48 99 41
48 100 58
49 0 80
49 1 11
49 2 15
49 3 69
49 4 55
49 5 56
49 6 94
49 7 55
49 8 72
49 9 57
49 10 72
49 11 87
49 12 56
49 13 54
49 14 71
49 15 64
49 16 34
49 17 6
49 18 31
49 19 83
49 20 48
49 21 53
49 22 20
49 23 61
49 24 28
49 25 38
49 26 52
49 27 68
49 28 19
49 29 23
49 30 29
49 31 79
49 32 46
49 33 54
49 34 80
49 35 26
49 36 68
49 37 19
49 38 55
49 39 56
49 40 29
49 41 84
49 42 36
49 43 27
49 44 65
49 45 24
49 46 23
49 47 54
49 48 58
49 50 46
49 51 81
49 52 29
49 53 43
49 54 57
49 55 66
49 56 43
49 57 7
49 58 76
49 59 47
49 60 15
49 61 50
49 62 30
49 63 64
49 64 16
49 65 20
49 66 22
49 67 50
49 68 40
49 69 29
49 70 64
49 71 41
49 72 79
49 73 69
49 74 34
49 75 11
49 76 51
49 77 30
49 78 33
49 79 66
49 80 21
49 81 27
49 82 64
49 83 9
49 84 54
49 85 35
49 86 23
49 87 50
49 88 47
49 89 31
49 90 30
49 91 66
49 92 34
49 93 28
49 94 28
49 95 33
49 96 75
49 97 41
49 98 71
49 99 29
49 100 26
50 0 53
50 1 42
50 2 47
50 3 37
50 4 37
50 5 46
50 6 69
50 7 30
50 8 44
50 9 31
50 10 73
50 11 68
50 12 36
50 13 45
50 14 64
50 15 34
50 16 35
50 17 27
50 18 6
50 19 52
50 20 16
50 21 24
50 22 31
50 23 28
50 24 48
50 25 6
50 26 20
50 27 43
50 28 29
50 29 48
50 30 22
50 31 71
50 32 48
50 33 25
50 34 53
50 35 52
50 36 43
50 37 23
50 38 35
50 39 29
50 40 25
50 41 64
50 42 27
50 43 28
50 44 36
50 45 36
50 46 52
50 47 24
50 48 26
50 49 65
50 51 57
50 52 15
50 53 47
50 54 34
50 55 64
50 56 19
50 57 23
50 58 77
50 59 24
50 60 38
50 61 31
50 62 47
50 63 56
50 64 30
50 65 23
50 66 7
50 67 39
50 68 19
50 69 45
50 70 43
50 71 30
50 72 56
50 73 46
50 74 42
50 75 35
50 76 66
50 77 33
50 78 19
50 79 59
50 80 15
50 81 31
50 82 54
50 83 30
50 84 31
50 85 22
50 86 33
50 87 64
50 88 45
50 89 46
50 90 33
50 91 61
50 92 11
50 93 45
50 94 52
50 95 49
50 96 52
50 97 46
50 98 67
50 99 10
50 100 12
51 0 77
51 1 32
51 2 37
51 3 52
51 4 32
51 5 34
51 6 72
51 7 34
51 8 52
51 9 37
51 10 54
51 11 64
51 12 34
51 13 32
51 14 50
51 15 58
51 16 14
51 17 22
51 18 19
51 19 65
51 20 39
51 21 48
51 22 36
51 23 47
51 24 25
51 25 28
51 26 41
51 27 67
51 28 34
51 29 26
51 30 7
51 31 58
51 32 27
51 33 49
51 34 77
51 35 31
51 36 47
51 37 4
51 38 33
51 39 37
51 40 6
51 41 61
51 42 13
51 43 5
51 44 60
51 45 12
51 46 34
51 47 37
51 48 43
51 49 55
51 50 59
51 52 47
51 53 13
51 54 68
51 55 18
51 56 72
51 57 48
51 58 23
51 59 74
51 60 61
51 61 53
51 62 34
51 63 29
51 64 39
51 65 38
51 66 65
51 67 38
51 68 76
51 69 31
51 70 65
51 71 37
51 72 87
51 73 75
51 74 89
51 75 55
51 76 29
51 77 84
51 78 46
51 79 31
51 80 70
51 81 30
51 82 35
51 83 47
51 84 69
51 85 81
51 86 78
51 87 24
51 88 19
51 89 85
51 90 27
51 91 26
51 92 67
51 93 80
51 94 56
51 95 31
51 96 79
51 97 14
51 98 26
51 99 53
51 100 70
52 0 53
52 1 93
52 2 98
52 3 14
52 4 45
52 5 57
52 6 34
52 7 35
52 8 20
52 9 30
52 10 87
52 11 50
52 12 40
52 13 58
52 14 71
52 15 41
52 16 67
52 17 78
52 18 51
52 19 3
52 20 40
52 21 43
52 22 81
52 23 24
52 24 89
52 25 46
52 26 33
52 27 54
52 28 79
52 29 92
52 30 59
52 31 72
52 32 74
52 33 43
52 34 53
52 35 96
52 36 29
52 37 67
52 38 41
52 39 30
52 40 62
52 41 48
52 42 57
52 43 66
52 44 42
52 45 76
52 46 99
52 47 29
52 48 25
52 49 62
52 50 27
52 51 93
52 53 12
52 54 67
52 55 33
52 56 66
52 57 34
52 58 40
52 59 69
52 60 45
52 61 53
52 62 17
52 63 40
52 64 24
52 65 27
52 66 54
52 67 41
52 68 68
52 69 14
52 70 67
52 71 36
52 72 88
52 73 76
52 74 74
52 75 39
52 76 20
52 77 70
52 78 41
52 79 42
52 80 58
52 81 20
52 82 45
52 83 32
52 84 67
52 85 71
52 86 63
52 87 15
52 88 24
52 89 69
52 90 19
52 91 39
52 92 60
52 93 64
52 94 39
52 95 14
52 96 81
52 97 10
52 98 41
52 99 46
52 100 60
53 0 77
53 1 75
53 2 80
53 3 28
53 4 12
53 5 22
53 6 29
53 7 13
53 8 16
53 9 14
53 10 51
53 11 25
53 12 9
53 13 23
53 14 35
53 15 58
53 16 38
53 17 62
53 18 39
53 19 34
53 20 44
53 21 53
53 22 72
53 23 35
53 24 61
53 25 40
53 26 38
53 27 72
53 28 70
53 29 66
53 30 36
53 31 38
53 32 41
53 33 54
53 34 77
53 35 70
53 36 7
53 37 46
53 38 10
53 39 16
53 40 37
53 41 22
53 42 31
53 43 41
53 44 60
53 45 49
53 46 75
53 47 24
53 48 31
53 49 29
53 50 17
53 51 63
53 52 92
53 54 44
53 55 56
53 56 33
53 57 9
53 58 68
53 59 38
53 60 28
53 61 36
53 62 32
53 63 52
53 64 15
53 65 10
53 66 17
53 67 37
53 68 33
53 69 30
53 70 50
53 71 27
53 72 67
53 73 56
53 74 44
53 75 24
53 76 52
53 77 37
53 78 20
53 79 54
53 80 22
53 81 19
53 82 51
53 83 16
53 84 42
53 85 34
53 86 33
53 87 50
53 88 37
53 89 44
53 90 21
53 91 55
53 92 25
53 93 41
53 94 39
53 95 34
53 96 62
53 97 35
53 98 60
53 99 16
53 100 23
54 0 6
54 1 82
54 2 86
54 3 45
54 4 72
54 5 85
54 6 83
54 7 61
54 8 61
54 9 58
54 10 116
54 11 94
54 12 68
54 13 85
54 14 103
54 15 14
54 16 81
54 17 68
54 18 52
54 19 53
54 20 32
54 21 23
54 22 61
54 23 36
54 24 95
54 25 43
54 26 35
54 27 8
54 28 60
54 29 94
54 30 68
54 31 108
54 32 93
54 33 22
54 34 6
54 35 98
54 36 67
54 37 70
54 38 69
54 39 56
54 40 71
54 41 91
54 42 72
54 43 75
54 44 12
54 45 83
54 46 96
54 47 48
54 48 40
54 49 99
54 50 72
54 51 101
54 52 92
54 53 60
54 55 25
54 56 80
54 57 52
54 58 24
54 59 83
54 60 63
54 61 62
54 62 34
54 63 37
54 64 43
54 65 44
54 66 71
54 67 47
54 68 84
54 69 32
54 70 74
54 71 46
54 72 96
54 73 84
54 74 93
54 75 58
54 76 24
54 77 89
54 78 54
54 79 39
54 80 75
54 81 36
54 82 44
54 83 51
54 84 78
54 85 88
54 86 82
54 87 19
54 88 28
54 89 88
54 90 34
54 91 34
54 92 75
54 93 83
54 94 56
54 95 31
54 96 88
54 97 20
54 98 32
54 99 61
54 100 77
55 0 113
55 1 46
55 2 47
55 3 82
55 4 51
55 5 42
55 6 89
55 7 60
55 8 77
55 9 64
55 10 36
55 11 73
55 12 56
55 13 40
55 14 45
55 15 94
55 16 28
55 17 47
55 18 54
55 19 93
55 20 75
55 21 83
55 22 63
55 23 80
55 24 16
55 25 64
55 26 75
55 27 103
55 28 62
55 29 22
55 30 39
55 31 53
55 32 22
55 33 85
55 34 113
55 35 22
55 36 69
55 37 37
55 38 54
55 39 65
55 40 36
55 41 71
55 42 38
55 43 32
55 44 96
55 45 24
55 46 30
55 47 68
55 48 76
55 49 56
55 50 79
55 51 9
55 52 58
55 53 77
55 54 82
55 56 47
55 57 37
55 58 105
55 59 52
55 60 30
55 61 67
55 62 58
55 63 90
55 64 46
55 65 48
55 66 30
55 67 74
55 68 40
55 69 58
55 70 78
55 71 64
55 72 87
55 73 80
55 74 6
55 75 34
55 76 79
55 77 6
55 78 54
55 79 93
55 80 22
55 81 56
55 82 89
55 83 38
55 84 64
55 85 26
55 86 8
55 87 79
55 88 75
55 89 14
55 90 59
55 91 93
55 92 40
55 93 17
55 94 47
55 95 61
55 96 86
55 97 71
55 98 99
55 99 46
55 100 27
56 0 44
56 1 85
56 2 90
56 3 9
56 4 43
56 5 57
56 6 43
56 7 32
56 8 23
56 9 28
56 10 88
56 11 56
56 12 38
56 13 57
56 14 72
56 15 30
56 16 63
56 17 69
56 18 43
56 19 13
56 20 30
56 21 32
56 22 72
56 23 14
56 24 83
56 25 37
56 26 23
56 27 44
56 28 70
56 29 86
56 30 54
56 31 75
56 32 71
56 33 33
56 34 44
56 35 90
56 36 31
56 37 61
56 38 40
56 39 26
56 40 56
56 41 53
56 42 53
56 43 61
56 44 32
56 45 71
56 46 92
56 47 23
56 48 17
56 49 65
56 50 33
56 51 88
56 52 99
56 53 22
56 54 44
56 55 40
56 57 32
56 58 100
56 59 43
56 60 30
56 61 59
56 62 55
56 63 83
56 64 41
56 65 42
56 66 22
56 67 66
56 68 31
56 69 55
56 70 70
56 71 57
56 72 79
56 73 71
56 74 14
56 75 32
56 76 76
56 77 5
56 78 46
56 79 86
56 80 14
56 81 50
56 82 82
56 83 35
56 84 56
56 85 18
56 86 10
56 87 76
56 88 69
56 89 21
56 90 53
56 91 86
56 92 32
56 93 23
56 94 48
56 95 59
56 96 77
56 97 66
56 98 92
56 99 38
56 100 19
57 0 113
57 1 44
57 2 44
57 3 84
57 4 54
57 5 45
57 6 92
57 7 62
57 8 79
57 9 66
57 10 40
57 11 76
57 12 58
57 13 43
57 14 49
57 15 94
57 16 30
57 17 46
57 18 55
57 19 95
57 20 75
57 21 84
57 22 62
57 23 81
57 24 14
57 25 64
57 26 76
57 27 103
57 28 60
57 29 19
57 30 40
57 31 57
57 32 25
57 33 85
57 34 113
57 35 19
57 36 71
57 37 37
57 38 57
57 39 67
57 40 37
57 41 74
57 42 39
57 43 33
57 44 96
57 45 24
57 46 27
57 47 70
57 48 77
57 49 60
57 50 82
57 51 7
57 52 54
57 53 79
57 54 85
57 55 82
57 56 100
57 58 85
57 59 36
57 60 26
57 61 46
57 62 44
57 63 68
57 64 29
57 65 27
57 66 10
57 67 52
57 68 26
57 69 44
57 70 58
57 71 42
57 72 70
57 73 61
57 74 28
57 75 25
57 76 65
57 77 19
57 78 32
57 79 71
57 80 6
57 81 36
57 82 67
57 83 24
57 84 46
57 85 20
57 86 18
57 87 64
57 88 54
57 89 30
57 90 38
57 91 72
57 92 23
57 93 29
57 94 42
57 95 47
57 96 67
57 97 52
57 98 77
57 99 24
57 100 12
58 0 86
58 1 2
58 2 6
58 3 78
58 4 64
58 5 64
58 6 103
58 7 64
58 8 81
58 9 66
58 10 78
58 11 96
58 12 66
58 13 63
58 14 78
58 15 71
58 16 42
58 17 14
58 18 40
58 19 92
58 20 56
58 21 60
58 22 21
58 23 69
58 24 32
58 25 47
58 26 61
58 27 74
58 28 21
58 29 25
58 30 38
58 31 87
58 32 53
58 33 61
58 34 86
58 35 26
58 36 77
58 37 28
58 38 64
58 39 66
58 40 38
58 41 93
58 42 45
58 43 35
58 44 72
58 45 31
58 46 20
58 47 63
58 48 67
58 49 85
58 50 90
58 51 38
58 52 17
58 53 81
58 54 98
58 55 93
58 56 86
58 57 24
58 59 6
58 60 67
58 61 28
58 62 75
58 63 64
58 64 58
58 65 49
58 66 32
58 67 44
58 68 17
58 69 72
58 70 29
58 71 41
58 72 30
58 73 26
58 74 62
58 75 64
58 76 92
58 77 52
58 78 33
58 79 65
58 80 37
58 81 54
58 82 58
58 83 59
58 84 13
58 85 32
58 86 57
58 87 89
58 88 59
58 89 70
58 90 55
58 91 69
58 92 19
58 93 70
58 94 81
58 95 76
58 96 30
58 97 67
58 98 76
58 99 28
58 100 31
59 0 59
59 1 97
59 2 102
59 3 18
59 4 45
59 5 57
59 6 29
59 7 36
59 8 20
59 9 32
59 10 86
59 11 47
59 12 40
59 13 58
59 14 69
59 15 47
59 16 69
59 17 82
59 18 55
59 19 4
59 20 45
59 21 48
59 22 86
59 23 29
59 24 91
59 25 50
59 26 38
59 27 60
59 28 84
59 29 94
59 30 62
59 31 70
59 32 75
59 33 49
59 34 59
59 35 99
59 36 28
59 37 70
59 38 42
59 39 32
59 40 64
59 41 45
59 42 59
59 43 69
59 44 48
59 45 78
59 46 102
59 47 32
59 48 30
59 49 60
59 50 24
59 51 94
59 52 112
59 53 19
59 54 33
59 55 30
59 56 26
59 57 79
59 58 18
59 60 24
59 61 55
59 62 48
59 63 77
59 64 34
59 65 35
59 66 18
59 67 61
59 68 32
59 69 48
59 70 67
59 71 51
59 72 78
59 73 70
59 74 18
59 75 25
59 76 69
59 77 12
59 78 42
59 79 80
59 80 11
59 81 43
59 82 76
59 83 28
59 84 54
59 85 21
59 86 9
59 87 69
59 88 62
59 89 22
59 90 46
59 91 80
59 92 30
59 93 22
59 94 42
59 95 51
59 96 76
59 97 59
59 98 86
59 99 34
59 100 18
60 0 65
60 1 25
60 2 30
60 3 55
60 4 47
60 5 52
60 6 83
60 7 44
60 8 60
60 9 46
60 10 74
60 11 80
60 12 48
60 13 51
60 14 69
60 15 48
60 16 34
60 17 10
60 18 18
60 19 69
60 20 33
60 21 38
60 22 17
60 23 46
60 24 38
60 25 23
60 26 37
60 27 54
60 28 15
60 29 35
60 30 23
60 31 77
60 32 47
60 33 39
60 34 65
60 35 39
60 36 58
60 37 17
60 38 47
60 39 45
60 40 25
60 41 76
60 42 31
60 43 25
60 44 50
60 45 29
60 46 37
60 47 41
60 48 43
60 49 73
60 50 70
60 51 45
60 52 39
60 53 60
60 54 79
60 55 74
60 56 62
60 57 11
60 58 76
60 59 24
60 61 60
60 62 63
60 63 86
60 64 48
60 65 47
60 66 23
60 67 69
60 68 28
60 69 62
60 70 69
60 71 60
60 72 76
60 73 69
60 74 17
60 75 40
60 76 84
60 77 7
60 78 49
60 79 89
60 80 16
60 81 55
60 82 84
60 83 42
60 84 54
60 85 13
60 86 17
60 87 83
60 88 73
60 89 27
60 90 58
60 91 90
60 92 31
60 93 30
60 94 56
60 95 66
60 96 75
60 97 71
60 98 96
60 99 40
60 100 19
61 0 56
61 1 89
61 2 93
61 3 10
61 4 38
61 5 51
61 6 31
61 7 29
61 8 14
61 9 24
61 10 81
61 11 45
61 12 33
61 13 52
61 14 65
61 15 42
61 16 61
61 17 73
61 18 47
61 19 5
61 20 38
61 21 42
61 22 78
61 23 22
61 24 83
61 25 42
61 26 30
61 27 55
61 28 76
61 29 87
61 30 54
61 31 66
61 32 68
61 33 43
61 34 56
61 35 91
61 36 23
61 37 62
61 38 35
61 39 24
61 40 56
61 41 43
61 42 52
61 43 61
61 44 43
61 45 70
61 46 94
61 47 24
61 48 22
61 49 57
61 50 22
61 51 87
61 52 104
61 53 13
61 54 33
61 55 29
61 56 24
61 57 71
61 58 19
61 59 89
61 60 73
61 62 64
61 63 16
61 64 63
61 65 58
61 66 79
61 67 36
61 68 85
61 69 61
61 70 56
61 71 43
61 72 76
61 73 66
61 74 110
61 75 81
61 76 61
61 77 103
61 78 54
61 79 14
61 80 86
61 81 51
61 82 21
61 83 72
61 84 67
61 85 94
61 86 99
61 87 56
61 88 30
61 89 109
61 90 48
61 91 12
61 92 76
61 93 105
61 94 86
61 95 62
61 96 68
61 97 39
61 98 7
61 99 63
61 100 84
62 0 96
62 1 68
62 2 72
62 3 51
62 4 18
62 5 5
62 6 48
62 7 30
62 8 40
62 9 33
62 10 27
62 11 31
62 12 22
62 13 6
62 14 14
62 15 76
62 16 26
62 17 59
62 18 45
62 19 58
62 20 59
62 21 68
62 22 73
62 23 55
62 24 45
62 25 51
62 26 55
62 27 89
62 28 71
62 29 52
62 30 33
62 31 21
62 32 20
62 33 70
62 34 96
62 35 55
62 36 32
62 37 41
62 38 21
62 39 35
62 40 32
62 41 29
62 42 25
62 43 33
62 44 78
62 45 37
62 46 62
62 47 42
62 48 51
62 49 17
62 50 39
62 51 45
62 52 84
62 53 41
62 54 41
62 55 38
62 56 72
62 57 67
62 58 49
62 59 75
62 60 45
62 61 14
62 63 47
62 64 47
62 65 37
62 66 30
62 67 28
62 68 25
62 69 60
62 70 19
62 71 25
62 72 32
62 73 22
62 74 65
62 75 58
62 76 78
62 77 55
62 78 19
62 79 49
62 80 38
62 81 41
62 82 42
62 83 50
62 84 8
62 85 39
62 86 57
62 87 75
62 88 43
62 89 70
62 90 41
62 91 52
62 92 20
62 93 69
62 94 73
62 95 64
62 96 28
62 97 52
62 98 59
62 99 18
62 100 32
63 0 70
63 1 20
63 2 24
63 3 70
63 4 65
63 5 69
63 6 101
63 7 62
63 8 77
63 9 63
63 10 89
63 11 98
63 12 66
63 13 68
63 14 86
63 15 56
63 16 50
63 17 16
63 18 35
63 19 85
63 20 45
63 21 47
63 22 3
63 23 60
63 24 47
63 25 38
63 26 51
63 27 57
63 28 5
63 29 41
63 30 41
63 31 94
63 32 62
63 33 47
63 34 69
63 35 44
63 36 75
63 37 33
63 38 65
63 39 62
63 40 42
63 41 94
63 42 49
63 43 41
63 44 57
63 45 42
63 46 39
63 47 57
63 48 58
63 49 90
63 50 87
63 51 54
63 52 28
63 53 77
63 54 97
63 55 92
63 56 74
63 57 10
63 58 93
63 59 11
63 60 34
63 61 60
63 62 78
63 64 25
63 65 35
63 66 47
63 67 66
63 68 64
63 69 24
63 70 85
63 71 57
63 72 102
63 73 91
63 74 46
63 75 14
63 76 38
63 77 47
63 78 54
63 79 76
63 80 45
63 81 37
63 82 76
63 83 19
63 84 77
63 85 58
63 86 37
63 87 40
63 88 56
63 89 37
63 90 40
63 91 74
63 92 58
63 93 32
63 94 4
63 95 24
63 96 97
63 97 45
63 98 77
63 99 52
63 100 50
64 0 44
64 1 45
64 2 50
64 3 41
64 4 48
64 5 58
64 6 76
64 7 40
64 8 52
64 9 40
64 10 85
64 11 78
64 12 46
64 13 57
64 14 76
64 15 27
64 16 46
64 17 31
64 18 18
64 19 55
64 20 14
64 21 17
64 22 28
64 23 30
64 24 57
64 25 13
64 26 21
64 27 33
64 28 26
64 29 56
64 30 33
64 31 83
64 32 60
64 33 18
64 34 44
64 35 60
64 36 52
64 37 33
64 38 46
64 39 38
64 40 36
64 41 75
64 42 39
64 43 39
64 44 29
64 45 46
64 46 59
64 47 31
64 48 29
64 49 77
64 50 63
64 51 64
64 52 58
64 53 51
64 54 74
64 55 68
64 56 43
64 57 21
64 58 67
64 59 41
64 60 43
64 61 50
64 62 71
64 63 80
64 65 32
64 66 48
64 67 62
64 68 65
64 69 17
64 70 82
64 71 53
64 72 100
64 73 89
64 74 52
64 75 16
64 76 31
64 77 52
64 78 51
64 79 70
64 80 47
64 81 32
64 82 71
64 83 18
64 84 76
64 85 61
64 86 42
64 87 33
64 88 51
64 89 43
64 90 35
64 91 68
64 92 59
64 93 38
64 94 8
64 95 17
64 96 95
64 97 38
64 98 71
64 99 50
64 100 52
65 0 19
65 1 74
65 2 78
65 3 34
65 4 60
65 5 72
65 6 72
65 7 48
65 8 50
65 9 45
65 10 103
65 11 82
65 12 56
65 13 72
65 14 91
65 15 1
65 16 69
65 17 59
65 18 41
65 19 44
65 20 20
65 21 12
65 22 54
65 23 24
65 24 84
65 25 31
65 26 22
65 27 13
65 28 53
65 29 83
65 30 56
65 31 95
65 32 81
65 33 11
65 34 19
65 35 87
65 36 55
65 37 59
65 38 56
65 39 43
65 40 59
65 41 79
65 42 60
65 43 63
65 44 1
65 45 71
65 46 87
65 47 35
65 48 28
65 49 87
65 50 61
65 51 90
65 52 85
65 53 48
65 54 73
65 55 68
65 56 22
65 57 49
65 58 61
65 59 68
65 60 70
65 61 67
65 62 88
65 63 73
65 64 34
65 66 46
65 67 45
65 68 32
65 69 81
65 70 22
65 71 45
65 72 15
65 73 14
65 74 77
65 75 77
65 76 100
65 77 66
65 78 40
65 79 64
65 80 52
65 81 62
65 82 56
65 83 70
65 84 13
65 85 47
65 86 71
65 87 96
65 88 62
65 89 84
65 90 62
65 91 68
65 92 33
65 93 85
65 94 93
65 95 85
65 96 17
65 97 72
65 98 75
65 99 38
65 100 45
66 0 108
66 1 39
66 2 40
66 3 79
66 4 50
66 5 42
66 6 89
66 7 58
66 8 75
66 9 62
66 10 42
66 11 74
66 12 55
66 13 41
66 14 48
66 15 89
66 16 25
66 17 41
66 18 50
66 19 91
66 20 70
66 21 78
66 22 57
66 23 76
66 24 9
66 25 59
66 26 71
66 27 97
66 28 55
66 29 15
66 30 35
66 31 56
66 32 23
66 33 80
66 34 108
66 35 16
66 36 68
66 37 32
66 38 53
66 39 62
66 40 32
66 41 72
66 42 35
66 43 28
66 44 91
66 45 19
66 46 24
66 47 65
66 48 72
66 49 59
66 50 78
66 51 2
66 52 51
66 53 75
66 54 83
66 55 79
66 56 95
66 57 55
66 58 88
66 59 50
66 60 23
66 61 36
66 62 38
66 63 99
66 64 64
66 65 56
66 67 33
66 68 60
66 69 16
66 70 58
66 71 27
66 72 79
66 73 67
66 74 70
66 75 37
66 76 28
66 77 65
66 78 32
66 79 37
66 80 51
66 81 12
66 82 39
66 83 29
66 84 58
66 85 64
66 86 59
66 87 24
66 88 18
66 89 66
66 90 10
66 91 35
66 92 52
66 93 62
66 94 41
66 95 19
66 96 72
66 97 6
66 98 38
66 99 38
66 100 53
67 0 105
67 1 51
67 2 53
67 3 70
67 4 38
67 5 27
67 6 74
67 7 47
67 8 63
67 9 51
67 10 27
67 11 58
67 12 42
67 13 26
67 14 31
67 15 85
67 16 18
67 17 48
67 18 47
67 19 80
67 20 67
67 21 76
67 22 64
67 23 69
67 24 22
67 25 56
67 26 65
67 27 96
67 28 62
67 29 29
67 30 31
67 31 39
67 32 8
67 33 77
67 34 105
67 35 31
67 36 55
67 37 33
67 38 41
67 39 52
67 40 28
67 41 56
67 42 27
67 43 25
67 44 87
67 45 22
67 46 39
67 47 57
67 48 65
67 49 42
67 50 65
67 51 19
67 52 65
67 53 64
67 54 67
67 55 64
67 56 88
67 57 60
67 58 74
67 59 61
67 60 29
67 61 24
67 62 21
67 63 84
67 64 65
67 65 42
67 66 42
67 68 57
67 69 15
67 70 73
67 71 45
67 72 91
67 73 80
67 74 48
67 75 11
67 76 34
67 77 46
67 78 42
67 79 65
67 80 39
67 81 25
67 82 64
67 83 10
67 84 67
67 85 53
67 86 37
67 87 35
67 88 45
67 89 41
67 90 28
67 91 63
67 92 50
67 93 36
67 94 15
67 95 17
67 96 86
67 97 34
67 98 66
67 99 41
67 100 44
68 0 121
68 1 64
68 2 65
68 3 83
68 4 50
68 5 37
68 6 82
68 7 60
68 8 74
68 9 65
68 10 19
68 11 63
68 12 55
68 13 36
68 14 32
68 15 101
68 16 34
68 17 63
68 18 63
68 19 92
68 20 82
68 21 92
68 22 79
68 23 84
68 24 33
68 25 72
68 26 81
68 27 112
68 28 77
68 29 40
68 30 47
68 31 38
68 32 22
68 33 93
68 34 121
68 35 41
68 36 66
68 37 49
68 38 53
68 39 66
68 40 44
68 41 62
68 42 43
68 43 42
68 44 103
68 45 37
68 46 49
68 47 71
68 48 79
68 49 44
68 50 74
68 51 27
68 52 76
68 53 75
68 54 75
68 55 72
68 56 102
68 57 76
68 58 84
68 59 75
68 60 44
68 61 37
68 62 24
68 63 92
68 64 82
68 65 52
68 66 45
68 67 66
68 69 25
68 70 46
68 71 17
68 72 66
68 73 54
68 74 60
68 75 33
68 76 43
68 77 54
68 78 17
68 79 39
68 80 38
68 81 5
68 82 37
68 83 24
68 84 44
68 85 49
68 86 49
68 87 39
68 88 20
68 89 59
68 90 6
68 91 39
68 92 36
68 93 55
68 94 44
68 95 28
68 96 60
68 97 19
68 98 44
68 99 22
68 100 38
69 0 68
69 1 72
69 2 77
69 3 20
69 4 15
69 5 28
69 6 32
69 7 7
69 8 11
69 9 6
69 10 59
69 11 33
69 12 10
69 13 29
69 14 43
69 15 49
69 16 39
69 17 58
69 18 33
69 19 28
69 20 36
69 21 44
69 22 67
69 23 26
69 24 62
69 25 33
69 26 29
69 27 63
69 28 65
69 29 66
69 30 34
69 31 46
69 32 44
69 33 45
69 34 68
69 35 70
69 36 7
69 37 44
69 38 11
69 39 8
69 40 36
69 41 30
69 42 30
69 43 40
69 44 51
69 45 49
69 46 74
69 47 16
69 48 23
69 49 37
69 50 18
69 51 65
69 52 89
69 53 12
69 54 29
69 55 23
69 56 41
69 57 60
69 58 26
69 59 75
69 60 54
69 61 29
69 62 43
69 63 39
69 64 53
69 65 14
69 66 36
69 67 83
69 68 67
69 70 81
69 71 50
69 72 102
69 73 90
69 74 79
69 75 43
69 76 5
69 77 77
69 78 55
69 79 54
69 80 67
69 81 32
69 82 58
69 83 38
69 84 81
69 85 81
69 86 68
69 87 3
69 88 38
69 89 72
69 90 32
69 91 50
69 92 72
69 93 67
69 94 37
69 95 15
69 96 95
69 97 24
69 98 51
69 99 59
69 100 70
70 0 70
70 1 18
70 2 23
70 3 63
70 4 54
70 5 58
70 6 91
70 7 52
70 8 68
70 9 54
70 10 78
70 11 87
70 12 55
70 13 57
70 14 75
70 15 54
70 16 38
70 17 5
70 18 26
70 19 77
70 20 40
70 21 44
70 22 11
70 23 53
70 24 37
70 25 31
70 26 45
70 27 58
70 28 10
70 29 33
70 30 29
70 31 83
70 32 51
70 33 44
70 34 69
70 35 37
70 36 65
70 37 21
70 38 54
70 39 52
70 40 30
70 41 83
70 42 37
70 43 30
70 44 55
70 45 31
70 46 33
70 47 49
70 48 51
70 49 79
70 50 77
70 51 45
70 52 32
70 53 68
70 54 87
70 55 82
70 56 69
70 57 9
70 58 84
70 59 16
70 60 24
70 61 49
70 62 66
70 63 98
70 64 22
70 65 62
70 66 78
70 67 31
70 68 21
70 69 77
70 71 68
70 72 86
70 73 79
70 74 9
70 75 41
70 76 86
70 77 6
70 78 57
70 79 97
70 80 24
70 81 61
70 82 92
70 83 45
70 84 64
70 85 23
70 86 15
70 87 86
70 88 80
70 89 20
70 90 64
70 91 97
70 92 40
70 93 24
70 94 55
70 95 68
70 96 85
70 97 77
70 98 103
70 99 48
70 100 28
71 0 97
71 1 85
71 2 89
71 3 48
71 4 24
71 5 21
71 6 32
71 7 32
71 8 33
71 9 34
71 10 38
71 11 13
71 12 25
71 13 22
71 14 20
71 15 78
71 16 43
71 17 74
71 18 55
71 19 50
71 20 64
71 21 73
71 22 87
71 23 56
71 24 64
71 25 59
71 26 58
71 27 92
71 28 85
71 29 70
71 30 47
71 31 19
71 32 39
71 33 74
71 34 97
71 35 74
71 36 26
71 37 57
71 38 25
71 39 36
71 40 47
71 41 11
71 42 40
71 43 49
71 44 80
71 45 55
71 46 80
71 47 44
71 48 52
71 49 9
71 50 27
71 51 63
71 52 101
71 53 35
71 54 24
71 55 23
71 56 69
71 57 81
71 58 36
71 59 91
71 60 62
71 61 30
71 62 27
71 63 42
71 64 77
71 65 17
71 66 8
71 67 94
71 68 77
71 69 16
71 70 23
71 72 70
71 73 59
71 74 104
71 75 77
71 76 60
71 77 97
71 78 48
71 79 7
71 80 80
71 81 46
71 82 14
71 83 67
71 84 61
71 85 88
71 86 93
71 87 55
71 88 25
71 89 103
71 90 43
71 91 6
71 92 70
71 93 100
71 94 82
71 95 59
71 96 62
71 97 36
71 98 6
71 99 57
71 100 78
72 0 58
72 1 88
72 2 93
72 3 11
72 4 36
72 5 49
72 6 29
72 7 27
72 8 11
72 9 23
72 10 78
72 11 42
72 12 31
72 13 50
72 14 62
72 15 43
72 16 59
72 17 73
72 18 46
72 19 7
72 20 38
72 21 43
72 22 78
72 23 23
72 24 81
72 25 42
72 26 31
72 27 57
72 28 76
72 29 85
72 30 53
72 31 63
72 32 65
72 33 44
72 34 58
72 35 89
72 36 20
72 37 61
72 38 32
72 39 22
72 40 55
72 41 40
72 42 50
72 43 59
72 44 45
72 45 69
72 46 93
72 47 23
72 48 22
72 49 54
72 50 19
72 51 85
72 52 103
72 53 10
72 54 30
72 55 26
72 56 26
72 57 71
72 58 17
72 59 88
72 60 72
72 61 50
72 62 64
72 63 30
72 64 60
72 65 34
72 66 52
72 67 100
72 68 84
72 69 30
72 70 51
72 71 33
72 73 89
72 74 5
72 75 40
72 76 85
72 77 14
72 78 64
72 79 103
72 80 32
72 81 65
72 82 99
72 83 47
72 84 74
72 85 34
72 86 16
72 87 86
72 88 85
72 89 13
72 90 68
72 91 103
72 92 50
72 93 19
72 94 52
72 95 69
72 96 95
72 97 80
72 98 108
72 99 56
72 100 37
73 0 63
73 1 86
73 2 90
73 3 13
73 4 31
73 5 43
73 6 25
73 7 22
73 8 5
73 9 19
73 10 72
73 11 36
73 12 26
73 13 44
73 14 55
73 15 47
73 16 55
73 17 71
73 18 45
73 19 13
73 20 40
73 21 46
73 22 78
73 23 25
73 24 77
73 25 42
73 26 32
73 27 61
73 28 75
73 29 81
73 30 49
73 31 57
73 32 60
73 33 47
73 34 63
73 35 86
73 36 14
73 37 58
73 38 27
73 39 19
73 40 51
73 41 34
73 42 46
73 43 56
73 44 49
73 45 65
73 46 90
73 47 22
73 48 24
73 49 47
73 50 14
73 51 81
73 52 102
73 53 5
73 54 25
73 55 20
73 56 32
73 57 70
73 58 14
73 59 87
73 60 69
73 61 45
73 62 58
73 63 28
73 64 60
73 65 28
73 66 46
73 67 97
73 68 81
73 69 23
73 70 45
73 71 34
73 72 51
73 74 27
73 75 51
73 76 94
73 77 19
73 78 53
73 79 93
73 80 23
73 81 63
73 82 88
73 83 52
73 84 52
73 85 12
73 86 29
73 87 93
73 88 79
73 89 38
73 90 66
73 91 95
73 92 31
73 93 41
73 94 68
73 95 76
73 96 72
73 97 79
73 98 101
73 99 43
73 100 23
74 0 94
74 1 102
74 2 106
74 3 44
74 4 38
74 5 42
74 6 10
74 7 40
74 8 29
74 9 39
74 10 61
74 11 12
74 12 36
74 13 43
74 14 43
74 15 78
74 16 63
74 17 90
74 18 66
74 19 39
74 20 68
74 21 75
74 22 100
74 23 55
74 24 85
74 25 66
74 26 61
74 27 92
74 28 97
74 29 91
74 30 63
74 31 40
74 32 61
74 33 76
74 34 94
74 35 95
74 36 27
74 37 73
74 38 37
74 39 41
74 40 64
74 41 13
74 42 57
74 43 67
74 44 80
74 45 75
74 46 100
74 47 48
74 48 53
74 49 31
74 50 17
74 51 85
74 52 119
74 53 30
74 54 5
74 55 11
74 56 62
74 57 93
74 58 20
74 59 106
74 60 81
74 61 49
74 62 50
74 63 20
74 64 86
74 65 30
74 66 30
74 67 112
74 68 95
74 69 14
74 70 45
74 71 63
74 72 81
74 73 64
74 75 24
74 76 21
74 77 59
74 78 49
74 79 63
74 80 52
74 81 28
74 82 65
74 83 22
74 84 76
74 85 66
74 86 50
74 87 23
74 88 44
74 89 53
74 90 30
74 91 61
74 92 61
74 93 47
74 94 17
74 95 8
74 96 93
74 97 31
74 98 63
74 99 51
74 100 56
75 0 62
75 1 82
75 2 87
75 3 12
75 4 27
75 5 40
75 6 27
75 7 19
75 8 4
75 9 15
75 10 70
75 11 37
75 12 22
75 13 41
75 14 54
75 15 46
75 16 51
75 17 67
75 18 41
75 19 15
75 20 37
75 21 43
75 22 74
75 23 23
75 24 74
75 25 38
75 26 29
75 27 60
75 28 72
75 29 78
75 30 45
75 31 55
75 32 57
75 33 44
75 34 62
75 35 82
75 36 12
75 37 54
75 38 24
75 39 15
75 40 47
75 41 34
75 42 42
75 43 52
75 44 47
75 45 61
75 46 86
75 47 19
75 48 21
75 49 46
75 50 15
75 51 77
75 52 98
75 53 2
75 54 27
75 55 21
75 56 32
75 57 67
75 58 18
75 59 83
75 60 65
75 61 41
75 62 55
75 63 31
75 64 57
75 65 25
75 66 45
75 67 93
75 68 77
75 69 23
75 70 43
75 71 32
75 72 49
75 73 34
75 74 85
75 76 76
75 77 37
75 78 22
75 79 61
75 80 21
75 81 40
75 82 55
75 83 41
75 84 22
75 85 21
75 86 41
75 87 74
75 88 50
75 89 53
75 90 41
75 91 64
75 92 2
75 93 53
75 94 63
75 95 59
75 96 44
75 97 54
75 98 70
75 99 13
75 100 15
76 0 59
76 1 69
76 2 74
76 3 13
76 4 21
76 5 35
76 6 38
76 7 10
76 8 14
76 9 5
76 10 66
76 11 42
76 12 17
76 13 35
76 14 51
76 15 40
76 16 41
76 17 55
76 18 29
76 19 25
76 20 27
76 21 35
76 22 62
76 23 17
76 24 63
76 25 26
76 26 20
76 27 54
76 28 59
76 29 66
76 30 34
76 31 55
76 32 49
76 33 36
76 34 59
76 35 71
76 36 15
76 37 42
76 38 18
76 39 4
76 40 36
76 41 39
76 42 32
76 43 41
76 44 42
76 45 50
76 46 74
76 47 7
76 48 13
76 49 47
76 50 25
76 51 67
76 52 85
76 53 13
76 54 36
76 55 30
76 56 33
76 57 54
76 58 30
76 59 71
76 60 53
76 61 33
76 62 51
76 63 43
76 64 45
76 65 23
76 66 45
76 67 81
76 68 65
76 69 29
76 70 37
76 71 23
76 72 42
76 73 23
76 74 80
76 75 15
76 77 41
76 78 13
76 79 53
76 80 23
76 81 31
76 82 47
76 83 36
76 84 23
76 85 28
76 86 42
76 87 65
76 88 41
76 89 55
76 90 32
76 91 55
76 92 10
76 93 54
76 94 58
76 95 52
76 96 44
76 97 45
76 98 61
76 99 4
76 100 19
77 0 62
77 1 96
77 2 101
77 3 18
77 4 43
77 5 55
77 6 26
77 7 34
77 8 17
77 9 31
77 10 83
77 11 43
77 12 38
77 13 56
77 14 66
77 15 49
77 16 67
77 17 81
77 18 55
77 19 6
77 20 46
77 21 50
77 22 86
77 23 30
77 24 89
77 25 50
77 26 39
77 27 62
77 28 84
77 29 93
77 30 61
77 31 67
77 32 72
77 33 51
77 34 62
77 35 98
77 36 26
77 37 69
77 38 40
77 39 31
77 40 63
77 41 41
77 42 58
77 43 67
77 44 50
77 45 77
77 46 101
77 47 32
77 48 31
77 49 57
77 50 21
77 51 93
77 52 112
77 53 17
77 54 29
77 55 26
77 56 29
77 57 79
77 58 14
77 59 97
77 60 80
77 61 57
77 62 69
77 63 24
77 64 68
77 65 40
77 66 56
77 67 108
77 68 92
77 69 32
77 70 57
77 71 40
77 72 54
77 73 46
77 74 99
77 75 12
77 76 87
77 78 31
77 79 23
77 80 58
77 81 20
77 82 24
77 83 41
77 84 53
77 85 68
77 86 69
77 87 34
77 88 4
77 89 78
77 90 17
77 91 21
77 92 53
77 93 74
77 94 56
77 95 33
77 96 64
77 97 10
77 98 24
77 99 39
77 100 57
78 0 66
78 1 69
78 2 73
78 3 21
78 4 13
78 5 27
78 6 36
78 7 4
78 8 15
78 9 3
78 10 58
78 11 36
78 12 9
78 13 28
78 14 43
78 15 48
78 16 36
78 17 55
78 18 30
78 19 30
78 20 33
78 21 42
78 22 63
78 23 25
78 24 58
78 25 30
78 26 27
78 27 61
78 28 61
78 29 63
78 30 31
78 31 47
78 32 42
78 33 43
78 34 67
78 35 67
78 36 10
78 37 40
78 38 10
78 39 5
78 40 32
78 41 32
78 42 27
78 43 37
78 44 50
78 45 46
78 46 71
78 47 13
78 48 21
78 49 39
78 50 22
78 51 62
78 52 85
78 53 15
78 54 32
78 55 27
78 56 41
78 57 56
78 58 30
78 59 71
78 60 50
78 61 26
78 62 43
78 63 43
78 64 49
78 65 15
78 66 37
78 67 80
78 68 63
78 69 24
78 70 29
78 71 29
78 72 49
78 73 28
78 74 72
78 75 19
78 76 60
78 77 42
78 79 81
78 80 32
78 81 62
78 82 74
78 83 60
78 84 31
78 85 21
78 86 48
78 87 95
78 88 71
78 89 60
78 90 63
78 91 84
78 92 22
78 93 62
78 94 80
78 95 80
78 96 48
78 97 76
78 98 90
78 99 35
78 100 26
79 0 81
79 1 75
79 2 79
79 3 33
79 4 11
79 5 18
79 6 31
79 7 16
79 8 21
79 9 18
79 10 46
79 11 23
79 12 10
79 13 19
79 14 30
79 15 63
79 16 36
79 17 63
79 18 41
79 19 39
79 20 48
79 21 57
79 22 74
79 23 40
79 24 59
79 25 43
79 26 42
79 27 76
79 28 72
79 29 64
79 30 36
79 31 33
79 32 37
79 33 58
79 34 82
79 35 68
79 36 12
79 37 46
79 38 11
79 39 20
79 40 37
79 41 19
79 42 30
79 43 40
79 44 65
79 45 48
79 46 74
79 47 28
79 48 36
79 49 24
79 50 20
79 51 60
79 52 92
79 53 22
79 54 24
79 55 20
79 56 54
79 57 67
79 58 30
79 59 80
79 60 54
79 61 23
79 62 32
79 63 40
79 64 62
79 65 3
79 66 22
79 67 85
79 68 68
79 69 13
79 70 21
79 71 45
79 72 64
79 73 43
79 74 62
79 75 28
79 76 69
79 77 35
79 78 74
79 80 59
79 81 24
79 82 18
79 83 45
79 84 49
79 85 69
79 86 72
79 87 41
79 88 3
79 89 81
79 90 21
79 91 16
79 92 52
79 93 78
79 94 61
79 95 39
79 96 58
79 97 17
79 98 21
79 99 38
79 100 58
80 0 67
80 1 81
80 2 86
80 3 17
80 4 23
80 5 35
80 6 25
80 7 16
80 8 2
80 9 14
80 10 65
80 11 32
80 12 19
80 13 36
80 14 48
80 15 50
80 16 48
80 17 67
80 18 41
80 19 20
80 20 40
80 21 47
80 22 75
80 23 27
80 24 71
80 25 40
80 26 33
80 27 64
80 28 72
80 29 75
80 30 44
80 31 50
80 32 53
80 33 48
80 34 67
80 35 80
80 36 7
80 37 53
80 38 20
80 39 15
80 40 45
80 41 28
80 42 40
80 43 50
80 44 52
80 45 59
80 46 84
80 47 20
80 48 24
80 49 41
80 50 11
80 51 74
80 52 97
80 53 3
80 54 23
80 55 17
80 56 37
80 57 67
80 58 17
80 59 83
80 60 63
80 61 37
80 62 50
80 63 30
80 64 59
80 65 20
80 66 39
80 67 92
80 68 76
80 69 18
80 70 38
80 71 35
80 72 53
80 73 36
80 74 80
80 75 10
80 76 73
80 77 52
80 78 76
80 79 35
80 81 9
80 82 35
80 83 26
80 84 40
80 85 47
80 86 49
80 87 43
80 88 20
80 89 60
80 90 9
80 91 38
80 92 33
80 93 57
80 94 47
80 95 32
80 96 56
80 97 22
80 98 44
80 99 19
80 100 36
81 0 122
81 1 66
81 2 67
81 3 83
81 4 49
81 5 36
81 6 81
81 7 60
81 8 74
81 9 65
81 10 17
81 11 61
81 12 54
81 13 35
81 14 30
81 15 102
81 16 35
81 17 64
81 18 64
81 19 92
81 20 83
81 21 92
81 22 81
81 23 84
81 24 35
81 25 72
81 26 81
81 27 112
81 28 79
81 29 42
81 30 48
81 31 37
81 32 22
81 33 94
81 34 122
81 35 43
81 36 65
81 37 50
81 38 53
81 39 66
81 40 45
81 41 60
81 42 43
81 43 43
81 44 104
81 45 38
81 46 51
81 47 71
81 48 80
81 49 43
81 50 73
81 51 29
81 52 78
81 53 75
81 54 73
81 55 71
81 56 102
81 57 77
81 58 83
81 59 76
81 60 46
81 61 37
81 62 23
81 63 91
81 64 83
81 65 52
81 66 43
81 67 68
81 68 56
81 69 64
81 70 34
81 71 83
81 72 101
81 73 76
81 74 15
81 75 81
81 76 68
81 77 21
81 78 79
81 79 91
81 80 50
81 82 6
81 83 55
81 84 45
81 85 71
81 86 79
81 87 53
81 88 15
81 89 90
81 90 31
81 91 13
81 92 53
81 93 86
81 94 73
81 95 52
81 96 49
81 97 30
81 98 19
81 99 41
81 100 61
82 0 122
82 1 74
82 2 76
82 3 80
82 4 46
82 5 32
82 6 73
82 7 57
82 8 69
82 9 61
82 10 5
82 11 52
82 12 50
82 13 32
82 14 21
82 15 102
82 16 38
82 17 70
82 18 66
82 19 87
82 20 83
82 21 93
82 22 86
82 23 82
82 24 44
82 25 74
82 26 81
82 27 113
82 28 85
82 29 51
82 30 51
82 31 26
82 32 24
82 33 94
82 34 122
82 35 53
82 36 60
82 37 55
82 38 49
82 39 63
82 40 48
82 41 52
82 42 44
82 43 46
82 44 104
82 45 44
82 46 61
82 47 69
82 48 78
82 49 33
82 50 66
82 51 39
82 52 88
82 53 70
82 54 65
82 55 64
82 56 100
82 57 83
82 58 76
82 59 84
82 60 52
82 61 35
82 62 16
82 63 83
82 64 86
82 65 46
82 66 34
82 67 77
82 68 64
82 69 56
82 70 30
82 71 83
82 72 101
82 73 76
82 74 13
82 75 76
82 76 75
82 77 22
82 78 85
82 79 90
82 80 51
82 81 78
82 83 20
82 84 39
82 85 35
82 86 37
82 87 50
82 88 33
82 89 48
82 90 19
82 91 51
82 92 24
82 93 45
82 94 42
82 95 35
82 96 58
82 97 32
82 98 56
82 99 13
82 100 24
83 0 122
83 1 71
83 2 73
83 3 82
83 4 48
83 5 34
83 6 76
83 7 59
83 8 71
83 9 63
83 10 10
83 11 56
83 12 52
83 13 33
83 14 25
83 15 102
83 16 37
83 17 69
83 18 66
83 19 89
83 20 84
83 21 93
83 22 85
83 23 84
83 24 41
83 25 74
83 26 81
83 27 114
83 28 83
83 29 48
83 30 50
83 31 30
83 32 24
83 33 95
83 34 122
83 35 49
83 36 63
83 37 54
83 38 51
83 39 65
83 40 48
83 41 55
83 42 45
83 43 45
83 44 104
83 45 43
83 46 57
83 47 71
83 48 79
83 49 37
83 50 70
83 51 36
83 52 84
83 53 72
83 54 69
83 55 67
83 56 101
83 57 81
83 58 79
83 59 82
83 60 50
83 61 36
83 62 19
83 63 87
83 64 85
83 65 49
83 66 38
83 67 74
83 68 62
83 69 60
83 70 32
83 71 83
83 72 102
83 73 77
83 74 12
83 75 78
83 76 73
83 77 22
83 78 83
83 79 91
83 80 51
83 81 82
83 82 46
83 84 64
83 85 67
83 86 59
83 87 18
83 88 24
83 89 66
83 90 16
83 91 40
83 92 56
83 93 61
83 94 37
83 95 13
83 96 79
83 97 10
83 98 42
83 99 43
83 100 56
84 0 35
84 1 53
84 2 58
84 3 41
84 4 53
84 5 64
84 6 77
84 7 44
84 8 53
84 9 43
84 10 93
84 11 82
84 12 51
84 13 64
84 14 83
84 15 19
84 16 55
84 17 39
84 18 26
84 19 54
84 20 13
84 21 10
84 22 34
84 23 28
84 24 66
84 25 18
84 26 21
84 27 24
84 28 33
84 29 65
84 30 42
84 31 89
84 32 68
84 33 10
84 34 35
84 35 69
84 36 55
84 37 41
84 38 51
84 39 41
84 40 44
84 41 78
84 42 47
84 43 48
84 44 20
84 45 55
84 46 67
84 47 33
84 48 29
84 49 82
84 50 64
84 51 73
84 52 64
84 53 52
84 54 76
84 55 70
84 56 38
84 57 28
84 58 67
84 59 48
84 60 52
84 61 57
84 62 78
84 63 81
84 64 14
84 65 59
84 66 81
84 67 65
84 68 55
84 69 69
84 70 64
84 71 19
84 72 15
84 73 18
84 74 103
84 75 49
84 76 41
84 77 70
84 78 36
84 79 24
84 80 41
84 81 90
84 82 46
84 83 85
84 85 29
84 86 9
84 87 80
84 88 78
84 89 11
84 90 61
84 91 96
84 92 44
84 93 15
84 94 47
84 95 62
84 96 89
84 97 73
84 98 101
84 99 49
84 100 31
85 0 135
85 1 82
85 2 83
85 3 93
85 4 59
85 5 45
85 6 83
85 7 70
85 8 81
85 9 74
85 10 14
85 11 62
85 12 63
85 13 45
85 14 32
85 15 114
85 16 50
85 17 80
85 18 78
85 19 99
85 20 96
85 21 106
85 22 97
85 23 95
85 24 51
85 25 86
85 26 94
85 27 126
85 28 95
85 29 59
85 30 63
85 31 35
85 32 36
85 33 107
85 34 134
85 35 59
85 36 73
85 37 66
85 38 62
85 39 76
85 40 60
85 41 62
85 42 57
85 43 58
85 44 117
85 45 55
85 46 67
85 47 82
85 48 91
85 49 44
85 50 78
85 51 45
85 52 95
85 53 82
85 54 76
85 55 75
85 56 113
85 57 93
85 58 88
85 59 93
85 60 62
85 61 48
85 62 29
85 63 94
85 64 98
85 65 59
85 66 45
85 67 84
85 68 73
85 69 68
85 70 43
85 71 96
85 72 114
85 73 89
85 74 3
85 75 89
85 76 85
85 77 34
85 78 95
85 79 103
85 80 63
85 81 88
85 82 59
85 83 26
85 84 87
85 86 10
85 87 70
85 88 73
85 89 6
85 90 55
85 91 91
85 92 48
85 93 4
85 94 35
85 95 52
85 96 93
85 97 66
85 98 96
85 99 49
85 100 35
86 0 111
86 1 50
86 2 51
86 3 77
86 4 45
86 5 34
86 6 82
86 7 54
86 8 70
86 9 58
86 10 29
86 11 65
86 12 50
86 13 33
86 14 37
86 15 91
86 16 24
86 17 49
86 18 52
86 19 87
86 20 72
86 21 81
86 22 65
86 23 76
86 24 19
86 25 61
86 26 71
86 27 101
86 28 64
86 29 27
86 30 36
86 31 45
86 32 15
86 33 82
86 34 110
86 35 28
86 36 62
86 37 36
86 38 48
86 39 59
86 40 33
86 41 63
86 42 33
86 43 30
86 44 93
86 45 24
86 46 36
86 47 63
86 48 71
86 49 48
86 50 72
86 51 14
86 52 63
86 53 71
86 54 75
86 55 72
86 56 94
86 57 63
86 58 82
86 59 61
86 60 30
86 61 31
86 62 27
86 63 92
86 64 69
86 65 49
86 66 48
86 67 53
86 68 40
86 69 64
86 70 32
86 71 73
86 72 89
86 73 65
86 74 30
86 75 76
86 76 53
86 77 17
86 78 64
86 79 82
86 80 39
86 81 90
86 82 36
86 83 32
86 84 55
86 85 92
86 87 54
86 88 17
86 89 77
86 90 24
86 91 26
86 92 39
86 93 75
86 94 66
86 95 48
86 96 43
86 97 29
86 98 33
86 99 26
86 100 47
87 0 89
87 1 69
87 2 73
87 3 44
87 4 11
87 5 6
87 6 42
87 7 22
87 8 33
87 9 26
87 10 35
87 11 28
87 12 15
87 13 7
87 14 20
87 15 69
87 16 27
87 17 58
87 18 41
87 19 50
87 20 53
87 21 62
87 22 71
87 23 48
87 24 49
87 25 46
87 26 48
87 27 82
87 28 69
87 29 55
87 30 32
87 31 25
87 32 25
87 33 64
87 34 89
87 35 59
87 36 24
87 37 41
87 38 14
87 39 28
87 40 31
87 41 25
87 42 24
87 43 33
87 44 72
87 45 39
87 46 65
87 47 35
87 48 44
87 49 19
87 50 32
87 51 49
87 52 85
87 53 33
87 54 35
87 55 31
87 56 64
87 57 65
87 58 42
87 59 75
87 60 46
87 61 14
87 62 20
87 63 51
87 64 63
87 65 10
87 66 18
87 67 78
87 68 61
87 69 24
87 70 9
87 71 51
87 72 70
87 73 46
87 74 50
87 75 40
87 76 64
87 77 23
87 78 71
87 79 56
87 80 27
87 81 51
87 82 23
87 83 24
87 84 70
87 85 62
87 86 9
87 88 96
87 89 35
87 90 81
87 91 113
87 92 52
87 93 40
87 94 73
87 95 87
87 96 92
87 97 94
87 98 119
87 99 62
87 100 41
88 0 102
88 1 33
88 2 34
88 3 76
88 4 49
88 5 43
88 6 89
88 7 55
88 8 73
88 9 59
88 10 46
88 11 76
88 12 53
88 13 41
88 14 51
88 15 83
88 16 23
88 17 34
88 18 44
88 19 88
88 20 65
88 21 73
88 22 50
88 23 72
88 24 2
88 25 54
88 26 66
88 27 91
88 28 49
88 29 9
88 30 31
88 31 59
88 32 25
88 33 74
88 34 102
88 35 11
88 36 66
88 37 26
88 38 51
88 39 60
88 40 28
88 41 73
88 42 32
88 43 23
88 44 85
88 45 14
88 46 19
88 47 62
88 48 68
88 49 61
88 50 77
88 51 5
88 52 45
88 53 73
88 54 83
88 55 79
88 56 91
88 57 48
88 58 87
88 59 44
88 60 16
88 61 35
88 62 41
88 63 98
88 64 57
88 65 55
88 66 61
88 67 35
88 68 23
88 69 72
88 70 40
88 71 67
88 72 81
88 73 59
88 74 48
88 75 78
88 76 37
88 77 28
88 78 48
88 79 77
88 80 36
88 81 99
88 82 35
88 83 47
88 84 38
88 85 89
88 86 44
88 87 60
88 89 49
88 90 12
88 91 49
88 92 38
88 93 45
88 94 33
88 95 22
88 96 69
88 97 24
88 98 53
88 99 26
88 100 36
89 0 82
89 1 103
89 2 108
89 3 35
89 4 41
89 5 49
89 6 5
89 7 38
89 8 22
89 9 36
89 10 72
89 11 26
89 12 37
89 13 50
89 14 55
89 15 68
89 16 67
89 17 89
89 18 64
89 19 26
89 20 61
89 21 67
89 22 97
89 23 47
89 24 90
89 25 62
89 26 54
89 27 82
89 28 95
89 29 95
89 30 65
89 31 53
89 32 68
89 33 68
89 34 83
89 35 99
89 36 25
89 37 74
89 38 39
89 39 37
89 40 66
89 41 25
89 42 60
89 43 70
89 44 70
89 45 79
89 46 104
89 47 43
89 48 45
89 49 43
89 50 13
89 51 92
89 52 119
89 53 23
89 54 11
89 55 12
89 56 50
89 57 90
89 58 8
89 59 106
89 60 84
89 61 54
89 62 60
89 63 8
89 64 81
89 65 35
89 66 42
89 67 114
89 68 97
89 69 20
89 70 52
89 71 56
89 72 72
89 73 59
89 74 88
89 75 25
89 76 95
89 77 66
89 78 98
89 79 54
89 80 58
89 81 16
89 82 57
89 83 61
89 84 102
89 85 49
89 86 50
89 87 58
89 88 73
89 90 19
89 91 23
89 92 58
89 93 75
89 94 54
89 95 30
89 96 69
89 97 8
89 98 25
89 99 43
89 100 61
90 0 57
90 1 60
90 2 65
90 3 20
90 4 21
90 5 34
90 6 47
90 7 11
90 8 24
90 9 10
90 10 65
90 11 48
90 12 18
90 13 34
90 14 52
90 15 38
90 16 35
90 17 45
90 18 19
90 19 34
90 20 21
90 21 30
90 22 52
90 23 18
90 24 55
90 25 17
90 26 16
90 27 50
90 28 50
90 29 58
90 30 25
90 31 57
90 32 44
90 33 32
90 34 57
90 35 62
90 36 22
90 37 33
90 38 18
90 39 8
90 40 28
90 41 45
90 42 25
90 43 33
90 44 40
90 45 42
90 46 65
90 47 6
90 48 13
90 49 49
90 50 33
90 51 60
90 52 76
90 53 23
90 54 44
90 55 39
90 56 36
90 57 45
90 58 39
90 59 61
90 60 44
90 61 30
90 62 49
90 63 53
90 64 37
90 65 26
90 66 48
90 67 72
90 68 56
90 69 36
90 70 35
90 71 19
90 72 38
90 73 16
90 74 78
90 75 24
90 76 50
90 77 45
90 78 53
90 79 25
90 80 20
90 81 60
90 82 22
90 83 55
90 84 58
90 85 34
90 86 39
90 87 16
90 88 34
90 89 38
90 91 59
90 92 7
90 93 57
90 94 64
90 95 59
90 96 40
90 97 51
90 98 66
90 99 11
90 100 19
91 0 97
91 1 70
91 2 73
91 3 52
91 4 19
91 5 6
91 6 47
91 7 31
91 8 41
91 9 34
91 10 26
91 11 30
91 12 23
91 13 7
91 14 12
91 15 77
91 16 27
91 17 61
91 18 46
91 19 59
91 20 60
91 21 70
91 22 75
91 23 56
91 24 46
91 25 52
91 26 56
91 27 90
91 28 73
91 29 53
91 30 35
91 31 19
91 32 21
91 33 71
91 34 97
91 35 56
91 36 32
91 37 43
91 38 22
91 39 36
91 40 33
91 41 28
91 42 27
91 43 35
91 44 79
91 45 39
91 46 63
91 47 43
91 48 52
91 49 16
91 50 39
91 51 46
91 52 86
91 53 42
91 54 40
91 55 38
91 56 73
91 57 69
91 58 49
91 59 77
91 60 46
91 61 15
91 62 11
91 63 58
91 64 68
91 65 18
91 66 16
91 67 77
91 68 61
91 69 30
91 70 7
91 71 58
91 72 78
91 73 53
91 74 41
91 75 48
91 76 66
91 77 18
91 78 74
91 79 64
91 80 31
91 81 55
91 82 27
91 83 15
91 84 72
91 85 71
91 86 1
91 87 54
91 88 72
91 89 2
91 90 30
91 92 12
91 93 41
91 94 50
91 95 49
91 96 56
91 97 48
91 98 70
91 99 14
91 100 9
92 0 77
92 1 24
92 2 29
92 3 57
92 4 40
92 5 42
92 6 80
92 7 41
92 8 59
92 9 44
92 10 60
92 11 72
92 12 42
92 13 40
92 14 57
92 15 59
92 16 21
92 17 14
92 18 21
92 19 71
92 20 41
92 21 48
92 22 29
92 23 51
92 24 24
92 25 30
92 26 44
92 27 66
92 28 27
92 29 23
92 30 14
92 31 65
92 32 33
92 33 50
92 34 77
92 35 27
92 36 54
92 37 5
92 38 41
92 39 43
92 40 14
92 41 69
92 42 21
92 43 12
92 44 61
92 45 14
92 46 28
92 47 43
92 48 47
92 49 63
92 50 66
92 51 30
92 52 41
92 53 59
92 54 75
92 55 69
92 56 69
92 57 25
92 58 74
92 59 30
92 60 9
92 61 32
92 62 49
92 63 87
92 64 32
92 65 48
92 66 62
92 67 35
92 68 19
92 69 64
92 70 40
92 71 44
92 72 56
92 73 35
92 74 67
92 75 61
92 76 19
92 77 36
92 78 28
92 79 54
92 80 21
92 81 91
92 82 23
92 83 56
92 84 25
92 85 67
92 86 46
92 87 37
92 88 46
92 89 46
92 90 42
92 91 54
92 93 28
92 94 6
92 95 27
92 96 97
92 97 47
92 98 79
92 99 51
92 100 49
93 0 79
93 1 18
93 2 22
93 3 63
93 4 46
93 5 48
93 6 86
93 7 47
93 8 65
93 9 50
93 10 65
93 11 78
93 12 49
93 13 46
93 14 63
93 15 61
93 16 26
93 17 9
93 18 26
93 19 76
93 20 44
93 21 51
93 22 25
93 23 55
93 24 24
93 25 33
93 26 48
93 27 67
93 28 23
93 29 21
93 30 21
93 31 71
93 32 38
93 33 52
93 34 79
93 35 25
93 36 60
93 37 11
93 38 47
93 39 49
93 40 21
93 41 75
93 42 28
93 43 18
93 44 63
93 45 17
93 46 24
93 47 48
93 48 52
93 49 69
93 50 73
93 51 31
93 52 34
93 53 65
93 54 81
93 55 76
93 56 73
93 57 23
93 58 80
93 59 24
93 60 10
93 61 38
93 62 54
93 63 93
93 64 32
93 65 54
93 66 68
93 67 29
93 68 13
93 69 70
93 70 46
93 71 48
93 72 58
93 73 39
93 74 70
93 75 67
93 76 14
93 77 41
93 78 24
93 79 58
93 80 27
93 81 98
93 82 30
93 83 61
93 84 19
93 85 71
93 86 52
93 87 41
93 88 47
93 89 53
93 90 45
93 91 60
93 92 31
93 94 103
93 95 92
93 96 4
93 97 76
93 98 70
93 99 48
93 100 60
94 0 129
94 1 70
94 2 70
94 3 90
94 4 56
94 5 43
94 6 87
94 7 68
94 8 81
94 9 72
94 10 20
94 11 67
94 12 61
94 13 42
94 14 36
94 15 109
94 16 42
94 17 69
94 18 71
94 19 99
94 20 90
94 21 99
94 22 86
94 23 91
94 24 39
94 25 79
94 26 88
94 27 119
94 28 84
94 29 46
94 30 55
94 31 42
94 32 29
94 33 100
94 34 128
94 35 45
94 36 72
94 37 56
94 38 60
94 39 73
94 40 52
94 41 67
94 42 50
94 43 49
94 44 111
94 45 44
94 46 54
94 47 78
94 48 87
94 49 48
94 50 80
94 51 32
94 52 81
94 53 82
94 54 80
94 55 78
94 56 109
94 57 83
94 58 90
94 59 80
94 60 50
94 61 44
94 62 30
94 63 98
94 64 89
94 65 59
94 66 49
94 67 71
94 68 60
94 69 70
94 70 41
94 71 90
94 72 108
94 73 83
94 74 12
94 75 88
94 76 73
94 77 29
94 78 84
94 79 98
94 80 56
94 81 93
94 82 52
94 83 30
94 84 75
94 85 107
94 86 40
94 87 84
94 88 99
94 89 43
94 90 17
94 91 39
94 92 37
94 93 44
94 95 15
94 96 87
94 97 33
94 98 66
94 99 43
94 100 46
95 0 97
95 1 32
95 2 34
95 3 70
95 4 43
95 5 38
95 6 84
95 7 49
95 8 67
95 9 53
95 10 46
95 11 71
95 12 47
95 13 37
95 14 48
95 15 77
95 16 17
95 17 30
95 18 38
95 19 82
95 20 59
95 21 67
95 22 46
95 23 66
95 24 6
95 25 48
95 26 60
95 27 86
95 28 45
95 29 11
95 30 25
95 31 57
95 32 22
95 33 68
95 34 96
95 35 15
95 36 60
95 37 21
95 38 46
95 39 53
95 40 22
95 41 69
95 42 26
95 43 17
95 44 79
95 45 8
95 46 22
95 47 55
95 48 62
95 49 57
95 50 72
95 51 11
95 52 46
95 53 67
95 54 78
95 55 73
95 56 85
95 57 44
95 58 81
95 59 42
95 60 12
95 61 30
95 62 39
95 63 93
95 64 52
95 65 50
95 66 57
95 67 37
95 68 22
95 69 67
95 70 36
95 71 61
95 72 75
95 73 53
95 74 49
95 75 72
95 76 34
95 77 26
95 78 45
95 79 71
95 80 30
95 81 94
95 82 29
95 83 45
95 84 37
95 85 82
95 86 40
95 87 54
95 88 65
95 89 42
95 90 24
95 91 47
95 92 19
95 93 8
95 94 40
95 96 50
95 97 48
95 98 67
95 99 9
95 100 12
96 0 44
96 1 52
96 2 57
96 3 30
96 4 39
96 5 50
96 6 65
96 7 30
96 8 41
96 9 29
96 10 80
96 11 68
96 12 37
96 13 50
96 14 69
96 15 24
96 16 43
96 17 37
96 18 15
96 19 45
96 20 6
96 21 14
96 22 38
96 23 20
96 24 58
96 25 6
96 26 11
96 27 34
96 28 36
96 29 58
96 30 30
96 31 75
96 32 56
96 33 16
96 34 44
96 35 63
96 36 41
96 37 33
96 38 37
96 39 27
96 40 33
96 41 64
96 42 35
96 43 37
96 44 26
96 45 46
96 46 63
96 47 20
96 48 18
96 49 68
96 50 52
96 51 64
96 52 66
96 53 40
96 54 63
96 55 57
96 56 35
96 57 31
96 58 56
96 59 50
96 60 44
96 61 44
96 62 65
96 63 69
96 64 19
96 65 45
96 66 67
96 67 64
96 68 51
96 69 56
96 70 51
96 71 10
96 72 23
96 73 4
96 74 91
96 75 38
96 76 41
96 77 57
96 78 39
96 79 19
96 80 29
96 81 78
96 82 33
96 83 71
96 84 48
96 85 33
96 86 56
96 87 5
96 88 15
96 89 55
96 90 68
96 91 64
96 92 47
96 93 56
96 94 43
96 95 31
96 97 83
96 98 79
96 99 52
96 100 61
97 0 58
97 1 30
97 2 34
97 3 55
97 4 52
97 5 59
97 6 86
97 7 48
97 8 62
97 9 49
97 10 83
97 11 85
97 12 52
97 13 58
97 14 77
97 15 42
97 16 42
97 17 16
97 18 21
97 19 69
97 20 29
97 21 32
97 22 13
97 23 44
97 24 47
97 25 23
97 26 35
97 27 46
97 28 11
97 29 44
97 30 31
97 31 84
97 32 56
97 33 33
97 34 58
97 35 47
97 36 61
97 37 25
97 38 51
97 39 47
97 40 33
97 41 81
97 42 38
97 43 34
97 44 44
97 45 38
97 46 45
97 47 42
97 48 43
97 49 80
97 50 72
97 51 54
97 52 42
97 53 62
97 54 83
97 55 77
97 56 59
97 57 6
97 58 78
97 59 25
97 60 32
97 61 50
97 62 70
97 63 92
97 64 10
97 65 60
97 66 79
97 67 42
97 68 32
97 69 74
97 70 58
97 71 35
97 72 38
97 73 27
97 74 90
97 75 62
97 76 18
97 77 59
97 78 15
97 79 43
97 80 34
97 81 99
97 82 39
97 83 77
97 84 24
97 85 57
97 86 64
97 87 29
97 88 27
97 89 64
97 90 65
97 91 73
97 92 48
97 93 43
97 94 54
97 95 48
97 96 39
97 98 70
97 99 66
97 100 71
98 0 60
98 1 30
98 2 34
98 3 52
98 4 48
98 5 54
98 6 82
98 7 43
98 8 59
98 9 45
98 10 78
98 11 80
98 12 48
98 13 53
98 14 72
98 15 43
98 16 38
98 17 15
98 18 17
98 19 66
98 20 28
98 21 32
98 22 17
98 23 42
98 24 43
98 25 20
98 26 33
98 27 48
98 28 15
98 29 41
98 30 26
98 31 79
98 32 51
98 33 33
98 34 59
98 35 45
98 36 57
98 37 21
98 38 47
98 39 43
98 40 28
98 41 77
98 42 34
98 43 29
98 44 44
98 45 34
98 46 43
98 47 39
98 48 40
98 49 75
98 50 68
98 51 50
98 52 43
98 53 58
98 54 79
98 55 73
98 56 58
98 57 10
98 58 75
98 59 27
98 60 29
98 61 45
98 62 65
98 63 88
98 64 12
98 65 55
98 66 74
98 67 42
98 68 31
98 69 69
98 70 53
98 71 33
98 72 39
98 73 25
98 74 86
98 75 58
98 76 18
98 77 54
98 78 18
98 79 42
98 80 29
98 81 95
98 82 34
98 83 72
98 84 25
98 85 56
98 86 59
98 87 27
98 88 28
98 89 59
98 90 61
98 91 68
98 92 43
98 93 40
98 94 49
98 95 44
98 96 34
98 97 42
98 99 60
98 100 62
99 0 92
99 1 71
99 2 74
99 3 46
99 4 14
99 5 6
99 6 42
99 7 25
99 8 34
99 9 29
99 10 33
99 11 27
99 12 17
99 13 8
99 14 17
99 15 72
99 16 28
99 17 60
99 18 43
99 19 52
99 20 56
99 21 65
99 22 74
99 23 51
99 24 49
99 25 48
99 26 51
99 27 85
99 28 71
99 29 56
99 30 34
99 31 23
99 32 25
99 33 66
99 34 92
99 35 59
99 36 26
99 37 42
99 38 17
99 39 30
99 40 33
99 41 24
99 42 26
99 43 35
99 44 74
99 45 40
99 46 66
99 47 38
99 48 46
99 49 16
99 50 33
99 51 50
99 52 87
99 53 35
99 54 35
99 55 32
99 56 67
99 57 68
99 58 43
99 59 77
99 60 48
99 61 15
99 62 18
99 63 52
99 64 65
99 65 12
99 66 16
99 67 79
99 68 62
99 69 24
99 70 9
99 71 53
99 72 73
99 73 49
99 74 48
99 75 42
99 76 66
99 77 23
99 78 73
99 79 59
99 80 29
99 81 51
99 82 25
99 83 22
99 84 72
99 85 64
99 86 7
99 87 49
99 88 68
99 89 5
99 90 36
99 91 12
99 92 25
99 93 52
99 94 10
99 95 24
99 96 38
99 97 36
99 98 56
99 100 72
100 0 35
100 1 57
100 2 62
100 3 32
100 4 47
100 5 59
100 6 69
100 7 37
100 8 45
100 9 36
100 10 89
100 11 74
100 12 45
100 13 59
100 14 78
100 15 16
100 16 52
100 17 42
100 18 24
100 19 45
100 20 6
100 21 5
100 22 40
100 23 20
100 24 66
100 25 15
100 26 13
100 27 25
100 28 38
100 29 66
100 30 39
100 31 83
100 32 65
100 33 7
100 34 35
100 35 70
100 36 47
100 37 41
100 38 45
100 39 34
100 40 42
100 41 71
100 42 44
100 43 46
100 44 18
100 45 54
100 46 70
100 47 26
100 48 21
100 49 76
100 50 56
100 51 73
100 52 70
100 53 44
100 54 68
100 55 62
100 56 31
100 57 33
100 58 59
100 59 53
100 60 52
100 61 53
100 62 74
100 63 72
100 64 19
100 65 53
100 66 75
100 67 70
100 68 58
100 69 62
100 70 60
100 71 10
100 72 14
100 73 12
100 74 100
100 75 41
100 76 46
100 77 66
100 78 42
100 79 16
100 80 38
100 81 82
100 82 42
100 83 80
100 84 52
100 85 29
100 86 65
100 87 11
100 88 7
100 89 64
100 90 77
100 91 72
100 92 56
100 93 64
100 94 51
100 95 38
100 96 54
100 97 29
100 98 38
100 99 42