100 2
2
18
59
35
33
24
59
2
99
19
81
27
17
76
76
37
20
87
82
55
53
24
89
75
21
92
10
85
49
83
94
49
21
62
12
67
69
34
74
48
97
88
12
53
92
12
26
17
46
87
87
96
14
45
50
75
18
31
66
3
55
84
46
62
21
86
48
14
84
42
45
5
72
76
60
99
1
23
18
78
2
21
81
46
89
54
7
36
1
53
1
16
80
40
54
58
16
38
53
72
0 1 54
0 2 69
0 3 44
0 4 16
0 5 83
0 6 37
0 7 63
0 8 68
0 9 39
0 10 38
0 11 78
0 12 42
0 13 92
0 14 74
0 15 27
0 16 19
0 17 33
0 18 52
0 19 45
0 20 33
0 21 79
0 22 28
0 23 49
0 24 29
0 25 51
0 26 23
0 27 25
0 28 29
0 29 62
0 30 34
0 31 24
0 32 61
0 33 31
0 34 56
0 35 9
0 36 44
0 37 66
0 38 48
0 39 73
0 40 63
0 41 50
0 42 77
0 43 89
0 44 54
0 45 71
0 46 29
0 47 30
0 48 47
0 49 79
0 50 12
0 51 69
0 52 52
0 53 91
0 54 35
0 55 70
0 56 49
0 57 47
0 58 47
0 59 12
0 60 28
0 61 62
0 62 11
0 63 69
0 64 67
0 65 28
0 66 74
0 67 58
0 68 53
0 69 42
0 70 60
0 71 66
0 72 78
0 73 60
0 74 28
0 75 66
0 76 83
0 77 87
0 78 37
0 79 79
0 80 37
0 81 33
0 82 73
0 83 55
0 84 43
0 85 49
0 86 30
0 87 71
0 88 6
0 89 19
0 90 54
0 91 31
0 92 77
0 93 61
0 94 32
0 95 49
0 96 20
0 97 31
0 98 34
0 99 32
0 100 54
1 0 59
1 2 69
1 3 69
1 4 51
1 5 84
1 6 32
1 7 27
1 8 67
1 9 70
1 10 42
1 11 61
1 12 17
1 13 89
1 14 75
1 15 52
1 16 36
1 17 10
1 18 58
1 19 75
1 20 6
1 21 74
1 22 45
1 23 46
1 24 33
1 25 83
1 26 38
1 27 47
1 28 6
1 29 29
1 30 64
1 31 22
1 32 40
1 33 15
1 34 21
1 35 27
1 36 40
1 37 31
1 38 33
1 39 71
1 40 34
1 41 80
1 42 66
1 43 55
1 44 55
1 45 57
1 46 24
1 47 20
1 48 64
1 49 67
1 50 40
1 51 37
1 52 43
1 53 88
1 54 4
1 55 41
1 56 17
1 57 15
1 58 79
1 59 37
1 60 13
1 61 32
1 62 26
1 63 71
1 64 32
1 65 44
1 66 42
1 67 23
1 68 66
1 69 36
1 70 71
1 71 42
1 72 45
1 73 30
1 74 33
1 75 75
1 76 51
1 77 83
1 78 35
1 79 74
1 80 34
1 81 66
1 82 58
1 83 35
1 84 32
1 85 58
1 86 21
1 87 39
1 88 41
1 89 36
1 90 49
1 91 24
1 92 52
1 93 75
1 94 39
1 95 15
1 96 43
1 97 14
1 98 16
1 99 6
1 100 23
2 0 32
2 1 55
2 3 34
2 4 31
2 5 57
2 6 55
2 7 58
2 8 42
2 9 39
2 10 60
2 11 54
2 12 30
2 13 66
2 14 48
2 15 19
2 16 7
2 17 27
2 18 27
2 19 42
2 20 38
2 21 53
2 22 10
2 23 23
2 24 50
2 25 53
2 26 5
2 27 50
2 28 31
2 29 53
2 30 32
2 31 40
2 32 40
2 33 42
2 34 55
2 35 21
2 36 20
2 37 59
2 38 27
2 39 48
2 40 48
2 41 47
2 42 52
2 43 78
2 44 28
2 45 46
2 46 13
2 47 17
2 48 28
2 49 54
2 50 18
2 51 57
2 52 28
2 53 65
2 54 33
2 55 54
2 56 53
2 57 51
2 58 47
2 59 15
2 60 23
2 61 48
2 62 28
2 63 43
2 64 63
2 65 8
2 66 60
2 67 52
2 68 31
2 69 18
2 70 38
2 71 48
2 72 67
2 73 46
2 74 49
2 75 43
2 76 69
2 77 61
2 78 13
2 79 53
2 80 56
2 81 38
2 82 49
2 83 35
2 84 59
2 85 25
2 86 17
2 87 59
2 88 27
2 89 43
2 90 29
2 91 15
2 92 58
2 93 41
2 94 6
2 95 51
2 96 45
2 97 23
2 98 45
2 99 30
2 100 44
3 0 106
3 1 70
3 2 69
3 4 58
3 5 105
3 6 15
3 7 37
3 8 88
3 9 80
3 10 26
3 11 82
3 12 39
3 13 111
3 14 96
3 15 65
3 16 51
3 17 31
3 18 78
3 19 86
3 20 17
3 21 96
3 22 61
3 23 68
3 24 22
3 25 92
3 26 53
3 27 41
3 28 24
3 29 44
3 30 75
3 31 18
3 32 62
3 33 11
3 34 26
3 35 36
3 36 61
3 37 43
3 38 55
3 39 92
3 40 53
3 41 91
3 42 88
3 43 66
3 44 76
3 45 79
3 46 44
3 47 41
3 48 81
3 49 88
3 50 51
3 51 52
3 52 65
3 53 110
3 54 26
3 55 59
3 56 17
3 57 14
3 58 89
3 59 48
3 60 33
3 61 51
3 62 31
3 63 92
3 64 38
3 65 60
3 66 59
3 67 36
3 68 84
3 69 58
3 70 90
3 71 62
3 72 58
3 73 49
3 74 22
3 75 95
3 76 66
3 77 105
3 78 55
3 79 96
3 80 17
3 81 74
3 82 80
3 83 56
3 84 11
3 85 77
3 86 41
3 87 55
3 88 47
3 89 31
3 90 70
3 91 44
3 92 72
3 93 94
3 94 57
3 95 18
3 96 38
3 97 35
3 98 9
3 99 27
3 100 41
4 0 88
4 1 77
4 2 73
4 3 25
4 5 61
4 6 78
4 7 90
4 8 53
4 9 11
4 10 78
4 11 77
4 12 63
4 13 72
4 14 53
4 15 15
4 16 30
4 17 59
4 18 36
4 19 10
4 20 67
4 21 63
4 22 23
4 23 44
4 24 69
4 25 23
4 26 30
4 27 60
4 28 61
4 29 86
4 30 9
4 31 64
4 32 69
4 33 69
4 34 87
4 35 44
4 36 46
4 37 92
4 38 57
4 39 58
4 40 79
4 41 15
4 42 70
4 43 110
4 44 43
4 45 68
4 46 46
4 47 50
4 48 19
4 49 73
4 50 30
4 51 90
4 52 53
4 53 72
4 54 65
4 55 85
4 56 84
4 57 82
4 58 17
4 59 32
4 60 54
4 61 80
4 62 50
4 63 49
4 64 96
4 65 25
4 66 92
4 67 85
4 68 26
4 69 47
4 70 33
4 71 78
4 72 99
4 73 78
4 74 68
4 75 38
4 76 101
4 77 70
4 78 43
4 79 64
4 80 78
4 81 18
4 82 72
4 83 65
4 84 83
4 85 30
4 86 49
4 87 91
4 88 36
4 89 59
4 90 50
4 91 47
4 92 86
4 93 30
4 94 33
4 95 82
4 96 57
4 97 55
4 98 72
4 99 61
4 100 77
5 0 119
5 1 83
5 2 82
5 3 86
5 4 55
5 6 58
5 7 68
5 8 47
5 9 28
5 10 61
5 11 63
5 12 41
5 13 70
5 14 52
5 15 8
5 16 7
5 17 36
5 18 30
5 19 31
5 20 45
5 21 58
5 22 5
5 23 31
5 24 51
5 25 42
5 26 7
5 27 47
5 28 38
5 29 63
5 30 22
5 31 43
5 32 51
5 33 47
5 34 64
5 35 23
5 36 29
5 37 69
5 38 38
5 39 53
5 40 59
5 41 37
5 42 60
5 43 89
5 44 34
5 45 55
5 46 23
5 47 27
5 48 24
5 49 62
5 50 12
5 51 68
5 52 37
5 53 70
5 54 41
5 55 65
5 56 61
5 57 59
5 58 37
5 59 11
5 60 31
5 61 58
5 62 30
5 63 47
5 64 73
5 65 6
5 66 71
5 67 62
5 68 29
5 69 29
5 70 37
5 71 59
5 72 78
5 73 57
5 74 50
5 75 43
5 76 80
5 77 66
5 78 23
5 79 59
5 80 59
5 81 27
5 82 58
5 83 46
5 84 63
5 85 26
5 86 27
5 87 70
5 88 22
5 89 42
5 90 37
5 91 25
5 92 69
5 93 38
5 94 14
5 95 59
5 96 43
5 97 32
5 98 50
5 99 38
5 100 54
6 0 58
6 1 62
6 2 58
6 3 11
6 4 81
6 5 53
6 7 49
6 8 86
6 9 68
6 10 16
6 11 86
6 12 43
6 13 110
6 14 94
6 15 55
6 16 43
6 17 32
6 18 73
6 19 74
6 20 21
6 21 95
6 22 53
6 23 65
6 24 7
6 25 79
6 26 46
6 27 25
6 28 24
6 29 54
6 30 63
6 31 7
6 32 66
6 33 12
6 34 40
6 35 26
6 36 59
6 37 55
6 38 56
6 39 91
6 40 60
6 41 79
6 42 90
6 43 79
6 44 73
6 45 81
6 46 41
6 47 39
6 48 73
6 49 91
6 50 40
6 51 62
6 52 65
6 53 109
6 54 30
6 55 67
6 56 31
6 57 27
6 58 75
6 59 38
6 60 31
6 61 59
6 62 20
6 63 89
6 64 52
6 65 52
6 66 68
6 67 47
6 68 77
6 69 56
6 70 84
6 71 68
6 72 69
6 73 57
6 74 7
6 75 90
6 76 77
6 77 104
6 78 52
6 79 95
6 80 10
6 81 61
6 82 83
6 83 60
6 84 15
6 85 71
6 86 39
6 87 65
6 88 34
6 89 15
6 90 69
6 91 42
6 92 79
6 93 87
6 94 52
6 95 31
6 96 22
6 97 35
6 98 13
6 99 28
6 100 49
7 0 96
7 1 73
7 2 71
7 3 46
7 4 65
7 5 46
7 6 32
7 8 45
7 9 53
7 10 57
7 11 47
7 12 15
7 13 68
7 14 53
7 15 34
7 16 19
7 17 14
7 18 34
7 19 57
7 20 27
7 21 54
7 22 25
7 23 24
7 24 46
7 25 68
7 26 19
7 27 53
7 28 20
7 29 38
7 30 47
7 31 35
7 32 29
7 33 34
7 34 41
7 35 23
7 36 18
7 37 44
7 38 17
7 39 49
7 40 34
7 41 62
7 42 49
7 43 63
7 44 32
7 45 41
7 46 3
7 47 3
7 48 41
7 49 50
7 50 28
7 51 43
7 52 24
7 53 67
7 54 20
7 55 41
7 56 40
7 57 39
7 58 62
7 59 24
7 60 11
7 61 33
7 62 28
7 63 48
7 64 48
7 65 23
7 66 46
7 67 37
7 68 43
7 69 15
7 70 47
7 71 36
7 72 52
7 73 32
7 74 45
7 75 52
7 76 55
7 77 62
7 78 11
7 79 54
7 80 51
7 81 51
7 82 43
7 83 24
7 84 52
7 85 34
7 86 2
7 87 44
7 88 35
7 89 43
7 90 28
7 91 1
7 92 47
7 93 52
7 94 16
7 95 38
7 96 48
7 97 9
7 98 36
7 99 18
7 100 29
8 0 78
8 1 52
8 2 49
8 3 44
8 4 47
8 5 25
8 6 41
8 7 14
8 9 67
8 10 24
8 11 79
8 12 35
8 13 103
8 14 87
8 15 52
8 16 39
8 17 25
8 18 67
8 19 72
8 20 13
8 21 89
8 22 49
8 23 59
8 24 14
8 25 79
8 26 41
8 27 31
8 28 17
8 29 47
8 30 61
8 31 4
8 32 58
8 33 5
8 34 34
8 35 23
8 36 53
8 37 48
8 38 49
8 39 84
8 40 53
8 41 78
8 42 83
8 43 72
8 44 67
8 45 74
8 46 34
8 47 32
8 48 69
8 49 83
8 50 37
8 51 55
8 52 58
8 53 102
8 54 22
8 55 60
8 56 25
8 57 22
8 58 75
8 59 35
8 60 24
8 61 51
8 62 17
8 63 83
8 64 45
8 65 48
8 66 61
8 67 40
8 68 73
8 69 50
8 70 79
8 71 60
8 72 62
8 73 49
8 74 14
8 75 84
8 76 70
8 77 97
8 78 46
8 79 88
8 80 16
8 81 61
8 82 76
8 83 52
8 84 18
8 85 66
8 86 33
8 87 58
8 88 34
8 89 20
8 90 63
8 91 36
8 92 71
8 93 82
8 94 47
8 95 25
8 96 27
8 97 28
8 98 7
8 99 21
8 100 42
9 0 67
9 1 50
9 2 47
9 3 29
9 4 57
9 5 30
9 6 33
9 7 26
9 8 59
9 10 88
9 11 79
9 12 70
9 13 68
9 14 50
9 15 25
9 16 39
9 17 68
9 18 36
9 19 13
9 20 77
9 21 61
9 22 31
9 23 47
9 24 79
9 25 25
9 26 38
9 27 70
9 28 70
9 29 92
9 30 19
9 31 74
9 32 73
9 33 79
9 34 96
9 35 54
9 36 50
9 37 99
9 38 62
9 39 56
9 40 85
9 41 14
9 42 70
9 43 116
9 44 45
9 45 70
9 46 53
9 47 58
9 48 19
9 49 73
9 50 40
9 51 96
9 52 57
9 53 68
9 54 73
9 55 91
9 56 93
9 57 91
9 58 20
9 59 42
9 60 63
9 61 85
9 62 60
9 63 47
9 64 104
9 65 32
9 66 97
9 67 92
9 68 24
9 69 52
9 70 30
9 71 82
9 72 105
9 73 85
9 74 79
9 75 34
9 76 106
9 77 67
9 78 48
9 79 63
9 80 88
9 81 26
9 82 73
9 83 70
9 84 94
9 85 31
9 86 57
9 87 97
9 88 47
9 89 69
9 90 53
9 91 55
9 92 90
9 93 25
9 94 40
9 95 91
9 96 67
9 97 63
9 98 81
9 99 70
9 100 84
10 0 86
10 1 43
10 2 46
10 3 96
10 4 11
10 5 39
10 6 99
10 7 44
10 8 10
10 9 65
10 11 72
10 12 56
10 13 71
10 14 52
10 15 8
10 16 23
10 17 52
10 18 32
10 19 17
10 20 60
10 21 61
10 22 16
10 23 39
10 24 63
10 25 29
10 26 22
10 27 55
10 28 53
10 29 78
10 30 10
10 31 57
10 32 63
10 33 62
10 34 80
10 35 37
10 36 39
10 37 84
10 38 51
10 39 55
10 40 73
10 41 22
10 42 66
10 43 103
10 44 39
10 45 63
10 46 38
10 47 42
10 48 18
10 49 68
10 50 23
10 51 83
10 52 47
10 53 70
10 54 57
10 55 79
10 56 76
10 57 74
10 58 23
10 59 25
10 60 47
10 61 73
10 62 43
10 63 47
10 64 88
10 65 17
10 66 85
10 67 77
10 68 25
10 69 40
10 70 33
10 71 71
10 72 92
10 73 71
10 74 62
10 75 38
10 76 94
10 77 68
10 78 36
10 79 62
10 80 71
10 81 18
10 82 67
10 83 59
10 84 77
10 85 27
10 86 42
10 87 84
10 88 31
10 89 53
10 90 45
10 91 40
10 92 80
10 93 31
10 94 26
10 95 74
10 96 51
10 97 48
10 98 65
10 99 54
10 100 69
11 0 65
11 1 22
11 2 25
11 3 85
11 4 20
11 5 31
11 6 93
11 7 42
11 8 17
11 9 56
11 10 21
11 12 45
11 13 76
11 14 57
11 15 7
11 16 11
11 17 39
11 18 35
11 19 28
11 20 46
11 21 64
11 22 11
11 23 37
11 24 49
11 25 38
11 26 12
11 27 43
11 28 40
11 29 68
11 30 17
11 31 43
11 32 57
11 33 47
11 34 67
11 35 22
11 36 35
11 37 73
11 38 44
11 39 59
11 40 64
11 41 34
11 42 66
11 43 93
11 44 40
11 45 61
11 46 28
11 47 31
11 48 27
11 49 68
11 50 9
11 51 73
11 52 44
11 53 75
11 54 44
11 55 70
11 56 63
11 57 61
11 58 33
11 59 10
11 60 34
11 61 64
11 62 29
11 63 52
11 64 76
11 65 12
11 66 76
11 67 66
11 68 33
11 69 35
11 70 41
11 71 64
11 72 82
11 73 62
11 74 48
11 75 47
11 76 86
11 77 72
11 78 29
11 79 64
11 80 57
11 81 21
11 82 65
11 83 52
11 84 62
11 85 31
11 86 31
11 87 75
11 88 18
11 89 39
11 90 43
11 91 30
11 92 74
11 93 42
11 94 20
11 95 61
11 96 39
11 97 36
11 98 50
11 99 41
11 100 59
12 0 85
12 1 76
12 2 72
12 3 21
12 4 81
12 5 55
12 6 7
12 7 48
12 8 83
12 9 31
12 10 68
12 11 87
12 13 93
12 14 77
12 15 46
12 16 31
12 17 15
12 18 58
12 19 67
12 20 8
12 21 78
12 22 41
12 23 49
12 24 23
12 25 75
12 26 33
12 27 36
12 28 7
12 29 40
12 30 56
12 31 11
12 32 48
12 33 9
12 34 31
12 35 18
12 36 42
12 37 43
12 38 39
12 39 74
12 40 44
12 41 73
12 42 72
12 43 66
12 44 56
12 45 64
12 46 24
12 47 22
12 48 61
12 49 73
12 50 32
12 51 48
12 52 48
12 53 92
12 54 13
12 55 51
12 56 24
12 57 22
12 58 71
12 59 29
12 60 14
12 61 43
12 62 15
12 63 73
12 64 42
12 65 40
12 66 54
12 67 35
12 68 64
12 69 39
12 70 70
12 71 51
12 72 56
12 73 41
12 74 23
12 75 75
12 76 63
12 77 87
12 78 36
12 79 78
12 80 27
12 81 57
12 82 65
12 83 42
12 84 27
12 85 57
12 86 22
12 87 51
12 88 31
12 89 25
12 90 52
12 91 25
12 92 62
12 93 73
12 94 37
12 95 23
12 96 31
12 97 18
12 98 12
12 99 11
12 100 34
13 0 53
13 1 25
13 2 22
13 3 50
13 4 38
13 5 12
13 6 59
13 7 22
13 8 39
13 9 21
13 10 16
13 11 53
13 12 57
13 14 74
13 15 67
13 16 52
13 17 25
13 18 62
13 19 90
13 20 28
13 21 69
13 22 58
13 23 48
13 24 56
13 25 101
13 26 52
13 27 71
13 28 29
13 29 6
13 30 80
13 31 45
13 32 29
13 33 37
13 34 16
13 35 48
13 36 42
13 37 10
13 38 30
13 39 67
13 40 15
13 41 96
13 42 57
13 43 32
13 44 56
13 45 48
13 46 36
13 47 32
13 48 73
13 49 57
13 50 59
13 51 14
13 52 41
13 53 82
13 54 22
13 55 20
13 56 24
13 57 26
13 58 95
13 59 55
13 60 30
13 61 13
13 62 49
13 63 71
13 64 16
13 65 57
13 66 20
13 67 5
13 68 73
13 69 39
13 70 76
13 71 25
13 72 22
13 73 11
13 74 55
13 75 79
13 76 28
13 77 76
13 78 41
13 79 68
13 80 55
13 81 84
13 82 47
13 83 26
13 84 50
13 85 64
13 86 32
13 87 16
13 88 63
13 89 59
13 90 47
13 91 34
13 92 34
13 93 81
13 94 49
13 95 21
13 96 66
13 97 27
13 98 36
13 99 26
13 100 6
14 0 47
14 1 26
14 2 22
14 3 45
14 4 45
14 5 20
14 6 56
14 7 28
14 8 46
14 9 20
14 10 20
14 11 48
14 12 62
14 13 51
14 15 81
14 16 68
14 17 45
14 18 66
14 19 103
14 20 51
14 21 64
14 22 71
14 23 53
14 24 79
14 25 115
14 26 67
14 27 93
14 28 51
14 29 18
14 30 95
14 31 68
14 32 27
14 33 60
14 34 37
14 35 68
14 36 49
14 37 21
14 38 37
14 39 63
14 40 15
14 41 108
14 42 49
14 43 18
14 44 59
14 45 40
14 46 51
14 47 48
14 48 81
14 49 47
14 50 76
14 51 10
14 52 44
14 53 74
14 54 44
14 55 8
14 56 46
14 57 49
14 58 109
14 59 72
14 60 49
14 61 15
14 62 70
14 63 70
14 64 30
14 65 70
14 66 4
14 67 26
14 68 79
14 69 47
14 70 79
14 71 18
14 72 11
14 73 17
14 74 78
14 75 82
14 76 7
14 77 69
14 78 51
14 79 62
14 80 78
14 81 100
14 82 39
14 83 29
14 84 73
14 85 70
14 86 48
14 87 8
14 88 82
14 89 82
14 90 49
14 91 49
14 92 17
14 93 86
14 94 61
14 95 44
14 96 88
14 97 45
14 98 60
14 99 47
14 100 23
15 0 22
15 1 38
15 2 34
15 3 49
15 4 71
15 5 49
15 6 68
15 7 58
15 8 70
15 9 42
15 10 40
15 11 23
15 12 91
15 13 78
15 14 63
15 16 39
15 17 65
15 18 59
15 19 21
15 20 68
15 21 87
15 22 38
15 23 64
15 24 60
15 25 18
15 26 40
15 27 45
15 28 64
15 29 95
15 30 18
15 31 59
15 32 85
15 33 66
15 34 91
15 35 43
15 36 63
15 37 99
15 38 72
15 39 82
15 40 92
15 41 23
15 42 92
15 43 121
15 44 65
15 45 89
15 46 55
15 47 59
15 48 44
15 49 95
15 50 31
15 51 101
15 52 71
15 53 97
15 54 69
15 55 99
15 56 85
15 57 82
15 58 17
15 59 35
15 60 60
15 61 92
15 62 46
15 63 74
15 64 101
15 65 39
15 66 104
15 67 92
15 68 51
15 69 63
15 70 59
15 71 93
15 72 110
15 73 90
15 74 59
15 75 64
15 76 114
15 77 95
15 78 58
15 79 88
15 80 69
15 81 9
15 82 92
15 83 80
15 84 76
15 85 54
15 86 59
15 87 102
15 88 29
15 89 48
15 90 70
15 91 58
15 92 103
15 93 56
15 94 48
15 95 84
15 96 43
15 97 63
15 98 69
15 99 65
15 100 86
16 0 73
16 1 45
16 2 43
16 3 46
16 4 42
16 5 18
16 6 46
16 7 10
16 8 45
16 9 16
16 10 35
16 11 73
16 12 37
16 13 44
16 14 54
16 15 51
16 17 25
16 18 59
16 19 89
16 20 30
16 21 66
16 22 57
16 23 46
16 24 58
16 25 100
16 26 51
16 27 72
16 28 30
16 29 5
16 30 79
16 31 47
16 32 26
16 33 39
16 34 20
16 35 48
16 36 40
16 37 12
16 38 27
16 39 64
16 40 11
16 41 95
16 42 54
16 43 31
16 44 53
16 45 44
16 46 35
16 47 31
16 48 71
16 49 53
16 50 59
16 51 12
16 52 38
16 53 79
16 54 23
16 55 17
16 56 27
16 57 29
16 58 95
16 59 55
16 60 30
16 61 10
16 62 50
16 63 68
16 64 19
16 65 56
16 66 17
16 67 9
16 68 71
16 69 37
16 70 73
16 71 22
16 72 21
16 73 8
16 74 57
16 75 76
16 76 26
16 77 73
16 78 39
16 79 65
16 80 58
16 81 83
16 82 44
16 83 23
16 84 53
16 85 61
16 86 31
16 87 14
16 88 63
16 89 61
16 90 44
16 91 33
16 92 30
16 93 79
16 94 47
16 95 25
16 96 68
16 97 27
16 98 39
16 99 27
16 100 3
17 0 54
17 1 46
17 2 42
17 3 25
17 4 62
17 5 35
17 6 38
17 7 36
17 8 63
17 9 12
17 10 40
17 11 55
17 12 62
17 13 66
17 14 38
17 15 44
17 16 33
17 18 80
17 19 92
17 20 19
17 21 96
17 22 66
17 23 69
17 24 31
17 25 100
17 26 58
17 27 50
17 28 26
17 29 38
17 30 81
17 31 26
17 32 59
17 33 18
17 34 19
17 35 43
17 36 62
17 37 36
17 38 54
17 39 92
17 40 48
17 41 98
17 42 87
17 43 58
17 44 77
17 45 77
17 46 46
17 47 42
17 48 85
17 49 87
17 50 57
17 51 46
17 52 65
17 53 109
17 54 26
17 55 53
17 56 10
17 57 8
17 58 95
17 59 54
17 60 35
17 61 46
17 62 38
17 63 93
17 64 30
17 65 64
17 66 52
17 67 30
17 68 88
17 69 59
17 70 93
17 71 58
17 72 51
17 73 44
17 74 31
17 75 98
17 76 59
17 77 104
17 78 57
17 79 95
17 80 26
17 81 81
17 82 78
17 83 54
17 84 18
17 85 80
17 86 43
17 87 48
17 88 55
17 89 40
17 90 70
17 91 46
17 92 67
17 93 97
17 94 61
17 95 12
17 96 47
17 97 37
17 98 15
17 99 28
17 100 37
18 0 39
18 1 26
18 2 22
18 3 44
18 4 52
18 5 28
18 6 59
18 7 37
18 8 52
18 9 24
18 10 23
18 11 40
18 12 70
18 13 58
18 14 58
18 15 65
18 16 51
18 17 57
18 19 44
18 20 30
18 21 69
18 22 20
18 23 39
18 24 35
18 25 52
18 26 14
18 27 34
18 28 25
18 29 56
18 30 33
18 31 27
18 32 51
18 33 31
18 34 52
18 35 6
18 36 34
18 37 60
18 38 38
18 39 64
18 40 54
18 41 49
18 42 67
18 43 82
18 44 45
18 45 61
18 46 19
18 47 21
18 48 40
18 49 69
18 50 9
18 51 62
18 52 42
18 53 81
18 54 30
18 55 61
18 56 47
18 57 45
18 58 48
18 59 6
18 60 21
18 61 54
18 62 13
18 63 60
18 64 62
18 65 20
18 66 66
18 67 52
18 68 45
18 69 32
18 70 52
18 71 57
18 72 71
18 73 52
18 74 34
18 75 58
18 76 76
18 77 77
18 78 27
18 79 69
18 80 42
18 81 34
18 82 63
18 83 45
18 84 47
18 85 40
18 86 21
18 87 64
18 88 13
18 89 27
18 90 44
18 91 22
18 92 68
18 93 54
18 94 22
18 95 46
18 96 29
18 97 24
18 98 34
18 99 26
18 100 47
19 0 55
19 1 66
19 2 62
19 3 19
19 4 89
19 5 61
19 6 41
19 7 63
19 8 90
19 9 39
19 10 63
19 11 57
19 12 85
19 13 93
19 14 30
19 15 46
19 16 50
19 17 97
19 18 49
19 20 29
19 21 63
19 22 54
19 23 42
19 24 57
19 25 97
19 26 48
19 27 71
19 28 28
19 29 9
19 30 76
19 31 45
19 32 23
19 33 38
19 34 22
19 35 46
19 36 37
19 37 15
19 38 24
19 39 61
19 40 11
19 41 91
19 42 52
19 43 34
19 44 50
19 45 42
19 46 32
19 47 28
19 48 68
19 49 51
19 50 56
19 51 14
19 52 35
19 53 76
19 54 21
19 55 17
19 56 27
19 57 29
19 58 92
19 59 52
19 60 27
19 61 9
19 62 47
19 63 65
19 64 22
19 65 52
19 66 19
19 67 11
19 68 68
19 69 34
19 70 70
19 71 21
19 72 23
19 73 7
19 74 56
19 75 73
19 76 28
19 77 71
19 78 36
19 79 62
19 80 57
19 81 80
19 82 42
19 83 20
19 84 52
19 85 58
19 86 28
19 87 16
19 88 61
19 89 59
19 90 41
19 91 30
19 92 30
19 93 76
19 94 44
19 95 25
19 96 66
19 97 24
19 98 38
19 99 24
19 100 1
20 0 108
20 1 71
20 2 70
20 3 79
20 4 44
20 5 44
20 6 70
20 7 33
20 8 48
20 9 53
20 10 61
20 11 107
20 12 15
20 13 38
20 14 83
20 15 73
20 16 48
20 17 74
20 18 50
20 19 10
20 21 89
20 22 54
20 23 60
20 24 22
20 25 87
20 26 46
20 27 40
20 28 16
20 29 39
20 30 69
20 31 14
20 32 55
20 33 5
20 34 24
20 35 30
20 36 53
20 37 39
20 38 47
20 39 84
20 40 47
20 41 85
20 42 81
20 43 63
20 44 68
20 45 72
20 46 36
20 47 33
20 48 74
20 49 81
20 50 44
20 51 48
20 52 57
20 53 102
20 54 19
20 55 53
20 56 15
20 57 12
20 58 83
20 59 42
20 60 25
20 61 45
20 62 26
20 63 84
20 64 36
20 65 53
20 66 54
20 67 32
20 68 77
20 69 50
20 70 82
20 71 56
20 72 54
20 73 43
20 74 22
20 75 87
20 76 62
20 77 97
20 78 47
20 79 88
20 80 21
20 81 69
20 82 73
20 83 49
20 84 17
20 85 69
20 86 33
20 87 50
20 88 42
20 89 29
20 90 62
20 91 36
20 92 66
20 93 86
20 94 50
20 95 16
20 96 37
20 97 27
20 98 3
20 99 19
20 100 35
21 0 96
21 1 55
21 2 56
21 3 83
21 4 23
21 5 34
21 6 80
21 7 29
21 8 27
21 9 53
21 10 46
21 11 96
21 12 35
21 13 16
21 14 91
21 15 84
21 16 59
21 17 53
21 18 60
21 19 32
21 20 60
21 22 28
21 23 44
21 24 27
21 25 57
21 26 21
21 27 29
21 28 21
21 29 54
21 30 39
21 31 20
21 32 53
21 33 25
21 34 48
21 35 1
21 36 39
21 37 58
21 38 41
21 39 70
21 40 54
21 41 56
21 42 72
21 43 80
21 44 51
21 45 65
21 46 22
21 47 23
21 48 48
21 49 73
21 50 15
21 51 61
21 52 47
21 53 88
21 54 27
21 55 62
21 56 42
21 57 39
21 58 53
21 59 13
21 60 19
21 61 54
21 62 6
21 63 66
21 64 59
21 65 27
21 66 65
21 67 50
21 68 52
21 69 37
21 70 59
21 71 59
21 72 70
21 73 52
21 74 26
21 75 65
21 76 75
21 77 83
21 78 32
21 79 75
21 80 35
21 81 39
21 82 67
21 83 47
21 84 39
21 85 47
21 86 23
21 87 63
21 88 14
21 89 20
21 90 49
21 91 24
21 92 70
21 93 62
21 94 28
21 95 41
21 96 24
21 97 23
21 98 28
21 99 23
21 100 46
22 0 42
22 1 38
22 2 34
22 3 34
22 4 62
22 5 36
22 6 50
22 7 41
22 8 62
22 9 22
22 10 35
22 11 43
22 12 72
22 13 67
22 14 48
22 15 56
22 16 46
22 17 69
22 18 45
22 19 76
22 20 9
22 21 18
22 23 17
22 24 73
22 25 84
22 26 39
22 27 81
22 28 44
22 29 38
22 30 64
22 31 61
22 32 10
22 33 58
22 34 53
22 35 50
22 36 16
22 37 46
22 38 12
22 39 29
22 40 26
22 41 75
22 42 22
22 43 55
22 44 22
22 45 13
22 46 30
22 47 30
22 48 45
22 49 23
22 50 52
22 51 38
22 52 8
22 53 45
22 54 40
22 55 29
22 56 56
22 57 57
22 58 78
22 59 49
22 60 37
22 61 28
22 62 56
22 63 34
22 64 54
22 65 39
22 66 36
22 67 43
22 68 43
22 69 16
22 70 42
22 71 20
22 72 46
22 73 28
22 74 72
22 75 45
22 76 44
22 77 39
22 78 22
22 79 31
22 80 77
22 81 71
22 82 16
22 83 12
22 84 76
22 85 33
22 86 29
22 87 38
22 88 61
22 89 71
22 90 12
22 91 27
22 92 26
22 93 49
22 94 31
22 95 54
22 96 75
22 97 33
22 98 59
22 99 40
22 100 32
23 0 101
23 1 61
23 2 61
23 3 84
23 4 30
23 5 37
23 6 79
23 7 30
23 8 33
23 9 55
23 10 52
23 11 101
23 12 30
23 13 23
23 14 90
23 15 82
23 16 57
23 17 59
23 18 58
23 19 26
23 20 64
23 21 89
23 22 71
23 24 62
23 25 85
23 26 37
23 27 72
23 28 32
23 29 26
23 30 65
23 31 50
23 32 10
23 33 45
23 34 38
23 35 43
23 36 20
23 37 33
23 38 7
23 39 43
23 40 16
23 41 78
23 42 36
23 43 47
23 44 32
23 45 26
23 46 23
23 47 21
23 48 52
23 49 36
23 50 48
23 51 27
23 52 17
23 53 59
23 54 27
23 55 22
23 56 42
23 57 43
23 58 79
23 59 44
23 60 26
23 61 17
23 62 47
23 63 47
23 64 40
23 65 40
23 66 28
23 67 29
23 68 51
23 69 17
23 70 52
23 71 16
23 72 36
23 73 16
23 74 61
23 75 55
23 76 37
23 77 54
23 78 21
23 79 45
23 80 65
23 81 70
23 82 28
23 83 4
23 84 62
23 85 41
23 86 21
23 87 28
23 88 55
23 89 61
23 90 23
23 91 20
23 92 26
23 93 58
23 94 31
23 95 39
23 96 66
23 97 22
23 98 46
23 99 28
23 100 18
24 0 89
24 1 88
24 2 84
24 3 19
24 4 99
24 5 72
24 6 15
24 7 67
24 8 101
24 9 46
24 10 82
24 11 91
24 12 73
24 13 101
24 14 5
24 15 15
24 16 36
24 17 116
24 18 34
24 19 80
24 20 58
24 21 52
24 22 86
24 23 89
24 25 55
24 26 34
24 27 13
24 28 34
24 29 68
24 30 41
24 31 22
24 32 70
24 33 30
24 34 58
24 35 18
24 36 55
24 37 71
24 38 58
24 39 85
24 40 70
24 41 57
24 42 88
24 43 94
24 44 66
24 45 81
24 46 38
24 47 39
24 48 58
24 49 90
24 50 22
24 51 75
24 52 63
24 53 102
24 54 40
24 55 77
24 56 51
24 57 47
24 58 53
24 59 23
24 60 35
24 61 69
24 62 14
24 63 80
24 64 70
24 65 39
24 66 80
24 67 63
24 68 64
24 69 53
24 70 71
24 71 75
24 72 84
24 73 67
24 74 21
24 75 77
24 76 90
24 77 98
24 78 48
24 79 90
24 80 31
24 81 38
24 82 84
24 83 64
24 84 38
24 85 60
24 86 39
24 87 78
24 88 13
24 89 10
24 90 65
24 91 41
24 92 86
24 93 72
24 94 43
24 95 50
24 96 8
24 97 39
24 98 33
24 99 37
24 100 61
25 0 17
25 1 32
25 2 29
25 3 57
25 4 68
25 5 49
25 6 75
25 7 59
25 8 67
25 9 46
25 10 37
25 11 17
25 12 93
25 13 75
25 14 71
25 15 81
25 16 71
25 17 63
25 18 71
25 19 96
25 20 27
25 21 26
25 22 22
25 23 48
25 24 13
25 26 5
25 27 46
25 28 27
25 29 52
25 30 33
25 31 35
25 32 42
25 33 38
25 34 53
25 35 16
25 36 23
25 37 58
25 38 29
25 39 52
25 40 48
25 41 48
25 42 56
25 43 78
25 44 33
25 45 50
25 46 12
25 47 16
25 48 32
25 49 58
25 50 15
25 51 57
25 52 32
25 53 70
25 54 30
25 55 55
25 56 50
25 57 48
25 58 48
25 59 11
25 60 20
25 61 48
25 62 24
25 63 48
25 64 61
25 65 11
25 66 60
25 67 51
25 68 36
25 69 22
25 70 42
25 71 50
25 72 67
25 73 46
25 74 44
25 75 48
25 76 70
25 77 66
25 78 16
25 79 58
25 80 52
25 81 37
25 82 53
25 83 37
25 84 55
25 85 30
25 86 15
25 87 59
25 88 23
25 89 38
25 90 33
25 91 14
25 92 60
25 93 45
25 94 11
25 95 48
25 96 40
25 97 21
25 98 40
25 99 27
25 100 43
26 0 50
26 1 43
26 2 38
26 3 28
26 4 62
26 5 34
26 6 43
26 7 37
26 8 63
26 9 15
26 10 37
26 11 51
26 12 65
26 13 66
26 14 42
26 15 49
26 16 38
26 17 72
26 18 38
26 19 70
26 20 12
26 21 22
26 22 40
26 23 47
26 24 45
26 25 23
26 27 17
26 28 45
26 29 75
26 30 68
26 31 26
26 32 86
26 33 33
26 34 60
26 35 40
26 36 77
26 37 75
26 38 76
26 39 108
26 40 81
26 41 83
26 42 109
26 43 99
26 44 89
26 45 101
26 46 59
26 47 58
26 48 85
26 49 110
26 50 49
26 51 83
26 52 84
26 53 126
26 54 51
26 55 88
26 56 50
26 57 47
26 58 78
26 59 50
26 60 51
26 61 80
26 62 33
26 63 105
26 64 71
26 65 65
26 66 90
26 67 68
26 68 90
26 69 74
26 70 98
26 71 89
26 72 90
26 73 78
26 74 15
26 75 103
26 76 98
26 77 122
26 78 70
26 79 113
26 80 17
26 81 64
26 82 103
26 83 80
26 84 25
26 85 86
26 86 58
26 87 86
26 88 40
26 89 19
26 90 87
26 91 61
26 92 100
26 93 99
26 94 67
26 95 51
26 96 20
26 97 55
26 98 33
26 99 49
26 100 70
27 0 67
27 1 25
27 2 26
27 3 74
27 4 14
27 5 17
27 6 79
27 7 27
27 8 14
27 9 43
27 10 17
27 11 66
27 12 57
27 13 21
27 14 85
27 15 84
27 16 61
27 17 30
27 18 62
27 19 57
27 20 39
27 21 65
27 22 36
27 23 6
27 24 55
27 25 32
27 26 24
27 28 7
27 29 32
27 30 64
27 31 18
27 32 44
27 33 11
27 34 22
27 35 26
27 36 43
27 37 34
27 38 36
27 39 74
27 40 37
27 41 80
27 42 70
27 43 58
27 44 57
27 45 61
27 46 26
27 47 23
27 48 65
27 49 70
27 50 40
27 51 40
27 52 46
27 53 91
27 54 8
27 55 44
27 56 16
27 57 14
27 58 78
27 59 37
27 60 15
27 61 36
27 62 24
27 63 74
27 64 33
27 65 45
27 66 46
27 67 26
27 68 68
27 69 39
27 70 73
27 71 45
27 72 48
27 73 34
27 74 29
27 75 78
27 76 55
27 77 86
27 78 37
27 79 77
27 80 31
27 81 65
27 82 62
27 83 38
27 84 28
27 85 60
27 86 23
27 87 42
27 88 40
27 89 33
27 90 52
27 91 26
27 92 56
27 93 77
27 94 41
27 95 15
27 96 40
27 97 17
27 98 12
27 99 8
27 100 26
28 0 104
28 1 74
28 2 72
28 3 63
28 4 57
28 5 45
28 6 50
28 7 32
28 8 60
28 9 43
28 10 63
28 11 104
28 12 8
28 13 53
28 14 65
28 15 52
28 16 30
28 17 85
28 18 31
28 19 15
28 20 61
28 21 80
28 22 80
28 23 60
28 24 95
28 25 65
28 26 34
28 27 45
28 29 60
28 30 52
28 31 71
28 32 33
28 33 70
28 34 72
28 35 54
28 36 19
28 37 68
28 38 29
28 39 14
28 40 49
28 41 59
28 42 24
28 43 78
28 44 5
28 45 24
28 46 37
28 47 40
28 48 27
28 49 27
28 50 50
28 51 60
28 52 18
28 53 32
28 54 55
28 55 52
28 56 74
28 57 73
28 58 63
28 59 47
28 60 48
28 61 50
28 62 61
28 63 12
28 64 75
28 65 33
28 66 59
28 67 64
28 68 23
28 69 22
28 70 20
28 71 42
28 72 69
28 73 50
28 74 81
28 75 22
28 76 67
28 77 28
28 78 25
28 79 20
28 80 87
28 81 60
28 82 27
28 83 34
28 84 88
28 85 16
28 86 39
28 87 61
28 88 60
28 89 76
28 90 12
28 91 36
28 92 47
28 93 27
28 94 27
28 95 71
28 96 78
28 97 45
28 98 72
28 99 54
28 100 53
29 0 38
29 1 49
29 2 44
29 3 32
29 4 76
29 5 50
29 6 52
29 7 55
29 8 76
29 9 33
29 10 47
29 11 40
29 12 84
29 13 81
29 14 46
29 15 58
29 16 54
29 17 80
29 18 53
29 19 89
29 20 23
29 21 4
29 22 42
29 23 58
29 24 39
29 25 31
29 26 54
29 27 32
29 28 85
29 30 14
29 31 70
29 32 73
29 33 75
29 34 93
29 35 50
29 36 50
29 37 97
29 38 62
29 39 59
29 40 84
29 41 12
29 42 72
29 43 115
29 44 46
29 45 71
29 46 51
29 47 55
29 48 20
29 49 75
29 50 36
29 51 95
29 52 57
29 53 71
29 54 70
29 55 90
29 56 90
29 57 88
29 58 16
29 59 38
29 60 60
29 61 84
29 62 56
29 63 49
29 64 101
29 65 30
29 66 96
29 67 90
29 68 26
29 69 51
29 70 33
29 71 82
29 72 104
29 73 83
29 74 74
29 75 37
29 76 105
29 77 70
29 78 47
29 79 65
29 80 84
29 81 21
29 82 74
29 83 70
29 84 90
29 85 32
29 86 55
29 87 96
29 88 42
29 89 65
29 90 53
29 91 53
29 92 90
29 93 29
29 94 38
29 95 88
29 96 62
29 97 61
29 98 78
29 99 67
29 100 82
30 0 94
30 1 95
30 2 91
30 3 25
30 4 105
30 5 78
30 6 20
30 7 73
30 8 107
30 9 52
30 10 88
30 11 95
30 12 78
30 13 107
30 14 11
30 15 18
30 16 41
30 17 122
30 18 40
30 19 85
30 20 64
30 21 57
30 22 92
30 23 95
30 24 94
30 25 75
30 26 74
30 27 52
30 28 127
30 29 85
30 31 73
30 32 15
30 33 67
30 34 52
30 35 67
30 36 37
30 37 39
30 38 28
30 39 42
30 40 21
30 41 97
30 42 27
30 43 39
30 44 42
30 45 20
30 46 47
30 47 45
30 48 67
30 49 26
30 50 71
30 51 27
30 52 29
30 53 53
30 54 49
30 55 17
30 56 59
30 57 60
30 58 99
30 59 68
30 60 50
30 61 22
30 62 71
30 63 50
30 64 48
30 65 60
30 66 23
30 67 40
30 68 64
30 69 37
30 70 62
30 71 11
30 72 32
30 73 24
30 74 84
30 75 63
30 76 27
30 77 47
30 78 42
30 79 41
30 80 86
30 81 92
30 82 18
30 83 21
30 84 83
30 85 55
30 86 45
30 87 26
30 88 79
30 89 85
30 90 33
30 91 44
30 92 5
30 93 69
30 94 51
30 95 56
30 96 90
30 97 45
30 98 68
30 99 51
30 100 32
31 0 31
31 1 12
31 2 10
31 3 67
31 4 49
31 5 36
31 6 81
31 7 49
31 8 48
31 9 46
31 10 20
31 11 30
31 12 84
31 13 57
31 14 81
31 15 88
31 16 72
31 17 42
31 18 72
31 19 87
31 20 28
31 21 43
31 22 1
31 23 30
31 24 19
31 25 18
31 26 46
31 27 45
31 28 47
31 29 24
31 30 51
31 32 78
31 33 76
31 34 95
31 35 51
31 36 54
31 37 100
31 38 66
31 39 65
31 40 88
31 41 6
31 42 77
31 43 119
31 44 51
31 45 76
31 46 54
31 47 58
31 48 26
31 49 80
31 50 36
31 51 98
31 52 62
31 53 77
31 54 73
31 55 94
31 56 91
31 57 89
31 58 10
31 59 39
31 60 62
31 61 88
31 62 56
31 63 55
31 64 104
31 65 33
31 66 100
31 67 93
31 68 32
31 69 55
31 70 39
31 71 86
31 72 108
31 73 87
31 74 74
31 75 43
31 76 110
31 77 76
31 78 51
31 79 71
31 80 84
31 81 18
31 82 80
31 83 74
31 84 90
31 85 38
31 86 58
31 87 100
31 88 42
31 89 64
31 90 59
31 91 56
31 92 95
31 93 34
31 94 42
31 95 90
31 96 61
31 97 64
31 98 79
31 99 69
31 100 85
32 0 43
32 1 45
32 2 41
32 3 28
32 4 69
32 5 43
32 6 47
32 7 47
32 8 70
32 9 25
32 10 42
32 11 44
32 12 75
32 13 75
32 14 43
32 15 53
32 16 46
32 17 76
32 18 46
32 19 80
32 20 17
32 21 12
32 22 40
32 23 53
32 24 41
32 25 26
32 26 46
32 27 24
32 28 81
32 29 41
32 30 63
32 31 80
32 33 5
32 34 33
32 35 26
32 36 56
32 37 48
32 38 51
32 39 87
32 40 54
32 41 81
32 42 85
32 43 72
32 44 70
32 45 76
32 46 37
32 47 35
32 48 72
32 49 86
32 50 40
32 51 56
32 52 61
32 53 105
32 54 24
32 55 61
32 56 24
32 57 21
32 58 78
32 59 38
32 60 27
32 61 53
32 62 20
32 63 86
32 64 45
32 65 51
32 66 62
32 67 40
32 68 76
32 69 52
32 70 82
32 71 62
32 72 63
32 73 50
32 74 13
32 75 88
32 76 70
32 77 100
32 78 49
32 79 91
32 80 14
32 81 63
32 82 78
32 83 54
32 84 14
32 85 69
32 86 36
32 87 58
32 88 37
32 89 21
32 90 65
32 91 38
32 92 72
32 93 85
32 94 50
32 95 24
32 96 28
32 97 31
32 98 6
32 99 23
32 100 43
33 0 21
33 1 27
33 2 23
33 3 57
33 4 62
33 5 43
33 6 75
33 7 54
33 8 61
33 9 43
33 10 31
33 11 21
33 12 89
33 13 69
33 14 72
33 15 81
33 16 69
33 17 57
33 18 69
33 19 92
33 20 24
33 21 29
33 22 16
33 23 42
33 24 13
33 25 19
33 26 52
33 27 42
33 28 62
33 29 34
33 30 61
33 31 88
33 32 56
33 34 24
33 35 29
33 36 31
33 37 29
33 38 22
33 39 61
33 40 25
33 41 78
33 42 56
33 43 50
33 44 46
33 45 46
33 46 18
33 47 14
33 48 58
33 49 56
33 50 40
33 51 31
33 52 33
33 53 78
33 54 7
33 55 32
33 56 24
33 57 24
33 58 77
33 59 36
33 60 11
33 61 24
33 62 31
33 63 62
33 64 32
33 65 39
33 66 35
33 67 21
33 68 59
33 69 27
33 70 63
33 71 32
33 72 40
33 73 22
33 74 42
33 75 67
33 76 45
33 77 73
33 78 27
33 79 64
33 80 45
33 81 65
33 82 48
33 83 24
33 84 42
33 85 50
33 86 15
33 87 33
33 88 44
33 89 44
33 90 39
33 91 17
33 92 43
33 93 68
33 94 33
33 95 22
33 96 50
33 97 9
33 98 26
33 99 8
33 100 16
34 0 80
34 1 39
34 2 39
34 3 74
34 4 14
34 5 18
34 6 75
34 7 20
34 8 17
34 9 42
34 10 30
34 11 79
34 12 44
34 13 14
34 14 84
34 15 80
34 16 55
34 17 41
34 18 56
34 19 43
34 20 45
34 21 72
34 22 49
34 23 21
34 24 68
34 25 42
34 26 19
34 27 43
34 28 45
34 29 26
34 30 2
34 31 33
34 32 51
34 33 64
34 35 58
34 36 71
34 37 112
34 38 82
34 39 84
34 40 103
34 41 15
34 42 96
34 43 133
34 44 70
34 45 95
34 46 67
34 47 71
34 48 45
34 49 99
34 50 44
34 51 112
34 52 79
34 53 97
34 54 83
34 55 109
34 56 100
34 57 97
34 58 9
34 59 48
34 60 73
34 61 103
34 62 62
34 63 74
34 64 115
34 65 48
34 66 115
34 67 105
34 68 51
34 69 71
34 70 58
34 71 102
34 72 122
34 73 101
34 74 75
34 75 62
34 76 125
34 77 96
34 78 67
34 79 90
34 80 85
34 81 19
34 82 98
34 83 90
34 84 93
34 85 57
34 86 71
34 87 114
34 88 45
34 89 65
34 90 76
34 91 69
34 92 112
34 93 54
34 94 57
34 95 99
34 96 60
34 97 75
34 98 85
34 99 79
34 100 98
35 0 58
35 1 23
35 2 21
35 3 57
35 4 30
35 5 7
35 6 65
35 7 20
35 8 31
35 9 27
35 10 12
35 11 57
35 12 55
35 13 35
35 14 70
35 15 70
35 16 49
35 17 43
35 18 49
35 19 57
35 20 23
35 21 50
35 22 30
35 23 15
35 24 47
35 25 19
35 26 17
35 27 27
35 28 48
35 29 7
35 30 25
35 31 51
35 32 40
35 33 41
35 34 45
35 36 72
35 37 67
35 38 70
35 39 103
35 40 74
35 41 84
35 42 103
35 43 91
35 44 85
35 45 94
35 46 53
35 47 52
35 48 82
35 49 104
35 50 47
35 51 75
35 52 78
35 53 121
35 54 43
35 55 80
35 56 42
35 57 38
35 58 79
35 59 47
35 60 44
35 61 72
35 62 29
35 63 101
35 64 63
35 65 62
35 66 81
35 67 60
35 68 87
35 69 69
35 70 95
35 71 82
35 72 82
35 73 70
35 74 9
35 75 100
35 76 90
35 77 117
35 78 65
35 79 108
35 80 8
35 81 65
35 82 96
35 83 73
35 84 17
35 85 82
35 86 52
35 87 78
35 88 39
35 89 17
35 90 82
35 91 55
35 92 92
35 93 96
35 94 63
35 95 43
35 96 21
35 97 48
35 98 25
35 99 42
35 100 62
36 0 81
36 1 44
36 2 43
36 3 65
36 4 26
36 5 17
36 6 64
36 7 10
36 8 29
36 9 34
36 10 34
36 11 81
36 12 34
36 13 25
36 14 74
36 15 68
36 16 44
36 17 52
36 18 44
36 19 34
36 20 42
36 21 68
36 22 53
36 23 28
36 24 70
36 25 41
36 26 11
36 27 35
36 28 56
36 29 29
36 30 12
36 31 28
36 32 41
36 33 61
36 34 68
36 35 61
36 37 31
36 38 10
36 39 49
36 40 18
36 41 76
36 42 43
36 43 48
36 44 35
36 45 34
36 46 18
36 47 15
36 48 52
36 49 43
36 50 43
36 51 28
36 52 21
36 53 66
36 54 19
36 55 25
36 56 36
36 57 36
36 58 77
36 59 39
36 60 19
36 61 18
36 62 40
36 63 51
36 64 37
36 65 37
36 66 30
36 67 26
36 68 52
36 69 18
36 70 55
36 71 22
36 72 37
36 73 17
36 74 54
36 75 58
36 76 40
36 77 60
36 78 20
36 79 51
36 80 57
36 81 67
36 82 35
36 83 11
36 84 55
36 85 43
36 86 15
36 87 29
36 88 50
36 89 54
36 90 27
36 91 15
36 92 32
36 93 60
36 94 29
36 95 33
36 96 60
36 97 14
36 98 39
36 99 20
36 100 16
37 0 77
37 1 50
37 2 48
37 3 45
37 4 45
37 5 23
37 6 43
37 7 12
37 8 48
37 9 18
37 10 40
37 11 78
37 12 33
37 13 46
37 14 53
37 15 48
37 16 23
37 17 68
37 18 24
37 19 37
37 20 34
37 21 55
37 22 55
37 23 41
37 24 69
37 25 39
37 26 14
37 27 20
37 28 72
37 29 35
37 30 33
37 31 38
37 32 20
37 33 52
37 34 68
37 35 40
37 36 26
37 38 67
37 39 90
37 40 81
37 41 51
37 42 95
37 43 106
37 44 71
37 45 89
37 46 47
37 47 49
37 48 59
37 49 97
37 50 26
37 51 87
37 52 71
37 53 107
37 54 52
37 55 88
37 56 63
37 57 60
37 58 46
37 59 29
37 60 46
37 61 80
37 62 26
37 63 84
37 64 82
37 65 43
37 66 92
37 67 75
37 68 65
37 69 61
37 70 73
37 71 85
37 72 96
37 73 78
37 74 31
37 75 79
37 76 101
37 77 104
37 78 55
37 79 96
37 80 40
37 81 32
37 82 92
37 83 74
37 84 48
37 85 64
37 86 49
37 87 89
37 88 16
37 89 20
37 90 72
37 91 50
37 92 96
37 93 73
37 94 49
37 95 62
37 96 14
37 97 50
37 98 45
37 99 49
37 100 72
38 0 107
38 1 78
38 2 76
38 3 63
38 4 62
38 5 50
38 6 49
38 7 36
38 8 65
38 9 46
38 10 68
38 11 108
38 12 11
38 13 58
38 14 64
38 15 50
38 16 29
38 17 90
38 18 31
38 19 18
38 20 64
38 21 82
38 22 85
38 23 65
38 24 99
38 25 69
38 26 39
38 27 47
38 28 93
38 29 63
38 30 49
38 31 28
38 32 39
38 33 80
38 34 98
38 35 51
38 36 20
38 37 42
38 39 62
38 40 7
38 41 100
38 42 50
38 43 24
38 44 54
38 45 41
38 46 42
38 47 38
38 48 75
38 49 49
38 50 66
38 51 4
38 52 39
38 53 76
38 54 33
38 55 8
38 56 36
38 57 38
38 58 101
38 59 62
38 60 39
38 61 6
38 62 59
38 63 67
38 64 23
38 65 61
38 66 8
38 67 16
38 68 74
38 69 40
38 70 75
38 71 16
38 72 14
38 73 7
38 74 67
38 75 78
38 76 17
38 77 70
38 78 43
38 79 62
38 80 67
38 81 91
38 82 40
38 83 23
38 84 62
38 85 64
38 86 38
38 87 5
38 88 72
38 89 71
38 90 45
38 91 39
38 92 22
38 93 81
38 94 53
38 95 34
38 96 77
38 97 35
38 98 49
38 99 36
38 100 12
39 0 88
39 1 44
39 2 46
39 3 94
39 4 9
39 5 36
39 6 95
39 7 41
39 8 9
39 9 62
39 10 39
39 11 86
39 12 59
39 13 8
39 14 104
39 15 100
39 16 75
39 17 30
39 18 76
39 19 56
39 20 61
39 21 87
39 22 55
39 23 27
39 24 75
39 25 55
39 26 39
39 27 63
39 28 31
39 29 37
39 30 20
39 31 45
39 32 71
39 33 78
39 34 72
39 35 92
39 36 75
39 37 78
39 38 102
39 40 47
39 41 77
39 42 7
39 43 71
39 44 21
39 45 13
39 46 48
39 47 50
39 48 45
39 49 10
39 50 66
39 51 57
39 52 24
39 53 23
39 54 62
39 55 47
39 56 79
39 57 79
39 58 81
39 59 63
39 60 57
39 61 48
39 62 74
39 63 20
39 64 75
39 65 50
39 66 54
39 67 65
39 68 40
39 69 33
39 70 35
39 71 37
39 72 64
39 73 49
39 74 92
39 75 34
39 76 59
39 77 17
39 78 37
39 79 9
39 80 98
39 81 78
39 82 15
39 83 34
39 84 97
39 85 34
39 86 49
39 87 57
39 88 76
39 89 89
39 90 20
39 91 47
39 92 38
39 93 42
39 94 43
39 95 76
39 96 93
39 97 54
39 98 81
39 99 62
39 100 54
40 0 56
40 1 60
40 2 56
40 3 14
40 4 80
40 5 53
40 6 36
40 7 54
40 8 82
40 9 29
40 10 56
40 11 57
40 12 76
40 13 85
40 14 28
40 15 41
40 16 41
40 17 90
40 18 40
40 19 82
40 20 30
40 21 19
40 22 56
40 23 66
40 24 56
40 25 41
40 26 53
40 27 28
40 28 96
40 29 54
40 30 72
40 31 84
40 32 30
40 33 27
40 34 57
40 35 27
40 36 52
40 37 29
40 38 40
40 39 76
40 41 68
40 42 70
40 43 69
40 44 53
40 45 62
40 46 21
40 47 19
40 48 56
40 49 71
40 50 27
40 51 50
40 52 45
40 53 89
40 54 15
40 55 53
40 56 29
40 57 27
40 58 65
40 59 24
40 60 12
40 61 44
40 62 11
40 63 69
40 64 46
40 65 35
40 66 55
40 67 38
40 68 59
40 69 36
40 70 66
40 71 51
40 72 59
40 73 42
40 74 24
40 75 71
40 76 65
40 77 84
40 78 32
40 79 75
40 80 30
40 81 52
40 82 64
40 83 42
40 84 31
40 85 53
40 86 20
40 87 53
40 88 27
40 89 24
40 90 49
40 91 22
40 92 62
40 93 69
40 94 33
40 95 28
40 96 30
40 97 16
40 98 17
40 99 12
40 100 36
41 0 50
41 1 20
41 2 17
41 3 53
41 4 37
41 5 14
41 6 63
41 7 26
41 8 37
41 9 26
41 10 11
41 11 50
41 12 61
41 13 43
41 14 66
41 15 69
41 16 50
41 17 46
41 18 50
41 19 64
41 20 16
41 21 42
41 22 24
41 23 20
41 24 40
41 25 10
41 26 23
41 27 25
41 28 51
41 29 9
41 30 33
41 31 59
41 32 39
41 33 33
41 34 38
41 35 57
41 36 56
41 37 45
41 38 70
41 39 44
41 40 50
41 42 29
41 43 94
41 44 29
41 45 36
41 46 62
41 47 64
41 48 41
41 49 31
41 50 72
41 51 79
41 52 41
41 53 13
41 54 79
41 55 70
41 56 97
41 57 97
41 58 75
41 59 70
41 60 72
41 61 70
41 62 85
41 63 13
41 64 97
41 65 54
41 66 77
41 67 86
41 68 34
41 69 47
41 70 26
41 71 60
41 72 86
41 73 71
41 74 105
41 75 22
41 76 82
41 77 13
41 78 50
41 79 15
41 80 112
41 81 77
41 82 38
41 83 55
41 84 113
41 85 34
41 86 63
41 87 79
41 88 82
41 89 99
41 90 35
41 91 60
41 92 61
41 93 31
41 94 51
41 95 95
41 96 102
41 97 69
41 98 97
41 99 78
41 100 75
42 0 59
42 1 67
42 2 63
42 3 14
42 4 87
42 5 60
42 6 36
42 7 60
42 8 89
42 9 36
42 10 63
42 11 61
42 12 81
42 13 92
42 14 26
42 15 41
42 16 45
42 17 97
42 18 44
42 19 87
42 20 37
42 21 22
42 22 62
42 23 73
42 24 60
42 25 47
42 26 60
42 27 35
42 28 102
42 29 61
42 30 79
42 31 90
42 32 35
42 33 31
42 34 62
42 35 28
42 36 56
42 37 32
42 38 40
42 39 83
42 40 29
42 41 90
42 43 105
42 44 45
42 45 69
42 46 39
42 47 43
42 48 26
42 49 75
42 50 19
42 51 84
42 52 52
42 53 78
42 54 56
42 55 81
42 56 74
42 57 72
42 58 21
42 59 22
42 60 46
42 61 75
42 62 39
42 63 54
42 64 88
42 65 20
42 66 87
42 67 78
42 68 33
42 69 44
42 70 41
42 71 75
42 72 94
42 73 73
42 74 57
42 75 46
42 76 97
42 77 75
42 78 39
42 79 69
42 80 66
42 81 11
42 82 72
42 83 62
42 84 72
42 85 34
42 86 43
42 87 86
42 88 25
42 89 47
42 90 51
42 91 41
42 92 84
42 93 39
42 94 29
42 95 73
42 96 45
42 97 48
42 98 61
42 99 53
42 100 71
43 0 22
43 1 36
43 2 33
43 3 49
43 4 69
43 5 48
43 6 68
43 7 57
43 8 69
43 9 41
43 10 39
43 11 23
43 12 89
43 13 76
43 14 63
43 15 74
43 16 65
43 17 68
43 18 65
43 19 93
43 20 23
43 21 18
43 22 27
43 23 50
43 24 21
43 25 23
43 26 54
43 27 39
43 28 73
43 29 40
43 30 67
43 31 91
43 32 51
43 33 8
43 34 23
43 35 60
43 36 75
43 37 55
43 38 73
43 39 77
43 40 55
43 41 91
43 42 26
43 44 73
43 45 83
43 46 41
43 47 40
43 48 73
43 49 92
43 50 38
43 51 65
43 52 66
43 53 110
43 54 32
43 55 70
43 56 34
43 57 30
43 58 74
43 59 37
43 60 33
43 61 61
43 62 19
43 63 89
43 64 55
43 65 52
43 66 71
43 67 50
43 68 77
43 69 57
43 70 84
43 71 70
43 72 72
43 73 59
43 74 4
43 75 89
43 76 80
43 77 105
43 78 53
43 79 96
43 80 10
43 81 59
43 82 85
43 83 62
43 84 16
43 85 72
43 86 41
43 87 68
43 88 32
43 89 13
43 90 70
43 91 43
43 92 81
43 93 86
43 94 52
43 95 34
43 96 20
43 97 37
43 98 16
43 99 30
43 100 52
44 0 40
44 1 14
44 2 10
44 3 57
44 4 43
44 5 25
44 6 70
44 7 37
44 8 43
44 9 33
44 10 12
44 11 39
44 12 72
44 13 50
44 14 71
44 15 76
44 16 59
44 17 44
44 18 59
44 19 74
44 20 17
44 21 38
44 22 14
44 23 24
44 24 29
44 25 6
44 26 34
44 27 32
44 28 50
44 29 15
44 30 42
44 31 69
44 32 47
44 33 27
44 34 27
44 35 63
44 36 66
44 37 52
44 38 76
44 39 54
44 40 56
44 41 70
44 42 21
44 43 40
44 45 72
44 46 33
44 47 30
44 48 68
44 49 81
44 50 37
44 51 53
44 52 56
44 53 101
44 54 20
44 55 57
44 56 23
44 57 20
44 58 75
44 59 35
44 60 22
44 61 49
44 62 18
44 63 81
44 64 44
44 65 47
44 66 59
44 67 38
44 68 72
44 69 48
44 70 78
44 71 58
44 72 60
44 73 47
44 74 16
44 75 83
44 76 67
44 77 96
44 78 45
44 79 87
44 80 18
44 81 61
44 82 74
44 83 50
44 84 19
44 85 65
44 86 31
44 87 55
44 88 34
44 89 21
44 90 61
44 91 34
44 92 69
44 93 81
44 94 45
44 95 23
44 96 29
44 97 26
44 98 6
44 99 19
44 100 39
45 0 105
45 1 71
45 2 70
45 3 70
45 4 49
45 5 42
45 6 60
45 7 30
45 8 52
45 9 47
45 10 60
45 11 105
45 12 7
45 13 44
45 14 74
45 15 63
45 16 39
45 17 78
45 18 40
45 19 8
45 20 62
45 21 84
45 22 79
45 23 56
45 24 95
45 25 65
45 26 32
45 27 49
45 28 81
45 29 55
45 30 36
45 31 13
45 32 45
45 33 80
45 34 94
45 35 61
45 36 32
45 37 49
45 38 65
45 39 22
45 40 55
45 41 12
45 42 87
45 43 105
45 44 63
45 46 29
45 47 33
45 48 29
45 49 70
45 50 8
45 51 74
45 52 45
45 53 77
45 54 45
45 55 72
45 56 63
45 57 61
45 58 32
45 59 11
45 60 35
45 61 65
45 62 28
45 63 54
45 64 77
45 65 14
45 66 77
45 67 67
45 68 35
45 69 36
45 70 43
45 71 66
45 72 84
45 73 64
45 74 47
45 75 48
45 76 87
45 77 74
45 78 31
45 79 66
45 80 57
45 81 20
45 82 66
45 83 53
45 84 62
45 85 33
45 86 32
45 87 76
45 88 17
45 89 38
45 90 45
45 91 31
45 92 76
45 93 43
45 94 22
45 95 62
45 96 38
45 97 37
45 98 50
45 99 42
45 100 60
46 0 49
46 1 8
46 2 12
46 3 78
46 4 33
46 5 32
46 6 89
46 7 45
46 8 31
46 9 51
46 10 15
46 11 48
46 12 79
46 13 42
46 14 91
46 15 95
46 16 75
46 17 23
46 18 75
46 19 79
46 20 38
46 21 59
46 22 18
46 23 17
46 24 36
46 25 27
46 26 42
46 27 51
46 28 29
46 29 19
46 30 39
46 31 71
46 32 64
46 33 48
46 34 33
46 35 82
46 36 80
46 37 71
46 38 95
46 39 54
46 40 75
46 41 72
46 42 24
46 43 49
46 44 78
46 45 63
46 47 43
46 48 42
46 49 85
46 50 14
46 51 84
46 52 59
46 53 92
46 54 52
46 55 83
46 56 67
46 57 64
46 58 31
46 59 18
46 60 43
46 61 76
46 62 28
46 63 68
46 64 84
46 65 29
46 66 88
46 67 74
46 68 48
46 69 50
46 70 56
46 71 78
46 72 93
46 73 74
46 74 42
46 75 62
46 76 98
46 77 89
46 78 45
46 79 81
46 80 52
46 81 16
46 82 81
46 83 66
46 84 59
46 85 48
46 86 43
46 87 86
46 88 11
46 89 32
46 90 60
46 91 43
46 92 89
46 93 56
46 94 36
46 95 66
46 96 29
46 97 46
46 98 51
46 99 48
46 100 69
47 0 90
47 1 49
47 2 50
47 3 80
47 4 18
47 5 28
47 6 79
47 7 25
47 8 21
47 9 50
47 10 40
47 11 90
47 12 39
47 13 12
47 14 89
47 15 83
47 16 58
47 17 48
47 18 59
47 19 36
47 20 55
47 21 81
47 22 59
47 23 31
47 24 78
47 25 52
47 26 25
47 27 50
47 28 50
47 29 36
47 30 9
47 31 25
47 32 56
47 33 74
47 34 76
47 35 76
47 36 56
47 37 63
47 38 84
47 39 10
47 40 69
47 41 27
47 42 68
47 43 90
47 44 75
47 45 18
47 46 59
47 48 15
47 49 65
47 50 23
47 51 80
47 52 44
47 53 67
47 54 55
47 55 75
47 56 74
47 57 73
47 58 26
47 59 24
47 60 45
47 61 70
47 62 43
47 63 44
47 64 86
47 65 15
47 66 82
47 67 75
47 68 22
47 69 37
47 70 30
47 71 68
47 72 89
47 73 69
47 74 62
47 75 36
47 76 91
47 77 65
47 78 33
47 79 58
47 80 71
47 81 21
47 82 63
47 83 56
47 84 76
47 85 24
47 86 40
47 87 81
47 88 31
47 89 53
47 90 42
47 91 38
47 92 77
47 93 29
47 94 23
47 95 73
47 96 52
47 97 46
47 98 64
47 99 52
47 100 67
48 0 74
48 1 43
48 2 41
48 3 51
48 4 36
48 5 15
48 6 52
48 7 4
48 8 39
48 9 21
48 10 33
48 11 74
48 12 36
48 13 38
48 14 60
48 15 56
48 16 32
48 17 59
48 18 33
48 19 39
48 20 32
48 21 56
48 22 49
48 23 32
48 24 65
48 25 34
48 26 5
48 27 22
48 28 63
48 29 27
48 30 25
48 31 36
48 32 28
48 33 51
48 34 63
48 35 48
48 36 34
48 37 34
48 38 58
48 39 26
48 40 40
48 41 36
48 42 57
48 43 75
48 44 47
48 45 29
48 46 40
48 47 27
48 49 92
48 50 29
48 51 73
48 52 66
48 53 107
48 54 39
48 55 76
48 56 46
48 57 43
48 58 60
48 59 29
48 60 35
48 61 68
48 62 14
48 63 85
48 64 66
48 65 45
48 66 79
48 67 60
48 68 70
48 69 56
48 70 77
48 71 75
48 72 82
48 73 66
48 74 13
48 75 83
48 76 88
48 77 103
48 78 51
48 79 94
48 80 23
48 81 46
48 82 86
48 83 65
48 84 31
48 85 65
48 86 41
48 87 76
48 88 20
48 89 2
48 90 69
48 91 43
48 92 86
48 93 78
48 94 47
48 95 46
48 96 6
48 97 39
48 98 28
48 99 36
48 100 59
49 0 68
49 1 27
49 2 31
49 3 93
49 4 23
49 5 38
49 6 100
49 7 49
49 8 20
49 9 63
49 10 28
49 11 67
49 12 78
49 13 31
49 14 105
49 15 106
49 16 83
49 17 7
49 18 84
49 19 76
49 20 54
49 21 78
49 22 38
49 23 21
49 24 55
49 25 45
49 26 47
49 27 63
49 28 12
49 29 31
49 30 35
49 31 66
49 32 75
49 33 67
49 34 52
49 35 95
49 36 86
49 37 82
49 38 107
49 39 50
49 40 87
49 41 68
49 42 43
49 43 69
49 44 91
49 45 59
49 46 91
49 47 79
49 48 71
49 50 54
49 51 43
49 52 60
49 53 105
49 54 22
49 55 50
49 56 8
49 57 5
49 58 92
49 59 51
49 60 31
49 61 43
49 62 35
49 63 89
49 64 29
49 65 60
49 66 50
49 67 27
49 68 83
49 69 54
49 70 89
49 71 54
49 72 49
49 73 41
49 74 30
49 75 93
49 76 57
49 77 100
49 78 53
49 79 91
49 80 26
49 81 78
49 82 74
49 83 50
49 84 20
49 85 75
49 86 39
49 87 46
49 88 52
49 89 39
49 90 66
49 91 42
49 92 64
49 93 93
49 94 56
49 95 9
49 96 46
49 97 32
49 98 12
49 99 24
49 100 33
50 0 68
50 1 47
50 2 43
50 3 35
50 4 51
50 5 25
50 6 38
50 7 20
50 8 53
50 9 6
50 10 38
50 11 68
50 12 44
50 13 54
50 14 45
50 15 43
50 16 23
50 17 70
50 18 23
50 19 49
50 20 24
50 21 43
50 22 49
50 23 42
50 24 61
50 25 31
50 26 20
50 27 7
50 28 74
50 29 33
50 30 41
50 31 50
50 32 13
50 33 40
50 34 60
50 35 33
50 36 30
50 37 20
50 38 44
50 39 42
50 40 25
50 41 50
50 42 56
50 43 68
50 44 31
50 45 44
50 46 36
50 47 21
50 48 36
50 49 27
50 51 74
50 52 57
50 53 95
50 54 40
50 55 75
50 56 53
50 57 50
50 58 45
50 59 16
50 60 33
50 61 67
50 62 14
50 63 73
50 64 71
50 65 32
50 66 79
50 67 63
50 68 56
50 69 48
50 70 63
50 71 72
50 72 83
50 73 65
50 74 28
50 75 69
50 76 89
50 77 92
50 78 42
50 79 83
50 80 38
50 81 31
50 82 79
50 83 60
50 84 44
50 85 52
50 86 36
50 87 77
50 88 5
50 89 18
50 90 59
50 91 37
50 92 83
50 93 64
50 94 36
50 95 53
50 96 16
50 97 37
50 98 37
50 99 36
50 100 60
51 0 96
51 1 57
51 2 57
51 3 80
51 4 26
51 5 33
51 6 76
51 7 27
51 8 30
51 9 51
51 10 47
51 11 96
51 12 31
51 13 20
51 14 88
51 15 80
51 16 55
51 17 56
51 18 56
51 19 28
51 20 59
51 21 85
51 22 66
51 23 39
51 24 85
51 25 57
51 26 28
51 27 52
51 28 58
51 29 43
51 30 16
51 31 17
51 32 55
51 33 78
51 34 83
51 35 75
51 36 51
51 37 61
51 38 82
51 39 4
51 40 67
51 41 19
51 42 75
51 43 97
51 44 75
51 45 10
51 46 54
51 47 49
51 48 77
51 49 20
51 50 55
51 52 51
51 53 93
51 54 23
51 55 30
51 56 15
51 57 17
51 58 99
51 59 58
51 60 33
51 61 24
51 62 48
51 63 80
51 64 10
51 65 62
51 66 28
51 67 6
51 68 81
51 69 48
51 70 84
51 71 36
51 72 26
51 73 22
51 74 50
51 75 88
51 76 35
51 77 87
51 78 48
51 79 79
51 80 48
51 81 87
51 82 58
51 83 36
51 84 42
51 85 72
51 86 37
51 87 24
51 88 63
51 89 56
51 90 57
51 91 40
51 92 44
51 93 90
51 94 55
51 95 13
51 96 63
51 97 31
51 98 31
51 99 26
51 100 16
52 0 83
52 1 40
52 2 41
52 3 84
52 4 4
52 5 27
52 6 86
52 7 31
52 8 8
52 9 53
52 10 33
52 11 82
52 12 52
52 13 6
52 14 95
52 15 91
52 16 66
52 17 34
52 18 67
52 19 50
52 20 53
52 21 80
52 22 51
52 23 22
52 24 70
52 25 48
52 26 30
52 27 53
52 28 36
52 29 31
52 30 11
52 31 39
52 32 62
52 33 71
52 34 67
52 35 83
52 36 66
52 37 69
52 38 92
52 39 23
52 40 75
52 41 41
52 42 59
52 43 83
52 44 81
52 45 32
52 46 70
52 47 61
52 48 72
52 49 33
52 50 35
52 51 79
52 53 78
52 54 59
52 55 83
52 56 77
52 57 75
52 58 18
52 59 25
52 60 49
52 61 77
52 62 42
52 63 54
52 64 91
52 65 22
52 66 89
52 67 80
52 68 32
52 69 46
52 70 40
52 71 77
52 72 96
52 73 76
52 74 59
52 75 45
52 76 99
52 77 76
52 78 41
52 79 69
52 80 69
52 81 11
52 82 74
52 83 64
52 84 75
52 85 34
52 86 45
52 87 88
52 88 27
52 89 49
52 90 52
52 91 44
52 92 86
52 93 38
52 94 31
52 95 76
52 96 47
52 97 50
52 98 64
52 99 55
52 100 73
53 0 125
53 1 90
53 2 89
53 3 86
53 4 64
53 5 62
53 6 73
53 7 50
53 8 68
53 9 66
53 10 80
53 11 125
53 12 16
53 13 58
53 14 88
53 15 74
53 16 53
53 17 94
53 18 55
53 19 12
53 20 83
53 21 104
53 22 99
53 23 74
53 24 115
53 25 85
53 26 53
53 27 68
53 28 96
53 29 75
53 30 53
53 31 21
53 32 62
53 33 100
53 34 114
53 35 75
53 36 44
53 37 65
53 38 76
53 39 37
53 40 70
53 41 20
53 42 107
53 43 125
53 44 79
53 45 29
53 46 41
53 47 49
53 48 97
53 49 38
53 50 92
53 51 58
53 52 94
53 54 56
53 55 60
53 56 76
53 57 76
53 58 53
53 59 42
53 60 48
53 61 57
53 62 58
53 63 15
53 64 80
53 65 27
53 66 67
53 67 69
53 68 13
53 69 25
53 70 12
53 71 50
53 72 76
53 73 57
53 74 78
53 75 15
53 76 75
53 77 35
53 78 26
53 79 28
53 80 86
53 81 51
53 82 38
53 83 40
53 84 88
53 85 6
53 86 39
53 87 68
53 88 54
53 89 72
53 90 19
53 91 36
53 92 56
53 93 18
53 94 24
53 95 74
53 96 74
53 97 46
53 98 72
53 99 55
53 100 58
54 0 19
54 1 26
54 2 23
54 3 61
54 4 62
54 5 45
54 6 79
54 7 57
54 8 61
54 9 47
54 10 32
54 11 19
54 12 92
54 13 70
54 14 76
54 15 85
54 16 73
54 17 56
54 18 73
54 19 94
54 20 27
54 21 32
54 22 15
54 23 43
54 24 9
54 25 22
54 26 54
54 27 46
54 28 61
54 29 35
54 30 63
54 31 90
54 32 59
54 33 21
54 34 10
54 35 71
54 36 81
54 37 64
54 38 85
54 39 75
54 40 65
54 41 91
54 42 12
54 43 19
54 44 65
54 45 82
54 46 87
54 47 72
54 48 30
54 49 69
54 50 38
54 51 84
54 52 67
54 53 52
54 55 39
54 56 4
54 57 6
54 58 94
54 59 52
54 60 28
54 61 32
54 62 39
54 63 83
54 64 19
54 65 59
54 66 39
54 67 16
54 68 80
54 69 49
54 70 85
54 71 44
54 72 38
54 73 30
54 74 39
54 75 89
54 76 46
54 77 92
54 78 48
54 79 83
54 80 37
54 81 81
54 82 65
54 83 41
54 84 31
54 85 72
54 86 35
54 87 35
54 88 56
54 89 46
54 90 60
54 91 38
54 92 53
54 93 89
54 94 54
54 95 2
54 96 54
54 97 29
54 98 20
54 99 21
54 100 23
55 0 115
55 1 81
55 2 80
55 3 78
55 4 57
55 5 53
55 6 66
55 7 40
55 8 60
55 9 57
55 10 70
55 11 115
55 12 7
55 13 51
55 14 80
55 15 67
55 16 45
55 17 86
55 18 47
55 19 3
55 20 73
55 21 94
55 22 89
55 23 65
55 24 105
55 25 75
55 26 43
55 27 58
55 28 89
55 29 65
55 30 45
55 31 15
55 32 53
55 33 90
55 34 104
55 35 68
55 36 36
55 37 57
55 38 69
55 39 30
55 40 62
55 41 13
55 42 97
55 43 115
55 44 70
55 45 21
55 46 35
55 47 41
55 48 87
55 49 28
55 50 83
55 51 52
55 52 86
55 53 67
55 54 43
55 56 48
55 57 48
55 58 70
55 59 37
55 60 25
55 61 27
55 62 44
55 63 38
55 64 50
55 65 30
55 66 39
55 67 38
55 68 40
55 69 7
55 70 42
55 71 24
55 72 47
55 73 27
55 74 61
55 75 46
55 76 48
55 77 49
55 78 11
55 79 40
55 80 66
55 81 61
55 82 28
55 83 12
55 84 65
55 85 31
55 86 17
55 87 39
55 88 49
55 89 59
55 90 15
55 91 15
55 92 34
55 93 48
55 94 21
55 95 46
55 96 63
55 97 21
55 98 49
55 99 30
55 100 28
56 0 108
56 1 73
56 2 72
56 3 77
56 4 47
56 5 45
56 6 68
56 7 33
56 8 51
56 9 53
56 10 62
56 11 108
56 12 12
56 13 41
56 14 81
56 15 70
56 16 46
56 17 77
56 18 48
56 19 7
56 20 67
56 21 90
56 22 81
56 23 56
56 24 98
56 25 68
56 26 36
56 27 54
56 28 79
56 29 57
56 30 35
56 31 6
56 32 52
56 33 85
56 34 96
56 35 69
56 36 39
56 37 57
56 38 72
56 39 20
56 40 62
56 41 4
56 42 90
56 43 109
56 44 70
56 45 11
56 46 40
56 47 41
56 48 83
56 49 22
56 50 74
56 51 55
56 52 86
56 53 65
56 54 33
56 55 71
56 57 67
56 58 46
56 59 31
56 60 39
56 61 54
56 62 47
56 63 26
56 64 75
56 65 15
56 66 65
56 67 64
56 68 14
56 69 20
56 70 19
56 71 50
56 72 74
56 73 54
56 74 67
56 75 24
56 76 74
56 77 46
56 78 19
56 79 38
56 80 75
56 81 42
56 82 43
56 83 38
56 84 78
56 85 6
56 86 31
56 87 66
56 88 43
56 89 61
56 90 21
56 91 28
56 92 58
56 93 23
56 94 14
56 95 66
56 96 63
56 97 38
56 98 63
56 99 46
56 100 54
57 0 63
57 1 63
57 2 59
57 3 8
57 4 79
57 5 51
57 6 27
57 7 50
57 8 80
57 9 25
57 10 57
57 11 65
57 12 69
57 13 82
57 14 22
57 15 32
57 16 33
57 17 92
57 18 32
57 19 75
57 20 32
57 21 28
57 22 60
57 23 66
57 24 62
57 25 43
57 26 49
57 27 25
57 28 97
57 29 55
57 30 69
57 31 78
57 32 22
57 33 34
57 34 64
57 35 18
57 36 44
57 37 20
57 38 32
57 39 71
57 40 17
57 41 77
57 42 64
57 43 64
57 44 12
57 45 73
57 46 49
57 47 36
57 48 25
57 49 56
57 50 76
57 51 37
57 52 16
57 53 9
57 54 76
57 55 99
57 56 74
57 58 18
57 59 34
57 60 59
57 61 91
57 62 45
57 63 73
57 64 101
57 65 39
57 66 103
57 67 91
57 68 51
57 69 62
57 70 59
57 71 92
57 72 109
57 73 89
57 74 58
57 75 64
57 76 113
57 77 95
57 78 57
57 79 88
57 80 68
57 81 8
57 82 92
57 83 80
57 84 76
57 85 53
57 86 58
57 87 102
57 88 29
57 89 47
57 90 70
57 91 57
57 92 102
57 93 56
57 94 48
57 95 83
57 96 43
57 97 62
57 98 68
57 99 65
57 100 85
58 0 78
58 1 58
58 2 55
58 3 35
58 4 57
58 5 33
58 6 31
58 7 24
58 8 60
58 9 16
58 10 48
58 11 79
58 12 37
58 13 58
58 14 41
58 15 35
58 16 12
58 17 79
58 18 13
58 19 43
58 20 35
58 21 51
58 22 61
58 23 51
58 24 72
58 25 43
58 26 26
58 27 17
58 28 83
58 29 44
58 30 45
58 31 47
58 32 9
58 33 50
58 34 72
58 35 28
58 36 19
58 37 15
58 38 37
58 39 43
58 40 21
58 41 46
58 42 68
58 43 79
58 44 28
58 45 42
58 46 25
58 47 9
58 48 45
58 49 27
58 50 67
58 51 26
58 52 43
58 53 23
58 54 51
58 55 82
58 56 74
58 57 35
58 59 28
58 60 15
58 61 31
58 62 33
58 63 45
58 64 48
58 65 25
58 66 43
58 67 37
58 68 42
58 69 11
58 70 45
58 71 32
58 72 50
58 73 30
58 74 50
58 75 50
58 76 53
58 77 58
58 78 9
58 79 50
58 80 55
58 81 54
58 82 39
58 83 20
58 84 55
58 85 33
58 86 6
58 87 42
58 88 39
58 89 48
58 90 24
58 91 4
58 92 43
58 93 50
58 94 16
58 95 39
58 96 52
58 97 12
58 98 39
58 99 20
58 100 28
59 0 107
59 1 72
59 2 71
59 3 75
59 4 47
59 5 44
59 6 65
59 7 32
59 8 51
59 9 51
59 10 61
59 11 107
59 12 10
59 13 42
59 14 79
59 15 68
59 16 44
59 17 77
59 18 45
59 19 7
59 20 65
59 21 88
59 22 80
59 23 56
59 24 97
59 25 67
59 26 34
59 27 52
59 28 79
59 29 56
59 30 35
59 31 9
59 32 49
59 33 83
59 34 95
59 35 66
59 36 37
59 37 54
59 38 70
59 39 20
59 40 60
59 41 7
59 42 88
59 43 107
59 44 68
59 45 11
59 46 37
59 47 39
59 48 81
59 49 20
59 50 73
59 51 52
59 52 83
59 53 63
59 54 33
59 55 72
59 56 88
59 57 42
59 58 12
59 60 35
59 61 49
59 62 36
59 63 94
59 64 34
59 65 64
59 66 56
59 67 33
59 68 88
59 69 60
59 70 93
59 71 61
59 72 54
59 73 47
59 74 28
59 75 98
59 76 63
59 77 106
59 78 57
59 79 97
59 80 22
59 81 79
59 82 80
59 83 56
59 84 14
59 85 80
59 86 44
59 87 52
59 88 53
59 89 37
59 90 72
59 91 47
59 92 70
59 93 97
59 94 61
59 95 15
59 96 44
59 97 37
59 98 13
59 99 29
59 100 39
60 0 64
60 1 66
60 2 62
60 3 6
60 4 83
60 5 55
60 6 28
60 7 54
60 8 84
60 9 30
60 10 61
60 11 65
60 12 73
60 13 87
60 14 21
60 15 33
60 16 37
60 17 95
60 18 35
60 19 79
60 20 35
60 21 27
60 22 62
60 23 69
60 24 63
60 25 46
60 26 54
60 27 29
60 28 100
60 29 58
60 30 74
60 31 83
60 32 27
60 33 34
60 34 65
60 35 20
60 36 47
60 37 24
60 38 32
60 39 76
60 40 20
60 41 82
60 42 65
60 43 64
60 44 13
60 45 77
60 46 52
60 47 40
60 48 26
60 49 61
60 50 79
60 51 40
60 52 13
60 53 14
60 54 81
60 55 103
60 56 77
60 57 58
60 58 65
60 59 69
60 61 87
60 62 37
60 63 78
60 64 94
60 65 39
60 66 99
60 67 85
60 68 56
60 69 61
60 70 64
60 71 90
60 72 104
60 73 85
60 74 48
60 75 70
60 76 109
60 77 98
60 78 56
60 79 91
60 80 57
60 81 16
60 82 92
60 83 77
60 84 65
60 85 57
60 86 54
60 87 97
60 88 21
60 89 37
60 90 71
60 91 54
60 92 100
60 93 63
60 94 47
60 95 75
60 96 31
60 97 57
60 98 59
60 99 58
60 100 80
61 0 55
61 1 37
61 2 34
61 3 35
61 4 51
61 5 23
61 6 45
61 7 26
61 8 52
61 9 8
61 10 30
61 11 55
61 12 56
61 13 55
61 14 48
61 15 51
61 16 34
61 17 64
61 18 34
61 19 60
61 20 12
61 21 33
61 22 38
61 23 37
61 24 48
61 25 20
61 26 25
61 27 7
61 28 69
61 29 27
61 30 43
61 31 59
61 32 22
61 33 28
61 34 48
61 35 38
61 36 43
61 37 28
61 38 51
61 39 48
61 40 31
61 41 59
61 42 44
61 43 56
61 44 34
61 45 52
61 46 49
61 47 33
61 48 25
61 49 36
61 50 49
61 51 47
61 52 44
61 53 21
61 54 50
61 55 71
61 56 52
61 57 27
61 58 44
61 59 49
61 60 59
61 62 24
61 63 87
61 64 41
61 65 54
61 66 59
61 67 37
61 68 79
61 69 53
61 70 85
61 71 61
61 72 59
61 73 48
61 74 17
61 75 90
61 76 67
61 77 101
61 78 50
61 79 92
61 80 15
61 81 68
61 82 77
61 83 54
61 84 13
61 85 72
61 86 37
61 87 55
61 88 41
61 89 25
61 90 66
61 91 40
61 92 71
61 93 88
61 94 52
61 95 20
61 96 33
61 97 31
61 98 4
61 99 23
61 100 41
62 0 60
62 1 18
62 2 22
62 3 86
62 4 26
62 5 34
62 6 95
62 7 46
62 8 23
62 9 57
62 10 21
62 11 59
62 12 77
62 13 35
62 14 98
62 15 100
62 16 79
62 17 14
62 18 79
62 19 77
62 20 46
62 21 69
62 22 29
62 23 16
62 24 47
62 25 36
62 26 43
62 27 57
62 28 19
62 29 24
62 30 35
62 31 67
62 32 70
62 33 58
62 34 43
62 35 89
62 36 82
62 37 76
62 38 101
62 39 51
62 40 81
62 41 69
62 42 35
62 43 60
62 44 85
62 45 59
62 46 88
62 47 75
62 48 63
62 49 54
62 50 6
62 51 92
62 52 94
62 53 72
62 54 39
62 55 25
62 56 25
62 57 32
62 58 66
62 59 69
62 60 45
62 61 15
62 63 62
62 64 48
62 65 28
62 66 54
62 67 39
62 68 52
62 69 29
62 70 58
62 71 48
62 72 58
62 73 40
62 74 31
62 75 63
62 76 63
62 77 77
62 78 25
62 79 68
62 80 37
62 81 48
62 82 58
62 83 37
62 84 39
62 85 45
62 86 13
62 87 51
62 88 25
62 89 28
62 90 42
62 91 15
62 92 59
62 93 61
62 94 25
62 95 32
62 96 34
62 97 12
62 98 24
62 99 12
62 100 35
63 0 48
63 1 17
63 2 14
63 3 55
63 4 37
63 5 16
63 6 65
63 7 28
63 8 37
63 9 28
63 10 10
63 11 48
63 12 63
63 13 44
63 14 68
63 15 71
63 16 52
63 17 44
63 18 52
63 19 65
63 20 17
63 21 42
63 22 22
63 23 19
63 24 38
63 25 10
63 26 25
63 27 27
63 28 49
63 29 8
63 30 34
63 31 60
63 32 41
63 33 32
63 34 36
63 35 59
63 36 58
63 37 47
63 38 72
63 39 45
63 40 51
63 41 61
63 42 30
63 43 49
63 44 54
63 45 52
63 46 64
63 47 49
63 48 35
63 49 39
63 50 28
63 51 65
63 52 64
63 53 41
63 54 42
63 55 52
63 56 33
63 57 18
63 58 51
63 59 55
63 60 50
63 61 35
63 62 19
63 64 16
63 65 69
63 66 41
63 67 19
63 68 90
63 69 58
63 70 94
63 71 49
63 72 37
63 73 36
63 74 45
63 75 98
63 76 46
63 77 100
63 78 57
63 79 91
63 80 40
63 81 90
63 82 71
63 83 49
63 84 32
63 85 81
63 86 45
63 87 37
63 88 64
63 89 53
63 90 68
63 91 47
63 92 57
63 93 98
63 94 63
63 95 10
63 96 60
63 97 38
63 98 26
63 99 31
63 100 29
64 0 63
64 1 37
64 2 34
64 3 44
64 4 42
64 5 14
64 6 49
64 7 15
64 8 43
64 9 12
64 10 27
64 11 63
64 12 47
64 13 45
64 14 55
64 15 54
64 16 33
64 17 59
64 18 34
64 19 51
64 20 20
64 21 44
64 22 40
64 23 31
64 24 54
64 25 24
64 26 13
64 27 13
64 28 63
64 29 22
64 30 32
64 31 49
64 32 24
64 33 38
64 34 53
64 35 44
64 36 39
64 37 31
64 38 55
64 39 37
64 40 36
64 41 49
64 42 48
64 43 63
64 44 41
64 45 41
64 46 45
64 47 30
64 48 37
64 49 25
64 50 46
64 51 47
64 52 53
64 53 29
64 54 40
64 55 63
64 56 53
64 57 17
64 58 35
64 59 39
64 60 48
64 61 53
64 62 1
64 63 35
64 65 70
64 66 34
64 67 14
64 68 89
64 69 56
64 70 93
64 71 44
64 72 30
64 73 31
64 74 51
64 75 97
64 76 39
64 77 96
64 78 57
64 79 88
64 80 47
64 81 93
64 82 67
64 83 45
64 84 40
64 85 80
64 86 45
64 87 30
64 88 69
64 89 59
64 90 66
64 91 48
64 92 51
64 93 98
64 94 63
64 95 14
64 96 66
64 97 39
64 98 33
64 99 33
64 100 25
65 0 83
65 1 41
65 2 45
65 3 103
65 4 23
65 5 47
65 6 109
65 7 55
65 8 20
65 9 73
65 10 41
65 11 81
65 12 78
65 13 28
65 14 115
65 15 114
65 16 90
65 17 14
65 18 91
65 19 76
65 20 66
65 21 91
65 22 52
65 23 31
65 24 70
65 25 57
65 26 53
65 27 73
65 28 13
65 29 42
65 30 37
65 31 64
65 32 84
65 33 80
65 34 66
65 35 104
65 36 91
65 37 91
65 38 115
65 39 50
65 40 96
65 41 66
65 42 57
65 43 83
65 44 101
65 45 58
65 46 96
65 47 86
65 48 84
65 49 59
65 50 29
65 51 104
65 52 112
65 53 89
65 54 36
65 55 3
65 56 46
65 57 44
65 58 69
65 59 71
65 60 37
65 61 35
65 62 59
65 63 65
65 64 28
65 66 86
65 67 67
65 68 74
65 69 62
65 70 82
65 71 82
65 72 88
65 73 73
65 74 17
65 75 87
65 76 95
65 77 108
65 78 57
65 79 100
65 80 25
65 81 46
65 82 92
65 83 72
65 84 34
65 85 70
65 86 48
65 87 83
65 88 23
65 89 8
65 90 75
65 91 49
65 92 93
65 93 82
65 94 53
65 95 52
65 96 2
65 97 46
65 98 34
65 99 43
65 100 66
66 0 86
66 1 75
66 2 72
66 3 23
66 4 79
66 5 54
66 6 9
66 7 46
66 8 82
66 9 30
66 10 67
66 11 87
66 12 51
66 13 80
66 14 22
66 15 14
66 16 13
66 17 99
66 18 12
66 19 58
66 20 48
66 21 52
66 22 76
66 23 72
66 24 83
66 25 58
66 26 48
66 27 31
66 28 104
66 29 63
66 30 67
66 31 65
66 32 17
66 33 56
66 34 83
66 35 10
66 36 22
66 37 10
66 38 15
66 39 63
66 40 9
66 41 64
66 42 81
66 43 87
66 44 15
66 45 62
66 46 26
66 47 19
66 48 49
66 49 48
66 50 86
66 51 12
66 52 29
66 53 22
66 54 72
66 55 103
66 56 90
66 57 56
66 58 46
66 59 50
66 60 79
66 61 92
66 62 42
66 63 64
66 64 94
66 65 102
66 67 43
66 68 47
66 69 28
66 70 54
66 71 49
66 72 62
66 73 43
66 74 33
66 75 59
66 76 67
66 77 75
66 78 23
66 79 66
66 80 40
66 81 43
66 82 58
66 83 38
66 84 43
66 85 41
66 86 13
66 87 55
66 88 22
66 89 29
66 90 40
66 91 15
66 92 60
66 93 57
66 94 21
66 95 38
66 96 33
66 97 15
66 98 29
66 99 17
66 100 38
67 0 7
67 1 46
67 2 43
67 3 64
67 4 82
67 5 63
67 6 85
67 7 74
67 8 81
67 9 59
67 10 51
67 11 9
67 12 107
67 13 90
67 14 78
67 15 90
67 16 83
67 17 74
67 18 83
67 19 111
67 20 41
67 21 31
67 22 34
67 23 63
67 24 17
67 25 39
67 26 71
67 27 58
67 28 79
67 29 54
67 30 82
67 31 108
67 32 70
67 33 25
67 34 21
67 35 76
67 36 93
67 37 73
67 38 90
67 39 93
67 40 73
67 41 108
67 42 29
67 43 8
67 44 70
67 45 100
67 46 99
67 47 83
67 48 33
67 49 85
67 50 57
67 51 93
67 52 68
67 53 59
67 54 89
67 55 88
67 56 42
67 57 66
67 58 95
67 59 100
67 60 97
67 61 53
67 62 61
67 63 27
67 64 60
67 65 76
67 66 24
67 68 88
67 69 65
67 70 95
67 71 73
67 72 71
67 73 61
67 74 14
67 75 100
67 76 79
67 77 113
67 78 62
67 79 104
67 80 5
67 81 72
67 82 90
67 83 66
67 84 4
67 85 82
67 86 48
67 87 67
67 88 45
67 89 25
67 90 78
67 91 51
67 92 83
67 93 97
67 94 62
67 95 31
67 96 31
67 97 43
67 98 16
67 99 35
67 100 53
68 0 87
68 1 51
68 2 50
68 3 67
68 4 30
68 5 23
68 6 64
68 7 14
68 8 33
68 9 38
68 10 40
68 11 87
68 12 28
68 13 27
68 14 74
68 15 68
68 16 42
68 17 58
68 18 43
68 19 28
68 20 48
68 21 73
68 22 59
68 23 35
68 24 77
68 25 47
68 26 15
68 27 39
68 28 61
68 29 35
68 30 16
68 31 21
68 32 42
68 33 66
68 34 75
68 35 62
68 36 40
68 37 48
68 38 69
68 39 9
68 40 54
68 41 22
68 42 68
68 43 88
68 44 61
68 45 13
68 46 44
68 47 37
68 48 65
68 49 7
68 50 53
68 51 55
68 52 76
68 53 53
68 54 19
68 55 55
68 56 67
68 57 22
68 58 17
68 59 19
68 60 24
68 61 63
68 62 27
68 63 60
68 64 60
68 65 60
68 66 67
68 67 48
68 69 57
68 70 89
68 71 61
68 72 57
68 73 48
68 74 23
68 75 94
68 76 65
68 77 104
68 78 54
68 79 95
68 80 18
68 81 74
68 82 79
68 83 55
68 84 12
68 85 76
68 86 40
68 87 53
68 88 48
68 89 32
68 90 69
68 91 43
68 92 70
68 93 93
68 94 57
68 95 17
68 96 39
68 97 34
68 98 8
68 99 26
68 100 40
69 0 40
69 1 59
69 2 55
69 3 35
69 4 88
69 5 62
69 6 57
69 7 67
69 8 88
69 9 45
69 10 59
69 11 42
69 12 94
69 13 94
69 14 47
69 15 62
69 16 62
69 17 91
69 18 61
69 19 100
69 20 35
69 21 9
69 22 51
69 23 70
69 24 44
69 25 42
69 26 66
69 27 43
69 28 96
69 29 59
69 30 82
69 31 100
69 32 49
69 33 20
69 34 47
69 35 48
69 36 73
69 37 49
69 38 61
69 39 89
69 40 47
69 41 100
69 42 51
69 43 40
69 44 42
69 45 93
69 46 78
69 47 64
69 48 16
69 49 77
69 50 73
69 51 68
69 52 36
69 53 36
69 54 90
69 55 102
69 56 64
69 57 65
69 58 84
69 59 89
69 60 98
69 61 73
69 62 53
69 63 36
69 64 79
69 65 93
69 66 43
69 67 62
69 68 70
69 70 52
69 71 98
69 72 119
69 73 98
69 74 77
69 75 56
69 76 121
69 77 89
69 78 63
69 79 84
69 80 87
69 81 18
69 82 93
69 83 86
69 84 94
69 85 51
69 86 68
69 87 111
69 88 45
69 89 66
69 90 71
69 91 66
69 92 107
69 93 47
69 94 53
69 95 97
69 96 62
69 97 73
69 98 85
69 99 77
69 100 95
70 0 77
70 1 34
70 2 36
70 3 90
70 4 10
70 5 33
70 6 95
70 7 41
70 8 6
70 9 59
70 10 30
70 11 76
70 12 66
70 13 17
70 14 102
70 15 100
70 16 76
70 17 20
70 18 77
70 19 64
70 20 55
70 21 80
70 22 45
70 23 19
70 24 64
70 25 47
70 26 39
70 27 59
70 28 22
70 29 30
70 30 23
70 31 53
70 32 70
70 33 70
70 34 61
70 35 90
70 36 77
70 37 77
70 38 101
70 39 37
70 40 82
70 41 55
70 42 52
70 43 77
70 44 88
70 45 46
70 46 82
70 47 71
70 48 73
70 49 46
70 50 25
70 51 90
70 52 99
70 53 75
70 54 24
70 55 17
70 56 44
70 57 30
70 58 56
70 59 58
70 60 27
70 61 34
70 62 46
70 63 56
70 64 28
70 65 21
70 66 55
70 67 30
70 68 43
70 69 49
70 71 26
70 72 52
70 73 33
70 74 70
70 75 39
70 76 51
70 77 39
70 78 16
70 79 30
70 80 75
70 81 64
70 82 21
70 83 16
70 84 75
70 85 26
70 86 26
70 87 44
70 88 56
70 89 67
70 90 6
70 91 24
70 92 33
70 93 42
70 94 24
70 95 55
70 96 71
70 97 31
70 98 59
70 99 39
70 100 36
71 0 81
71 1 77
71 2 73
71 3 12
71 4 86
71 5 60
71 6 10
71 7 54
71 8 88
71 9 34
71 10 70
71 11 82
71 12 64
71 13 88
71 14 10
71 15 15
71 16 26
71 17 103
71 18 25
71 19 71
71 20 47
71 21 45
71 22 75
71 23 76
71 24 79
71 25 58
71 26 55
71 27 34
71 28 108
71 29 66
71 30 75
71 31 77
71 32 23
71 33 51
71 34 80
71 35 4
71 36 35
71 37 16
71 38 15
71 39 74
71 40 11
71 41 76
71 42 80
71 43 81
71 44 6
71 45 73
71 46 39
71 47 31
71 48 42
71 49 58
71 50 88
71 51 24
71 52 16
71 53 19
71 54 81
71 55 109
71 56 89
71 57 62
71 58 58
71 59 62
71 60 88
71 61 94
71 62 47
71 63 61
71 64 97
71 65 106
71 66 73
71 67 77
71 68 54
71 69 49
71 70 54
71 72 89
71 73 72
71 74 21
71 75 81
71 76 95
71 77 104
71 78 53
71 79 95
71 80 31
71 81 39
71 82 89
71 83 69
71 84 39
71 85 65
71 86 45
71 87 83
71 88 17
71 89 10
71 90 71
71 91 46
71 92 91
71 93 76
71 94 48
71 95 54
71 96 5
71 97 45
71 98 36
71 99 42
71 100 66
72 0 85
72 1 52
72 2 51
72 3 59
72 4 37
72 5 24
72 6 54
72 7 10
72 8 41
72 9 31
72 10 42
72 11 86
72 12 25
72 13 36
72 14 65
72 15 58
72 16 33
72 17 64
72 18 34
72 19 27
72 20 44
72 21 67
72 22 60
72 23 39
72 24 76
72 25 46
72 26 13
72 27 32
72 28 68
72 29 37
72 30 24
72 31 25
72 32 33
72 33 62
72 34 74
72 35 53
72 36 32
72 37 39
72 38 60
72 39 18
72 40 45
72 41 25
72 42 68
72 43 86
72 44 53
72 45 19
72 46 35
72 47 28
72 48 60
72 49 2
72 50 57
72 51 46
72 52 68
72 53 45
72 54 28
72 55 63
72 56 69
72 57 23
72 58 12
72 59 17
72 60 33
72 61 66
72 62 23
72 63 57
72 64 65
72 65 66
72 66 66
72 67 50
72 68 6
72 69 7
72 70 61
72 71 18
72 73 30
72 74 33
72 75 75
72 76 51
72 77 82
72 78 34
72 79 74
72 80 35
72 81 66
72 82 58
72 83 34
72 84 32
72 85 58
72 86 21
72 87 39
72 88 42
72 89 37
72 90 48
72 91 24
72 92 52
72 93 75
72 94 39
72 95 15
72 96 43
72 97 14
72 98 16
72 99 6
72 100 22
73 0 67
73 1 25
73 2 29
73 3 90
73 4 21
73 5 35
73 6 97
73 7 46
73 8 18
73 9 60
73 10 26
73 11 66
73 12 75
73 13 30
73 14 102
73 15 103
73 16 80
73 17 10
73 18 81
73 19 74
73 20 52
73 21 75
73 22 36
73 23 17
73 24 54
73 25 42
73 26 44
73 27 60
73 28 15
73 29 28
73 30 32
73 31 64
73 32 72
73 33 64
73 34 51
73 35 92
73 36 83
73 37 79
73 38 104
73 39 48
73 40 84
73 41 66
73 42 42
73 43 67
73 44 88
73 45 56
73 46 88
73 47 76
73 48 69
73 49 53
73 50 13
73 51 94
73 52 98
73 53 75
73 54 35
73 55 18
73 56 32
73 57 33
73 58 64
73 59 67
73 60 40
73 61 22
73 62 47
73 63 49
73 64 15
73 65 13
73 66 46
73 67 22
73 68 49
73 69 55
73 70 61
73 71 41
73 72 77
73 74 39
73 75 58
73 76 58
73 77 69
73 78 18
73 79 60
73 80 44
73 81 51
73 82 50
73 83 29
73 84 45
73 85 40
73 86 5
73 87 46
73 88 31
73 89 37
73 90 34
73 91 7
73 92 51
73 93 57
73 94 20
73 95 33
73 96 42
73 97 6
73 98 29
73 99 13
73 100 30
74 0 47
74 1 61
74 2 57
74 3 26
74 4 86
74 5 60
74 6 48
74 7 63
74 8 87
74 9 40
74 10 59
74 11 49
74 12 88
74 13 92
74 14 39
74 15 54
74 16 55
74 17 92
74 18 54
74 19 94
74 20 34
74 21 11
74 22 54
74 23 70
74 24 49
74 25 43
74 26 62
74 27 38
74 28 98
74 29 59
74 30 80
74 31 95
74 32 43
74 33 22
74 34 52
74 35 40
74 36 66
74 37 42
74 38 52
74 39 86
74 40 39
74 41 95
74 42 55
74 43 47
74 44 34
74 45 89
74 46 71
74 47 57
74 48 16
74 49 72
74 50 75
74 51 60
74 52 28
74 53 29
74 54 88
74 55 102
74 56 68
74 57 63
74 58 79
74 59 83
74 60 96
74 61 76
74 62 50
74 63 38
74 64 81
74 65 95
74 66 48
74 67 63
74 68 65
74 69 63
74 70 26
74 71 81
74 72 8
74 73 75
74 75 63
74 76 28
74 77 57
74 78 31
74 79 49
74 80 68
74 81 80
74 82 28
74 83 9
74 84 64
74 85 50
74 86 29
74 87 19
74 88 63
74 89 67
74 90 30
74 91 29
74 92 19
74 93 67
74 94 40
74 95 38
74 96 73
74 97 28
74 98 49
74 99 32
74 100 14
75 0 35
75 1 49
75 2 45
75 3 35
75 4 77
75 5 52
75 6 56
75 7 58
75 8 77
75 9 37
75 10 48
75 11 37
75 12 87
75 13 83
75 14 49
75 15 61
75 16 57
75 17 80
75 18 57
75 19 92
75 20 25
75 21 2
75 22 41
75 23 59
75 24 36
75 25 31
75 26 56
75 27 35
75 28 85
75 29 48
75 30 72
75 31 91
75 32 44
75 33 9
75 34 39
75 35 47
75 36 68
75 37 45
75 38 61
75 39 80
75 40 44
75 41 91
75 42 41
75 43 36
75 44 41
75 45 84
75 46 74
75 47 58
75 48 7
75 49 68
75 50 63
75 51 65
75 52 39
75 53 32
75 54 80
75 55 91
75 56 55
75 57 55
75 58 76
75 59 81
75 60 88
75 61 63
75 62 44
75 63 25
75 64 69
75 65 83
75 66 34
75 67 51
75 68 61
75 69 59
75 70 13
75 71 75
75 72 6
75 73 68
75 74 67
75 76 104
75 77 93
75 78 51
75 79 85
75 80 57
75 81 12
75 82 86
75 83 72
75 84 65
75 85 51
75 86 49
75 87 93
75 88 18
75 89 37
75 90 65
75 91 49
75 92 95
75 93 57
75 94 42
75 95 73
75 96 32
75 97 53
75 98 58
75 99 55
75 100 76
76 0 39
76 1 51
76 2 47
76 3 31
76 4 78
76 5 52
76 6 52
76 7 57
76 8 79
76 9 35
76 10 50
76 11 41
76 12 85
76 13 84
76 14 44
76 15 57
76 16 54
76 17 83
76 18 53
76 19 90
76 20 25
76 21 3
76 22 44
76 23 61
76 24 41
76 25 33
76 26 56
76 27 34
76 28 88
76 29 50
76 30 73
76 31 90
76 32 41
76 33 13
76 34 43
76 35 43
76 36 65
76 37 42
76 38 56
76 39 79
76 40 41
76 41 90
76 42 45
76 43 40
76 44 36
76 45 83
76 46 70
76 47 56
76 48 7
76 49 67
76 50 65
76 51 61
76 52 34
76 53 28
76 54 80
76 55 93
76 56 58
76 57 56
76 58 74
76 59 79
76 60 89
76 61 66
76 62 43
76 63 28
76 64 72
76 65 85
76 66 38
76 67 54
76 68 60
76 69 58
76 70 16
76 71 75
76 72 2
76 73 68
76 74 67
76 75 13
76 77 115
76 78 63
76 79 106
76 80 10
76 81 62
76 82 96
76 83 73
76 84 19
76 85 80
76 86 51
76 87 78
76 88 37
76 89 15
76 90 81
76 91 54
76 92 92
76 93 94
76 94 61
76 95 44
76 96 18
76 97 48
76 98 26
76 99 41
76 100 63
77 0 40
77 1 33
77 2 29
77 3 38
77 4 58
77 5 32
77 6 54
77 7 39
77 8 58
77 9 23
77 10 30
77 11 41
77 12 71
77 13 64
77 14 52
77 15 60
77 16 48
77 17 64
77 18 47
77 19 75
77 20 5
77 21 21
77 22 29
77 23 41
77 24 35
77 25 14
77 26 37
77 27 21
77 28 69
77 29 29
77 30 53
77 31 73
77 32 34
77 33 14
77 34 35
77 35 46
77 36 57
77 37 38
77 38 60
77 39 61
77 40 40
77 41 74
77 42 34
77 43 41
77 44 40
77 45 66
77 46 63
77 47 47
77 48 14
77 49 50
77 50 47
77 51 58
77 52 45
77 53 27
77 54 61
77 55 73
77 56 44
77 57 36
77 58 59
77 59 64
77 60 69
77 61 50
77 62 26
77 63 15
77 64 54
77 65 66
77 66 27
77 67 35
77 68 43
77 69 42
77 70 13
77 71 56
77 72 22
77 73 49
77 74 47
77 75 32
77 76 21
77 78 7
77 79 50
77 80 55
77 81 47
77 82 43
77 83 26
77 84 57
77 85 28
77 86 9
77 87 49
77 88 34
77 89 45
77 90 24
77 91 6
77 92 49
77 93 46
77 94 10
77 95 44
77 96 49
77 97 15
77 98 41
77 99 24
77 100 35
78 0 83
78 1 72
78 2 68
78 3 22
78 4 77
78 5 51
78 6 11
78 7 44
78 8 79
78 9 27
78 10 64
78 11 84
78 12 51
78 13 78
78 14 22
78 15 17
78 16 13
78 17 96
78 18 11
78 19 58
78 20 44
78 21 50
78 22 72
78 23 69
78 24 79
78 25 54
78 26 45
78 27 28
78 28 101
78 29 59
78 30 65
78 31 64
78 32 14
78 33 53
78 34 80
78 35 10
78 36 23
78 37 7
78 38 18
78 39 62
78 40 6
78 41 63
78 42 78
78 43 84
78 44 13
78 45 60
78 46 27
78 47 18
78 48 45
78 49 46
78 50 83
78 51 15
78 52 28
78 53 19
78 54 70
78 55 100
78 56 86
78 57 54
78 58 45
78 59 49
78 60 77
78 61 89
78 62 39
78 63 60
78 64 91
78 65 99
78 66 72
78 67 72
78 68 43
78 69 37
78 70 55
78 71 61
78 72 46
78 73 59
78 74 65
78 75 45
78 76 62
78 77 39
78 79 75
78 80 37
78 81 71
78 82 58
78 83 34
78 84 33
78 85 61
78 86 25
78 87 35
78 88 47
78 89 41
78 90 50
78 91 28
78 92 50
78 93 79
78 94 43
78 95 11
78 96 48
78 97 18
78 98 18
78 99 11
78 100 19
79 0 94
79 1 89
79 2 85
79 3 25
79 4 95
79 5 69
79 6 7
79 7 62
79 8 97
79 9 44
79 10 81
79 11 96
79 12 64
79 13 96
79 14 14
79 15 4
79 16 28
79 17 114
79 18 27
79 19 71
79 20 60
79 21 58
79 22 88
79 23 86
79 24 93
79 25 70
79 26 63
79 27 45
79 28 119
79 29 77
79 30 83
79 31 79
79 32 32
79 33 64
79 34 94
79 35 13
79 36 34
79 37 25
79 38 2
79 39 79
79 40 20
79 41 78
79 42 93
79 43 95
79 44 19
79 45 76
79 46 36
79 47 34
79 48 56
79 49 63
79 50 100
79 51 19
79 52 25
79 53 32
79 54 88
79 55 118
79 56 102
79 57 72
79 58 61
79 59 64
79 60 94
79 61 106
79 62 56
79 63 74
79 64 108
79 65 117
79 66 86
79 67 89
79 68 61
79 69 55
79 70 67
79 71 78
79 72 54
79 73 77
79 74 83
79 75 49
79 76 78
79 77 55
79 78 14
79 80 56
79 81 13
79 82 85
79 83 70
79 84 63
79 85 50
79 86 48
79 87 91
79 88 16
79 89 35
79 90 64
79 91 47
79 92 93
79 93 57
79 94 40
79 95 71
79 96 31
79 97 51
79 98 56
79 99 53
79 100 74
80 0 78
80 1 36
80 2 39
80 3 97
80 4 19
80 5 41
80 6 103
80 7 50
80 8 15
80 9 67
80 10 35
80 11 77
80 12 75
80 13 25
80 14 109
80 15 108
80 16 85
80 17 13
80 18 86
80 19 72
80 20 60
80 21 85
80 22 47
80 23 25
80 24 65
80 25 52
80 26 48
80 27 67
80 28 14
80 29 36
80 30 32
80 31 61
80 32 78
80 33 74
80 34 61
80 35 98
80 36 86
80 37 85
80 38 109
80 39 46
80 40 90
80 41 63
80 42 53
80 43 78
80 44 95
80 45 55
80 46 91
80 47 80
80 48 78
80 49 55
80 50 24
80 51 98
80 52 106
80 53 83
80 54 33
80 55 9
80 56 42
80 57 38
80 58 65
80 59 67
80 60 35
80 61 31
80 62 54
80 63 59
80 64 24
80 65 14
80 66 57
80 67 33
80 68 52
80 69 58
80 70 71
80 71 41
80 72 87
80 73 37
80 74 27
80 75 97
80 76 47
80 77 64
80 78 110
80 79 92
80 81 53
80 82 32
80 83 23
80 84 71
80 85 19
80 86 21
80 87 51
80 88 46
80 89 59
80 90 11
80 91 18
80 92 44
80 93 36
80 94 13
80 95 55
80 96 63
80 97 27
80 98 55
80 99 36
80 100 40
81 0 50
81 1 39
81 2 34
81 3 32
81 4 57
81 5 29
81 6 45
81 7 33
81 8 58
81 9 13
81 10 33
81 11 51
81 12 63
81 13 61
81 14 46
81 15 51
81 16 38
81 17 67
81 18 38
81 19 67
81 20 9
81 21 26
81 22 37
81 23 42
81 24 44
81 25 19
81 26 32
81 27 11
81 28 72
81 29 30
81 30 49
81 31 66
81 32 24
81 33 22
81 34 44
81 35 38
81 36 47
81 37 29
81 38 51
81 39 55
81 40 31
81 41 66
81 42 42
81 43 51
81 44 32
81 45 59
81 46 53
81 47 37
81 48 18
81 49 43
81 50 51
81 51 49
81 52 40
81 53 19
81 54 57
81 55 75
81 56 51
81 57 33
81 58 51
81 59 56
81 60 65
81 61 56
81 62 19
81 63 25
81 64 59
81 65 70
81 66 36
81 67 39
81 68 36
81 69 35
81 70 22
81 71 51
81 72 26
81 73 45
81 74 45
81 75 33
81 76 27
81 77 44
81 78 47
81 79 33
81 80 52
81 82 71
81 83 68
81 84 93
81 85 29
81 86 55
81 87 95
81 88 46
81 89 69
81 90 51
81 91 53
81 92 88
81 93 23
81 94 38
81 95 89
81 96 67
81 97 62
81 98 80
81 99 68
81 100 82
82 0 79
82 1 38
82 2 41
82 3 102
82 4 24
82 5 46
82 6 108
82 7 55
82 8 21
82 9 71
82 10 38
82 11 77
82 12 80
82 13 30
82 14 114
82 15 113
82 16 90
82 17 10
82 18 91
82 19 78
82 20 64
82 21 88
82 22 48
82 23 29
82 24 66
82 25 55
82 26 53
82 27 71
82 28 9
82 29 40
82 30 37
82 31 66
82 32 83
82 33 77
82 34 62
82 35 103
82 36 92
82 37 90
82 38 114
82 39 51
82 40 95
82 41 68
82 42 54
82 43 79
82 44 100
82 45 60
82 46 96
82 47 85
82 48 82
82 49 60
82 50 25
82 51 104
82 52 110
82 53 87
82 54 38
82 55 6
82 56 42
82 57 43
82 58 70
82 59 72
82 60 39
82 61 31
82 62 58
82 63 62
82 64 23
82 65 10
82 66 58
82 67 35
82 68 57
82 69 63
82 70 74
82 71 46
82 72 90
82 73 42
82 74 33
82 75 100
82 76 49
82 77 69
82 78 115
82 79 97
82 80 116
82 81 55
82 83 36
82 84 86
82 85 9
82 86 37
82 87 64
82 88 55
82 89 72
82 90 15
82 91 34
82 92 52
82 93 22
82 94 23
82 95 71
82 96 74
82 97 44
82 98 70
82 99 52
82 100 55
83 0 47
83 1 7
83 2 11
83 3 77
83 4 36
83 5 33
83 6 89
83 7 46
83 8 34
83 9 51
83 10 15
83 11 46
83 12 80
83 13 45
83 14 91
83 15 95
83 16 76
83 17 25
83 18 76
83 19 81
83 20 37
83 21 58
83 22 16
83 23 19
83 24 34
83 25 27
83 26 44
83 27 51
83 28 30
83 29 20
83 30 42
83 31 73
83 32 65
83 33 46
83 34 30
83 35 82
83 36 81
83 37 71
83 38 95
83 39 57
83 40 75
83 41 74
83 42 22
83 43 47
83 44 78
83 45 65
83 46 86
83 47 72
83 48 52
83 49 57
83 50 8
83 51 89
83 52 85
83 53 64
83 54 47
83 55 38
83 56 14
83 57 33
83 58 68
83 59 72
83 60 54
83 61 11
83 62 42
83 63 30
83 64 14
83 65 28
83 66 26
83 67 7
83 68 50
83 69 55
83 70 43
83 71 50
83 72 60
83 73 42
83 74 33
83 75 71
83 76 19
83 77 64
83 78 92
83 79 77
83 80 97
83 81 50
83 82 80
83 84 49
83 85 35
83 86 9
83 87 53
83 88 26
83 89 36
83 90 34
83 91 9
83 92 56
83 93 51
83 94 15
83 95 40
83 96 40
83 97 13
83 98 34
83 99 19
83 100 37
84 0 107
84 1 70
84 2 69
84 3 79
84 4 43
84 5 43
84 6 70
84 7 32
84 8 47
84 9 53
84 10 60
84 11 107
84 12 16
84 13 37
84 14 84
84 15 73
84 16 49
84 17 73
84 18 50
84 19 11
84 20 66
84 21 90
84 22 79
84 23 53
84 24 96
84 25 67
84 26 34
84 27 55
84 28 75
84 29 55
84 30 32
84 31 3
84 32 53
84 33 85
84 34 95
84 35 71
84 36 42
84 37 58
84 38 75
84 39 16
84 40 64
84 41 2
84 42 87
84 43 107
84 44 72
84 45 7
84 46 43
84 47 43
84 48 82
84 49 21
84 50 71
84 51 58
84 52 87
84 53 66
84 54 29
84 55 67
84 56 86
84 57 41
84 58 16
84 59 12
84 60 29
84 61 81
84 62 45
84 63 79
84 64 77
84 65 75
84 66 86
84 67 67
84 68 29
84 69 30
84 70 84
84 71 23
84 72 89
84 73 30
84 74 40
84 75 94
84 76 70
84 77 23
84 78 84
84 79 64
84 80 78
84 81 26
84 82 9
84 83 42
84 85 59
84 86 32
84 87 11
84 88 66
84 89 66
84 90 40
84 91 33
84 92 23
84 93 76
84 94 47
84 95 32
84 96 72
84 97 29
84 98 45
84 99 31
84 100 8
85 0 80
85 1 79
85 2 75
85 3 10
85 4 91
85 5 64
85 6 15
85 7 59
85 8 93
85 9 38
85 10 73
85 11 82
85 12 70
85 13 93
85 14 5
85 15 19
85 16 32
85 17 107
85 18 31
85 19 77
85 20 49
85 21 43
85 22 77
85 23 80
85 24 79
85 25 60
85 26 60
85 27 37
85 28 112
85 29 70
85 30 80
85 31 83
85 32 28
85 33 51
85 34 81
85 35 10
85 36 41
85 37 22
85 38 17
85 39 79
85 40 16
85 41 82
85 42 81
85 43 81
85 44 9
85 45 79
85 46 45
85 47 37
85 48 42
85 49 63
85 50 91
85 51 29
85 52 10
85 53 22
85 54 87
85 55 113
85 56 91
85 57 67
85 58 64
85 59 68
85 60 94
85 61 96
85 62 51
85 63 62
85 64 100
85 65 109
85 66 74
85 67 80
85 68 59
85 69 54
85 70 54
85 71 78
85 72 40
85 73 74
85 74 79
85 75 34
85 76 68
85 77 57
85 78 6
85 79 15
85 80 16
85 81 63
85 82 79
85 83 40
85 84 74
85 86 26
85 87 65
85 88 35
85 89 53
85 90 26
85 91 24
85 92 60
85 93 29
85 94 8
85 95 61
85 96 54
85 97 33
85 98 56
85 99 41
85 100 52
86 0 49
86 1 53
86 2 49
86 3 21
86 4 75
86 5 48
86 6 42
86 7 51
86 8 76
86 9 27
86 10 50
86 11 50
86 12 76
86 13 80
86 14 36
86 15 47
86 16 44
86 17 84
86 18 43
86 19 82
86 20 24
86 21 13
86 22 48
86 23 60
86 24 48
86 25 34
86 26 50
86 27 26
86 28 89
86 29 48
86 30 68
86 31 83
86 32 31
86 33 19
86 34 50
86 35 33
86 36 55
86 37 32
86 38 47
86 39 73
86 40 30
86 41 83
86 42 51
86 43 49
86 44 27
86 45 76
86 46 60
86 47 46
86 48 11
86 49 60
86 50 67
86 51 51
86 52 27
86 53 18
86 54 76
86 55 93
86 56 62
86 57 52
86 58 66
86 59 71
86 60 84
86 61 69
86 62 38
86 63 33
86 64 74
86 65 86
86 66 44
86 67 55
86 68 53
86 69 51
86 70 22
86 71 69
86 72 10
86 73 63
86 74 64
86 75 14
86 76 41
86 77 59
86 78 37
86 79 32
86 80 46
86 81 57
86 82 83
86 83 51
86 84 83
86 85 63
86 87 76
86 88 6
86 89 17
86 90 60
86 91 37
86 92 83
86 93 65
86 94 37
86 95 52
86 96 16
86 97 37
86 98 36
86 99 36
86 100 59
87 0 85
87 1 84
87 2 80
87 3 15
87 4 94
87 5 67
87 6 13
87 7 62
87 8 96
87 9 41
87 10 77
87 11 86
87 12 70
87 13 96
87 14 3
87 15 15
87 16 32
87 17 111
87 18 31
87 19 77
87 20 54
87 21 48
87 22 82
87 23 84
87 24 84
87 25 64
87 26 63
87 27 41
87 28 116
87 29 74
87 30 83
87 31 84
87 32 31
87 33 56
87 34 86
87 35 11
87 36 41
87 37 24
87 38 13
87 39 81
87 40 18
87 41 83
87 42 86
87 43 86
87 44 13
87 45 80
87 46 44
87 47 38
87 48 47
87 49 65
87 50 96
87 51 28
87 52 14
87 53 26
87 54 89
87 55 117
87 56 96
87 57 70
87 58 65
87 59 69
87 60 96
87 61 101
87 62 54
87 63 67
87 64 104
87 65 114
87 66 79
87 67 84
87 68 62
87 69 57
87 70 59
87 71 80
87 72 44
87 73 77
87 74 83
87 75 38
87 76 72
87 77 59
87 78 4
87 79 17
87 80 11
87 81 66
87 82 79
87 83 40
87 84 74
87 85 52
87 86 31
87 88 63
87 89 68
87 90 25
87 91 28
87 92 19
87 93 62
87 94 37
87 95 43
87 96 74
87 97 29
87 98 52
87 99 34
87 100 20
88 0 38
88 1 11
88 2 14
88 3 77
88 4 46
88 5 40
88 6 91
88 7 54
88 8 44
88 9 54
88 10 22
88 11 36
88 12 88
88 13 55
88 14 92
88 15 97
88 16 80
88 17 32
88 18 80
88 19 90
88 20 38
88 21 54
88 22 10
88 23 29
88 24 25
88 25 27
88 26 51
88 27 54
88 28 37
88 29 27
88 30 51
88 31 82
88 32 68
88 33 42
88 34 21
88 35 84
88 36 86
88 37 74
88 38 97
88 39 66
88 40 77
88 41 84
88 42 13
88 43 38
88 44 79
88 45 74
88 46 92
88 47 77
88 48 49
88 49 64
88 50 16
88 51 93
88 52 85
88 53 65
88 54 57
88 55 47
88 56 5
88 57 41
88 58 76
88 59 80
88 60 64
88 61 12
88 62 47
88 63 26
88 64 19
88 65 35
88 66 19
88 67 14
88 68 58
88 69 62
88 70 39
88 71 59
88 72 57
88 73 51
88 74 42
88 75 68
88 76 19
88 77 71
88 78 93
88 79 79
88 80 99
88 81 58
88 82 89
88 83 82
88 84 98
88 85 87
88 86 77
88 87 36
88 89 66
88 90 22
88 91 33
88 92 60
88 93 18
88 94 19
88 95 71
88 96 67
88 97 43
88 98 68
88 99 51
88 100 58
89 0 40
89 1 13
89 2 9
89 3 57
89 4 42
89 5 24
89 6 70
89 7 36
89 8 42
89 9 33
89 10 12
89 11 40
89 12 72
89 13 50
89 14 71
89 15 76
89 16 59
89 17 44
89 18 59
89 19 74
89 20 17
89 21 39
89 22 14
89 23 23
89 24 29
89 25 7
89 26 34
89 27 32
89 28 49
89 29 14
89 30 41
89 31 69
89 32 47
89 33 28
89 34 27
89 35 63
89 36 66
89 37 53
89 38 76
89 39 54
89 40 56
89 41 70
89 42 21
89 43 41
89 44 58
89 45 61
89 46 72
89 47 56
89 48 33
89 49 48
89 50 27
89 51 71
89 52 65
89 53 45
89 54 49
89 55 54
89 56 27
89 57 26
89 58 59
89 59 63
89 60 57
89 61 30
89 62 27
89 63 14
89 64 34
89 65 46
89 66 19
89 67 15
89 68 40
89 69 43
89 70 25
89 71 47
89 72 41
89 73 39
89 74 34
89 75 52
89 76 3
89 77 53
89 78 72
89 79 58
89 80 77
89 81 42
89 82 74
89 83 61
89 84 81
89 85 68
89 86 55
89 87 45
89 88 36
89 90 73
89 91 46
89 92 79
89 93 93
89 94 57
89 95 28
89 96 29
89 97 38
89 98 12
89 99 30
89 100 49
90 0 68
90 1 72
90 2 67
90 3 5
90 4 88
90 5 61
90 6 26
90 7 59
90 8 90
90 9 35
90 10 66
90 11 70
90 12 76
90 13 92
90 14 16
90 15 31
90 16 38
90 17 101
90 18 37
90 19 82
90 20 41
90 21 31
90 22 68
90 23 75
90 24 68
90 25 52
90 26 59
90 27 34
90 28 106
90 29 64
90 30 79
90 31 86
90 32 30
90 33 39
90 34 70
90 35 19
90 36 49
90 37 26
90 38 30
90 39 80
90 40 21
90 41 85
90 42 71
90 43 69
90 44 13
90 45 81
90 46 53
90 47 42
90 48 31
90 49 65
90 50 85
90 51 40
90 52 7
90 53 18
90 54 86
90 55 108
90 56 82
90 57 64
90 58 68
90 59 72
90 60 93
90 61 88
90 62 48
90 63 52
90 64 92
90 65 103
90 66 64
90 67 73
90 68 60
90 69 56
90 70 43
90 71 78
90 72 27
90 73 73
90 74 77
90 75 21
90 76 60
90 77 61
90 78 17
90 79 22
90 80 29
90 81 64
90 82 84
90 83 46
90 84 81
90 85 59
90 86 35
90 87 101
90 88 53
90 89 50
90 91 37
90 92 83
90 93 68
90 94 39
90 95 49
90 96 12
90 97 36
90 98 33
90 99 35
90 100 58
91 0 64
91 1 43
91 2 40
91 3 36
91 4 50
91 5 23
91 6 40
91 7 20
91 8 52
91 9 4
91 10 35
91 11 65
91 12 47
91 13 53
91 14 46
91 15 46
91 16 26
91 17 67
91 18 27
91 19 52
91 20 21
91 21 41
91 22 46
91 23 40
91 24 57
91 25 28
91 26 20
91 27 5
91 28 72
91 29 30
91 30 40
91 31 52
91 32 15
91 33 37
91 34 57
91 35 35
91 36 34
91 37 22
91 38 47
91 39 42
91 40 27
91 41 52
91 42 53
91 43 65
91 44 32
91 45 45
91 46 40
91 47 24
91 48 34
91 49 29
91 50 53
91 51 39
91 52 45
91 53 21
91 54 47
91 55 72
91 56 59
91 57 26
91 58 36
91 59 41
91 60 54
91 61 60
91 62 10
91 63 37
91 64 62
91 65 70
91 66 48
91 67 43
91 68 22
91 69 19
91 70 37
91 71 39
91 72 40
91 73 34
91 74 38
91 75 45
91 76 35
91 77 28
91 78 47
91 79 29
91 80 49
91 81 26
91 82 53
91 83 29
91 84 55
91 85 38
91 86 23
91 87 67
91 88 54
91 89 36
91 90 54
91 92 9
91 93 66
91 94 46
91 95 51
91 96 84
91 97 39
91 98 61
91 99 44
91 100 26
92 0 35
92 1 44
92 2 40
92 3 36
92 4 72
92 5 47
92 6 55
92 7 53
92 8 72
92 9 33
92 10 43
92 11 36
92 12 83
92 13 78
92 14 50
92 15 61
92 16 55
92 17 75
92 18 54
92 19 88
92 20 20
92 21 7
92 22 37
92 23 54
92 24 34
92 25 26
92 26 51
92 27 32
92 28 81
92 29 43
92 30 67
92 31 87
92 32 41
92 33 5
92 34 36
92 35 47
92 36 65
92 37 43
92 38 60
92 39 75
92 40 43
92 41 87
92 42 38
92 43 35
92 44 40
92 45 80
92 46 71
92 47 56
92 48 4
92 49 64
92 50 58
92 51 63
92 52 40
92 53 30
92 54 75
92 55 86
92 56 51
92 57 50
92 58 72
92 59 77
92 60 83
92 61 59
92 62 39
92 63 21
92 64 64
92 65 78
92 66 31
92 67 46
92 68 56
92 69 55
92 70 9
92 71 70
92 72 10
92 73 63
92 74 62
92 75 20
92 76 32
92 77 64
92 78 51
92 79 45
92 80 60
92 81 59
92 82 89
92 83 61
92 84 91
92 85 72
92 86 51
92 87 77
92 88 20
92 89 67
92 90 18
92 91 31
92 93 56
92 94 21
92 95 39
92 96 33
92 97 16
92 98 30
92 99 18
92 100 39
93 0 32
93 1 29
93 2 25
93 3 45
93 4 59
93 5 36
93 6 62
93 7 45
93 8 59
93 9 31
93 10 29
93 11 32
93 12 78
93 13 65
93 14 60
93 15 68
93 16 56
93 17 61
93 18 56
93 19 82
93 20 12
93 21 22
93 22 23
93 23 40
93 24 26
93 25 12
93 26 43
93 27 29
93 28 66
93 29 30
93 30 56
93 31 79
93 32 43
93 33 11
93 34 26
93 35 54
93 36 65
93 37 47
93 38 68
93 39 66
93 40 49
93 41 79
93 42 26
93 43 33
93 44 48
93 45 71
93 46 71
93 47 55
93 48 16
93 49 56
93 50 43
93 51 67
93 52 52
93 53 36
93 54 64
93 55 72
93 56 37
93 57 39
93 58 66
93 59 71
93 60 72
93 61 44
93 62 32
93 63 7
93 64 50
93 65 63
93 66 19
93 67 32
93 68 49
93 69 49
93 70 8
93 71 60
93 72 24
93 73 52
93 74 49
93 75 35
93 76 17
93 77 59
93 78 61
93 79 50
93 80 68
93 81 51
93 82 82
93 83 61
93 84 87
93 85 70
93 86 52
93 87 62
93 88 22
93 89 67
93 90 25
93 91 42
93 92 64
93 94 54
93 95 32
93 96 77
93 97 35
93 98 47
93 99 35
93 100 12
94 0 69
94 1 56
94 2 52
94 3 23
94 4 64
94 5 37
94 6 27
94 7 32
94 8 66
94 9 11
94 10 48
94 11 70
94 12 50
94 13 66
94 14 32
94 15 32
94 16 18
94 17 81
94 18 18
94 19 56
94 20 29
94 21 39
94 22 56
94 23 54
94 24 65
94 25 38
94 26 33
94 27 12
94 28 86
94 29 44
94 30 53
94 31 59
94 32 5
94 33 40
94 34 65
94 35 21
94 36 28
94 37 9
94 38 33
94 39 53
94 40 13
94 41 59
94 42 62
94 43 70
94 44 18
94 45 54
94 46 34
94 47 19
94 48 33
94 49 38
94 50 67
94 51 29
94 52 32
94 53 10
94 54 59
94 55 86
94 56 70
94 57 39
94 58 41
94 59 46
94 60 67
94 61 73
94 62 24
94 63 45
94 64 75
94 65 84
94 66 57
94 67 56
94 68 33
94 69 28
94 70 41
94 71 51
94 72 37
94 73 47
94 74 52
94 75 39
94 76 46
94 77 34
94 78 33
94 79 15
94 80 35
94 81 36
94 82 58
94 83 24
94 84 57
94 85 36
94 86 14
94 87 81
94 88 57
94 89 30
94 90 55
94 91 27
94 92 33
94 93 36
94 95 26
94 96 26
94 97 30
94 98 7
94 99 22
94 100 43
95 0 31
95 1 14
95 2 14
95 3 73
95 4 51
95 5 41
95 6 88
95 7 54
95 8 49
95 9 52
95 10 23
95 11 30
95 12 89
95 13 59
95 14 87
95 15 94
95 16 78
95 17 39
95 18 78
95 19 91
95 20 34
95 21 48
95 22 6
95 23 32
95 24 18
95 25 24
95 26 51
95 27 51
95 28 44
95 29 28
95 30 54
95 31 84
95 32 65
95 33 36
95 34 15
95 35 80
95 36 85
95 37 71
95 38 94
95 39 68
95 40 74
95 41 86
95 42 6
95 43 31
95 44 75
95 45 76
95 46 91
95 47 75
95 48 44
95 49 65
95 50 23
95 51 90
95 52 80
95 53 61
95 54 61
95 55 53
95 56 9
95 57 42
95 58 77
95 59 81
95 60 68
95 61 19
95 62 46
95 63 21
95 64 26
95 65 41
95 66 12
95 67 17
95 68 58
95 69 61
95 70 32
95 71 62
95 72 51
95 73 54
95 74 45
95 75 62
95 76 16
95 77 72
95 78 88
95 79 76
95 80 95
95 81 59
95 82 91
95 83 80
95 84 99
95 85 86
95 86 74
95 87 42
95 88 35
95 89 87
95 90 41
95 91 70
95 92 91
95 93 42
95 94 61
95 96 46
95 97 20
95 98 15
95 99 12
95 100 22
96 0 90
96 1 50
96 2 50
96 3 78
96 4 21
96 5 27
96 6 76
96 7 23
96 8 25
96 9 47
96 10 41
96 11 90
96 12 35
96 13 16
96 14 86
96 15 80
96 16 54
96 17 51
96 18 55
96 19 33
96 20 54
96 21 80
96 22 60
96 23 32
96 24 79
96 25 52
96 26 23
96 27 48
96 28 53
96 29 37
96 30 10
96 31 23
96 32 53
96 33 73
96 34 77
96 35 73
96 36 52
96 37 60
96 38 81
96 39 6
96 40 66
96 41 24
96 42 69
96 43 91
96 44 73
96 45 15
96 46 55
96 47 49
96 48 73
96 49 19
96 50 49
96 51 67
96 52 87
96 53 63
96 54 7
96 55 46
96 56 66
96 57 24
96 58 27
96 59 28
96 60 12
96 61 59
96 62 35
96 63 64
96 64 55
96 65 52
96 66 69
96 67 47
96 68 22
96 69 27
96 70 71
96 71 4
96 72 80
96 73 11
96 74 19
96 75 87
96 76 53
96 77 28
96 78 87
96 79 67
96 80 84
96 81 18
96 82 31
96 83 50
96 84 44
96 85 45
96 86 54
96 87 47
96 88 85
96 89 54
96 90 88
96 91 81
96 92 85
96 93 27
96 94 7
96 95 40
96 97 21
96 98 48
96 99 30
96 100 33
97 0 106
97 1 75
97 2 73
97 3 67
97 4 56
97 5 46
97 6 55
97 7 33
97 8 59
97 9 47
97 10 64
97 11 107
97 12 4
97 13 51
97 14 69
97 15 57
97 16 34
97 17 84
97 18 36
97 19 11
97 20 63
97 21 84
97 22 82
97 23 61
97 24 98
97 25 67
97 26 36
97 27 48
97 28 87
97 29 59
97 30 42
97 31 20
97 32 42
97 33 81
97 34 96
97 35 57
97 36 26
97 37 46
97 38 59
97 39 29
97 40 51
97 41 18
97 42 90
97 43 107
97 44 59
97 45 22
97 46 26
97 47 30
97 48 77
97 49 22
97 50 79
97 51 42
97 52 75
97 53 56
97 54 43
97 55 81
97 56 92
97 57 46
97 58 10
97 59 8
97 60 45
97 61 88
97 62 43
97 63 79
97 64 86
97 65 86
97 66 88
97 67 72
97 68 29
97 69 26
97 70 81
97 71 34
97 72 82
97 73 38
97 74 49
97 75 85
97 76 72
97 77 16
97 78 70
97 79 51
97 80 62
97 81 28
97 82 13
97 83 27
97 84 12
97 85 16
97 86 37
97 87 82
97 88 97
97 89 27
97 90 97
97 91 72
97 92 66
97 93 45
97 94 42
97 95 75
97 96 90
97 98 29
97 99 25
97 100 47
98 0 82
98 1 78
98 2 74
98 3 12
98 4 88
98 5 61
98 6 10
98 7 56
98 8 90
98 9 35
98 10 71
98 11 83
98 12 65
98 13 90
98 14 8
98 15 15
98 16 27
98 17 105
98 18 26
98 19 72
98 20 48
98 21 46
98 22 77
98 23 78
98 24 80
98 25 59
98 26 57
98 27 35
98 28 110
98 29 68
98 30 77
98 31 78
98 32 25
98 33 52
98 34 81
98 35 5
98 36 36
98 37 18
98 38 14
98 39 75
98 40 12
98 41 77
98 42 81
98 43 82
98 44 7
98 45 74
98 46 40
98 47 32
98 48 43
98 49 59
98 50 90
98 51 25
98 52 15
98 53 21
98 54 83
98 55 111
98 56 91
98 57 64
98 58 60
98 59 63
98 60 90
98 61 95
98 62 48
98 63 63
98 64 98
98 65 108
98 66 74
98 67 79
98 68 56
98 69 51
98 70 55
98 71 74
98 72 42
98 73 71
98 74 77
98 75 37
98 76 67
98 77 53
98 78 9
98 79 11
98 80 13
98 81 60
98 82 74
98 83 35
98 84 69
98 85 47
98 86 25
98 87 105
98 88 67
98 89 37
98 90 63
98 91 19
98 92 9
98 93 60
98 94 83
98 95 106
98 96 88
98 97 54
98 99 56
98 100 61
99 0 84
99 1 41
99 2 44
99 3 100
99 4 17
99 5 42
99 6 104
99 7 50
99 8 14
99 9 69
99 10 39
99 11 82
99 12 72
99 13 21
99 14 111
99 15 109
99 16 85
99 17 19
99 18 86
99 19 69
99 20 64
99 21 89
99 22 52
99 23 28
99 24 71
99 25 56
99 26 48
99 27 69
99 28 19
99 29 39
99 30 31
99 31 58
99 32 79
99 33 79
99 34 67
99 35 100
99 36 86
99 37 86
99 38 110
99 39 43
99 40 92
99 41 60
99 42 58
99 43 84
99 44 97
99 45 52
99 46 90
99 47 80
99 48 82
99 49 53
99 50 30
99 51 99
99 52 109
99 53 85
99 54 30
99 55 9
99 56 49
99 57 39
99 58 63
99 59 64
99 60 30
99 61 38
99 62 55
99 63 64
99 64 31
99 65 19
99 66 62
99 67 38
99 68 52
99 69 58
99 70 75
99 71 39
99 72 91
99 73 36
99 74 27
99 75 101
99 76 51
99 77 63
99 78 112
99 79 93
99 80 113
99 81 49
99 82 68
99 83 82
99 84 81
99 85 81
99 86 84
99 87 14
99 88 85
99 89 88
99 90 90
99 91 100
99 92 112
99 93 43
99 94 30
99 95 3
99 96 49
99 97 78
99 98 82
99 100 87
100 0 39
100 1 12
100 2 8
100 3 59
100 4 43
100 5 26
100 6 71
100 7 38
100 8 42
100 9 35
100 10 12
100 11 39
100 12 73
100 13 51
100 14 72
100 15 77
100 16 61
100 17 43
100 18 61
100 19 76
100 20 18
100 21 40
100 22 12
100 23 24
100 24 28
100 25 8
100 26 35
100 27 34
100 28 48
100 29 15
100 30 43
100 31 70
100 32 48
100 33 28
100 34 26
100 35 64
100 36 67
100 37 54
100 38 78
100 39 55
100 40 58
100 41 71
100 42 19
100 43 39
100 44 59
100 45 62
100 46 73
100 47 58
100 48 33
100 49 50
100 50 26
100 51 73
100 52 66
100 53 46
100 54 50
100 55 54
100 56 25
100 57 28
100 58 61
100 59 65
100 60 58
100 61 29
100 62 29
100 63 14
100 64 33
100 65 46
100 66 18
100 67 14
100 68 42
100 69 45
100 70 25
100 71 49
100 72 42
100 73 41
100 74 35
100 75 52
100 76 1
100 77 55
100 78 73
100 79 59
100 80 79
100 81 44
100 82 75
100 83 63
100 84 83
100 85 69
100 86 57
100 87 45
100 88 36
100 89 70
100 90 40
100 91 57
100 92 76
100 93 26
100 94 50
100 95 52
100 96 22
100 97 71
100 98 51
100 99 40