100 5
58
22
39
93
85
30
73
50
68
16
66
18
60
73
49
24
23
56
88
24
8
83
9
59
67
54
76
66
45
58
2
56
89
59
48
95
98
46
72
98
46
92
58
9
76
78
5
76
50
33
12
62
7
19
44
28
26
69
74
55
61
26
11
16
44
70
32
33
9
9
59
13
89
65
58
14
21
95
17
93
2
15
74
88
56
79
32
82
36
47
26
15
33
95
36
38
91
7
46
68
0 1 39
0 2 35
0 3 31
0 4 40
0 5 43
0 6 57
0 7 55
0 8 45
0 9 43
0 10 48
0 11 36
0 12 7
0 13 83
0 14 40
0 15 38
0 16 47
0 17 39
0 18 31
0 19 5
0 20 71
0 21 85
0 22 53
0 23 42
0 24 31
0 25 49
0 26 77
0 27 82
0 28 57
0 29 80
0 30 22
0 31 34
0 32 95
0 33 26
0 34 47
0 35 32
0 36 42
0 37 61
0 38 45
0 39 40
0 40 43
0 41 77
0 42 25
0 43 33
0 44 78
0 45 30
0 46 21
0 47 40
0 48 53
0 49 72
0 50 64
0 51 8
0 52 48
0 53 13
0 54 71
0 55 32
0 56 22
0 57 66
0 58 71
0 59 41
0 60 34
0 61 39
0 62 36
0 63 67
0 64 15
0 65 12
0 66 3
0 67 65
0 68 49
0 69 6
0 70 59
0 71 49
0 72 26
0 73 29
0 74 32
0 75 44
0 76 49
0 77 83
0 78 38
0 79 20
0 80 67
0 81 49
0 82 8
0 83 29
0 84 34
0 85 50
0 86 82
0 87 19
0 88 20
0 89 33
0 90 51
0 91 61
0 92 3
0 93 43
0 94 35
0 95 32
0 96 9
0 97 37
0 98 61
0 99 95
0 100 47
1 0 47
1 2 47
1 3 47
1 4 25
1 5 15
1 6 53
1 7 35
1 8 46
1 9 32
1 10 30
1 11 30
1 12 18
1 13 32
1 14 31
1 15 27
1 16 74
1 17 25
1 18 41
1 19 36
1 20 35
1 21 17
1 22 22
1 23 46
1 24 60
1 25 37
1 26 52
1 27 38
1 28 33
1 29 52
1 30 57
1 31 49
1 32 62
1 33 47
1 34 14
1 35 69
1 36 12
1 37 35
1 38 30
1 39 55
1 40 41
1 41 19
1 42 61
1 43 39
1 44 52
1 45 28
1 46 32
1 47 65
1 48 37
1 49 9
1 50 33
1 51 31
1 52 47
1 53 42
1 54 33
1 55 55
1 56 33
1 57 64
1 58 40
1 59 21
1 60 44
1 61 46
1 62 55
1 63 42
1 64 22
1 65 41
1 66 43
1 67 20
1 68 36
1 69 23
1 70 44
1 71 49
1 72 31
1 73 51
1 74 33
1 75 1
1 76 19
1 77 52
1 78 62
1 79 41
1 80 60
1 81 26
1 82 29
1 83 43
1 84 47
1 85 20
1 86 16
1 87 30
1 88 27
1 89 71
1 90 37
1 91 15
1 92 33
1 93 26
1 94 61
1 95 22
1 96 19
1 97 54
1 98 12
1 99 20
1 100 12
2 0 44
2 1 69
2 3 25
2 4 25
2 5 25
2 6 25
2 7 72
2 8 55
2 9 88
2 10 69
2 11 84
2 12 13
2 13 27
2 14 54
2 15 30
2 16 54
2 17 45
2 18 65
2 19 57
2 20 32
2 21 79
2 22 63
2 23 47
2 24 52
2 25 61
2 26 14
2 27 31
2 28 58
2 29 71
2 30 78
2 31 56
2 32 34
2 33 19
2 34 44
2 35 32
2 36 85
2 37 32
2 38 39
2 39 51
2 40 34
2 41 67
2 42 77
2 43 14
2 44 26
2 45 93
2 46 72
2 47 33
2 48 67
2 49 51
2 50 42
2 51 77
2 52 50
2 53 42
2 54 43
2 55 10
2 56 8
2 57 74
2 58 71
2 59 68
2 60 55
2 61 63
2 62 49
2 63 6
2 64 18
2 65 78
2 66 82
2 67 30
2 68 80
2 69 5
2 70 62
2 71 74
2 72 62
2 73 10
2 74 84
2 75 71
2 76 46
2 77 56
2 78 42
2 79 56
2 80 84
2 81 90
2 82 71
2 83 18
2 84 57
2 85 59
2 86 36
2 87 55
2 88 62
2 89 52
2 90 46
2 91 38
2 92 53
2 93 69
2 94 48
2 95 70
2 96 26
2 97 65
2 98 62
2 99 37
2 100 84
3 0 34
3 1 62
3 2 30
3 4 25
3 5 42
3 6 40
3 7 40
3 8 40
3 9 40
3 10 72
3 11 45
3 12 92
3 13 50
3 14 56
3 15 50
3 16 51
3 17 50
3 18 40
3 19 52
3 20 22
3 21 11
3 22 68
3 23 27
3 24 50
3 25 54
3 26 24
3 27 36
3 28 11
3 29 64
3 30 80
3 31 58
3 32 31
3 33 44
3 34 54
3 35 73
3 36 74
3 37 42
3 38 66
3 39 29
3 40 24
3 41 89
3 42 30
3 43 33
3 44 42
3 45 33
3 46 49
3 47 40
3 48 39
3 49 53
3 50 73
3 51 37
3 52 18
3 53 64
3 54 43
3 55 23
3 56 26
3 57 54
3 58 64
3 59 53
3 60 21
3 61 36
3 62 12
3 63 56
3 64 20
3 65 8
3 66 56
3 67 65
3 68 33
3 69 47
3 70 27
3 71 49
3 72 58
3 73 25
3 74 19
3 75 12
3 76 54
3 77 61
3 78 17
3 79 45
3 80 54
3 81 23
3 82 36
3 83 30
3 84 40
3 85 58
3 86 73
3 87 44
3 88 7
3 89 65
3 90 34
3 91 18
3 92 34
3 93 19
3 94 50
3 95 67
3 96 14
3 97 9
3 98 44
3 99 47
3 100 47
4 0 13
4 1 42
4 2 31
4 3 23
4 5 20
4 6 31
4 7 47
4 8 90
4 9 48
4 10 48
4 11 48
4 12 48
4 13 36
4 14 21
4 15 67
4 16 27
4 17 89
4 18 57
4 19 66
4 20 77
4 21 57
4 22 79
4 23 16
4 24 43
4 25 37
4 26 27
4 27 83
4 28 83
4 29 12
4 30 65
4 31 44
4 32 68
4 33 85
4 34 84
4 35 20
4 36 77
4 37 81
4 38 85
4 39 74
4 40 15
4 41 47
4 42 54
4 43 38
4 44 94
4 45 59
4 46 22
4 47 74
4 48 26
4 49 42
4 50 55
4 51 49
4 52 85
4 53 84
4 54 70
4 55 16
4 56 39
4 57 77
4 58 53
4 59 16
4 60 75
4 61 65
4 62 48
4 63 54
4 64 16
4 65 39
4 66 25
4 67 19
4 68 29
4 69 52
4 70 71
4 71 28
4 72 81
4 73 32
4 74 82
4 75 59
4 76 59
4 77 47
4 78 46
4 79 47
4 80 94
4 81 49
4 82 16
4 83 81
4 84 48
4 85 66
4 86 42
4 87 41
4 88 88
4 89 68
4 90 73
4 91 29
4 92 80
4 93 0
4 94 52
4 95 63
4 96 17
4 97 70
4 98 37
4 99 35
4 100 34
5 0 77
5 1 62
5 2 14
5 3 46
5 4 63
5 6 39
5 7 38
5 8 54
5 9 48
5 10 33
5 11 97
5 12 69
5 13 69
5 14 69
5 15 69
5 16 30
5 17 36
5 18 77
5 19 36
5 20 49
5 21 59
5 22 64
5 23 67
5 24 53
5 25 70
5 26 17
5 27 25
5 28 56
5 29 30
5 30 68
5 31 72
5 32 16
5 33 54
5 34 28
5 35 72
5 36 89
5 37 75
5 38 13
5 39 61
5 40 71
5 41 85
5 42 80
5 43 33
5 44 62
5 45 34
5 46 34
5 47 98
5 48 47
5 49 30
5 50 60
5 51 17
5 52 51
5 53 52
5 54 33
5 55 72
5 56 85
5 57 55
5 58 11
5 59 56
5 60 60
5 61 41
5 62 21
5 63 69
5 64 70
5 65 56
5 66 35
5 67 18
5 68 20
5 69 44
5 70 2
5 71 18
5 72 59
5 73 74
5 74 18
5 75 65
5 76 32
5 77 66
5 78 65
5 79 43
5 80 28
5 81 29
5 82 56
5 83 79
5 84 30
5 85 34
5 86 71
5 87 39
5 88 54
5 89 25
5 90 28
5 91 76
5 92 77
5 93 62
5 94 11
5 95 78
5 96 20
5 97 36
5 98 51
5 99 15
5 100 65
6 0 56
6 1 15
6 2 23
6 3 62
6 4 59
6 5 30
6 7 30
6 8 57
6 9 23
6 10 33
6 11 38
6 12 43
6 13 45
6 14 100
6 15 63
6 16 63
6 17 63
6 18 63
6 19 76
6 20 40
6 21 42
6 22 46
6 23 31
6 24 62
6 25 44
6 26 59
6 27 36
6 28 61
6 29 13
6 30 42
6 31 41
6 32 7
6 33 73
6 34 67
6 35 14
6 36 49
6 37 40
6 38 45
6 39 62
6 40 66
6 41 39
6 42 68
6 43 63
6 44 62
6 45 51
6 46 17
6 47 35
6 48 59
6 49 19
6 50 71
6 51 44
6 52 3
6 53 62
6 54 45
6 55 21
6 56 34
6 57 63
6 58 71
6 59 61
6 60 59
6 61 19
6 62 34
6 63 68
6 64 40
6 65 9
6 66 55
6 67 42
6 68 27
6 69 52
6 70 38
6 71 42
6 72 33
6 73 31
6 74 23
6 75 30
6 76 48
6 77 46
6 78 73
6 79 11
6 80 72
6 81 37
6 82 49
6 83 50
6 84 42
6 85 26
6 86 81
6 87 48
6 88 20
6 89 63
6 90 32
6 91 52
6 92 54
6 93 58
6 94 73
6 95 47
6 96 58
6 97 30
6 98 58
6 99 23
6 100 45
7 0 48
7 1 15
7 2 49
7 3 39
7 4 41
7 5 26
7 6 65
7 8 40
7 9 35
7 10 42
7 11 43
7 12 53
7 13 20
7 14 46
7 15 28
7 16 16
7 17 74
7 18 49
7 19 49
7 20 49
7 21 49
7 22 13
7 23 44
7 24 73
7 25 36
7 26 52
7 27 78
7 28 54
7 29 90
7 30 65
7 31 91
7 32 43
7 33 75
7 34 14
7 35 41
7 36 107
7 37 99
7 38 42
7 39 82
7 40 74
7 41 58
7 42 72
7 43 96
7 44 58
7 45 103
7 46 93
7 47 78
7 48 56
7 49 24
7 50 15
7 51 90
7 52 52
7 53 78
7 54 78
7 55 33
7 56 96
7 57 65
7 58 32
7 59 62
7 60 88
7 61 105
7 62 77
7 63 93
7 64 48
7 65 2
7 66 102
7 67 74
7 68 39
7 69 82
7 70 52
7 71 36
7 72 86
7 73 54
7 74 74
7 75 19
7 76 57
7 77 57
7 78 38
7 79 62
7 80 67
7 81 107
7 82 44
7 83 107
7 84 49
7 85 84
7 86 82
7 87 76
7 88 34
7 89 115
7 90 82
7 91 22
7 92 93
7 93 66
7 94 85
7 95 80
7 96 79
7 97 106
7 98 46
7 99 90
7 100 62
8 0 79
8 1 39
8 2 80
8 3 81
8 4 46
8 5 77
8 6 10
8 7 71
8 9 60
8 10 99
8 11 65
8 12 38
8 13 76
8 14 73
8 15 78
8 16 54
8 17 81
8 18 59
8 19 23
8 20 83
8 21 78
8 22 78
8 23 78
8 24 78
8 25 67
8 26 26
8 27 63
8 28 41
8 29 34
8 30 31
8 31 60
8 32 30
8 33 48
8 34 47
8 35 47
8 36 16
8 37 93
8 38 50
8 39 30
8 40 44
8 41 49
8 42 32
8 43 15
8 44 77
8 45 90
8 46 51
8 47 52
8 48 22
8 49 47
8 50 80
8 51 88
8 52 68
8 53 89
8 54 23
8 55 42
8 56 99
8 57 27
8 58 57
8 59 26
8 60 51
8 61 70
8 62 50
8 63 44
8 64 38
8 65 80
8 66 20
8 67 43
8 68 89
8 69 21
8 70 24
8 71 51
8 72 54
8 73 79
8 74 73
8 75 8
8 76 58
8 77 22
8 78 82
8 79 42
8 80 33
8 81 74
8 82 76
8 83 50
8 84 24
8 85 48
8 86 27
8 87 74
8 88 13
8 89 17
8 90 14
8 91 74
8 92 41
8 93 12
8 94 70
8 95 48
8 96 32
8 97 28
8 98 37
8 99 51
8 100 43
9 0 91
9 1 36
9 2 30
9 3 70
9 4 59
9 5 11
9 6 30
9 7 45
9 8 53
9 10 92
9 11 28
9 12 30
9 13 27
9 14 55
9 15 71
9 16 13
9 17 46
9 18 41
9 19 40
9 20 11
9 21 43
9 22 70
9 23 99
9 24 49
9 25 49
9 26 49
9 27 49
9 28 30
9 29 23
9 30 35
9 31 7
9 32 17
9 33 72
9 34 72
9 35 75
9 36 69
9 37 95
9 38 52
9 39 83
9 40 19
9 41 48
9 42 113
9 43 103
9 44 50
9 45 88
9 46 82
9 47 58
9 48 71
9 49 100
9 50 67
9 51 110
9 52 97
9 53 78
9 54 54
9 55 33
9 56 13
9 57 99
9 58 58
9 59 76
9 60 84
9 61 40
9 62 102
9 63 74
9 64 35
9 65 65
9 66 97
9 67 110
9 68 77
9 69 100
9 70 57
9 71 9
9 72 109
9 73 81
9 74 47
9 75 85
9 76 52
9 77 37
9 78 94
9 79 63
9 80 83
9 81 27
9 82 66
9 83 65
9 84 39
9 85 62
9 86 76
9 87 114
9 88 51
9 89 113
9 90 49
9 91 91
9 92 90
9 93 84
9 94 35
9 95 121
9 96 90
9 97 31
9 98 97
9 99 72
9 100 91
10 0 89
10 1 88
10 2 111
10 3 44
10 4 95
10 5 70
10 6 81
10 7 48
10 8 87
10 9 87
10 11 54
10 12 80
10 13 16
10 14 79
10 15 68
10 16 105
10 17 68
10 18 47
10 19 84
10 20 77
10 21 87
10 22 60
10 23 88
10 24 64
10 25 28
10 26 81
10 27 82
10 28 82
10 29 82
10 30 82
10 31 77
10 32 62
10 33 16
10 34 56
10 35 45
10 36 103
10 37 119
10 38 85
10 39 108
10 40 24
10 41 57
10 42 73
10 43 70
10 44 43
10 45 79
10 46 60
10 47 59
10 48 52
10 49 68
10 50 1
10 51 17
10 52 53
10 53 84
10 54 79
10 55 52
10 56 21
10 57 11
10 58 58
10 59 44
10 60 93
10 61 41
10 62 26
10 63 53
10 64 47
10 65 68
10 66 89
10 67 28
10 68 28
10 69 103
10 70 71
10 71 21
10 72 69
10 73 62
10 74 54
10 75 79
10 76 54
10 77 54
10 78 38
10 79 5
10 80 22
10 81 80
10 82 83
10 83 77
10 84 68
10 85 74
10 86 58
10 87 19
10 88 5
10 89 90
10 90 83
10 91 40
10 92 80
10 93 9
10 94 66
10 95 82
10 96 69
10 97 24
10 98 82
10 99 78
10 100 59
11 0 52
11 1 47
11 2 57
11 3 94
11 4 101
11 5 68
11 6 19
11 7 56
11 8 68
11 9 26
11 10 68
11 12 67
11 13 53
11 14 58
11 15 34
11 16 66
11 17 78
11 18 56
11 19 71
11 20 24
11 21 79
11 22 69
11 23 36
11 24 94
11 25 42
11 26 67
11 27 35
11 28 39
11 29 28
11 30 37
11 31 37
11 32 37
11 33 37
11 34 5
11 35 36
11 36 60
11 37 25
11 38 41
11 39 78
11 40 62
11 41 92
11 42 68
11 43 55
11 44 65
11 45 74
11 46 8
11 47 42
11 48 108
11 49 101
11 50 40
11 51 84
11 52 74
11 53 62
11 54 77
11 55 98
11 56 54
11 57 103
11 58 96
11 59 83
11 60 62
11 61 22
11 62 21
11 63 88
11 64 53
11 65 84
11 66 79
11 67 33
11 68 97
11 69 61
11 70 36
11 71 64
11 72 84
11 73 106
11 74 82
11 75 94
11 76 46
11 77 8
11 78 103
11 79 75
11 80 38
11 81 85
11 82 57
11 83 40
11 84 85
11 85 49
11 86 72
11 87 13
11 88 54
11 89 56
11 90 43
11 91 66
11 92 62
11 93 108
11 94 45
11 95 107
11 96 53
11 97 84
11 98 80
11 99 75
11 100 38
12 0 116
12 1 80
12 2 19
12 3 95
12 4 67
12 5 86
12 6 77
12 7 75
12 8 108
12 9 52
12 10 92
12 11 60
12 13 83
12 14 35
12 15 79
12 16 82
12 17 44
12 18 79
12 19 5
12 20 68
12 21 60
12 22 100
12 23 68
12 24 33
12 25 76
12 26 76
12 27 75
12 28 55
12 29 81
12 30 61
12 31 25
12 32 88
12 33 81
12 34 81
12 35 81
12 36 81
12 37 56
12 38 22
12 39 34
12 40 27
12 41 11
12 42 60
12 43 78
12 44 50
12 45 65
12 46 21
12 47 18
12 48 53
12 49 71
12 50 31
12 51 50
12 52 56
12 53 26
12 54 38
12 55 9
12 56 68
12 57 83
12 58 60
12 59 30
12 60 43
12 61 56
12 62 77
12 63 78
12 64 45
12 65 70
12 66 25
12 67 28
12 68 93
12 69 32
12 70 36
12 71 42
12 72 31
12 73 53
12 74 44
12 75 36
12 76 54
12 77 77
12 78 37
12 79 20
12 80 67
12 81 42
12 82 25
12 83 29
12 84 56
12 85 68
12 86 57
12 87 18
12 88 36
12 89 8
12 90 59
12 91 20
12 92 12
12 93 60
12 94 68
12 95 31
12 96 46
12 97 31
12 98 48
12 99 62
12 100 25
13 0 15
13 1 11
13 2 58
13 3 61
13 4 14
13 5 47
13 6 56
13 7 26
13 8 37
13 9 26
13 10 37
13 11 59
13 12 77
13 14 46
13 15 7
13 16 69
13 17 36
13 18 18
13 19 36
13 20 22
13 21 53
13 22 69
13 23 11
13 24 13
13 25 44
13 26 50
13 27 48
13 28 12
13 29 45
13 30 28
13 31 27
13 32 20
13 33 35
13 34 51
13 35 94
13 36 51
13 37 51
13 38 51
13 39 51
13 40 46
13 41 12
13 42 61
13 43 26
13 44 29
13 45 39
13 46 45
13 47 53
13 48 36
13 49 50
13 50 51
13 51 38
13 52 22
13 53 9
13 54 58
13 55 51
13 56 22
13 57 34
13 58 31
13 59 41
13 60 57
13 61 51
13 62 45
13 63 54
13 64 48
13 65 53
13 66 50
13 67 33
13 68 46
13 69 53
13 70 3
13 71 66
13 72 29
13 73 18
13 74 47
13 75 49
13 76 26
13 77 21
13 78 62
13 79 56
13 80 53
13 81 44
13 82 23
13 83 48
13 84 54
13 85 25
13 86 18
13 87 41
13 88 40
13 89 29
13 90 43
13 91 46
13 92 37
13 93 48
13 94 34
13 95 17
13 96 32
13 97 42
13 98 50
13 99 59
13 100 5
14 0 58
14 1 34
14 2 36
14 3 43
14 4 32
14 5 30
14 6 66
14 7 40
14 8 35
14 9 47
14 10 17
14 11 36
14 12 53
14 13 60
14 15 58
14 16 49
14 17 42
14 18 27
14 19 47
14 20 34
14 21 33
14 22 32
14 23 19
14 24 35
14 25 54
14 26 37
14 27 16
14 28 50
14 29 28
14 30 48
14 31 32
14 32 29
14 33 53
14 34 5
14 35 34
14 36 13
14 37 28
14 38 68
14 39 35
14 40 35
14 41 35
14 42 35
14 43 73
14 44 35
14 45 46
14 46 44
14 47 29
14 48 54
14 49 83
14 50 35
14 51 65
14 52 34
14 53 23
14 54 69
14 55 62
14 56 58
14 57 34
14 58 48
14 59 47
14 60 35
14 61 14
14 62 79
14 63 92
14 64 55
14 65 48
14 66 27
14 67 51
14 68 83
14 69 90
14 70 66
14 71 89
14 72 18
14 73 42
14 74 102
14 75 31
14 76 56
14 77 31
14 78 46
14 79 70
14 80 52
14 81 39
14 82 42
14 83 83
14 84 25
14 85 41
14 86 87
14 87 26
14 88 26
14 89 49
14 90 57
14 91 80
14 92 73
14 93 3
14 94 54
14 95 18
14 96 80
14 97 39
14 98 31
14 99 75
14 100 78
15 0 45
15 1 29
15 2 48
15 3 32
15 4 75
15 5 17
15 6 12
15 7 12
15 8 74
15 9 46
15 10 8
15 11 68
15 12 52
15 13 34
15 14 32
15 16 33
15 17 46
15 18 48
15 19 92
15 20 40
15 21 28
15 22 73
15 23 56
15 24 13
15 25 33
15 26 43
15 27 56
15 28 90
15 29 24
15 30 29
15 31 32
15 32 58
15 33 68
15 34 12
15 35 49
15 36 36
15 37 40
15 38 14
15 39 45
15 40 70
15 41 101
15 42 52
15 43 52
15 44 52
15 45 52
15 46 77
15 47 37
15 48 73
15 49 52
15 50 45
15 51 23
15 52 60
15 53 22
15 54 37
15 55 61
15 56 53
15 57 69
15 58 51
15 59 48
15 60 20
15 61 83
15 62 21
15 63 65
15 64 38
15 65 80
15 66 97
15 67 86
15 68 4
15 69 72
15 70 82
15 71 94
15 72 86
15 73 32
15 74 63
15 75 41
15 76 43
15 77 105
15 78 59
15 79 34
15 80 71
15 81 10
15 82 56
15 83 62
15 84 33
15 85 83
15 86 94
15 87 66
15 88 18
15 89 55
15 90 71
15 91 52
15 92 26
15 93 79
15 94 77
15 95 62
15 96 44
15 97 7
15 98 30
15 99 40
15 100 9
16 0 28
16 1 65
16 2 81
16 3 12
16 4 75
16 5 40
16 6 77
16 7 71
16 8 54
16 9 36
16 10 40
16 11 61
16 12 90
16 13 40
16 14 33
16 15 82
16 17 50
16 18 65
16 19 27
16 20 24
16 21 87
16 22 82
16 23 73
16 24 23
16 25 88
16 26 17
16 27 47
16 28 63
16 29 22
16 30 75
16 31 53
16 32 24
16 33 34
16 34 73
16 35 69
16 36 22
16 37 40
16 38 68
16 39 23
16 40 43
16 41 49
16 42 53
16 43 48
16 44 108
16 45 74
16 46 74
16 47 74
16 48 74
16 49 60
16 50 32
16 51 81
16 52 46
16 53 49
16 54 23
16 55 31
16 56 51
16 57 16
16 58 69
16 59 68
16 60 51
16 61 26
16 62 26
16 63 23
16 64 21
16 65 26
16 66 78
16 67 55
16 68 81
16 69 98
16 70 97
16 71 21
16 72 89
16 73 94
16 74 98
16 75 85
16 76 24
16 77 53
16 78 60
16 79 51
16 80 106
16 81 72
16 82 34
16 83 86
16 84 26
16 85 54
16 86 69
16 87 50
16 88 98
16 89 97
16 90 81
16 91 29
16 92 43
16 93 88
16 94 66
16 95 30
16 96 89
16 97 77
16 98 60
16 99 63
16 100 14
17 0 48
17 1 24
17 2 27
17 3 41
17 4 63
17 5 83
17 6 28
17 7 92
17 8 45
17 9 94
17 10 71
17 11 70
17 12 55
17 13 56
17 14 58
17 15 105
17 16 58
17 18 23
17 19 94
17 20 61
17 21 78
17 22 45
17 23 39
17 24 101
17 25 78
17 26 86
17 27 39
17 28 94
17 29 14
17 30 63
17 31 76
17 32 30
17 33 83
17 34 37
17 35 42
17 36 47
17 37 89
17 38 75
17 39 4
17 40 57
17 41 77
17 42 41
17 43 52
17 44 65
17 45 61
17 46 43
17 47 109
17 48 83
17 49 83
17 50 83
17 51 83
17 52 65
17 53 55
17 54 6
17 55 46
17 56 38
17 57 98
17 58 110
17 59 85
17 60 102
17 61 18
17 62 28
17 63 67
17 64 80
17 65 75
17 66 66
17 67 70
17 68 91
17 69 45
17 70 33
17 71 49
17 72 66
17 73 63
17 74 34
17 75 62
17 76 60
17 77 64
17 78 56
17 79 21
17 80 42
17 81 52
17 82 16
17 83 75
17 84 40
17 85 9
17 86 57
17 87 40
17 88 27
17 89 33
17 90 56
17 91 67
17 92 63
17 93 53
17 94 13
17 95 40
17 96 62
17 97 35
17 98 6
17 99 53
17 100 47
18 0 32
18 1 45
18 2 35
18 3 35
18 4 37
18 5 25
18 6 16
18 7 36
18 8 51
18 9 41
18 10 67
18 11 10
18 12 67
18 13 41
18 14 43
18 15 42
18 16 35
18 17 32
18 19 76
18 20 41
18 21 24
18 22 60
18 23 28
18 24 47
18 25 47
18 26 52
18 27 69
18 28 53
18 29 54
18 30 23
18 31 59
18 32 22
18 33 38
18 34 43
18 35 9
18 36 48
18 37 45
18 38 34
18 39 19
18 40 59
18 41 40
18 42 35
18 43 35
18 44 42
18 45 47
18 46 17
18 47 39
18 48 26
18 49 23
18 50 77
18 51 48
18 52 48
18 53 48
18 54 48
18 55 89
18 56 47
18 57 76
18 58 62
18 59 52
18 60 33
18 61 73
18 62 8
18 63 50
18 64 64
18 65 54
18 66 82
18 67 65
18 68 62
18 69 32
18 70 28
18 71 10
18 72 76
18 73 67
18 74 73
18 75 89
18 76 100
18 77 40
18 78 99
18 79 97
18 80 92
18 81 74
18 82 17
18 83 37
18 84 77
18 85 53
18 86 96
18 87 78
18 88 32
18 89 94
18 90 46
18 91 44
18 92 68
18 93 70
18 94 105
18 95 91
18 96 90
18 97 38
18 98 25
18 99 98
18 100 72
19 0 33
19 1 89
19 2 68
19 3 50
19 4 76
19 5 34
19 6 62
19 7 5
19 8 42
19 9 50
19 10 53
19 11 76
19 12 48
19 13 103
19 14 46
19 15 103
19 16 63
19 17 80
19 18 70
19 20 68
19 21 48
19 22 114
19 23 72
19 24 15
19 25 97
19 26 66
19 27 85
19 28 64
19 29 60
19 30 107
19 31 66
19 32 91
19 33 51
19 34 90
19 35 23
19 36 74
19 37 81
19 38 38
19 39 83
19 40 17
19 41 58
19 42 55
19 43 97
19 44 73
19 45 16
19 46 69
19 47 78
19 48 61
19 49 54
19 50 75
19 51 62
19 52 33
19 53 100
19 54 84
19 55 84
19 56 84
19 57 84
19 58 43
19 59 24
19 60 72
19 61 33
19 62 41
19 63 40
19 64 33
19 65 63
19 66 30
19 67 62
19 68 64
19 69 34
19 70 10
19 71 9
19 72 25
19 73 27
19 74 59
19 75 63
19 76 15
19 77 74
19 78 84
19 79 38
19 80 66
19 81 7
19 82 35
19 83 73
19 84 86
19 85 76
19 86 94
19 87 38
19 88 45
19 89 93
19 90 22
19 91 64
19 92 12
19 93 65
19 94 73
19 95 47
19 96 59
19 97 22
19 98 73
19 99 7
19 100 54
20 0 95
20 1 6
20 2 23
20 3 59
20 4 45
20 5 77
20 6 74
20 7 23
20 8 71
20 9 36
20 10 91
20 11 55
20 12 42
20 13 75
20 14 72
20 15 65
20 16 11
20 17 52
20 18 12
20 19 72
20 21 12
20 22 32
20 23 25
20 24 75
20 25 26
20 26 27
20 27 79
20 28 36
20 29 32
20 30 19
20 31 53
20 32 66
20 33 28
20 34 90
20 35 24
20 36 43
20 37 62
20 38 70
20 39 18
20 40 22
20 41 54
20 42 45
20 43 100
20 44 43
20 45 37
20 46 12
20 47 51
20 48 83
20 49 24
20 50 39
20 51 56
20 52 43
20 53 17
20 54 43
20 55 75
20 56 92
20 57 41
20 58 41
20 59 41
20 60 41
20 61 22
20 62 23
20 63 43
20 64 8
20 65 23
20 66 70
20 67 66
20 68 78
20 69 65
20 70 37
20 71 47
20 72 20
20 73 34
20 74 30
20 75 40
20 76 45
20 77 78
20 78 31
20 79 31
20 80 48
20 81 82
20 82 35
20 83 70
20 84 5
20 85 31
20 86 71
20 87 85
20 88 79
20 89 95
20 90 43
20 91 47
20 92 91
20 93 22
20 94 66
20 95 8
20 96 70
20 97 73
20 98 47
20 99 64
20 100 18
21 0 71
21 1 5
21 2 57
21 3 97
21 4 5
21 5 24
21 6 62
21 7 42
21 8 76
21 9 74
21 10 28
21 11 75
21 12 41
21 13 94
21 14 59
21 15 45
21 16 75
21 17 71
21 18 69
21 19 9
21 20 54
21 22 9
21 23 72
21 24 15
21 25 37
21 26 29
21 27 76
21 28 21
21 29 31
21 30 81
21 31 32
21 32 33
21 33 17
21 34 58
21 35 71
21 36 24
21 37 90
21 38 21
21 39 46
21 40 59
21 41 73
21 42 22
21 43 21
21 44 57
21 45 43
21 46 103
21 47 47
21 48 40
21 49 7
21 50 50
21 51 87
21 52 28
21 53 38
21 54 61
21 55 44
21 56 20
21 57 43
21 58 77
21 59 89
21 60 39
21 61 39
21 62 39
21 63 39
21 64 14
21 65 41
21 66 50
21 67 26
21 68 40
21 69 87
21 70 76
21 71 96
21 72 80
21 73 48
21 74 60
21 75 20
21 76 45
21 77 42
21 78 58
21 79 63
21 80 96
21 81 37
21 82 41
21 83 64
21 84 33
21 85 31
21 86 83
21 87 60
21 88 31
21 89 16
21 90 32
21 91 66
21 92 62
21 93 82
21 94 37
21 95 35
21 96 37
21 97 52
21 98 48
21 99 87
21 100 41
22 0 18
22 1 97
22 2 50
22 3 16
22 4 51
22 5 62
22 6 70
22 7 60
22 8 41
22 9 56
22 10 16
22 11 26
22 12 37
22 13 68
22 14 85
22 15 69
22 16 79
22 17 73
22 18 54
22 19 35
22 20 17
22 21 88
22 23 64
22 24 41
22 25 61
22 26 26
22 27 51
22 28 72
22 29 58
22 30 39
22 31 61
22 32 67
22 33 68
22 34 30
22 35 35
22 36 39
22 37 88
22 38 97
22 39 47
22 40 41
22 41 36
22 42 63
22 43 8
22 44 72
22 45 54
22 46 36
22 47 58
22 48 13
22 49 81
22 50 72
22 51 49
22 52 51
22 53 11
22 54 85
22 55 58
22 56 19
22 57 89
22 58 37
22 59 54
22 60 27
22 61 51
22 62 34
22 63 17
22 64 17
22 65 17
22 66 17
22 67 24
22 68 53
22 69 84
22 70 47
22 71 63
22 72 81
22 73 52
22 74 104
22 75 67
22 76 79
22 77 88
22 78 21
22 79 32
22 80 34
22 81 64
22 82 68
22 83 101
22 84 71
22 85 28
22 86 87
22 87 28
22 88 26
22 89 82
22 90 38
22 91 6
22 92 38
22 93 57
22 94 75
22 95 80
22 96 69
22 97 40
22 98 58
22 99 23
22 100 60
23 0 26
23 1 84
23 2 57
23 3 26
23 4 88
23 5 25
23 6 38
23 7 30
23 8 62
23 9 86
23 10 38
23 11 29
23 12 61
23 13 9
23 14 50
23 15 55
23 16 54
23 17 85
23 18 60
23 19 90
23 20 70
23 21 51
23 22 55
23 24 42
23 25 84
23 26 41
23 27 47
23 28 38
23 29 48
23 30 35
23 31 60
23 32 47
23 33 57
23 34 36
23 35 54
23 36 78
23 37 5
23 38 29
23 39 20
23 40 79
23 41 91
23 42 22
23 43 64
23 44 13
23 45 58
23 46 26
23 47 77
23 48 41
23 49 19
23 50 60
23 51 13
23 52 95
23 53 64
23 54 45
23 55 28
23 56 24
23 57 90
23 58 46
23 59 15
23 60 81
23 61 39
23 62 39
23 63 30
23 64 65
23 65 56
23 66 10
23 67 10
23 68 10
23 69 10
23 70 93
23 71 53
23 72 83
23 73 68
23 74 59
23 75 30
23 76 73
23 77 8
23 78 49
23 79 70
23 80 60
23 81 86
23 82 68
23 83 65
23 84 37
23 85 32
23 86 3
23 87 82
23 88 72
23 89 47
23 90 72
23 91 104
23 92 35
23 93 31
23 94 43
23 95 69
23 96 74
23 97 53
23 98 73
23 99 30
23 100 26
24 0 86
24 1 19
24 2 42
24 3 29
24 4 45
24 5 54
24 6 37
24 7 46
24 8 41
24 9 69
24 10 23
24 11 30
24 12 73
24 13 30
24 14 13
24 15 36
24 16 45
24 17 64
24 18 57
24 19 16
24 20 49
24 21 18
24 22 68
24 23 33
24 25 18
24 26 59
24 27 63
24 28 44
24 29 35
24 30 32
24 31 36
24 32 59
24 33 12
24 34 20
24 35 6
24 36 58
24 37 48
24 38 14
24 39 56
24 40 43
24 41 18
24 42 24
24 43 38
24 44 49
24 45 45
24 46 76
24 47 33
24 48 20
24 49 59
24 50 46
24 51 6
24 52 23
24 53 30
24 54 43
24 55 77
24 56 23
24 57 14
24 58 31
24 59 43
24 60 60
24 61 5
24 62 35
24 63 40
24 64 24
24 65 7
24 66 29
24 67 55
24 68 86
24 69 40
24 70 40
24 71 40
24 72 40
24 73 37
24 74 48
24 75 89
24 76 49
24 77 62
24 78 64
24 79 30
24 80 91
24 81 47
24 82 81
24 83 87
24 84 30
24 85 20
24 86 23
24 87 53
24 88 56
24 89 87
24 90 78
24 91 18
24 92 83
24 93 24
24 94 44
24 95 51
24 96 90
24 97 25
24 98 65
24 99 80
24 100 79
25 0 93
25 1 48
25 2 45
25 3 86
25 4 19
25 5 65
25 6 2
25 7 73
25 8 71
25 9 43
25 10 69
25 11 13
25 12 66
25 13 5
25 14 58
25 15 96
25 16 10
25 17 23
25 18 62
25 19 36
25 20 72
25 21 71
25 22 33
25 23 78
25 24 44
25 26 94
25 27 61
25 28 46
25 29 72
25 30 66
25 31 72
25 32 14
25 33 53
25 34 11
25 35 68
25 36 17
25 37 41
25 38 32
25 39 73
25 40 19
25 41 35
25 42 81
25 43 26
25 44 31
25 45 13
25 46 62
25 47 75
25 48 18
25 49 86
25 50 15
25 51 48
25 52 54
25 53 74
25 54 24
25 55 17
25 56 58
25 57 38
25 58 102
25 59 50
25 60 40
25 61 2
25 62 45
25 63 88
25 64 31
25 65 33
25 66 65
25 67 43
25 68 22
25 69 40
25 70 75
25 71 84
25 72 34
25 73 34
25 74 34
25 75 34
25 76 74
25 77 50
25 78 19
25 79 47
25 80 33
25 81 86
25 82 106
25 83 67
25 84 93
25 85 16
25 86 11
25 87 73
25 88 78
25 89 73
25 90 56
25 91 59
25 92 73
25 93 29
25 94 78
25 95 23
25 96 71
25 97 80
25 98 65
25 99 22
25 100 61
26 0 14
26 1 22
26 2 62
26 3 54
26 4 87
26 5 38
26 6 29
26 7 44
26 8 49
26 9 57
26 10 88
26 11 34
26 12 21
26 13 100
26 14 59
26 15 14
26 16 59
26 17 62
26 18 63
26 19 69
26 20 46
26 21 55
26 22 25
26 23 17
26 24 30
26 25 73
26 27 84
26 28 72
26 29 74
26 30 73
26 31 55
26 32 27
26 33 8
26 34 89
26 35 73
26 36 39
26 37 70
26 38 17
26 39 58
26 40 77
26 41 63
26 42 32
26 43 71
26 44 72
26 45 64
26 46 39
26 47 40
26 48 47
26 49 91
26 50 99
26 51 57
26 52 31
26 53 45
26 54 65
26 55 14
26 56 70
26 57 60
26 58 43
26 59 57
26 60 22
26 61 74
26 62 75
26 63 52
26 64 60
26 65 15
26 66 82
26 67 63
26 68 26
26 69 91
26 70 39
26 71 59
26 72 30
26 73 45
26 74 29
26 75 26
26 76 26
26 77 26
26 78 26
26 79 22
26 80 59
26 81 84
26 82 50
26 83 66
26 84 91
26 85 63
26 86 112
26 87 78
26 88 80
26 89 90
26 90 24
26 91 42
26 92 43
26 93 72
26 94 76
26 95 109
26 96 71
26 97 37
26 98 91
26 99 36
26 100 19
27 0 73
27 1 98
27 2 103
27 3 108
27 4 90
27 5 88
27 6 103
27 7 51
27 8 55
27 9 94
27 10 29
27 11 75
27 12 12
27 13 79
27 14 81
27 15 53
27 16 73
27 17 13
27 18 74
27 19 14
27 20 67
27 21 106
27 22 8
27 23 33
27 24 71
27 25 44
27 26 81
27 28 82
27 29 37
27 30 85
27 31 50
27 32 104
27 33 69
27 34 55
27 35 82
27 36 75
27 37 79
27 38 7
27 39 63
27 40 3
27 41 78
27 42 25
27 43 46
27 44 39
27 45 83
27 46 12
27 47 41
27 48 91
27 49 32
27 50 41
27 51 23
27 52 67
27 53 80
27 54 19
27 55 96
27 56 23
27 57 56
27 58 62
27 59 83
27 60 32
27 61 28
27 62 67
27 63 46
27 64 112
27 65 57
27 66 49
27 67 9
27 68 55
27 69 97
27 70 38
27 71 43
27 72 70
27 73 53
27 74 30
27 75 50
27 76 85
27 77 92
27 78 43
27 79 43
27 80 43
27 81 43
27 82 61
27 83 29
27 84 76
27 85 44
27 86 44
27 87 22
27 88 38
27 89 45
27 90 20
27 91 64
27 92 62
27 93 53
27 94 30
27 95 29
27 96 17
27 97 15
27 98 40
27 99 70
27 100 35
28 0 52
28 1 36
28 2 72
28 3 8
28 4 58
28 5 37
28 6 40
28 7 28
28 8 53
28 9 33
28 10 98
28 11 45
28 12 31
28 13 62
28 14 45
28 15 78
28 16 89
28 17 23
28 18 37
28 19 105
28 20 82
28 21 33
28 22 79
28 23 63
28 24 45
28 25 89
28 26 62
28 27 53
28 29 50
28 30 9
28 31 17
28 32 86
28 33 81
28 34 81
28 35 61
28 36 75
28 37 61
28 38 14
28 39 19
28 40 90
28 41 93
28 42 42
28 43 91
28 44 12
28 45 74
28 46 87
28 47 75
28 48 18
28 49 94
28 50 84
28 51 54
28 52 64
28 53 54
28 54 67
28 55 96
28 56 101
28 57 81
28 58 6
28 59 67
28 60 71
28 61 39
28 62 65
28 63 74
28 64 63
28 65 58
28 66 46
28 67 57
28 68 81
28 69 60
28 70 81
28 71 35
28 72 74
28 73 75
28 74 47
28 75 96
28 76 47
28 77 74
28 78 42
28 79 33
28 80 35
28 81 49
28 82 49
28 83 49
28 84 49
28 85 21
28 86 54
28 87 82
28 88 47
28 89 63
28 90 85
28 91 56
28 92 106
28 93 71
28 94 78
28 95 87
28 96 20
28 97 35
28 98 36
28 99 66
28 100 70
29 0 103
29 1 70
29 2 30
29 3 87
29 4 30
29 5 22
29 6 66
29 7 94
29 8 97
29 9 102
29 10 37
29 11 75
29 12 60
29 13 80
29 14 35
29 15 37
29 16 35
29 17 50
29 18 47
29 19 85
29 20 39
29 21 16
29 22 95
29 23 49
29 24 18
29 25 50
29 26 59
29 27 68
29 28 59
29 30 39
29 31 54
29 32 15
29 33 26
29 34 35
29 35 66
29 36 83
29 37 67
29 38 78
29 39 70
29 40 51
29 41 34
29 42 18
29 43 86
29 44 63
29 45 38
29 46 60
29 47 25
29 48 49
29 49 70
29 50 56
29 51 38
29 52 60
29 53 65
29 54 66
29 55 29
29 56 33
29 57 38
29 58 86
29 59 95
29 60 46
29 61 40
29 62 35
29 63 61
29 64 10
29 65 70
29 66 53
29 67 34
29 68 56
29 69 12
29 70 79
29 71 70
29 72 47
29 73 50
29 74 9
29 75 83
29 76 56
29 77 17
29 78 87
29 79 35
29 80 52
29 81 25
29 82 49
29 83 36
29 84 16
29 85 16
29 86 16
29 87 16
29 88 40
29 89 47
29 90 90
29 91 49
29 92 62
29 93 61
29 94 27
29 95 89
29 96 44
29 97 82
29 98 87
29 99 33
29 100 18
30 0 23
30 1 52
30 2 54
30 3 84
30 4 79
30 5 17
30 6 82
30 7 24
30 8 47
30 9 48
30 10 89
30 11 80
30 12 84
30 13 21
30 14 55
30 15 65
30 16 33
30 17 47
30 18 98
30 19 26
30 20 65
30 21 18
30 22 63
30 23 75
30 24 51
30 25 55
30 26 27
30 27 78
30 28 12
30 29 53
30 31 96
30 32 9
30 33 26
30 34 60
30 35 50
30 36 81
30 37 77
30 38 20
30 39 69
30 40 34
30 41 91
30 42 54
30 43 42
30 44 78
30 45 77
30 46 62
30 47 13
30 48 54
30 49 15
30 50 76
30 51 14
30 52 29
30 53 24
30 54 78
30 55 29
30 56 24
30 57 79
30 58 41
30 59 35
30 60 24
30 61 49
30 62 62
30 63 34
30 64 94
30 65 30
30 66 41
30 67 67
30 68 70
30 69 18
30 70 27
30 71 54
30 72 50
30 73 101
30 74 40
30 75 38
30 76 17
30 77 55
30 78 82
30 79 23
30 80 44
30 81 53
30 82 45
30 83 17
30 84 46
30 85 77
30 86 97
30 87 46
30 88 46
30 89 46
30 90 46
30 91 77
30 92 59
30 93 16
30 94 54
30 95 42
30 96 98
30 97 115
30 98 79
30 99 104
30 100 21
31 0 22
31 1 78
31 2 86
31 3 82
31 4 67
31 5 70
31 6 86
31 7 29
31 8 86
31 9 35
31 10 78
31 11 83
31 12 76
31 13 34
31 14 73
31 15 80
31 16 83
31 17 81
31 18 50
31 19 36
31 20 52
31 21 73
31 22 78
31 23 34
31 24 96
31 25 70
31 26 29
31 27 60
31 28 92
31 29 104
31 30 73
31 32 94
31 33 52
31 34 5
31 35 103
31 36 75
31 37 42
31 38 80
31 39 47
31 40 32
31 41 88
31 42 59
31 43 77
31 44 25
31 45 61
31 46 59
31 47 34
31 48 57
31 49 71
31 50 108
31 51 45
31 52 107
31 53 44
31 54 85
31 55 85
31 56 78
31 57 30
31 58 115
31 59 84
31 60 27
31 61 91
31 62 66
31 63 85
31 64 85
31 65 84
31 66 105
31 67 40
31 68 89
31 69 65
31 70 76
31 71 43
31 72 81
31 73 81
31 74 49
31 75 74
31 76 16
31 77 74
31 78 62
31 79 99
31 80 63
31 81 44
31 82 78
31 83 71
31 84 82
31 85 54
31 86 82
31 87 58
31 88 22
31 89 77
31 90 76
31 91 76
31 92 76
31 93 76
31 94 58
31 95 61
31 96 107
31 97 66
31 98 77
31 99 61
31 100 17
32 0 94
32 1 41
32 2 98
32 3 102
32 4 51
32 5 33
32 6 37
32 7 62
32 8 63
32 9 88
32 10 96
32 11 34
32 12 95
32 13 42
32 14 64
32 15 56
32 16 102
32 17 87
32 18 89
32 19 36
32 20 60
32 21 77
32 22 90
32 23 63
32 24 72
32 25 4
32 26 51
32 27 15
32 28 66
32 29 54
32 30 27
32 31 68
32 33 23
32 34 53
32 35 15
32 36 47
32 37 80
32 38 25
32 39 10
32 40 48
32 41 25
32 42 56
32 43 55
32 44 34
32 45 68
32 46 40
32 47 80
32 48 53
32 49 34
32 50 56
32 51 51
32 52 66
32 53 29
32 54 37
32 55 27
32 56 52
32 57 15
32 58 40
32 59 27
32 60 57
32 61 34
32 62 34
32 63 67
32 64 21
32 65 16
32 66 4
32 67 59
32 68 71
32 69 26
32 70 69
32 71 11
32 72 40
32 73 42
32 74 62
32 75 21
32 76 1
32 77 45
32 78 24
32 79 87
32 80 45
32 81 28
32 82 18
32 83 30
32 84 76
32 85 26
32 86 18
32 87 62
32 88 27
32 89 19
32 90 24
32 91 59
32 92 71
32 93 21
32 94 21
32 95 21
32 96 21
32 97 84
32 98 43
32 99 73
32 100 58
33 0 48
33 1 31
33 2 70
33 3 13
33 4 47
33 5 60
33 6 51
33 7 77
33 8 60
33 9 57
33 10 28
33 11 23
33 12 14
33 13 72
33 14 64
33 15 38
33 16 63
33 17 94
33 18 28
33 19 40
33 20 4
33 21 9
33 22 58
33 23 22
33 24 29
33 25 39
33 26 19
33 27 70
33 28 69
33 29 36
33 30 86
33 31 79
33 32 18
33 34 46
33 35 99
33 36 93
33 37 53
33 38 86
33 39 55
33 40 25
33 41 95
33 42 67
33 43 45
33 44 64
33 45 27
33 46 17
33 47 87
33 48 70
33 49 78
33 50 43
33 51 67
33 52 58
33 53 17
33 54 37
33 55 80
33 56 100
33 57 40
33 58 99
33 59 25
33 60 79
33 61 85
33 62 75
33 63 15
33 64 104
33 65 83
33 66 39
33 67 77
33 68 58
33 69 75
33 70 90
33 71 93
33 72 92
33 73 19
33 74 78
33 75 67
33 76 57
33 77 53
33 78 77
33 79 71
33 80 51
33 81 59
33 82 37
33 83 77
33 84 59
33 85 90
33 86 47
33 87 59
33 88 76
33 89 58
33 90 89
33 91 48
33 92 77
33 93 48
33 94 21
33 95 56
33 96 62
33 97 62
33 98 62
33 99 62
33 100 75
34 0 36
34 1 45
34 2 45
34 3 30
34 4 56
34 5 85
34 6 36
34 7 67
34 8 34
34 9 22
34 10 70
34 11 64
34 12 60
34 13 32
34 14 33
34 15 42
34 16 48
34 17 66
34 18 9
34 19 61
34 20 84
34 21 40
34 22 12
34 23 29
34 24 36
34 25 61
34 26 42
34 27 17
34 28 13
34 29 37
34 30 87
34 31 77
34 32 69
34 33 18
34 35 66
34 36 78
34 37 54
34 38 57
34 39 26
34 40 80
34 41 13
34 42 57
34 43 100
34 44 7
34 45 29
34 46 63
34 47 51
34 48 83
34 49 80
34 50 23
34 51 73
34 52 37
34 53 95
34 54 57
34 55 45
34 56 81
34 57 79
34 58 65
34 59 9
34 60 58
34 61 13
34 62 79
34 63 17
34 64 32
34 65 27
34 66 81
34 67 27
34 68 27
34 69 83
34 70 42
34 71 38
34 72 25
34 73 52
34 74 65
34 75 33
34 76 96
34 77 30
34 78 45
34 79 68
34 80 73
34 81 22
34 82 29
34 83 58
34 84 51
34 85 105
34 86 43
34 87 41
34 88 17
34 89 57
34 90 86
34 91 27
34 92 46
34 93 56
34 94 48
34 95 20
34 96 49
34 97 81
34 98 98
34 99 48
34 100 48
35 0 48
35 1 48
35 2 27
35 3 47
35 4 41
35 5 31
35 6 40
35 7 95
35 8 88
35 9 99
35 10 90
35 11 42
35 12 56
35 13 33
35 14 56
35 15 53
35 16 64
35 17 69
35 18 100
35 19 28
35 20 53
35 21 62
35 22 45
35 23 28
35 24 70
35 25 68
35 26 90
35 27 97
35 28 54
35 29 80
35 30 59
35 31 57
35 32 78
35 33 96
35 34 69
35 36 70
35 37 49
35 38 92
35 39 46
35 40 23
35 41 101
35 42 48
35 43 15
35 44 52
35 45 67
35 46 76
35 47 61
35 48 43
35 49 62
35 50 15
35 51 31
35 52 42
35 53 71
35 54 90
35 55 73
35 56 85
35 57 77
35 58 58
35 59 40
35 60 21
35 61 93
35 62 64
35 63 46
35 64 61
35 65 31
35 66 53
35 67 76
35 68 62
35 69 44
35 70 59
35 71 70
35 72 74
35 73 28
35 74 39
35 75 40
35 76 92
35 77 101
35 78 45
35 79 45
35 80 36
35 81 68
35 82 3
35 83 78
35 84 57
35 85 37
35 86 63
35 87 14
35 88 86
35 89 76
35 90 54
35 91 51
35 92 16
35 93 91
35 94 61
35 95 21
35 96 93
35 97 42
35 98 56
35 99 32
35 100 57
36 0 33
36 1 18
36 2 18
36 3 18
36 4 18
36 5 73
36 6 70
36 7 118
36 8 78
36 9 87
36 10 57
36 11 15
36 12 94
36 13 38
36 14 108
36 15 110
36 16 66
36 17 44
36 18 49
36 19 67
36 20 67
36 21 86
36 22 108
36 23 47
36 24 102
36 25 54
36 26 80
36 27 60
36 28 109
36 29 88
36 30 88
36 31 47
36 32 62
36 33 84
36 34 98
36 35 65
36 37 15
36 38 30
36 39 32
36 40 74
36 41 20
36 42 67
36 43 61
36 44 18
36 45 67
36 46 94
36 47 49
36 48 28
36 49 75
36 50 52
36 51 42
36 52 38
36 53 73
36 54 84
36 55 71
36 56 23
36 57 30
36 58 11
36 59 62
36 60 18
36 61 27
36 62 74
36 63 85
36 64 19
36 65 55
36 66 46
36 67 58
36 68 78
36 69 39
36 70 14
36 71 24
36 72 72
36 73 72
36 74 20
36 75 53
36 76 72
36 77 44
36 78 52
36 79 9
36 80 20
36 81 72
36 82 92
36 83 61
36 84 17
36 85 86
36 86 38
36 87 31
36 88 52
36 89 31
36 90 70
36 91 74
36 92 7
36 93 30
36 94 57
36 95 68
36 96 46
36 97 25
36 98 62
36 99 11
36 100 43
37 0 33
37 1 52
37 2 62
37 3 111
37 4 68
37 5 68
37 6 68
37 7 68
37 8 6
37 9 39
37 10 55
37 11 25
37 12 41
37 13 82
37 14 68
37 15 94
37 16 74
37 17 52
37 18 63
37 19 12
37 20 38
37 21 35
37 22 54
37 23 60
37 24 93
37 25 42
37 26 33
37 27 65
37 28 26
37 29 14
37 30 59
37 31 72
37 32 84
37 33 90
37 34 36
37 35 68
37 36 56
37 38 59
37 39 68
37 40 76
37 41 48
37 42 50
37 43 49
37 44 28
37 45 58
37 46 53
37 47 26
37 48 64
37 49 87
37 50 46
37 51 20
37 52 68
37 53 51
37 54 36
37 55 30
37 56 67
37 57 75
37 58 63
37 59 23
37 60 28
37 61 9
37 62 56
37 63 13
37 64 19
37 65 66
37 66 77
37 67 21
37 68 55
37 69 38
37 70 57
37 71 70
37 72 35
37 73 16
37 74 20
37 75 63
37 76 70
37 77 19
37 78 46
37 79 67
37 80 37
37 81 48
37 82 17
37 83 26
37 84 69
37 85 84
37 86 57
37 87 9
37 88 79
37 89 32
37 90 28
37 91 46
37 92 24
37 93 63
37 94 68
37 95 3
37 96 22
37 97 54
37 98 60
37 99 42
37 100 21
38 0 56
38 1 18
38 2 35
38 3 29
38 4 44
38 5 54
38 6 103
38 7 61
38 8 61
38 9 61
38 10 61
38 11 70
38 12 47
38 13 17
38 14 44
38 15 30
38 16 84
38 17 103
38 18 67
38 19 91
38 20 12
38 21 9
38 22 70
38 23 75
38 24 70
38 25 54
38 26 57
38 27 73
38 28 26
38 29 75
38 30 22
38 31 68
38 32 77
38 33 63
38 34 22
38 35 60
38 36 67
38 37 72
38 39 68
38 40 37
38 41 23
38 42 64
38 43 107
38 44 90
38 45 86
38 46 44
38 47 92
38 48 78
38 49 75
38 50 18
38 51 88
38 52 108
38 53 70
38 54 34
38 55 73
38 56 73
38 57 60
38 58 43
38 59 91
38 60 94
38 61 79
38 62 44
38 63 19
38 64 31
38 65 56
38 66 22
38 67 40
38 68 82
38 69 97
38 70 6
38 71 76
38 72 56
38 73 79
38 74 88
38 75 59
38 76 35
38 77 44
38 78 78
38 79 93
38 80 41
38 81 50
38 82 91
38 83 61
38 84 72
38 85 17
38 86 7
38 87 93
38 88 99
38 89 81
38 90 31
38 91 101
38 92 34
38 93 52
38 94 71
38 95 38
38 96 87
38 97 69
38 98 25
38 99 45
38 100 78
39 0 82
39 1 36
39 2 45
39 3 79
39 4 12
39 5 57
39 6 53
39 7 67
39 8 66
39 9 123
39 10 85
39 11 85
39 12 85
39 13 85
39 14 17
39 15 57
39 16 78
39 17 47
39 18 63
39 19 94
39 20 68
39 21 112
39 22 81
39 23 75
39 24 86
39 25 22
39 26 44
39 27 44
39 28 71
39 29 76
39 30 110
39 31 65
39 32 39
39 33 87
39 34 37
39 35 12
39 36 73
39 37 94
39 38 102
39 40 108
39 41 45
39 42 83
39 43 76
39 44 81
39 45 83
39 46 77
39 47 48
39 48 54
39 49 68
39 50 8
39 51 98
39 52 84
39 53 82
39 54 2
39 55 65
39 56 19
39 57 70
39 58 105
39 59 18
39 60 34
39 61 73
39 62 36
39 63 76
39 64 78
39 65 45
39 66 91
39 67 57
39 68 105
39 69 74
39 70 58
39 71 78
39 72 69
39 73 85
39 74 19
39 75 63
39 76 14
39 77 73
39 78 30
39 79 54
39 80 45
39 81 80
39 82 9
39 83 48
39 84 92
39 85 23
39 86 41
39 87 22
39 88 75
39 89 88
39 90 8
39 91 90
39 92 17
39 93 61
39 94 53
39 95 87
39 96 37
39 97 26
39 98 69
39 99 39
39 100 112
40 0 63
40 1 52
40 2 11
40 3 49
40 4 100
40 5 44
40 6 37
40 7 78
40 8 53
40 9 35
40 10 48
40 11 84
40 12 83
40 13 36
40 14 36
40 15 36
40 16 36
40 17 29
40 18 50
40 19 86
40 20 47
40 21 62
40 22 74
40 23 43
40 24 99
40 25 59
40 26 80
40 27 88
40 28 24
40 29 26
40 30 29
40 31 59
40 32 63
40 33 95
40 34 74
40 35 22
40 36 85
40 37 25
40 38 33
40 39 58
40 41 92
40 42 90
40 43 94
40 44 28
40 45 66
40 46 70
40 47 79
40 48 68
40 49 51
40 50 24
40 51 31
40 52 60
40 53 32
40 54 81
40 55 84
40 56 89
40 57 71
40 58 101
40 59 53
40 60 35
40 61 81
40 62 55
40 63 48
40 64 46
40 65 80
40 66 91
40 67 79
40 68 26
40 69 33
40 70 17
40 71 68
40 72 24
40 73 35
40 74 82
40 75 93
40 76 21
40 77 58
40 78 54
40 79 61
40 80 86
40 81 44
40 82 17
40 83 30
40 84 79
40 85 75
40 86 23
40 87 59
40 88 78
40 89 51
40 90 58
40 91 4
40 92 17
40 93 77
40 94 100
40 95 67
40 96 25
40 97 93
40 98 44
40 99 36
40 100 58
41 0 39
41 1 77
41 2 80
41 3 14
41 4 37
41 5 61
41 6 75
41 7 51
41 8 30
41 9 69
41 10 8
41 11 51
41 12 38
41 13 59
41 14 69
41 15 118
41 16 74
41 17 74
41 18 74
41 19 74
41 20 27
41 21 25
41 22 36
41 23 9
41 24 20
41 25 74
41 26 73
41 27 78
41 28 71
41 29 31
41 30 41
41 31 27
41 32 41
41 33 37
41 34 42
41 35 47
41 36 79
41 37 24
41 38 39
41 39 44
41 40 31
41 42 35
41 43 49
41 44 51
41 45 68
41 46 75
41 47 38
41 48 58
41 49 38
41 50 38
41 51 56
41 52 80
41 53 55
41 54 54
41 55 33
41 56 50
41 57 74
41 58 40
41 59 72
41 60 31
41 61 59
41 62 23
41 63 71
41 64 103
41 65 25
41 66 35
41 67 73
41 68 30
41 69 71
41 70 75
41 71 50
41 72 93
41 73 61
41 74 105
41 75 77
41 76 59
41 77 75
41 78 63
41 79 88
41 80 26
41 81 61
41 82 21
41 83 69
41 84 33
41 85 59
41 86 48
41 87 77
41 88 15
41 89 53
41 90 92
41 91 17
41 92 40
41 93 22
41 94 79
41 95 92
41 96 1
41 97 85
41 98 15
41 99 64
41 100 47
42 0 87
42 1 40
42 2 25
42 3 70
42 4 34
42 5 111
42 6 67
42 7 53
42 8 16
42 9 45
42 10 101
42 11 47
42 12 33
42 13 82
42 14 52
42 15 39
42 16 46
42 17 82
42 18 76
42 19 31
42 20 31
42 21 31
42 22 31
42 23 77
42 24 36
42 25 57
42 26 48
42 27 36
42 28 44
42 29 76
42 30 24
42 31 56
42 32 45
42 33 35
42 34 71
42 35 60
42 36 56
42 37 26
42 38 24
42 39 29
42 40 57
42 41 63
42 43 22
42 44 60
42 45 87
42 46 31
42 47 24
42 48 16
42 49 24
42 50 57
42 51 31
42 52 17
42 53 23
42 54 27
42 55 78
42 56 72
42 57 64
42 58 25
42 59 100
42 60 36
42 61 31
42 62 24
42 63 66
42 64 62
42 65 66
42 66 13
42 67 40
42 68 73
42 69 49
42 70 13
42 71 72
42 72 63
42 73 47
42 74 51
42 75 17
42 76 37
42 77 27
42 78 17
42 79 25
42 80 50
42 81 69
42 82 28
42 83 78
42 84 29
42 85 79
42 86 58
42 87 55
42 88 44
42 89 43
42 90 46
42 91 90
42 92 46
42 93 18
42 94 77
42 95 45
42 96 62
42 97 41
42 98 40
42 99 85
42 100 67
43 0 70
43 1 25
43 2 78
43 3 3
43 4 49
43 5 59
43 6 14
43 7 67
43 8 39
43 9 32
43 10 31
43 11 73
43 12 59
43 13 17
43 14 43
43 15 60
43 16 38
43 17 35
43 18 50
43 19 45
43 20 32
43 21 95
43 22 66
43 23 66
43 24 66
43 25 66
43 26 90
43 27 49
43 28 77
43 29 63
43 30 54
43 31 32
43 32 74
43 33 8
43 34 50
43 35 65
43 36 55
43 37 83
43 38 65
43 39 63
43 40 33
43 41 29
43 42 9
43 44 77
43 45 70
43 46 42
43 47 69
43 48 100
43 49 33
43 50 44
43 51 4
43 52 3
43 53 63
43 54 27
43 55 35
43 56 43
43 57 24
43 58 73
43 59 75
43 60 66
43 61 39
43 62 112
43 63 22
43 64 51
43 65 6
43 66 75
43 67 78
43 68 69
43 69 10
43 70 40
43 71 70
43 72 46
43 73 10
43 74 68
43 75 60
43 76 44
43 77 48
43 78 20
43 79 35
43 80 29
43 81 17
43 82 22
43 83 47
43 84 65
43 85 29
43 86 75
43 87 25
43 88 76
43 89 54
43 90 52
43 91 43
43 92 40
43 93 43
43 94 87
43 95 44
43 96 18
43 97 73
43 98 41
43 99 59
43 100 41
44 0 42
44 1 81
44 2 64
44 3 66
44 4 23
44 5 74
44 6 7
44 7 45
44 8 55
44 9 10
44 10 63
44 11 40
44 12 31
44 13 27
44 14 70
44 15 55
44 16 21
44 17 40
44 18 56
44 19 39
44 20 31
44 21 47
44 22 41
44 23 30
44 24 91
44 25 62
44 26 62
44 27 62
44 28 62
44 29 54
44 30 18
44 31 37
44 32 24
44 33 9
44 34 57
44 35 73
44 36 50
44 37 61
44 38 24
44 39 23
44 40 50
44 41 47
44 42 43
44 43 24
44 45 28
44 46 53
44 47 33
44 48 48
44 49 17
44 50 43
44 51 63
44 52 33
44 53 25
44 54 41
44 55 48
44 56 44
44 57 40
44 58 10
44 59 12
44 60 36
44 61 77
44 62 62
44 63 57
44 64 14
44 65 77
44 66 52
44 67 18
44 68 46
44 69 47
44 70 36
44 71 47
44 72 21
44 73 52
44 74 65
44 75 44
44 76 18
44 77 71
44 78 69
44 79 54
44 80 40
44 81 15
44 82 26
44 83 39
44 84 5
44 85 20
44 86 57
44 87 73
44 88 19
44 89 69
44 90 32
44 91 71
44 92 63
44 93 47
44 94 33
44 95 34
44 96 53
44 97 83
44 98 35
44 99 29
44 100 74
45 0 41
45 1 57
45 2 29
45 3 31
45 4 79
45 5 74
45 6 65
45 7 16
45 8 79
45 9 14
45 10 40
45 11 54
45 12 14
45 13 66
45 14 51
45 15 21
45 16 26
45 17 66
45 18 60
45 19 25
45 20 34
45 21 59
45 22 27
45 23 34
45 24 42
45 25 44
45 26 41
45 27 99
45 28 65
45 29 65
45 30 65
45 31 65
45 32 29
45 33 70
45 34 78
45 35 57
45 36 71
45 37 111
45 38 88
45 39 126
45 40 100
45 41 79
45 42 92
45 43 37
45 44 63
45 46 62
45 47 86
45 48 91
45 49 125
45 50 66
45 51 57
45 52 96
45 53 53
45 54 18
45 55 89
45 56 102
45 57 116
45 58 122
45 59 62
45 60 99
45 61 87
45 62 90
45 63 98
45 64 96
45 65 67
45 66 73
45 67 81
45 68 14
45 69 115
45 70 90
45 71 118
45 72 47
45 73 45
45 74 57
45 75 101
45 76 43
45 77 5
45 78 24
45 79 61
45 80 43
45 81 76
45 82 74
45 83 27
45 84 74
45 85 39
45 86 93
45 87 58
45 88 44
45 89 75
45 90 71
45 91 68
45 92 10
45 93 54
45 94 10
45 95 72
45 96 14
45 97 36
45 98 28
45 99 76
45 100 22
46 0 30
46 1 81
46 2 33
46 3 32
46 4 17
46 5 56
46 6 70
46 7 25
46 8 89
46 9 22
46 10 45
46 11 60
46 12 72
46 13 21
46 14 21
46 15 56
46 16 43
46 17 102
46 18 46
46 19 39
46 20 8
46 21 50
46 22 86
46 23 27
46 24 38
46 25 60
46 26 44
46 27 19
46 28 43
46 29 76
46 30 90
46 31 39
46 32 39
46 33 39
46 34 39
46 35 49
46 36 47
46 37 16
46 38 35
46 39 33
46 40 95
46 41 100
46 42 89
46 43 95
46 44 22
46 45 36
46 47 52
46 48 68
46 49 64
46 50 62
46 51 67
46 52 93
46 53 8
46 54 66
46 55 46
46 56 58
46 57 52
46 58 70
46 59 50
46 60 81
46 61 88
46 62 65
46 63 79
46 64 51
46 65 43
46 66 76
46 67 106
46 68 83
46 69 81
46 70 52
46 71 67
46 72 93
46 73 38
46 74 87
46 75 58
46 76 27
46 77 65
46 78 59
46 79 55
46 80 81
46 81 72
46 82 39
46 83 78
46 84 47
46 85 31
46 86 86
46 87 56
46 88 74
46 89 23
46 90 58
46 91 56
46 92 34
46 93 57
46 94 69
46 95 106
46 96 42
46 97 105
46 98 44
46 99 83
46 100 82
47 0 75
47 1 29
47 2 113
47 3 81
47 4 24
47 5 90
47 6 64
47 7 83
47 8 82
47 9 81
47 10 103
47 11 41
47 12 87
47 13 62
47 14 75
47 15 40
47 16 79
47 17 79
47 18 46
47 19 73
47 20 15
47 21 71
47 22 59
47 23 97
47 24 61
47 25 42
47 26 76
47 27 70
47 28 80
47 29 52
47 30 80
47 31 56
47 32 20
47 33 78
47 34 74
47 35 74
47 36 74
47 37 74
47 38 50
47 39 28
47 40 77
47 41 39
47 42 45
47 43 33
47 44 29
47 45 59
47 46 23
47 48 66
47 49 67
47 50 42
47 51 16
47 52 16
47 53 24
47 54 25
47 55 54
47 56 68
47 57 21
47 58 59
47 59 25
47 60 60
47 61 19
47 62 66
47 63 51
47 64 53
47 65 16
47 66 25
47 67 40
47 68 54
47 69 27
47 70 34
47 71 23
47 72 15
47 73 31
47 74 68
47 75 39
47 76 62
47 77 48
47 78 31
47 79 52
47 80 22
47 81 50
47 82 36
47 83 31
47 84 32
47 85 37
47 86 78
47 87 47
47 88 31
47 89 84
47 90 54
47 91 72
47 92 21
47 93 56
47 94 54
47 95 34
47 96 57
47 97 66
47 98 104
47 99 41
47 100 104
48 0 44
48 1 81
48 2 80
48 3 73
48 4 29
48 5 112
48 6 79
48 7 22
48 8 89
48 9 63
48 10 82
48 11 80
48 12 79
48 13 102
48 14 42
48 15 86
48 16 60
48 17 75
48 18 38
48 19 77
48 20 77
48 21 44
48 22 72
48 23 14
48 24 69
48 25 57
48 26 95
48 27 61
48 28 39
48 29 74
48 30 69
48 31 77
48 32 51
48 33 78
48 34 55
48 35 19
48 36 78
48 37 74
48 38 74
48 39 74
48 40 74
48 41 81
48 42 44
48 43 84
48 44 60
48 45 55
48 46 13
48 47 54
48 49 27
48 50 30
48 51 71
48 52 65
48 53 74
48 54 52
48 55 50
48 56 27
48 57 22
48 58 19
48 59 81
48 60 56
48 61 52
48 62 58
48 63 92
48 64 21
48 65 56
48 66 22
48 67 21
48 68 50
48 69 12
48 70 38
48 71 51
48 72 13
48 73 53
48 74 58
48 75 49
48 76 36
48 77 102
48 78 5
48 79 60
48 80 15
48 81 64
48 82 75
48 83 56
48 84 38
48 85 68
48 86 7
48 87 68
48 88 84
48 89 29
48 90 67
48 91 69
48 92 41
48 93 83
48 94 51
48 95 96
48 96 67
48 97 49
48 98 69
48 99 60
48 100 79
49 0 22
49 1 53
49 2 18
49 3 64
49 4 23
49 5 49
49 6 38
49 7 70
49 8 19
49 9 43
49 10 83
49 11 17
49 12 31
49 13 12
49 14 70
49 15 82
49 16 11
49 17 81
49 18 8
49 19 54
49 20 46
49 21 78
49 22 31
49 23 16
49 24 61
49 25 31
49 26 103
49 27 57
49 28 44
49 29 9
49 30 40
49 31 92
49 32 37
49 33 28
49 34 73
49 35 43
49 36 29
49 37 38
49 38 75
49 39 76
49 40 27
49 41 27
49 42 27
49 43 27
49 44 45
49 45 19
49 46 30
49 47 16
49 48 2
49 50 65
49 51 75
49 52 61
49 53 66
49 54 19
49 55 24
49 56 43
49 57 46
49 58 42
49 59 31
49 60 36
49 61 63
49 62 24
49 63 46
49 64 25
49 65 39
49 66 54
49 67 40
49 68 32
49 69 52
49 70 59
49 71 43
49 72 48
49 73 21
49 74 19
49 75 45
49 76 81
49 77 62
49 78 58
49 79 21
49 80 69
49 81 62
49 82 21
49 83 57
49 84 43
49 85 26
49 86 45
49 87 32
49 88 42
49 89 50
49 90 66
49 91 40
49 92 79
49 93 15
49 94 29
49 95 76
49 96 85
49 97 75
49 98 74
49 99 75
49 100 57
50 0 26
50 1 5
50 2 90
50 3 76
50 4 41
50 5 73
50 6 16
50 7 61
50 8 79
50 9 66
50 10 31
50 11 74
50 12 74
50 13 64
50 14 43
50 15 42
50 16 50
50 17 93
50 18 100
50 19 60
50 20 28
50 21 48
50 22 67
50 23 16
50 24 71
50 25 63
50 26 46
50 27 59
50 28 25
50 29 74
50 30 77
50 31 54
50 32 63
50 33 18
50 34 83
50 35 65
50 36 29
50 37 93
50 38 41
50 39 62
50 40 32
50 41 45
50 42 27
50 43 29
50 44 29
50 45 29
50 46 29
50 47 41
50 48 38
50 49 21
50 51 25
50 52 25
50 53 87
50 54 90
50 55 84
50 56 86
50 57 21
50 58 35
50 59 43
50 60 59
50 61 54
50 62 54
50 63 59
50 64 87
50 65 8
50 66 56
50 67 43
50 68 48
50 69 46
50 70 62
50 71 48
50 72 75
50 73 82
50 74 56
50 75 70
50 76 44
50 77 38
50 78 68
50 79 97
50 80 73
50 81 71
50 82 44
50 83 61
50 84 85
50 85 35
50 86 80
50 87 49
50 88 18
50 89 55
50 90 53
50 91 46
50 92 73
50 93 74
50 94 30
50 95 94
50 96 60
50 97 45
50 98 33
50 99 58
50 100 34
51 0 67
51 1 43
51 2 23
51 3 46
51 4 46
51 5 57
51 6 40
51 7 25
51 8 38
51 9 44
51 10 19
51 11 37
51 12 23
51 13 46
51 14 46
51 15 32
51 16 54
51 17 31
51 18 3
51 19 16
51 20 53
51 21 64
51 22 39
51 23 61
51 24 23
51 25 31
51 26 42
51 27 50
51 28 20
51 29 13
51 30 33
51 31 26
51 32 74
51 33 38
51 34 17
51 35 30
51 36 26
51 37 64
51 38 23
51 39 18
51 40 55
51 41 15
51 42 19
51 43 13
51 44 47
51 45 69
51 46 23
51 47 23
51 48 23
51 49 23
51 50 61
51 52 31
51 53 79
51 54 45
51 55 47
51 56 22
51 57 34
51 58 48
51 59 17
51 60 67
51 61 65
51 62 52
51 63 28
51 64 27
51 65 20
51 66 18
51 67 42
51 68 72
51 69 33
51 70 55
51 71 36
51 72 71
51 73 11
51 74 62
51 75 41
51 76 43
51 77 27
51 78 14
51 79 37
51 80 52
51 81 17
51 82 36
51 83 34
51 84 26
51 85 30
51 86 79
51 87 27
51 88 61
51 89 37
51 90 42
51 91 59
51 92 33
51 93 45
51 94 47
51 95 20
51 96 43
51 97 65
51 98 39
51 99 33
51 100 44
52 0 30
52 1 70
52 2 38
52 3 84
52 4 54
52 5 37
52 6 63
52 7 58
52 8 66
52 9 22
52 10 43
52 11 20
52 12 59
52 13 11
52 14 37
52 15 25
52 16 63
52 17 29
52 18 31
52 19 72
52 20 25
52 21 21
52 22 5
52 23 57
52 24 70
52 25 24
52 26 77
52 27 13
52 28 41
52 29 48
52 30 65
52 31 18
52 32 9
52 33 48
52 34 31
52 35 92
52 36 44
52 37 31
52 38 12
52 39 37
52 40 79
52 41 25
52 42 26
52 43 60
52 44 33
52 45 16
52 46 30
52 47 65
52 48 78
52 49 28
52 50 28
52 51 28
52 53 28
52 54 51
52 55 34
52 56 15
52 57 27
52 58 17
52 59 79
52 60 90
52 61 71
52 62 81
52 63 7
52 64 20
52 65 51
52 66 60
52 67 55
52 68 46
52 69 51
52 70 75
52 71 11
52 72 59
52 73 28
52 74 51
52 75 58
52 76 55
52 77 33
52 78 63
52 79 70
52 80 56
52 81 62
52 82 33
52 83 24
52 84 59
52 85 95
52 86 75
52 87 72
52 88 36
52 89 73
52 90 76
52 91 20
52 92 69
52 93 54
52 94 28
52 95 58
52 96 40
52 97 52
52 98 64
52 99 78
52 100 42
53 0 94
53 1 49
53 2 34
53 3 52
53 4 69
53 5 58
53 6 62
53 7 57
53 8 40
53 9 21
53 10 19
53 11 73
53 12 65
53 13 24
53 14 63
53 15 16
53 16 47
53 17 62
53 18 49
53 19 24
53 20 67
53 21 58
53 22 51
53 23 39
53 24 27
53 25 39
53 26 75
53 27 83
53 28 54
53 29 34
53 30 40
53 31 50
53 32 26
53 33 55
53 34 47
53 35 35
53 36 42
53 37 21
53 38 64
53 39 60
53 40 37
53 41 53
53 42 9
53 43 67
53 44 49
53 45 20
53 46 76
53 47 23
53 48 47
53 49 15
53 50 34
53 51 44
53 52 23
53 54 23
53 55 23
53 56 23
53 57 27
53 58 53
53 59 86
53 60 49
53 61 64
53 62 79
53 63 48
53 64 103
53 65 64
53 66 81
53 67 89
53 68 23
53 69 31
53 70 33
53 71 63
53 72 67
53 73 100
53 74 74
53 75 26
53 76 87
53 77 28
53 78 29
53 79 63
53 80 95
53 81 94
53 82 98
53 83 33
53 84 71
53 85 73
53 86 82
53 87 72
53 88 57
53 89 29
53 90 36
53 91 63
53 92 27
53 93 86
53 94 86
53 95 93
53 96 23
53 97 48
53 98 27
53 99 86
53 100 22
54 0 77
54 1 21
54 2 39
54 3 49
54 4 81
54 5 81
54 6 36
54 7 41
54 8 78
54 9 51
54 10 70
54 11 58
54 12 11
54 13 28
54 14 84
54 15 96
54 16 39
54 17 94
54 18 17
54 19 76
54 20 85
54 21 74
54 22 13
54 23 98
54 24 82
54 25 45
54 26 70
54 27 55
54 28 70
54 29 92
54 30 96
54 31 86
54 32 10
54 33 72
54 34 67
54 35 48
54 36 58
54 37 74
54 38 66
54 39 53
54 40 52
54 41 46
54 42 78
54 43 58
54 44 84
54 45 40
54 46 66
54 47 74
54 48 52
54 49 91
54 50 46
54 51 75
54 52 44
54 53 25
54 55 46
54 56 54
54 57 54
54 58 54
54 59 54
54 60 79
54 61 38
54 62 72
54 63 54
54 64 45
54 65 26
54 66 64
54 67 19
54 68 41
54 69 60
54 70 52
54 71 72
54 72 54
54 73 52
54 74 22
54 75 17
54 76 17
54 77 70
54 78 58
54 79 39
54 80 57
54 81 89
54 82 22
54 83 42
54 84 10
54 85 14
54 86 52
54 87 16
54 88 27
54 89 39
54 90 13
54 91 64
54 92 63
54 93 55
54 94 29
54 95 101
54 96 18
54 97 47
54 98 10
54 99 64
54 100 69
55 0 58
55 1 24
55 2 67
55 3 12
55 4 72
55 5 79
55 6 68
55 7 11
55 8 27
55 9 49
55 10 65
55 11 36
55 12 72
55 13 84
55 14 69
55 15 24
55 16 16
55 17 99
55 18 96
55 19 50
55 20 93
55 21 18
55 22 79
55 23 94
55 24 81
55 25 29
55 26 94
55 27 90
55 28 65
55 29 63
55 30 59
55 31 70
55 32 105
55 33 111
55 34 80
55 35 13
55 36 68
55 37 79
55 38 35
55 39 76
55 40 80
55 41 65
55 42 67
55 43 46
55 44 68
55 45 90
55 46 67
55 47 83
55 48 37
55 49 85
55 50 81
55 51 49
55 52 105
55 53 54
55 54 79
55 56 48
55 57 45
55 58 25
55 59 49
55 60 49
55 61 49
55 62 49
55 63 56
55 64 62
55 65 107
55 66 66
55 67 78
55 68 64
55 69 20
55 70 97
55 71 45
55 72 98
55 73 102
55 74 49
55 75 33
55 76 38
55 77 63
55 78 65
55 79 90
55 80 96
55 81 34
55 82 96
55 83 41
55 84 62
55 85 58
55 86 104
55 87 89
55 88 91
55 89 37
55 90 63
55 91 79
55 92 91
55 93 66
55 94 28
55 95 18
55 96 25
55 97 68
55 98 60
55 99 73
55 100 98
56 0 85
56 1 41
56 2 72
56 3 35
56 4 90
56 5 45
56 6 69
56 7 15
56 8 67
56 9 19
56 10 80
56 11 87
56 12 41
56 13 15
56 14 80
56 15 94
56 16 72
56 17 62
56 18 16
56 19 32
56 20 86
56 21 101
56 22 43
56 23 99
56 24 22
56 25 80
56 26 89
56 27 78
56 28 16
56 29 103
56 30 86
56 31 46
56 32 75
56 33 59
56 34 75
56 35 95
56 36 98
56 37 91
56 38 11
56 39 77
56 40 71
56 41 53
56 42 60
56 43 79
56 44 71
56 45 56
56 46 57
56 47 45
56 48 81
56 49 62
56 50 89
56 51 45
56 52 66
56 53 78
56 54 57
56 55 94
56 57 50
56 58 79
56 59 48
56 60 27
56 61 48
56 62 59
56 63 59
56 64 59
56 65 59
56 66 33
56 67 12
56 68 41
56 69 4
56 70 13
56 71 61
56 72 64
56 73 66
56 74 59
56 75 32
56 76 38
56 77 29
56 78 33
56 79 29
56 80 29
56 81 34
56 82 66
56 83 32
56 84 32
56 85 37
56 86 25
56 87 43
56 88 36
56 89 44
56 90 56
56 91 62
56 92 30
56 93 45
56 94 26
56 95 31
56 96 43
56 97 70
56 98 48
56 99 45
56 100 21
57 0 57
57 1 60
57 2 35
57 3 59
57 4 29
57 5 19
57 6 32
57 7 40
57 8 28
57 9 49
57 10 52
57 11 30
57 12 67
57 13 41
57 14 34
57 15 26
57 16 60
57 17 21
57 18 34
57 19 57
57 20 42
57 21 89
57 22 100
57 23 23
57 24 63
57 25 61
57 26 66
57 27 93
57 28 50
57 29 24
57 30 37
57 31 86
57 32 80
57 33 30
57 34 65
57 35 85
57 36 58
57 37 65
57 38 7
57 39 14
57 40 83
57 41 107
57 42 74
57 43 32
57 44 101
57 45 49
57 46 43
57 47 65
57 48 46
57 49 84
57 50 85
57 51 22
57 52 45
57 53 67
57 54 83
57 55 54
57 56 37
57 58 77
57 59 9
57 60 58
57 61 45
57 62 67
57 63 76
57 64 126
57 65 82
57 66 82
57 67 82
57 68 82
57 69 64
57 70 60
57 71 108
57 72 68
57 73 77
57 74 52
57 75 7
57 76 88
57 77 33
57 78 98
57 79 100
57 80 56
57 81 34
57 82 38
57 83 58
57 84 58
57 85 80
57 86 98
57 87 36
57 88 93
57 89 44
57 90 71
57 91 51
57 92 100
57 93 81
57 94 82
57 95 37
57 96 54
57 97 75
57 98 88
57 99 58
57 100 14
58 0 20
58 1 21
58 2 65
58 3 71
58 4 62
58 5 96
58 6 76
58 7 46
58 8 76
58 9 37
58 10 84
58 11 51
58 12 59
58 13 24
58 14 74
58 15 5
58 16 73
58 17 82
58 18 41
58 19 6
58 20 78
58 21 91
58 22 85
58 23 25
58 24 29
58 25 52
58 26 57
58 27 93
58 28 30
58 29 92
58 30 39
58 31 70
58 32 69
58 33 62
58 34 24
58 35 101
58 36 68
58 37 14
58 38 79
58 39 52
58 40 71
58 41 70
58 42 70
58 43 92
58 44 42
58 45 76
58 46 49
58 47 68
58 48 29
58 49 65
58 50 67
58 51 33
58 52 63
58 53 21
58 54 58
58 55 46
58 56 84
58 57 52
58 59 34
58 60 62
58 61 59
58 62 68
58 63 40
58 64 66
58 65 45
58 66 9
58 67 75
58 68 64
58 69 64
58 70 64
58 71 64
58 72 55
58 73 16
58 74 42
58 75 26
58 76 14
58 77 51
58 78 69
58 79 45
58 80 55
58 81 30
58 82 27
58 83 50
58 84 45
58 85 40
58 86 19
58 87 22
58 88 47
58 89 39
58 90 46
58 91 19
58 92 41
58 93 65
58 94 28
58 95 27
58 96 36
58 97 43
58 98 41
58 99 34
58 100 5
59 0 14
59 1 30
59 2 73
59 3 59
59 4 53
59 5 9
59 6 79
59 7 47
59 8 23
59 9 41
59 10 47
59 11 40
59 12 46
59 13 18
59 14 48
59 15 35
59 16 65
59 17 52
59 18 73
59 19 21
59 20 12
59 21 37
59 22 68
59 23 5
59 24 17
59 25 37
59 26 49
59 27 31
59 28 22
59 29 74
59 30 58
59 31 27
59 32 56
59 33 24
59 34 42
59 35 60
59 36 46
59 37 32
59 38 59
59 39 55
59 40 56
59 41 31
59 42 23
59 43 32
59 44 75
59 45 83
59 46 46
59 47 41
59 48 32
59 49 50
59 50 22
59 51 59
59 52 43
59 53 28
59 54 44
59 55 13
59 56 71
59 57 59
59 58 36
59 60 46
59 61 3
59 62 72
59 63 46
59 64 12
59 65 76
59 66 23
59 67 43
59 68 14
59 69 41
59 70 46
59 71 15
59 72 15
59 73 15
59 74 15
59 75 89
59 76 50
59 77 86
59 78 66
59 79 59
59 80 21
59 81 64
59 82 18
59 83 39
59 84 73
59 85 64
59 86 82
59 87 61
59 88 59
59 89 33
59 90 28
59 91 9
59 92 84
59 93 66
59 94 51
59 95 66
59 96 100
59 97 30
59 98 54
59 99 16
59 100 12
60 0 59
60 1 21
60 2 41
60 3 52
60 4 20
60 5 62
60 6 68
60 7 59
60 8 41
60 9 110
60 10 10
60 11 60
60 12 7
60 13 73
60 14 81
60 15 66
60 16 36
60 17 77
60 18 15
60 19 77
60 20 90
60 21 68
60 22 25
60 23 41
60 24 57
60 25 67
60 26 49
60 27 52
60 28 20
60 29 54
60 30 35
60 31 50
60 32 103
60 33 75
60 34 55
60 35 72
60 36 33
60 37 65
60 38 87
60 39 73
60 40 48
60 41 69
60 42 82
60 43 81
60 44 38
60 45 50
60 46 52
60 47 103
60 48 112
60 49 54
60 50 43
60 51 47
60 52 78
60 53 9
60 54 86
60 55 69
60 56 49
60 57 73
60 58 26
60 59 91
60 61 87
60 62 64
60 63 62
60 64 26
60 65 99
60 66 73
60 67 33
60 68 104
60 69 52
60 70 68
60 71 42
60 72 62
60 73 22
60 74 29
60 75 29
60 76 29
60 77 29
60 78 90
60 79 52
60 80 90
60 81 68
60 82 62
60 83 16
60 84 61
60 85 22
60 86 36
60 87 77
60 88 69
60 89 82
60 90 61
60 91 59
60 92 35
60 93 30
60 94 13
60 95 87
60 96 65
60 97 56
60 98 67
60 99 101
60 100 30
61 0 59
61 1 21
61 2 17
61 3 59
61 4 21
61 5 44
61 6 56
61 7 21
61 8 59
61 9 66
61 10 58
61 11 44
61 12 111
61 13 6
61 14 65
61 15 12
61 16 73
61 17 83
61 18 65
61 19 41
61 20 77
61 21 15
61 22 76
61 23 92
61 24 65
61 25 29
61 26 45
61 27 57
61 28 64
61 29 53
61 30 57
61 31 25
61 32 52
61 33 35
61 34 47
61 35 75
61 36 44
61 37 54
61 38 47
61 39 85
61 40 33
61 41 9
61 42 22
61 43 81
61 44 61
61 45 14
61 46 67
61 47 68
61 48 45
61 49 48
61 50 18
61 51 32
61 52 65
61 53 100
61 54 56
61 55 27
61 56 87
61 57 53
61 58 27
61 59 48
61 60 44
61 62 70
61 63 89
61 64 18
61 65 35
61 66 48
61 67 70
61 68 62
61 69 22
61 70 62
61 71 22
61 72 49
61 73 28
61 74 56
61 75 74
61 76 114
61 77 67
61 78 67
61 79 67
61 80 67
61 81 23
61 82 40
61 83 40
61 84 24
61 85 35
61 86 88
61 87 82
61 88 93
61 89 83
61 90 40
61 91 52
61 92 28
61 93 50
61 94 46
61 95 57
61 96 63
61 97 94
61 98 27
61 99 46
61 100 58
62 0 39
62 1 27
62 2 63
62 3 64
62 4 84
62 5 90
62 6 48
62 7 73
62 8 53
62 9 52
62 10 71
62 11 89
62 12 62
62 13 63
62 14 49
62 15 41
62 16 89
62 17 52
62 18 88
62 19 37
62 20 9
62 21 45
62 22 65
62 23 32
62 24 77
62 25 62
62 26 12
62 27 84
62 28 68
62 29 59
62 30 45
62 31 77
62 32 46
62 33 54
62 34 85
62 35 63
62 36 62
62 37 77
62 38 21
62 39 41
62 40 44
62 41 92
62 42 70
62 43 68
62 44 54
62 45 55
62 46 57
62 47 104
62 48 56
62 49 22
62 50 92
62 51 59
62 52 77
62 53 44
62 54 39
62 55 99
62 56 77
62 57 85
62 58 37
62 59 92
62 60 12
62 61 61
62 63 74
62 64 29
62 65 82
62 66 37
62 67 41
62 68 45
62 69 87
62 70 74
62 71 5
62 72 56
62 73 75
62 74 41
62 75 50
62 76 63
62 77 60
62 78 42
62 79 107
62 80 81
62 81 81
62 82 81
62 83 81
62 84 38
62 85 51
62 86 92
62 87 51
62 88 65
62 89 67
62 90 32
62 91 95
62 92 50
62 93 84
62 94 90
62 95 32
62 96 23
62 97 27
62 98 57
62 99 60
62 100 90
63 0 80
63 1 21
63 2 86
63 3 27
63 4 44
63 5 54
63 6 94
63 7 86
63 8 90
63 9 26
63 10 61
63 11 69
63 12 81
63 13 63
63 14 41
63 15 15
63 16 23
63 17 59
63 18 43
63 19 75
63 20 87
63 21 84
63 22 25
63 23 55
63 24 21
63 25 82
63 26 27
63 27 67
63 28 5
63 29 49
63 30 32
63 31 75
63 32 78
63 33 30
63 34 25
63 35 69
63 36 83
63 37 90
63 38 28
63 39 48
63 40 38
63 41 64
63 42 55
63 43 38
63 44 81
63 45 33
63 46 59
63 47 60
63 48 52
63 49 20
63 50 89
63 51 58
63 52 17
63 53 68
63 54 40
63 55 59
63 56 63
63 57 66
63 58 80
63 59 40
63 60 65
63 61 40
63 62 59
63 64 27
63 65 55
63 66 55
63 67 24
63 68 53
63 69 32
63 70 50
63 71 36
63 72 73
63 73 42
63 74 37
63 75 52
63 76 48
63 77 62
63 78 28
63 79 56
63 80 34
63 81 6
63 82 70
63 83 54
63 84 54
63 85 54
63 86 54
63 87 75
63 88 52
63 89 101
63 90 65
63 91 68
63 92 22
63 93 24
63 94 59
63 95 4
63 96 89
63 97 87
63 98 66
63 99 40
63 100 41
64 0 41
64 1 39
64 2 51
64 3 93
64 4 45
64 5 76
64 6 50
64 7 85
64 8 32
64 9 82
64 10 54
64 11 53
64 12 41
64 13 30
64 14 58
64 15 73
64 16 34
64 17 20
64 18 37
64 19 30
64 20 51
64 21 90
64 22 33
64 23 82
64 24 48
64 25 55
64 26 79
64 27 45
64 28 64
64 29 60
64 30 33
64 31 46
64 32 82
64 33 27
64 34 51
64 35 64
64 36 42
64 37 29
64 38 64
64 39 75
64 40 59
64 41 26
64 42 29
64 43 13
64 44 77
64 45 54
64 46 16
64 47 97
64 48 26
64 49 76
64 50 95
64 51 81
64 52 41
64 53 85
64 54 90
64 55 77
64 56 53
64 57 58
64 58 64
64 59 108
64 60 116
64 61 70
64 62 29
64 63 61
64 65 83
64 66 23
64 67 85
64 68 78
64 69 61
64 70 74
64 71 38
64 72 83
64 73 93
64 74 70
64 75 76
64 76 33
64 77 96
64 78 81
64 79 44
64 80 109
64 81 56
64 82 78
64 83 48
64 84 56
64 85 11
64 86 42
64 87 42
64 88 42
64 89 42
64 90 55
64 91 45
64 92 7
64 93 35
64 94 29
64 95 91
64 96 100
64 97 81
64 98 93
64 99 12
64 100 26
65 0 57
65 1 69
65 2 65
65 3 57
65 4 62
65 5 86
65 6 6
65 7 68
65 8 37
65 9 60
65 10 60
65 11 66
65 12 40
65 13 73
65 14 80
65 15 66
65 16 74
65 17 44
65 18 34
65 19 71
65 20 106
65 21 84
65 22 81
65 23 47
65 24 75
65 25 87
65 26 28
65 27 80
65 28 61
65 29 32
65 30 67
65 31 50
65 32 59
65 33 76
65 34 87
65 35 45
65 36 104
65 37 60
65 38 45
65 39 62
65 40 96
65 41 36
65 42 35
65 43 72
65 44 79
65 45 68
65 46 91
65 47 22
65 48 43
65 49 83
65 50 28
65 51 9
65 52 23
65 53 50
65 54 38
65 55 68
65 56 21
65 57 43
65 58 81
65 59 15
65 60 30
65 61 11
65 62 70
65 63 82
65 64 12
65 66 78
65 67 5
65 68 53
65 69 43
65 70 76
65 71 31
65 72 14
65 73 59
65 74 28
65 75 101
65 76 57
65 77 42
65 78 11
65 79 37
65 80 90
65 81 37
65 82 25
65 83 73
65 84 41
65 85 29
65 86 36
65 87 72
65 88 74
65 89 24
65 90 24
65 91 24
65 92 24
65 93 26
65 94 45
65 95 41
65 96 29
65 97 39
65 98 94
65 99 86
65 100 98
66 0 88
66 1 42
66 2 56
66 3 31
66 4 55
66 5 51
66 6 62
66 7 68
66 8 99
66 9 29
66 10 51
66 11 61
66 12 43
66 13 27
66 14 69
66 15 67
66 16 89
66 17 95
66 18 52
66 19 78
66 20 58
66 21 56
66 22 76
66 23 94
66 24 67
66 25 68
66 26 54
66 27 41
66 28 94
66 29 55
66 30 93
66 31 41
66 32 14
66 33 50
66 34 70
66 35 36
66 36 82
66 37 66
66 38 14
66 39 89
66 40 73
66 41 63
66 42 50
66 43 81
66 44 50
66 45 58
66 46 90
66 47 68
66 48 67
66 49 82
66 50 25
66 51 47
66 52 76
66 53 9
66 54 27
66 55 92
66 56 49
66 57 35
66 58 56
66 59 34
66 60 42
66 61 71
66 62 14
66 63 20
66 64 9
66 65 68
66 67 79
66 68 23
66 69 66
66 70 7
66 71 47
66 72 35
66 73 68
66 74 29
66 75 7
66 76 51
66 77 18
66 78 89
66 79 53
66 80 35
66 81 21
66 82 26
66 83 82
66 84 35
66 85 14
66 86 70
66 87 31
66 88 27
66 89 24
66 90 61
66 91 65
66 92 14
66 93 14
66 94 14
66 95 14
66 96 74
66 97 37
66 98 78
66 99 52
66 100 48
67 0 16
67 1 52
67 2 29
67 3 29
67 4 65
67 5 59
67 6 67
67 7 46
67 8 44
67 9 20
67 10 14
67 11 23
67 12 74
67 13 50
67 14 47
67 15 51
67 16 85
67 17 14
67 18 52
67 19 22
67 20 23
67 21 44
67 22 5
67 23 32
67 24 45
67 25 5
67 26 52
67 27 53
67 28 45
67 29 29
67 30 95
67 31 12
67 32 55
67 33 18
67 34 58
67 35 68
67 36 50
67 37 33
67 38 61
67 39 1
67 40 63
67 41 76
67 42 56
67 43 20
67 44 35
67 45 42
67 46 54
67 47 40
67 48 47
67 49 27
67 50 39
67 51 19
67 52 38
67 53 61
67 54 36
67 55 31
67 56 84
67 57 73
67 58 21
67 59 25
67 60 55
67 61 41
67 62 101
67 63 59
67 64 5
67 65 84
67 66 53
67 68 72
67 69 54
67 70 52
67 71 94
67 72 61
67 73 78
67 74 39
67 75 80
67 76 12
67 77 60
67 78 68
67 79 24
67 80 71
67 81 25
67 82 46
67 83 42
67 84 84
67 85 62
67 86 15
67 87 56
67 88 66
67 89 52
67 90 41
67 91 62
67 92 50
67 93 25
67 94 92
67 95 71
67 96 71
67 97 71
67 98 71
67 99 16
67 100 57
68 0 68
68 1 44
68 2 58
68 3 99
68 4 79
68 5 112
68 6 88
68 7 67
68 8 79
68 9 25
68 10 51
68 11 50
68 12 73
68 13 78
68 14 112
68 15 55
68 16 46
68 17 83
68 18 41
68 19 6
68 20 76
68 21 89
68 22 103
68 23 109
68 24 51
68 25 86
68 26 74
68 27 77
68 28 86
68 29 87
68 30 58
68 31 62
68 32 67
68 33 15
68 34 102
68 35 78
68 36 105
68 37 36
68 38 32
68 39 46
68 40 87
68 41 31
68 42 91
68 43 53
68 44 18
68 45 80
68 46 88
68 47 81
68 48 51
68 49 72
68 50 69
68 51 79
68 52 105
68 53 65
68 54 72
68 55 79
68 56 47
68 57 60
68 58 75
68 59 36
68 60 53
68 61 95
68 62 107
68 63 83
68 64 80
68 65 82
68 66 30
68 67 57
68 69 84
68 70 55
68 71 64
68 72 4
68 73 10
68 74 83
68 75 101
68 76 73
68 77 27
68 78 97
68 79 41
68 80 43
68 81 63
68 82 40
68 83 82
68 84 78
68 85 18
68 86 41
68 87 67
68 88 79
68 89 47
68 90 36
68 91 74
68 92 2
68 93 54
68 94 44
68 95 63
68 96 70
68 97 121
68 98 79
68 99 79
68 100 79
69 0 79
69 1 27
69 2 16
69 3 56
69 4 15
69 5 28
69 6 57
69 7 51
69 8 70
69 9 50
69 10 47
69 11 53
69 12 20
69 13 19
69 14 15
69 15 30
69 16 35
69 17 69
69 18 45
69 19 17
69 20 50
69 21 10
69 22 37
69 23 34
69 24 58
69 25 61
69 26 66
69 27 16
69 28 43
69 29 36
69 30 44
69 31 43
69 32 57
69 33 34
69 34 32
69 35 27
69 36 49
69 37 59
69 38 50
69 39 62
69 40 15
69 41 25
69 42 17
69 43 49
69 44 16
69 45 48
69 46 37
69 47 29
69 48 54
69 49 46
69 50 44
69 51 13
69 52 46
69 53 33
69 54 47
69 55 63
69 56 31
69 57 30
69 58 45
69 59 28
69 60 20
69 61 38
69 62 44
69 63 43
69 64 55
69 65 65
69 66 44
69 67 7
69 68 100
69 70 51
69 71 28
69 72 91
69 73 58
69 74 74
69 75 37
69 76 32
69 77 97
69 78 81
69 79 82
69 80 33
69 81 93
69 82 13
69 83 57
69 84 71
69 85 28
69 86 81
69 87 44
69 88 35
69 89 43
69 90 83
69 91 74
69 92 12
69 93 51
69 94 74
69 95 34
69 96 49
69 97 59
69 98 59
69 99 46
69 100 110
70 0 80
70 1 80
70 2 80
70 3 80
70 4 20
70 5 51
70 6 81
70 7 44
70 8 60
70 9 81
70 10 53
70 11 103
70 12 67
70 13 76
70 14 85
70 15 18
70 16 32
70 17 33
70 18 63
70 19 67
70 20 100
70 21 68
70 22 27
70 23 84
70 24 27
70 25 22
70 26 63
70 27 91
70 28 94
70 29 98
70 30 33
70 31 72
70 32 70
70 33 78
70 34 73
70 35 62
70 36 33
70 37 40
70 38 61
70 39 21
70 40 87
70 41 82
70 42 93
70 43 21
70 44 42
70 45 27
70 46 84
70 47 19
70 48 78
70 49 27
70 50 32
70 51 54
70 52 80
70 53 79
70 54 35
70 55 47
70 56 68
70 57 81
70 58 97
70 59 44
70 60 58
70 61 57
70 62 54
70 63 55
70 64 54
70 65 55
70 66 66
70 67 76
70 68 98
70 69 64
70 71 39
70 72 32
70 73 56
70 74 64
70 75 23
70 76 24
70 77 28
70 78 77
70 79 87
70 80 39
70 81 47
70 82 26
70 83 53
70 84 18
70 85 66
70 86 43
70 87 24
70 88 50
70 89 5
70 90 79
70 91 62
70 92 39
70 93 41
70 94 7
70 95 79
70 96 47
70 97 7
70 98 79
70 99 29
70 100 42
71 0 18
71 1 49
71 2 46
71 3 7
71 4 7
71 5 7
71 6 7
71 7 84
71 8 44
71 9 77
71 10 59
71 11 51
71 12 25
71 13 65
71 14 15
71 15 41
71 16 65
71 17 56
71 18 77
71 19 58
71 20 56
71 21 28
71 22 22
71 23 11
71 24 76
71 25 63
71 26 43
71 27 62
71 28 95
71 29 26
71 30 46
71 31 9
71 32 10
71 33 56
71 34 19
71 35 33
71 36 44
71 37 17
71 38 65
71 39 67
71 40 58
71 41 34
71 42 106
71 43 15
71 44 52
71 45 5
71 46 69
71 47 74
71 48 62
71 49 28
71 50 72
71 51 13
71 52 76
71 53 85
71 54 70
71 55 17
71 56 32
71 57 54
71 58 68
71 59 41
71 60 44
71 61 14
71 62 52
71 63 32
71 64 51
71 65 65
71 66 42
71 67 45
71 68 90
71 69 75
71 70 32
71 72 11
71 73 37
71 74 57
71 75 64
71 76 73
71 77 45
71 78 77
71 79 60
71 80 76
71 81 95
71 82 98
71 83 92
71 84 14
71 85 78
71 86 71
71 87 55
71 88 59
71 89 79
71 90 72
71 91 56
71 92 58
71 93 43
71 94 81
71 95 63
71 96 91
71 97 47
71 98 65
71 99 79
71 100 58
72 0 94
72 1 51
72 2 80
72 3 50
72 4 26
72 5 51
72 6 61
72 7 61
72 8 61
72 9 61
72 10 71
72 11 65
72 12 113
72 13 73
72 14 82
72 15 52
72 16 9
72 17 88
72 18 33
72 19 103
72 20 105
72 21 63
72 22 40
72 23 44
72 24 61
72 25 61
72 26 81
72 27 103
72 28 43
72 29 97
72 30 50
72 31 78
72 32 54
72 33 103
72 34 82
72 35 82
72 36 43
72 37 56
72 38 78
72 39 92
72 40 60
72 41 10
72 42 26
72 43 27
72 44 69
72 45 78
72 46 62
72 47 100
72 48 77
72 49 52
72 50 82
72 51 43
72 52 87
72 53 57
72 54 61
72 55 30
72 56 80
72 57 5
72 58 76
72 59 86
72 60 46
72 61 12
72 62 82
72 63 94
72 64 87
72 65 30
72 66 48
72 67 23
72 68 86
72 69 69
72 70 30
72 71 101
72 73 102
72 74 44
72 75 84
72 76 37
72 77 65
72 78 31
72 79 23
72 80 100
72 81 83
72 82 55
72 83 74
72 84 70
72 85 69
72 86 96
72 87 46
72 88 80
72 89 50
72 90 73
72 91 28
72 92 68
72 93 70
72 94 34
72 95 68
72 96 16
72 97 59
72 98 49
72 99 88
72 100 57
73 0 31
73 1 65
73 2 64
73 3 67
73 4 43
73 5 69
73 6 49
73 7 14
73 8 80
73 9 69
73 10 69
73 11 69
73 12 69
73 13 58
73 14 49
73 15 4
73 16 39
73 17 32
73 18 94
73 19 104
73 20 83
73 21 96
73 22 14
73 23 27
73 24 60
73 25 73
73 26 68
73 27 61
73 28 65
73 29 88
73 30 10
73 31 71
73 32 39
73 33 64
73 34 63
73 35 70
73 36 41
73 37 75
73 38 83
73 39 70
73 40 77
73 41 47
73 42 36
73 43 74
73 44 110
73 45 88
73 46 85
73 47 50
73 48 78
73 49 90
73 50 29
73 51 82
73 52 65
73 53 36
73 54 71
73 55 52
73 56 63
73 57 79
73 58 90
73 59 48
73 60 107
73 61 62
73 62 47
73 63 66
73 64 100
73 65 39
73 66 36
73 67 74
73 68 83
73 69 72
73 70 95
73 71 26
73 72 46
73 74 87
73 75 30
73 76 12
73 77 96
73 78 79
73 79 89
73 80 48
73 81 82
73 82 94
73 83 13
73 84 24
73 85 30
73 86 18
73 87 52
73 88 65
73 89 29
73 90 89
73 91 24
73 92 41
73 93 61
73 94 68
73 95 16
73 96 21
73 97 52
73 98 44
73 99 99
73 100 41
74 0 35
74 1 13
74 2 50
74 3 81
74 4 22
74 5 39
74 6 55
74 7 41
74 8 15
74 9 41
74 10 74
74 11 91
74 12 41
74 13 41
74 14 41
74 15 41
74 16 86
74 17 44
74 18 69
74 19 58
74 20 47
74 21 39
74 22 77
74 23 13
74 24 54
74 25 57
74 26 46
74 27 80
74 28 65
74 29 62
74 30 31
74 31 28
74 32 18
74 33 69
74 34 69
74 35 33
74 36 67
74 37 96
74 38 34
74 39 34
74 40 6
74 41 12
74 42 62
74 43 30
74 44 28
74 45 35
74 46 26
74 47 77
74 48 76
74 49 68
74 50 34
74 51 109
74 52 29
74 53 42
74 54 14
74 55 73
74 56 72
74 57 68
74 58 18
74 59 76
74 60 25
74 61 84
74 62 84
74 63 81
74 64 14
74 65 24
74 66 59
74 67 78
74 68 36
74 69 34
74 70 4
74 71 62
74 72 40
74 73 63
74 75 61
74 76 41
74 77 56
74 78 86
74 79 69
74 80 46
74 81 9
74 82 49
74 83 58
74 84 72
74 85 82
74 86 61
74 87 78
74 88 62
74 89 74
74 90 61
74 91 60
74 92 96
74 93 56
74 94 81
74 95 44
74 96 78
74 97 19
74 98 65
74 99 70
74 100 29
75 0 71
75 1 19
75 2 52
75 3 46
75 4 87
75 5 61
75 6 21
75 7 61
75 8 66
75 9 59
75 10 43
75 11 66
75 12 51
75 13 22
75 14 89
75 15 72
75 16 72
75 17 72
75 18 72
75 19 32
75 20 13
75 21 41
75 22 3
75 23 14
75 24 62
75 25 64
75 26 67
75 27 59
75 28 32
75 29 39
75 30 29
75 31 33
75 32 29
75 33 30
75 34 35
75 35 67
75 36 31
75 37 32
75 38 38
75 39 25
75 40 42
75 41 37
75 42 45
75 43 57
75 44 64
75 45 30
75 46 46
75 47 27
75 48 32
75 49 44
75 50 70
75 51 48
75 52 45
75 53 22
75 54 56
75 55 61
75 56 36
75 57 60
75 58 28
75 59 18
75 60 31
75 61 41
75 62 28
75 63 50
75 64 52
75 65 29
75 66 67
75 67 42
75 68 35
75 69 26
75 70 60
75 71 22
75 72 35
75 73 59
75 74 43
75 76 36
75 77 56
75 78 15
75 79 14
75 80 48
75 81 36
75 82 30
75 83 61
75 84 62
75 85 52
75 86 8
75 87 43
75 88 55
75 89 28
75 90 30
75 91 47
75 92 37
75 93 55
75 94 50
75 95 103
75 96 71
75 97 88
75 98 44
75 99 91
75 100 16
76 0 68
76 1 78
76 2 33
76 3 82
76 4 27
76 5 50
76 6 50
76 7 92
76 8 73
76 9 7
76 10 62
76 11 76
76 12 51
76 13 52
76 14 69
76 15 61
76 16 36
76 17 103
76 18 82
76 19 82
76 20 82
76 21 82
76 22 25
76 23 54
76 24 51
76 25 39
76 26 50
76 27 102
76 28 90
76 29 108
76 30 95
76 31 53
76 32 67
76 33 33
76 34 59
76 35 56
76 36 71
76 37 77
76 38 109
76 39 39
76 40 55
76 41 73
76 42 48
76 43 22
76 44 77
76 45 78
76 46 99
76 47 105
76 48 57
76 49 87
76 50 68
76 51 67
76 52 85
76 53 98
76 54 69
76 55 72
76 56 64
76 57 34
76 58 103
76 59 66
76 60 102
76 61 44
76 62 24
76 63 54
76 64 80
76 65 39
76 66 91
76 67 67
76 68 16
76 69 92
76 70 83
76 71 74
76 72 56
76 73 84
76 74 61
76 75 69
76 77 100
76 78 73
76 79 75
76 80 87
76 81 36
76 82 56
76 83 82
76 84 18
76 85 37
76 86 100
76 87 103
76 88 88
76 89 43
76 90 65
76 91 73
76 92 44
76 93 24
76 94 64
76 95 75
76 96 12
76 97 48
76 98 95
76 99 65
76 100 79
77 0 37
77 1 83
77 2 9
77 3 60
77 4 69
77 5 24
77 6 74
77 7 29
77 8 44
77 9 41
77 10 84
77 11 64
77 12 11
77 13 55
77 14 67
77 15 48
77 16 43
77 17 61
77 18 52
77 19 30
77 20 96
77 21 73
77 22 73
77 23 73
77 24 73
77 25 89
77 26 48
77 27 68
77 28 61
77 29 49
77 30 44
77 31 83
77 32 13
77 33 60
77 34 56
77 35 45
77 36 84
77 37 70
77 38 67
77 39 36
77 40 33
77 41 21
77 42 70
77 43 73
77 44 32
77 45 71
77 46 100
77 47 39
77 48 32
77 49 10
77 50 15
77 51 67
77 52 35
77 53 31
77 54 35
77 55 32
77 56 83
77 57 81
77 58 73
77 59 38
77 60 113
77 61 34
77 62 41
77 63 19
77 64 78
77 65 75
77 66 73
77 67 19
77 68 80
77 69 31
77 70 90
77 71 87
77 72 87
77 73 18
77 74 25
77 75 64
77 76 84
77 78 38
77 79 34
77 80 6
77 81 67
77 82 46
77 83 69
77 84 63
77 85 45
77 86 61
77 87 87
77 88 70
77 89 52
77 90 11
77 91 55
77 92 61
77 93 77
77 94 88
77 95 62
77 96 80
77 97 60
77 98 26
77 99 97
77 100 87
78 0 111
78 1 48
78 2 96
78 3 68
78 4 84
78 5 44
78 6 86
78 7 87
78 8 52
78 9 82
78 10 10
78 11 77
78 12 66
78 13 105
78 14 70
78 15 42
78 16 82
78 17 78
78 18 83
78 19 60
78 20 87
78 21 65
78 22 28
78 23 85
78 24 83
78 25 83
78 26 83
78 27 83
78 28 38
78 29 48
78 30 30
78 31 33
78 32 38
78 33 97
78 34 95
78 35 97
78 36 94
78 37 34
78 38 48
78 39 42
78 40 63
78 41 59
78 42 64
78 43 70
78 44 99
78 45 19
78 46 60
78 47 56
78 48 52
78 49 40
78 50 72
78 51 61
78 52 88
78 53 95
78 54 61
78 55 81
78 56 56
78 57 52
78 58 79
78 59 102
78 60 76
78 61 76
78 62 55
78 63 54
78 64 96
78 65 49
78 66 93
78 67 51
78 68 20
78 69 59
78 70 67
78 71 47
78 72 84
78 73 76
78 74 26
78 75 98
78 76 73
78 77 60
78 79 58
78 80 90
78 81 48
78 82 53
78 83 88
78 84 76
78 85 71
78 86 90
78 87 24
78 88 48
78 89 82
78 90 4
78 91 18
78 92 97
78 93 92
78 94 87
78 95 40
78 96 71
78 97 82
78 98 26
78 99 6
78 100 43
79 0 60
79 1 30
79 2 69
79 3 76
79 4 89
79 5 29
79 6 36
79 7 65
79 8 64
79 9 12
79 10 24
79 11 48
79 12 47
79 13 95
79 14 35
79 15 32
79 16 19
79 17 52
79 18 77
79 19 17
79 20 41
79 21 49
79 22 40
79 23 11
79 24 41
79 25 72
79 26 94
79 27 44
79 28 44
79 29 44
79 30 44
79 31 52
79 32 46
79 33 93
79 34 53
79 35 62
79 36 46
79 37 13
79 38 78
79 39 28
79 40 83
79 41 86
79 42 44
79 43 19
79 44 24
79 45 45
79 46 46
79 47 72
79 48 83
79 49 23
79 50 79
79 51 30
79 52 60
79 53 39
79 54 86
79 55 70
79 56 72
79 57 22
79 58 44
79 59 61
79 60 74
79 61 47
79 62 21
79 63 8
79 64 7
79 65 51
79 66 63
79 67 55
79 68 82
79 69 66
79 70 33
79 71 62
79 72 23
79 73 71
79 74 38
79 75 50
79 76 17
79 77 61
79 78 16
79 80 61
79 81 69
79 82 26
79 83 8
79 84 63
79 85 76
79 86 74
79 87 11
79 88 33
79 89 16
79 90 66
79 91 50
79 92 18
79 93 81
79 94 81
79 95 39
79 96 73
79 97 28
79 98 44
79 99 12
79 100 11
80 0 79
80 1 79
80 2 97
80 3 73
80 4 67
80 5 20
80 6 7
80 7 72
80 8 26
80 9 59
80 10 14
80 11 72
80 12 47
80 13 26
80 14 56
80 15 3
80 16 85
80 17 67
80 18 45
80 19 41
80 20 12
80 21 85
80 22 51
80 23 11
80 24 84
80 25 34
80 26 45
80 27 24
80 28 55
80 29 44
80 30 7
80 31 7
80 32 7
80 33 7
80 34 83
80 35 43
80 36 74
80 37 58
80 38 49
80 39 29
80 40 68
80 41 14
80 42 45
80 43 62
80 44 52
80 45 76
80 46 59
80 47 56
80 48 27
80 49 22
80 50 13
80 51 73
80 52 63
80 53 39
80 54 62
80 55 94
80 56 27
80 57 42
80 58 6
80 59 9
80 60 57
80 61 21
80 62 30
80 63 40
80 64 18
80 65 68
80 66 68
80 67 60
80 68 33
80 69 105
80 70 19
80 71 48
80 72 7
80 73 69
80 74 73
80 75 63
80 76 24
80 77 72
80 78 16
80 79 77
80 81 83
80 82 72
80 83 14
80 84 29
80 85 54
80 86 70
80 87 38
80 88 40
80 89 11
80 90 54
80 91 33
80 92 54
80 93 63
80 94 40
80 95 47
80 96 87
80 97 73
80 98 36
80 99 9
80 100 39
81 0 55
81 1 65
81 2 74
81 3 65
81 4 80
81 5 69
81 6 32
81 7 93
81 8 75
81 9 60
81 10 21
81 11 46
81 12 65
81 13 12
81 14 71
81 15 59
81 16 42
81 17 58
81 18 20
81 19 76
81 20 74
81 21 51
81 22 58
81 23 14
81 24 83
81 25 62
81 26 25
81 27 91
81 28 38
81 29 58
81 30 29
81 31 47
81 32 30
81 33 24
81 34 24
81 35 24
81 36 24
81 37 33
81 38 26
81 39 31
81 40 12
81 41 17
81 42 75
81 43 77
81 44 76
81 45 73
81 46 25
81 47 36
81 48 33
81 49 46
81 50 41
81 51 43
81 52 48
81 53 78
81 54 19
81 55 44
81 56 40
81 57 36
81 58 40
81 59 50
81 60 47
81 61 67
81 62 74
81 63 43
81 64 59
81 65 36
81 66 35
81 67 57
81 68 84
81 69 60
81 70 58
81 71 33
81 72 55
81 73 74
81 74 35
81 75 72
81 76 37
81 77 11
81 78 43
81 79 48
81 80 34
81 82 63
81 83 62
81 84 25
81 85 81
81 86 52
81 87 41
81 88 39
81 89 73
81 90 28
81 91 37
81 92 68
81 93 57
81 94 50
81 95 70
81 96 4
81 97 26
81 98 62
81 99 22
81 100 17
82 0 75
82 1 72
82 2 66
82 3 21
82 4 55
82 5 66
82 6 18
82 7 16
82 8 39
82 9 42
82 10 34
82 11 56
82 12 58
82 13 51
82 14 20
82 15 65
82 16 35
82 17 46
82 18 40
82 19 32
82 20 32
82 21 26
82 22 58
82 23 50
82 24 27
82 25 51
82 26 16
82 27 58
82 28 41
82 29 22
82 30 66
82 31 14
82 32 41
82 33 9
82 34 29
82 35 54
82 36 27
82 37 27
82 38 27
82 39 27
82 40 74
82 41 60
82 42 12
82 43 53
82 44 43
82 45 101
82 46 116
82 47 85
82 48 106
82 49 21
82 50 27
82 51 75
82 52 86
82 53 81
82 54 69
82 55 73
82 56 91
82 57 25
82 58 85
82 59 40
82 60 77
82 61 78
82 62 79
82 63 40
82 64 78
82 65 85
82 66 83
82 67 85
82 68 53
82 69 40
82 70 81
82 71 121
82 72 101
82 73 98
82 74 59
82 75 93
82 76 96
82 77 31
82 78 86
82 79 79
82 80 51
82 81 84
82 83 55
82 84 77
82 85 85
82 86 104
82 87 63
82 88 120
82 89 67
82 90 51
82 91 79
82 92 113
82 93 46
82 94 39
82 95 76
82 96 95
82 97 81
82 98 106
82 99 40
82 100 57
83 0 98
83 1 44
83 2 27
83 3 104
83 4 82
83 5 98
83 6 61
83 7 95
83 8 108
83 9 25
83 10 38
83 11 11
83 12 48
83 13 69
83 14 98
83 15 98
83 16 59
83 17 54
83 18 95
83 19 71
83 20 84
83 21 51
83 22 30
83 23 67
83 24 14
83 25 98
83 26 74
83 27 54
83 28 38
83 29 26
83 30 97
83 31 57
83 32 21
83 33 91
83 34 46
83 35 50
83 36 36
83 37 68
83 38 48
83 39 14
83 40 14
83 41 14
83 42 14
83 43 21
83 44 21
83 45 49
83 46 10
83 47 26
83 48 66
83 49 60
83 50 76
83 51 60
83 52 42
83 53 50
83 54 17
83 55 28
83 56 24
83 57 37
83 58 43
83 59 76
83 60 37
83 61 25
83 62 50
83 63 17
83 64 31
83 65 42
83 66 57
83 67 67
83 68 73
83 69 25
83 70 52
83 71 39
83 72 44
83 73 51
83 74 67
83 75 42
83 76 41
83 77 31
83 78 44
83 79 68
83 80 48
83 81 69
83 82 18
83 84 15
83 85 24
83 86 52
83 87 17
83 88 57
83 89 44
83 90 20
83 91 63
83 92 51
83 93 46
83 94 23
83 95 55
83 96 34
83 97 46
83 98 69
83 99 40
83 100 40
84 0 55
84 1 21
84 2 24
84 3 48
84 4 34
84 5 35
84 6 64
84 7 71
84 8 54
84 9 8
84 10 37
84 11 48
84 12 36
84 13 31
84 14 56
84 15 49
84 16 30
84 17 37
84 18 41
84 19 55
84 20 19
84 21 55
84 22 38
84 23 56
84 24 53
84 25 54
84 26 23
84 27 52
84 28 33
84 29 49
84 30 34
84 31 72
84 32 42
84 33 36
84 34 50
84 35 48
84 36 60
84 37 27
84 38 54
84 39 33
84 40 8
84 41 71
84 42 53
84 43 53
84 44 53
84 45 53
84 46 30
84 47 32
84 48 75
84 49 34
84 50 46
84 51 57
84 52 36
84 53 80
84 54 44
84 55 66
84 56 72
84 57 21
84 58 7
84 59 9
84 60 40
84 61 44
84 62 76
84 63 63
84 64 3
84 65 68
84 66 9
84 67 39
84 68 39
84 69 75
84 70 70
84 71 75
84 72 9
84 73 47
84 74 51
84 75 62
84 76 49
84 77 43
84 78 16
84 79 18
84 80 41
84 81 45
84 82 62
84 83 68
84 85 69
84 86 10
84 87 40
84 88 3
84 89 64
84 90 15
84 91 53
84 92 18
84 93 38
84 94 38
84 95 58
84 96 60
84 97 12
84 98 30
84 99 51
84 100 64
85 0 74
85 1 20
85 2 33
85 3 34
85 4 47
85 5 37
85 6 30
85 7 58
85 8 61
85 9 52
85 10 75
85 11 39
85 12 26
85 13 11
85 14 22
85 15 61
85 16 57
85 17 81
85 18 63
85 19 44
85 20 12
85 21 17
85 22 66
85 23 36
85 24 44
85 25 53
85 26 76
85 27 38
85 28 57
85 29 27
85 30 73
85 31 66
85 32 12
85 33 31
85 34 64
85 35 69
85 36 36
85 37 31
85 38 65
85 39 12
85 40 43
85 41 40
85 42 53
85 43 56
85 44 110
85 45 71
85 46 71
85 47 71
85 48 71
85 49 9
85 50 40
85 51 54
85 52 26
85 53 41
85 54 85
85 55 72
85 56 96
85 57 77
85 58 51
85 59 63
85 60 15
85 61 41
85 62 38
85 63 57
85 64 62
85 65 95
85 66 41
85 67 36
85 68 66
85 69 30
85 70 14
85 71 61
85 72 72
85 73 86
85 74 92
85 75 39
85 76 71
85 77 57
85 78 60
85 79 70
85 80 79
85 81 51
85 82 54
85 83 51
85 84 29
85 86 87
85 87 61
85 88 89
85 89 26
85 90 16
85 91 36
85 92 70
85 93 21
85 94 76
85 95 49
85 96 3
85 97 74
85 98 71
85 99 64
85 100 38
86 0 66
86 1 51
86 2 62
86 3 88
86 4 55
86 5 58
86 6 69
86 7 30
86 8 43
86 9 64
86 10 26
86 11 39
86 12 82
86 13 91
86 14 71
86 15 28
86 16 47
86 17 56
86 18 43
86 19 28
86 20 64
86 21 66
86 22 10
86 23 42
86 24 53
86 25 73
86 26 38
86 27 73
86 28 19
86 29 69
86 30 74
86 31 66
86 32 66
86 33 37
86 34 109
86 35 60
86 36 49
86 37 8
86 38 47
86 39 97
86 40 41
86 41 35
86 42 75
86 43 50
86 44 32
86 45 45
86 46 81
86 47 82
86 48 34
86 49 34
86 50 34
86 51 34
86 52 70
86 53 31
86 54 45
86 55 40
86 56 26
86 57 53
86 58 80
86 59 36
86 60 63
86 61 32
86 62 23
86 63 65
86 64 58
86 65 54
86 66 27
86 67 28
86 68 41
86 69 45
86 70 60
86 71 10
86 72 56
86 73 79
86 74 35
86 75 15
86 76 29
86 77 36
86 78 55
86 79 38
86 80 12
86 81 11
86 82 34
86 83 83
86 84 72
86 85 66
86 87 22
86 88 93
86 89 46
86 90 19
86 91 36
86 92 62
86 93 52
86 94 60
86 95 6
86 96 63
86 97 37
86 98 79
86 99 66
86 100 84
87 0 18
87 1 3
87 2 51
87 3 79
87 4 15
87 5 11
87 6 28
87 7 60
87 8 41
87 9 67
87 10 39
87 11 27
87 12 59
87 13 63
87 14 46
87 15 58
87 16 33
87 17 55
87 18 42
87 19 67
87 20 79
87 21 38
87 22 56
87 23 39
87 24 2
87 25 75
87 26 75
87 27 66
87 28 10
87 29 30
87 30 50
87 31 82
87 32 21
87 33 70
87 34 23
87 35 32
87 36 83
87 37 7
87 38 65
87 39 59
87 40 100
87 41 72
87 42 27
87 43 74
87 44 78
87 45 70
87 46 56
87 47 80
87 48 63
87 49 30
87 50 94
87 51 84
87 52 84
87 53 84
87 54 84
87 55 84
87 56 43
87 57 69
87 58 57
87 59 46
87 60 37
87 61 75
87 62 13
87 63 52
87 64 57
87 65 46
87 66 78
87 67 63
87 68 60
87 69 29
87 70 26
87 71 17
87 72 69
87 73 67
87 74 33
87 75 65
87 76 95
87 77 32
87 78 35
87 79 5
87 80 12
87 81 60
87 82 27
87 83 27
87 84 35
87 85 24
87 86 75
87 88 73
87 89 65
87 90 33
87 91 107
87 92 27
87 93 42
87 94 13
87 95 71
87 96 71
87 97 66
87 98 19
87 99 74
87 100 23
88 0 82
88 1 83
88 2 79
88 3 12
88 4 24
88 5 57
88 6 76
88 7 35
88 8 35
88 9 5
88 10 60
88 11 38
88 12 61
88 13 60
88 14 40
88 15 54
88 16 85
88 17 69
88 18 44
88 19 9
88 20 47
88 21 56
88 22 70
88 23 80
88 24 61
88 25 78
88 26 63
88 27 26
88 28 93
88 29 79
88 30 66
88 31 15
88 32 46
88 33 39
88 34 100
88 35 43
88 36 63
88 37 19
88 38 54
88 39 85
88 40 65
88 41 23
88 42 1
88 43 41
88 44 38
88 45 49
88 46 16
88 47 34
88 48 40
88 49 14
88 50 20
88 51 22
88 52 42
88 53 81
88 54 40
88 55 40
88 56 40
88 57 40
88 58 39
88 59 10
88 60 39
88 61 9
88 62 8
88 63 59
88 64 66
88 65 61
88 66 58
88 67 29
88 68 34
88 69 35
88 70 36
88 71 32
88 72 26
88 73 31
88 74 62
88 75 31
88 76 36
88 77 32
88 78 30
88 79 49
88 80 34
88 81 39
88 82 51
88 83 58
88 84 33
88 85 42
88 86 21
88 87 26
88 89 40
88 90 71
88 91 51
88 92 48
88 93 17
88 94 62
88 95 58
88 96 30
88 97 55
88 98 34
88 99 24
88 100 35
89 0 34
89 1 34
89 2 46
89 3 56
89 4 35
89 5 69
89 6 36
89 7 28
89 8 29
89 9 63
89 10 16
89 11 28
89 12 53
89 13 45
89 14 34
89 15 57
89 16 15
89 17 10
89 18 48
89 19 39
89 20 29
89 21 59
89 22 56
89 23 51
89 24 13
89 25 46
89 26 58
89 27 26
89 28 33
89 29 43
89 30 30
89 31 45
89 32 50
89 33 48
89 34 38
89 35 4
89 36 49
89 37 53
89 38 39
89 39 61
89 40 33
89 41 13
89 42 38
89 43 36
89 44 7
89 45 17
89 46 51
89 47 55
89 48 42
89 49 18
89 50 50
89 51 23
89 52 30
89 53 27
89 54 39
89 55 49
89 56 97
89 57 56
89 58 56
89 59 56
89 60 56
89 61 65
89 62 31
89 63 76
89 64 46
89 65 45
89 66 18
89 67 42
89 68 40
89 69 22
89 70 64
89 71 61
89 72 57
89 73 35
89 74 34
89 75 16
89 76 12
89 77 34
89 78 71
89 79 40
89 80 50
89 81 41
89 82 76
89 83 7
89 84 56
89 85 32
89 86 34
89 87 34
89 88 6
89 90 32
89 91 47
89 92 9
89 93 43
89 94 42
89 95 34
89 96 26
89 97 85
89 98 20
89 99 56
89 100 28
90 0 48
90 1 61
90 2 40
90 3 38
90 4 52
90 5 12
90 6 52
90 7 68
90 8 47
90 9 25
90 10 38
90 11 32
90 12 44
90 13 39
90 14 48
90 15 36
90 16 28
90 17 9
90 18 28
90 19 56
90 20 31
90 21 21
90 22 79
90 23 70
90 24 19
90 25 35
90 26 15
90 27 41
90 28 39
90 29 48
90 30 64
90 31 73
90 32 75
90 33 42
90 34 77
90 35 50
90 36 34
90 37 37
90 38 37
90 39 10
90 40 86
90 41 61
90 42 31
90 43 18
90 44 52
90 45 69
90 46 4
90 47 95
90 48 46
90 49 10
90 50 55
90 51 92
90 52 33
90 53 43
90 54 65
90 55 51
90 56 26
90 57 49
90 58 83
90 59 94
90 60 44
90 61 44
90 62 44
90 63 44
90 64 91
90 65 50
90 66 79
90 67 65
90 68 55
90 69 32
90 70 74
90 71 7
90 72 49
90 73 66
90 74 56
90 75 84
90 76 66
90 77 64
90 78 34
90 79 30
90 80 7
90 81 79
90 82 70
90 83 43
90 84 70
90 85 101
90 86 34
90 87 45
90 88 5
90 89 2
90 91 64
90 92 27
90 93 36
90 94 45
90 95 25
90 96 73
90 97 75
90 98 67
90 99 40
90 100 113
91 0 21
91 1 52
91 2 5
91 3 76
91 4 80
91 5 70
91 6 28
91 7 80
91 8 21
91 9 84
91 10 90
91 11 78
91 12 20
91 13 34
91 14 61
91 15 76
91 16 44
91 17 45
91 18 8
91 19 61
91 20 40
91 21 59
91 22 69
91 23 47
91 24 53
91 25 94
91 26 78
91 27 40
91 28 3
91 29 45
91 30 63
91 31 72
91 32 81
91 33 71
91 34 87
91 35 72
91 36 36
91 37 100
91 38 82
91 39 67
91 40 25
91 41 53
91 42 37
91 43 108
91 44 53
91 45 61
91 46 25
91 47 63
91 48 92
91 49 33
91 50 120
91 51 103
91 52 31
91 53 32
91 54 60
91 55 16
91 56 25
91 57 48
91 58 15
91 59 14
91 60 18
91 61 48
91 62 76
91 63 30
91 64 30
91 65 30
91 66 30
91 67 57
91 68 30
91 69 23
91 70 28
91 71 14
91 72 70
91 73 86
91 74 59
91 75 75
91 76 11
91 77 12
91 78 55
91 79 58
91 80 53
91 81 38
91 82 42
91 83 63
91 84 23
91 85 58
91 86 17
91 87 51
91 88 65
91 89 47
91 90 22
91 92 51
91 93 58
91 94 55
91 95 53
91 96 23
91 97 12
91 98 50
91 99 91
91 100 73
92 0 69
92 1 28
92 2 80
92 3 65
92 4 10
92 5 58
92 6 55
92 7 35
92 8 57
92 9 28
92 10 54
92 11 55
92 12 78
92 13 50
92 14 90
92 15 38
92 16 23
92 17 50
92 18 84
92 19 15
92 20 13
92 21 50
92 22 65
92 23 50
92 24 75
92 25 21
92 26 26
92 27 67
92 28 42
92 29 23
92 30 73
92 31 55
92 32 67
92 33 35
92 34 68
92 35 80
92 36 15
92 37 34
92 38 22
92 39 21
92 40 59
92 41 72
92 42 69
92 43 32
92 44 24
92 45 63
92 46 64
92 47 18
92 48 79
92 49 39
92 50 14
92 51 53
92 52 50
92 53 80
92 54 59
92 55 38
92 56 8
92 57 83
92 58 52
92 59 12
92 60 84
92 61 33
92 62 47
92 63 23
92 64 51
92 65 41
92 66 10
92 67 10
92 68 10
92 69 10
92 70 19
92 71 28
92 72 63
92 73 23
92 74 38
92 75 64
92 76 49
92 77 81
92 78 54
92 79 56
92 80 63
92 81 10
92 82 17
92 83 15
92 84 40
92 85 45
92 86 79
92 87 51
92 88 13
92 89 61
92 90 6
92 91 29
92 93 42
92 94 69
92 95 71
92 96 76
92 97 16
92 98 52
92 99 47
92 100 55
93 0 52
93 1 56
93 2 29
93 3 30
93 4 38
93 5 39
93 6 68
93 7 60
93 8 72
93 9 4
93 10 28
93 11 12
93 12 61
93 13 5
93 14 57
93 15 30
93 16 26
93 17 51
93 18 57
93 19 56
93 20 16
93 21 43
93 22 45
93 23 58
93 24 74
93 25 31
93 26 38
93 27 46
93 28 35
93 29 32
93 30 40
93 31 45
93 32 49
93 33 60
93 34 76
93 35 48
93 36 17
93 37 24
93 38 35
93 39 50
93 40 44
93 41 70
93 42 59
93 43 33
93 44 23
93 45 30
93 46 63
93 47 29
93 48 51
93 49 41
93 50 68
93 51 50
93 52 50
93 53 38
93 54 25
93 55 44
93 56 48
93 57 38
93 58 37
93 59 23
93 60 60
93 61 9
93 62 31
93 63 43
93 64 21
93 65 9
93 66 25
93 67 52
93 68 83
93 69 36
93 70 36
93 71 36
93 72 36
93 73 21
93 74 58
93 75 83
93 76 49
93 77 65
93 78 91
93 79 62
93 80 111
93 81 77
93 82 79
93 83 89
93 84 23
93 85 41
93 86 42
93 87 71
93 88 75
93 89 108
93 90 70
93 91 36
93 92 90
93 94 35
93 95 18
93 96 72
93 97 97
93 98 102
93 99 107
93 100 42
94 0 81
94 1 77
94 2 84
94 3 81
94 4 71
94 5 43
94 6 49
94 7 68
94 8 12
94 9 96
94 10 87
94 11 102
94 12 28
94 13 44
94 14 36
94 15 91
94 16 26
94 17 87
94 18 36
94 19 32
94 20 63
94 21 87
94 22 85
94 23 44
94 24 56
94 25 73
94 26 86
94 27 105
94 28 53
94 29 66
94 30 66
94 31 57
94 32 62
94 33 64
94 34 54
94 35 67
94 36 86
94 37 106
94 38 73
94 39 46
94 40 41
94 41 43
94 42 71
94 43 57
94 44 93
94 45 88
94 46 29
94 47 31
94 48 49
94 49 93
94 50 58
94 51 78
94 52 33
94 53 95
94 54 70
94 55 81
94 56 63
94 57 28
94 58 73
94 59 27
94 60 34
94 61 68
94 62 11
94 63 79
94 64 61
94 65 57
94 66 67
94 67 38
94 68 65
94 69 43
94 70 7
94 71 74
94 72 62
94 73 62
94 74 62
94 75 62
94 76 21
94 77 37
94 78 73
94 79 33
94 80 48
94 81 67
94 82 44
94 83 88
94 84 54
94 85 66
94 86 74
94 87 13
94 88 17
94 89 18
94 90 47
94 91 51
94 92 84
94 93 61
94 95 12
94 96 71
94 97 12
94 98 29
94 99 48
94 100 79
95 0 78
95 1 83
95 2 18
95 3 56
95 4 56
95 5 65
95 6 57
95 7 52
95 8 23
95 9 27
95 10 47
95 11 35
95 12 72
95 13 70
95 14 78
95 15 6
95 16 36
95 17 12
95 18 70
95 19 8
95 20 62
95 21 21
95 22 31
95 23 46
95 24 65
95 25 65
95 26 20
95 27 38
95 28 54
95 29 68
95 30 81
95 31 30
95 32 42
95 33 44
95 34 45
95 35 41
95 36 40
95 37 53
95 38 59
95 39 62
95 40 83
95 41 49
95 42 27
95 43 20
95 44 27
95 45 60
95 46 53
95 47 81
95 48 68
95 49 36
95 50 14
95 51 27
95 52 72
95 53 39
95 54 54
95 55 44
95 56 78
95 57 48
95 58 57
95 59 49
95 60 29
95 61 49
95 62 47
95 63 41
95 64 44
95 65 14
95 66 66
95 67 51
95 68 27
95 69 94
95 70 42
95 71 61
95 72 33
95 73 49
95 74 26
95 75 26
95 76 26
95 77 26
95 78 26
95 79 68
95 80 38
95 81 27
95 82 40
95 83 24
95 84 72
95 85 93
95 86 55
95 87 79
95 88 16
95 89 3
95 90 66
95 91 67
95 92 63
95 93 42
95 94 45
95 96 61
95 97 31
95 98 68
95 99 10
95 100 62
96 0 76
96 1 51
96 2 12
96 3 48
96 4 55
96 5 64
96 6 56
96 7 25
96 8 11
96 9 52
96 10 97
96 11 82
96 12 77
96 13 34
96 14 91
96 15 66
96 16 2
96 17 56
96 18 66
96 19 47
96 20 67
96 21 25
96 22 66
96 23 56
96 24 88
96 25 61
96 26 97
96 27 37
96 28 21
96 29 60
96 30 92
96 31 20
96 32 9
96 33 46
96 34 73
96 35 55
96 36 82
96 37 33
96 38 34
96 39 73
96 40 52
96 41 32
96 42 76
96 43 51
96 44 72
96 45 45
96 46 77
96 47 89
96 48 24
96 49 44
96 50 19
96 51 18
96 52 70
96 53 82
96 54 77
96 55 29
96 56 34
96 57 67
96 58 75
96 59 6
96 60 86
96 61 41
96 62 26
96 63 64
96 64 54
96 65 92
96 66 70
96 67 43
96 68 84
96 69 15
96 70 22
96 71 84
96 72 41
96 73 12
96 74 23
96 75 21
96 76 38
96 77 79
96 78 40
96 79 40
96 80 40
96 81 40
96 82 7
96 83 48
96 84 68
96 85 37
96 86 52
96 87 87
96 88 66
96 89 103
96 90 76
96 91 65
96 92 76
96 93 13
96 94 39
96 95 38
96 97 63
96 98 68
96 99 101
96 100 55
97 0 34
97 1 77
97 2 29
97 3 7
97 4 65
97 5 84
97 6 93
97 7 99
97 8 39
97 9 75
97 10 66
97 11 71
97 12 75
97 13 74
97 14 46
97 15 50
97 16 58
97 17 17
97 18 91
97 19 74
97 20 95
97 21 23
97 22 29
97 23 33
97 24 80
97 25 19
97 26 80
97 27 41
97 28 17
97 29 68
97 30 78
97 31 74
97 32 39
97 33 60
97 34 62
97 35 74
97 36 96
97 37 52
97 38 61
97 39 67
97 40 43
97 41 51
97 42 62
97 43 39
97 44 53
97 45 83
97 46 98
97 47 71
97 48 35
97 49 42
97 50 48
97 51 57
97 52 42
97 53 78
97 54 76
97 55 15
97 56 35
97 57 49
97 58 83
97 59 47
97 60 74
97 61 22
97 62 82
97 63 71
97 64 72
97 65 49
97 66 14
97 67 67
97 68 25
97 69 21
97 70 60
97 71 18
97 72 65
97 73 58
97 74 53
97 75 75
97 76 44
97 77 23
97 78 41
97 79 76
97 80 84
97 81 34
97 82 34
97 83 34
97 84 34
97 85 82
97 86 43
97 87 82
97 88 59
97 89 53
97 90 16
97 91 58
97 92 23
97 93 33
97 94 69
97 95 62
97 96 74
97 98 53
97 99 52
97 100 26
98 0 21
98 1 16
98 2 79
98 3 58
98 4 49
98 5 59
98 6 93
98 7 22
98 8 53
98 9 18
98 10 17
98 11 52
98 12 13
98 13 36
98 14 48
98 15 13
98 16 56
98 17 60
98 18 52
98 19 35
98 20 103
98 21 7
98 22 57
98 23 11
98 24 65
98 25 74
98 26 58
98 27 34
98 28 69
98 29 7
98 30 70
98 31 83
98 32 62
98 33 21
98 34 38
98 35 50
98 36 60
98 37 44
98 38 49
98 39 23
98 40 46
98 41 27
98 42 43
98 43 67
98 44 42
98 45 38
98 46 91
98 47 78
98 48 24
98 49 19
98 50 29
98 51 55
98 52 58
98 53 66
98 54 71
98 55 84
98 56 78
98 57 41
98 58 93
98 59 69
98 60 52
98 61 32
98 62 48
98 63 21
98 64 101
98 65 60
98 66 45
98 67 20
98 68 61
98 69 85
98 70 20
98 71 112
98 72 96
98 73 29
98 74 83
98 75 68
98 76 46
98 77 57
98 78 46
98 79 77
98 80 66
98 81 34
98 82 32
98 83 35
98 84 40
98 85 40
98 86 40
98 87 40
98 88 14
98 89 29
98 90 51
98 91 16
98 92 32
98 93 74
98 94 64
98 95 84
98 96 67
98 97 46
98 99 55
98 100 12
99 0 32
99 1 29
99 2 45
99 3 51
99 4 84
99 5 38
99 6 28
99 7 57
99 8 21
99 9 23
99 10 50
99 11 64
99 12 75
99 13 81
99 14 30
99 15 60
99 16 46
99 17 51
99 18 59
99 19 71
99 20 45
99 21 45
99 22 39
99 23 37
99 24 76
99 25 53
99 26 77
99 27 19
99 28 13
99 29 28
99 30 60
99 31 15
99 32 65
99 33 45
99 34 12
99 35 67
99 36 60
99 37 54
99 38 28
99 39 59
99 40 41
99 41 53
99 42 77
99 43 45
99 44 47
99 45 60
99 46 24
99 47 32
99 48 54
99 49 30
99 50 36
99 51 71
99 52 79
99 53 60
99 54 16
99 55 40
99 56 50
99 57 38
99 58 29
99 59 60
99 60 56
99 61 22
99 62 38
99 63 45
99 64 63
99 65 27
99 66 62
99 67 30
99 68 61
99 69 64
99 70 54
99 71 29
99 72 13
99 73 52
99 74 42
99 75 25
99 76 42
99 77 31
99 78 46
99 79 37
99 80 51
99 81 54
99 82 6
99 83 57
99 84 64
99 85 36
99 86 102
99 87 86
99 88 86
99 89 86
99 90 86
99 91 33
99 92 9
99 93 52
99 94 13
99 95 22
99 96 54
99 97 53
99 98 64
99 100 49
100 0 42
100 1 47
100 2 26
100 3 23
100 4 18
100 5 24
100 6 30
100 7 63
100 8 42
100 9 23
100 10 43
100 11 17
100 12 43
100 13 29
100 14 51
100 15 54
100 16 60
100 17 20
100 18 39
100 19 29
100 20 38
100 21 38
100 22 59
100 23 38
100 24 35
100 25 20
100 26 55
100 27 55
100 28 43
100 29 56
100 30 22
100 31 26
100 32 22
100 33 42
100 34 23
100 35 43
100 36 43
100 37 33
100 38 57
100 39 40
100 40 37
100 41 15
100 42 50
100 43 27
100 44 40
100 45 57
100 46 32
100 47 27
100 48 45
100 49 25
100 50 13
100 51 38
100 52 45
100 53 40
100 54 52
100 55 59
100 56 42
100 57 5
100 58 32
100 59 45
100 60 38
100 61 40
100 62 57
100 63 40
100 64 43
100 65 37
100 66 35
100 67 45
100 68 11
100 69 42
100 70 51
100 71 51
100 72 50
100 73 33
100 74 25
100 75 34
100 76 31
100 77 62
100 78 46
100 79 21
100 80 41
100 81 42
100 82 24
100 83 42
100 84 40
100 85 27
100 86 37
100 87 40
100 88 48
100 89 47
100 90 8
100 91 8
100 92 8
100 93 8
100 94 71
100 95 49
100 96 98
100 97 62
100 98 65
100 99 24