100 5
87
30
56
77
58
90
83
28
91
10
92
5
6
30
54
77
41
18
97
85
33
6
76
94
43
78
85
71
88
4
88
79
76
29
82
92
45
42
43
18
14
86
47
74
26
87
34
22
19
81
13
20
93
3
85
88
2
44
26
52
33
91
52
90
55
19
30
90
48
54
57
76
31
85
68
36
30
39
3
80
76
66
63
43
88
81
98
84
7
13
29
75
81
73
7
16
26
80
58
24
0 1 43
0 2 51
0 3 20
0 4 24
0 5 46
0 6 77
0 7 29
0 8 30
0 9 68
0 10 56
0 11 37
0 12 72
0 13 87
0 14 50
0 15 58
0 16 76
0 17 67
0 18 38
0 19 38
0 20 20
0 21 39
0 22 79
0 23 55
0 24 63
0 25 65
0 26 10
0 27 83
0 28 35
0 29 67
0 30 86
0 31 32
0 32 25
0 33 48
0 34 47
0 35 91
0 36 36
0 37 5
0 38 69
0 39 76
0 40 39
0 41 37
0 42 21
0 43 46
0 44 28
0 45 66
0 46 9
0 47 71
0 48 55
0 49 48
0 50 38
0 51 44
0 52 30
0 53 19
0 54 74
0 55 19
0 56 16
0 57 40
0 58 16
0 59 22
0 60 74
0 61 64
0 62 49
0 63 75
0 64 47
0 65 71
0 66 75
0 67 8
0 68 54
0 69 51
0 70 80
0 71 67
0 72 18
0 73 64
0 74 56
0 75 45
0 76 47
0 77 61
0 78 12
0 79 47
0 80 59
0 81 79
0 82 30
0 83 36
0 84 26
0 85 35
0 86 62
0 87 27
0 88 70
0 89 42
0 90 13
0 91 50
0 92 79
0 93 54
0 94 21
0 95 27
0 96 68
0 97 9
0 98 79
0 99 47
0 100 42
1 0 42
1 2 42
1 3 42
1 4 60
1 5 95
1 6 94
1 7 64
1 8 74
1 9 7
1 10 51
1 11 52
1 12 40
1 13 77
1 14 67
1 15 39
1 16 41
1 17 52
1 18 58
1 19 3
1 20 49
1 21 89
1 22 52
1 23 91
1 24 102
1 25 19
1 26 82
1 27 37
1 28 33
1 29 74
1 30 24
1 31 56
1 32 18
1 33 30
1 34 80
1 35 65
1 36 74
1 37 79
1 38 45
1 39 77
1 40 84
1 41 18
1 42 51
1 43 77
1 44 61
1 45 63
1 46 49
1 47 67
1 48 39
1 49 78
1 50 10
1 51 45
1 52 70
1 53 41
1 54 48
1 55 93
1 56 60
1 57 39
1 58 89
1 59 94
1 60 62
1 61 89
1 62 89
1 63 58
1 64 56
1 65 32
1 66 44
1 67 45
1 68 31
1 69 32
1 70 81
1 71 43
1 72 68
1 73 42
1 74 52
1 75 71
1 76 51
1 77 73
1 78 64
1 79 76
1 80 53
1 81 81
1 82 43
1 83 26
1 84 36
1 85 53
1 86 44
1 87 78
1 88 63
1 89 25
1 90 53
1 91 33
1 92 82
1 93 91
1 94 81
1 95 29
1 96 105
1 97 95
1 98 61
1 99 26
1 100 85
2 0 47
2 1 77
2 3 38
2 4 38
2 5 38
2 6 38
2 7 84
2 8 49
2 9 40
2 10 23
2 11 48
2 12 52
2 13 8
2 14 5
2 15 44
2 16 57
2 17 36
2 18 55
2 19 69
2 20 30
2 21 50
2 22 51
2 23 45
2 24 43
2 25 18
2 26 42
2 27 58
2 28 56
2 29 58
2 30 45
2 31 40
2 32 24
2 33 61
2 34 16
2 35 44
2 36 65
2 37 33
2 38 16
2 39 39
2 40 42
2 41 74
2 42 34
2 43 30
2 44 43
2 45 54
2 46 44
2 47 23
2 48 18
2 49 33
2 50 20
2 51 42
2 52 24
2 53 46
2 54 33
2 55 37
2 56 13
2 57 31
2 58 42
2 59 7
2 60 50
2 61 35
2 62 40
2 63 25
2 64 38
2 65 37
2 66 63
2 67 45
2 68 26
2 69 60
2 70 32
2 71 46
2 72 56
2 73 30
2 74 39
2 75 38
2 76 63
2 77 47
2 78 19
2 79 43
2 80 55
2 81 31
2 82 49
2 83 50
2 84 31
2 85 23
2 86 37
2 87 54
2 88 18
2 89 11
2 90 29
2 91 23
2 92 36
2 93 4
2 94 51
2 95 40
2 96 39
2 97 54
2 98 59
2 99 69
2 100 45
3 0 13
3 1 42
3 2 31
3 4 64
3 5 40
3 6 18
3 7 18
3 8 18
3 9 18
3 10 56
3 11 49
3 12 30
3 13 43
3 14 68
3 15 62
3 16 28
3 17 17
3 18 37
3 19 77
3 20 56
3 21 73
3 22 85
3 23 16
3 24 70
3 25 59
3 26 34
3 27 27
3 28 9
3 29 54
3 30 72
3 31 69
3 32 78
3 33 63
3 34 36
3 35 38
3 36 75
3 37 6
3 38 57
3 39 79
3 40 19
3 41 9
3 42 19
3 43 22
3 44 90
3 45 16
3 46 36
3 47 46
3 48 42
3 49 64
3 50 3
3 51 37
3 52 53
3 53 8
3 54 35
3 55 27
3 56 56
3 57 24
3 58 17
3 59 27
3 60 51
3 61 33
3 62 25
3 63 43
3 64 32
3 65 43
3 66 6
3 67 49
3 68 31
3 69 82
3 70 30
3 71 41
3 72 78
3 73 51
3 74 43
3 75 72
3 76 41
3 77 58
3 78 18
3 79 80
3 80 34
3 81 16
3 82 30
3 83 75
3 84 11
3 85 69
3 86 70
3 87 45
3 88 20
3 89 52
3 90 49
3 91 38
3 92 26
3 93 18
3 94 2
3 95 38
3 96 25
3 97 68
3 98 22
3 99 47
3 100 74
4 0 74
4 1 85
4 2 55
4 3 9
4 5 42
4 6 34
4 7 82
4 8 20
4 9 33
4 10 33
4 11 33
4 12 33
4 13 43
4 14 36
4 15 16
4 16 33
4 17 58
4 18 90
4 19 42
4 20 41
4 21 77
4 22 67
4 23 50
4 24 87
4 25 102
4 26 57
4 27 72
4 28 90
4 29 75
4 30 34
4 31 47
4 32 24
4 33 42
4 34 93
4 35 66
4 36 77
4 37 75
4 38 24
4 39 97
4 40 43
4 41 81
4 42 100
4 43 31
4 44 32
4 45 50
4 46 48
4 47 106
4 48 37
4 49 10
4 50 81
4 51 83
4 52 50
4 53 43
4 54 36
4 55 60
4 56 33
4 57 75
4 58 15
4 59 84
4 60 64
4 61 51
4 62 51
4 63 59
4 64 23
4 65 33
4 66 83
4 67 12
4 68 3
4 69 46
4 70 20
4 71 15
4 72 87
4 73 70
4 74 63
4 75 90
4 76 61
4 77 82
4 78 90
4 79 18
4 80 68
4 81 54
4 82 94
4 83 74
4 84 24
4 85 71
4 86 68
4 87 49
4 88 58
4 89 75
4 90 22
4 91 57
4 92 73
4 93 88
4 94 45
4 95 49
4 96 27
4 97 41
4 98 74
4 99 40
4 100 84
5 0 41
5 1 13
5 2 60
5 3 93
5 4 59
5 6 22
5 7 35
5 8 79
5 9 7
5 10 94
5 11 47
5 12 55
5 13 55
5 14 55
5 15 55
5 16 21
5 17 40
5 18 40
5 19 45
5 20 28
5 21 76
5 22 37
5 23 28
5 24 50
5 25 82
5 26 62
5 27 85
5 28 98
5 29 29
5 30 79
5 31 74
5 32 45
5 33 13
5 34 24
5 35 51
5 36 70
5 37 83
5 38 83
5 39 75
5 40 50
5 41 39
5 42 88
5 43 20
5 44 71
5 45 93
5 46 4
5 47 14
5 48 17
5 49 16
5 50 103
5 51 5
5 52 31
5 53 61
5 54 53
5 55 67
5 56 15
5 57 43
5 58 63
5 59 10
5 60 48
5 61 23
5 62 70
5 63 37
5 64 18
5 65 40
5 66 61
5 67 19
5 68 31
5 69 56
5 70 21
5 71 36
5 72 16
5 73 47
5 74 19
5 75 92
5 76 39
5 77 54
5 78 89
5 79 62
5 80 56
5 81 85
5 82 39
5 83 68
5 84 22
5 85 92
5 86 44
5 87 14
5 88 41
5 89 82
5 90 18
5 91 74
5 92 79
5 93 44
5 94 34
5 95 65
5 96 61
5 97 46
5 98 38
5 99 6
5 100 13
6 0 53
6 1 34
6 2 80
6 3 11
6 4 42
6 5 78
6 7 87
6 8 85
6 9 52
6 10 17
6 11 56
6 12 27
6 13 94
6 14 15
6 15 45
6 16 45
6 17 45
6 18 45
6 19 47
6 20 7
6 21 18
6 22 12
6 23 46
6 24 77
6 25 31
6 26 21
6 27 19
6 28 80
6 29 60
6 30 65
6 31 75
6 32 7
6 33 68
6 34 43
6 35 19
6 36 45
6 37 11
6 38 67
6 39 84
6 40 57
6 41 82
6 42 56
6 43 18
6 44 50
6 45 62
6 46 15
6 47 45
6 48 67
6 49 37
6 50 26
6 51 28
6 52 33
6 53 80
6 54 33
6 55 52
6 56 29
6 57 28
6 58 70
6 59 17
6 60 44
6 61 51
6 62 26
6 63 17
6 64 43
6 65 42
6 66 7
6 67 25
6 68 23
6 69 50
6 70 51
6 71 33
6 72 25
6 73 50
6 74 60
6 75 17
6 76 63
6 77 49
6 78 78
6 79 20
6 80 34
6 81 70
6 82 49
6 83 24
6 84 62
6 85 54
6 86 54
6 87 23
6 88 71
6 89 21
6 90 33
6 91 17
6 92 77
6 93 19
6 94 73
6 95 66
6 96 57
6 97 5
6 98 42
6 99 30
6 100 41
7 0 24
7 1 36
7 2 19
7 3 21
7 4 29
7 5 59
7 6 37
7 8 62
7 9 79
7 10 63
7 11 95
7 12 70
7 13 22
7 14 23
7 15 50
7 16 74
7 17 32
7 18 27
7 19 27
7 20 27
7 21 27
7 22 40
7 23 46
7 24 53
7 25 53
7 26 48
7 27 96
7 28 53
7 29 26
7 30 62
7 31 63
7 32 43
7 33 75
7 34 89
7 35 43
7 36 63
7 37 75
7 38 60
7 39 30
7 40 32
7 41 29
7 42 48
7 43 79
7 44 62
7 45 65
7 46 60
7 47 17
7 48 84
7 49 28
7 50 67
7 51 87
7 52 23
7 53 18
7 54 39
7 55 39
7 56 94
7 57 27
7 58 9
7 59 66
7 60 69
7 61 47
7 62 29
7 63 25
7 64 49
7 65 20
7 66 60
7 67 1
7 68 69
7 69 49
7 70 39
7 71 36
7 72 48
7 73 24
7 74 19
7 75 68
7 76 13
7 77 18
7 78 32
7 79 24
7 80 16
7 81 78
7 82 56
7 83 48
7 84 78
7 85 50
7 86 66
7 87 77
7 88 16
7 89 57
7 90 42
7 91 82
7 92 60
7 93 10
7 94 57
7 95 63
7 96 37
7 97 54
7 98 65
7 99 21
7 100 41
8 0 59
8 1 73
8 2 33
8 3 34
8 4 18
8 5 28
8 6 58
8 7 25
8 9 72
8 10 34
8 11 20
8 12 57
8 13 80
8 14 63
8 15 29
8 16 20
8 17 63
8 18 8
8 19 83
8 20 38
8 21 41
8 22 41
8 23 41
8 24 41
8 25 56
8 26 51
8 27 32
8 28 46
8 29 45
8 30 34
8 31 42
8 32 8
8 33 84
8 34 54
8 35 58
8 36 18
8 37 8
8 38 89
8 39 36
8 40 48
8 41 92
8 42 116
8 43 83
8 44 91
8 45 93
8 46 29
8 47 59
8 48 28
8 49 77
8 50 81
8 51 25
8 52 85
8 53 37
8 54 20
8 55 106
8 56 89
8 57 108
8 58 112
8 59 5
8 60 106
8 61 94
8 62 63
8 63 97
8 64 65
8 65 91
8 66 68
8 67 44
8 68 93
8 69 83
8 70 93
8 71 44
8 72 84
8 73 105
8 74 63
8 75 45
8 76 115
8 77 75
8 78 85
8 79 106
8 80 105
8 81 93
8 82 91
8 83 108
8 84 23
8 85 98
8 86 49
8 87 14
8 88 43
8 89 77
8 90 19
8 91 87
8 92 36
8 93 104
8 94 11
8 95 96
8 96 92
8 97 94
8 98 49
8 99 98
8 100 59
9 0 31
9 1 85
9 2 77
9 3 39
9 4 83
9 5 60
9 6 64
9 7 102
9 8 93
9 10 66
9 11 69
9 12 23
9 13 112
9 14 97
9 15 62
9 16 20
9 17 87
9 18 96
9 19 85
9 20 70
9 21 99
9 22 11
9 23 110
9 24 58
9 25 58
9 26 58
9 27 58
9 28 43
9 29 53
9 30 33
9 31 50
9 32 31
9 33 27
9 34 46
9 35 22
9 36 64
9 37 39
9 38 18
9 39 52
9 40 67
9 41 50
9 42 38
9 43 62
9 44 66
9 45 54
9 46 38
9 47 26
9 48 39
9 49 61
9 50 39
9 51 43
9 52 59
9 53 11
9 54 64
9 55 36
9 56 50
9 57 66
9 58 45
9 59 31
9 60 57
9 61 58
9 62 71
9 63 48
9 64 25
9 65 58
9 66 74
9 67 25
9 68 42
9 69 2
9 70 25
9 71 36
9 72 61
9 73 26
9 74 55
9 75 53
9 76 55
9 77 27
9 78 24
9 79 49
9 80 14
9 81 69
9 82 39
9 83 36
9 84 44
9 85 24
9 86 41
9 87 53
9 88 65
9 89 32
9 90 55
9 91 27
9 92 64
9 93 56
9 94 18
9 95 33
9 96 57
9 97 59
9 98 67
9 99 29
9 100 64
10 0 38
10 1 50
10 2 30
10 3 40
10 4 17
10 5 43
10 6 41
10 7 73
10 8 11
10 9 25
10 11 40
10 12 41
10 13 52
10 14 17
10 15 50
10 16 55
10 17 28
10 18 35
10 19 60
10 20 48
10 21 31
10 22 30
10 23 59
10 24 30
10 25 59
10 26 57
10 27 28
10 28 28
10 29 28
10 30 28
10 31 54
10 32 7
10 33 26
10 34 15
10 35 53
10 36 86
10 37 18
10 38 54
10 39 16
10 40 27
10 41 60
10 42 63
10 43 73
10 44 10
10 45 67
10 46 40
10 47 19
10 48 48
10 49 13
10 50 68
10 51 85
10 52 54
10 53 81
10 54 54
10 55 15
10 56 51
10 57 60
10 58 17
10 59 43
10 60 65
10 61 40
10 62 28
10 63 31
10 64 37
10 65 78
10 66 36
10 67 54
10 68 26
10 69 27
10 70 70
10 71 20
10 72 45
10 73 50
10 74 29
10 75 15
10 76 45
10 77 39
10 78 6
10 79 28
10 80 22
10 81 49
10 82 54
10 83 34
10 84 23
10 85 52
10 86 63
10 87 20
10 88 65
10 89 52
10 90 76
10 91 21
10 92 32
10 93 68
10 94 47
10 95 22
10 96 60
10 97 56
10 98 52
10 99 26
10 100 69
11 0 21
11 1 36
11 2 18
11 3 76
11 4 22
11 5 73
11 6 65
11 7 58
11 8 4
11 9 40
11 10 28
11 12 40
11 13 24
11 14 39
11 15 22
11 16 18
11 17 29
11 18 57
11 19 40
11 20 64
11 21 79
11 22 61
11 23 95
11 24 71
11 25 25
11 26 20
11 27 53
11 28 72
11 29 35
11 30 26
11 31 26
11 32 26
11 33 26
11 34 16
11 35 38
11 36 30
11 37 41
11 38 16
11 39 60
11 40 39
11 41 48
11 42 52
11 43 24
11 44 65
11 45 41
11 46 54
11 47 77
11 48 17
11 49 69
11 50 90
11 51 85
11 52 66
11 53 43
11 54 40
11 55 58
11 56 11
11 57 36
11 58 79
11 59 39
11 60 59
11 61 65
11 62 53
11 63 59
11 64 77
11 65 62
11 66 87
11 67 89
11 68 56
11 69 79
11 70 53
11 71 72
11 72 98
11 73 13
11 74 71
11 75 32
11 76 23
11 77 67
11 78 83
11 79 57
11 80 61
11 81 77
11 82 86
11 83 49
11 84 24
11 85 79
11 86 44
11 87 90
11 88 68
11 89 61
11 90 74
11 91 44
11 92 72
11 93 30
11 94 91
11 95 44
11 96 40
11 97 27
11 98 83
11 99 48
11 100 44
12 0 28
12 1 87
12 2 45
12 3 92
12 4 61
12 5 89
12 6 7
12 7 80
12 8 6
12 9 22
12 10 40
12 11 67
12 13 45
12 14 91
12 15 31
12 16 47
12 17 72
12 18 71
12 19 70
12 20 44
12 21 43
12 22 86
12 23 51
12 24 11
12 25 52
12 26 36
12 27 47
12 28 60
12 29 77
12 30 59
12 31 42
12 32 88
12 33 46
12 34 46
12 35 46
12 36 46
12 37 46
12 38 62
12 39 42
12 40 59
12 41 34
12 42 19
12 43 55
12 44 28
12 45 73
12 46 40
12 47 38
12 48 10
12 49 90
12 50 62
12 51 58
12 52 85
12 53 79
12 54 48
12 55 51
12 56 8
12 57 27
12 58 85
12 59 49
12 60 67
12 61 76
12 62 14
12 63 89
12 64 47
12 65 74
12 66 91
12 67 43
12 68 38
12 69 60
12 70 59
12 71 94
12 72 48
12 73 12
12 74 79
12 75 88
12 76 34
12 77 50
12 78 26
12 79 49
12 80 40
12 81 78
12 82 21
12 83 79
12 84 67
12 85 60
12 86 48
12 87 48
12 88 38
12 89 29
12 90 86
12 91 27
12 92 16
12 93 52
12 94 3
12 95 31
12 96 73
12 97 76
12 98 56
12 99 78
12 100 51
13 0 83
13 1 80
13 2 7
13 3 57
13 4 63
13 5 82
13 6 80
13 7 31
13 8 77
13 9 53
13 10 57
13 11 42
13 12 62
13 14 7
13 15 59
13 16 66
13 17 90
13 18 36
13 19 45
13 20 38
13 21 48
13 22 73
13 23 36
13 24 74
13 25 54
13 26 5
13 27 44
13 28 84
13 29 43
13 30 9
13 31 39
13 32 79
13 33 18
13 34 81
13 35 59
13 36 50
13 37 50
13 38 50
13 39 50
13 40 40
13 41 48
13 42 55
13 43 55
13 44 49
13 45 97
13 46 56
13 47 81
13 48 58
13 49 51
13 50 97
13 51 84
13 52 49
13 53 13
13 54 70
13 55 57
13 56 31
13 57 30
13 58 7
13 59 57
13 60 75
13 61 67
13 62 79
13 63 62
13 64 33
13 65 41
13 66 73
13 67 5
13 68 55
13 69 78
13 70 22
13 71 12
13 72 19
13 73 22
13 74 89
13 75 18
13 76 39
13 77 43
13 78 39
13 79 65
13 80 2
13 81 39
13 82 53
13 83 11
13 84 31
13 85 30
13 86 54
13 87 20
13 88 16
13 89 26
13 90 51
13 91 36
13 92 26
13 93 40
13 94 35
13 95 47
13 96 4
13 97 52
13 98 34
13 99 82
13 100 27
14 0 40
14 1 77
14 2 51
14 3 39
14 4 71
14 5 44
14 6 57
14 7 17
14 8 79
14 9 30
14 10 20
14 11 27
14 12 76
14 13 10
14 15 70
14 16 69
14 17 47
14 18 17
14 19 50
14 20 45
14 21 39
14 22 26
14 23 21
14 24 4
14 25 35
14 26 25
14 27 67
14 28 24
14 29 50
14 30 75
14 31 73
14 32 87
14 33 58
14 34 11
14 35 38
14 36 37
14 37 81
14 38 21
14 39 32
14 40 32
14 41 32
14 42 32
14 43 97
14 44 71
14 45 59
14 46 64
14 47 86
14 48 66
14 49 61
14 50 38
14 51 71
14 52 64
14 53 24
14 54 51
14 55 83
14 56 25
14 57 45
14 58 64
14 59 63
14 60 47
14 61 35
14 62 25
14 63 40
14 64 65
14 65 45
14 66 48
14 67 58
14 68 7
14 69 69
14 70 32
14 71 54
14 72 71
14 73 39
14 74 26
14 75 51
14 76 52
14 77 77
14 78 42
14 79 19
14 80 59
14 81 72
14 82 30
14 83 37
14 84 7
14 85 31
14 86 30
14 87 60
14 88 19
14 89 58
14 90 50
14 91 50
14 92 27
14 93 30
14 94 42
14 95 10
14 96 68
14 97 32
14 98 30
14 99 40
14 100 22
15 0 35
15 1 60
15 2 61
15 3 35
15 4 61
15 5 32
15 6 63
15 7 61
15 8 14
15 9 39
15 10 52
15 11 65
15 12 64
15 13 23
15 14 61
15 16 45
15 17 45
15 18 37
15 19 47
15 20 14
15 21 40
15 22 45
15 23 72
15 24 16
15 25 25
15 26 34
15 27 36
15 28 53
15 29 16
15 30 56
15 31 49
15 32 24
15 33 41
15 34 65
15 35 52
15 36 28
15 37 25
15 38 59
15 39 23
15 40 65
15 41 51
15 42 30
15 43 30
15 44 30
15 45 30
15 46 5
15 47 59
15 48 50
15 49 62
15 50 13
15 51 59
15 52 60
15 53 62
15 54 73
15 55 44
15 56 77
15 57 54
15 58 16
15 59 87
15 60 61
15 61 52
15 62 79
15 63 86
15 64 60
15 65 54
15 66 56
15 67 40
15 68 28
15 69 18
15 70 66
15 71 45
15 72 41
15 73 60
15 74 36
15 75 41
15 76 77
15 77 60
15 78 83
15 79 86
15 80 40
15 81 78
15 82 59
15 83 58
15 84 86
15 85 29
15 86 67
15 87 34
15 88 12
15 89 65
15 90 72
15 91 60
15 92 44
15 93 68
15 94 81
15 95 40
15 96 13
15 97 82
15 98 43
15 99 77
15 100 72
16 0 69
16 1 69
16 2 54
16 3 75
16 4 19
16 5 82
16 6 31
16 7 23
16 8 14
16 9 70
16 10 30
16 11 51
16 12 11
16 13 81
16 14 28
16 15 82
16 17 61
16 18 79
16 19 19
16 20 75
16 21 24
16 22 6
16 23 48
16 24 58
16 25 29
16 26 78
16 27 28
16 28 40
16 29 72
16 30 67
16 31 56
16 32 40
16 33 25
16 34 85
16 35 60
16 36 29
16 37 34
16 38 54
16 39 59
16 40 57
16 41 63
16 42 64
16 43 26
16 44 85
16 45 35
16 46 35
16 47 35
16 48 35
16 49 26
16 50 72
16 51 57
16 52 72
16 53 21
16 54 42
16 55 69
16 56 59
16 57 86
16 58 52
16 59 71
16 60 45
16 61 24
16 62 88
16 63 59
16 64 74
16 65 78
16 66 70
16 67 52
16 68 31
16 69 36
16 70 58
16 71 24
16 72 37
16 73 68
16 74 24
16 75 60
16 76 51
16 77 50
16 78 61
16 79 61
16 80 47
16 81 72
16 82 74
16 83 63
16 84 64
16 85 39
16 86 65
16 87 86
16 88 11
16 89 57
16 90 17
16 91 19
16 92 52
16 93 72
16 94 41
16 95 57
16 96 65
16 97 71
16 98 37
16 99 19
16 100 64
17 0 29
17 1 79
17 2 53
17 3 48
17 4 60
17 5 32
17 6 56
17 7 40
17 8 78
17 9 36
17 10 46
17 11 22
17 12 73
17 13 50
17 14 30
17 15 27
17 16 72
17 18 51
17 19 79
17 20 45
17 21 76
17 22 22
17 23 65
17 24 15
17 25 29
17 26 26
17 27 54
17 28 41
17 29 82
17 30 18
17 31 35
17 32 56
17 33 56
17 34 60
17 35 30
17 36 44
17 37 71
17 38 38
17 39 20
17 40 54
17 41 39
17 42 36
17 43 46
17 44 67
17 45 44
17 46 49
17 47 73
17 48 35
17 49 35
17 50 35
17 51 35
17 52 49
17 53 43
17 54 23
17 55 38
17 56 38
17 57 39
17 58 34
17 59 10
17 60 52
17 61 23
17 62 26
17 63 17
17 64 35
17 65 39
17 66 10
17 67 37
17 68 38
17 69 20
17 70 54
17 71 54
17 72 71
17 73 111
17 74 95
17 75 100
17 76 80
17 77 52
17 78 116
17 79 50
17 80 99
17 81 120
17 82 26
17 83 42
17 84 41
17 85 36
17 86 129
17 87 31
17 88 37
17 89 91
17 90 81
17 91 80
17 92 46
17 93 61
17 94 85
17 95 39
17 96 78
17 97 35
17 98 100
17 99 67
17 100 44
18 0 67
18 1 83
18 2 13
18 3 53
18 4 85
18 5 22
18 6 32
18 7 47
18 8 50
18 9 20
18 10 114
18 11 67
18 12 81
18 13 114
18 14 85
18 15 87
18 16 111
18 17 47
18 19 92
18 20 48
18 21 117
18 22 72
18 23 36
18 24 70
18 25 97
18 26 47
18 27 88
18 28 101
18 29 52
18 30 64
18 31 92
18 32 91
18 33 68
18 34 66
18 35 28
18 36 44
18 37 83
18 38 59
18 39 106
18 40 30
18 41 43
18 42 90
18 43 114
18 44 89
18 45 52
18 46 46
18 47 86
18 48 32
18 49 118
18 50 37
18 51 73
18 52 73
18 53 73
18 54 73
18 55 31
18 56 73
18 57 57
18 58 73
18 59 23
18 60 36
18 61 70
18 62 56
18 63 87
18 64 52
18 65 67
18 66 41
18 67 26
18 68 86
18 69 57
18 70 69
18 71 85
18 72 87
18 73 27
18 74 74
18 75 88
18 76 37
18 77 77
18 78 41
18 79 14
18 80 56
18 81 43
18 82 31
18 83 27
18 84 48
18 85 55
18 86 40
18 87 48
18 88 53
18 89 62
18 90 52
18 91 62
18 92 11
18 93 34
18 94 68
18 95 36
18 96 46
18 97 43
18 98 42
18 99 20
18 100 55
19 0 22
19 1 20
19 2 45
19 3 22
19 4 42
19 5 68
19 6 40
19 7 25
19 8 65
19 9 73
19 10 36
19 11 70
19 12 65
19 13 65
19 14 34
19 15 22
19 16 54
19 17 39
19 18 17
19 20 45
19 21 62
19 22 42
19 23 43
19 24 55
19 25 32
19 26 47
19 27 30
19 28 70
19 29 39
19 30 69
19 31 55
19 32 63
19 33 17
19 34 26
19 35 26
19 36 39
19 37 24
19 38 53
19 39 38
19 40 4
19 41 33
19 42 43
19 43 56
19 44 71
19 45 75
19 46 45
19 47 95
19 48 77
19 49 36
19 50 11
19 51 63
19 52 58
19 53 52
19 54 21
19 55 21
19 56 21
19 57 21
19 58 38
19 59 49
19 60 55
19 61 56
19 62 47
19 63 95
19 64 57
19 65 80
19 66 60
19 67 51
19 68 97
19 69 83
19 70 47
19 71 95
19 72 79
19 73 109
19 74 97
19 75 68
19 76 53
19 77 88
19 78 106
19 79 64
19 80 102
19 81 70
19 82 15
19 83 71
19 84 69
19 85 35
19 86 55
19 87 75
19 88 52
19 89 45
19 90 37
19 91 42
19 92 90
19 93 47
19 94 72
19 95 30
19 96 7
19 97 90
19 98 34
19 99 65
19 100 69
20 0 44
20 1 9
20 2 63
20 3 48
20 4 15
20 5 33
20 6 43
20 7 68
20 8 67
20 9 55
20 10 10
20 11 68
20 12 80
20 13 32
20 14 84
20 15 67
20 16 93
20 17 11
20 18 49
20 19 83
20 21 66
20 22 17
20 23 73
20 24 76
20 25 70
20 26 29
20 27 83
20 28 6
20 29 53
20 30 7
20 31 96
20 32 30
20 33 93
20 34 82
20 35 78
20 36 25
20 37 55
20 38 16
20 39 61
20 40 44
20 41 53
20 42 37
20 43 26
20 44 50
20 45 71
20 46 48
20 47 83
20 48 99
20 49 72
20 50 116
20 51 91
20 52 43
20 53 22
20 54 70
20 55 87
20 56 41
20 57 45
20 58 45
20 59 45
20 60 45
20 61 50
20 62 81
20 63 63
20 64 79
20 65 40
20 66 17
20 67 76
20 68 51
20 69 94
20 70 59
20 71 58
20 72 32
20 73 41
20 74 81
20 75 53
20 76 55
20 77 79
20 78 91
20 79 83
20 80 68
20 81 56
20 82 81
20 83 70
20 84 69
20 85 56
20 86 26
20 87 86
20 88 24
20 89 69
20 90 89
20 91 14
20 92 13
20 93 31
20 94 30
20 95 98
20 96 19
20 97 17
20 98 64
20 99 63
20 100 55
21 0 23
21 1 32
21 2 55
21 3 13
21 4 55
21 5 9
21 6 70
21 7 44
21 8 31
21 9 37
21 10 53
21 11 18
21 12 22
21 13 63
21 14 12
21 15 23
21 16 25
21 17 33
21 18 12
21 19 84
21 20 50
21 22 50
21 23 83
21 24 54
21 25 63
21 26 80
21 27 25
21 28 61
21 29 35
21 30 86
21 31 54
21 32 6
21 33 51
21 34 70
21 35 29
21 36 62
21 37 71
21 38 30
21 39 38
21 40 62
21 41 69
21 42 38
21 43 35
21 44 9
21 45 21
21 46 56
21 47 28
21 48 75
21 49 25
21 50 28
21 51 66
21 52 83
21 53 71
21 54 38
21 55 17
21 56 60
21 57 14
21 58 87
21 59 29
21 60 42
21 61 42
21 62 42
21 63 42
21 64 47
21 65 12
21 66 26
21 67 20
21 68 48
21 69 83
21 70 21
21 71 54
21 72 23
21 73 25
21 74 69
21 75 64
21 76 45
21 77 60
21 78 52
21 79 84
21 80 63
21 81 31
21 82 16
21 83 95
21 84 89
21 85 12
21 86 62
21 87 17
21 88 40
21 89 60
21 90 18
21 91 52
21 92 1
21 93 22
21 94 75
21 95 58
21 96 73
21 97 78
21 98 35
21 99 73
21 100 71
22 0 27
22 1 61
22 2 59
22 3 58
22 4 48
22 5 30
22 6 61
22 7 47
22 8 67
22 9 10
22 10 48
22 11 70
22 12 32
22 13 30
22 14 86
22 15 48
22 16 50
22 17 79
22 18 82
22 19 59
22 20 74
22 21 81
22 23 40
22 24 62
22 25 18
22 26 28
22 27 26
22 28 41
22 29 17
22 30 67
22 31 24
22 32 68
22 33 27
22 34 59
22 35 63
22 36 57
22 37 53
22 38 63
22 39 57
22 40 34
22 41 66
22 42 41
22 43 8
22 44 48
22 45 38
22 46 34
22 47 72
22 48 60
22 49 29
22 50 41
22 51 16
22 52 79
22 53 77
22 54 62
22 55 17
22 56 86
22 57 80
22 58 54
22 59 35
22 60 74
22 61 32
22 62 76
22 63 26
22 64 26
22 65 26
22 66 26
22 67 42
22 68 81
22 69 65
22 70 81
22 71 34
22 72 31
22 73 77
22 74 58
22 75 95
22 76 60
22 77 68
22 78 41
22 79 36
22 80 89
22 81 60
22 82 68
22 83 88
22 84 94
22 85 84
22 86 81
22 87 63
22 88 39
22 89 60
22 90 67
22 91 65
22 92 15
22 93 86
22 94 34
22 95 70
22 96 89
22 97 28
22 98 23
22 99 45
22 100 44
23 0 95
23 1 33
23 2 4
23 3 70
23 4 75
23 5 44
23 6 35
23 7 25
23 8 50
23 9 25
23 10 65
23 11 6
23 12 73
23 13 55
23 14 45
23 15 40
23 16 48
23 17 25
23 18 22
23 19 74
23 20 14
23 21 13
23 22 38
23 24 19
23 25 17
23 26 78
23 27 62
23 28 51
23 29 79
23 30 51
23 31 71
23 32 79
23 33 12
23 34 58
23 35 48
23 36 83
23 37 66
23 38 16
23 39 63
23 40 61
23 41 42
23 42 51
23 43 65
23 44 17
23 45 47
23 46 62
23 47 78
23 48 34
23 49 37
23 50 23
23 51 33
23 52 63
23 53 29
23 54 73
23 55 38
23 56 15
23 57 55
23 58 82
23 59 58
23 60 24
23 61 26
23 62 68
23 63 5
23 64 83
23 65 43
23 66 44
23 67 44
23 68 44
23 69 44
23 70 4
23 71 58
23 72 50
23 73 61
23 74 14
23 75 61
23 76 59
23 77 62
23 78 72
23 79 43
23 80 78
23 81 55
23 82 17
23 83 87
23 84 62
23 85 85
23 86 88
23 87 76
23 88 62
23 89 100
23 90 85
23 91 64
23 92 53
23 93 70
23 94 16
23 95 75
23 96 68
23 97 40
23 98 54
23 99 74
23 100 57
24 0 50
24 1 42
24 2 47
24 3 89
24 4 52
24 5 77
24 6 29
24 7 6
24 8 93
24 9 39
24 10 69
24 11 72
24 12 49
24 13 10
24 14 68
24 15 47
24 16 19
24 17 39
24 18 46
24 19 70
24 20 72
24 21 59
24 22 6
24 23 73
24 25 85
24 26 38
24 27 89
24 28 72
24 29 94
24 30 16
24 31 51
24 32 83
24 33 68
24 34 15
24 35 72
24 36 80
24 37 71
24 38 35
24 39 83
24 40 11
24 41 58
24 42 13
24 43 98
24 44 36
24 45 96
24 46 84
24 47 83
24 48 29
24 49 56
24 50 12
24 51 64
24 52 47
24 53 58
24 54 42
24 55 26
24 56 54
24 57 71
24 58 53
24 59 88
24 60 102
24 61 72
24 62 120
24 63 95
24 64 48
24 65 21
24 66 75
24 67 87
24 68 46
24 69 48
24 70 48
24 71 48
24 72 48
24 73 6
24 74 50
24 75 40
24 76 52
24 77 7
24 78 56
24 79 50
24 80 53
24 81 64
24 82 34
24 83 69
24 84 48
24 85 8
24 86 77
24 87 52
24 88 77
24 89 78
24 90 67
24 91 53
24 92 91
24 93 77
24 94 57
24 95 46
24 96 27
24 97 71
24 98 65
24 99 28
24 100 74
25 0 32
25 1 25
25 2 93
25 3 76
25 4 97
25 5 101
25 6 19
25 7 94
25 8 80
25 9 59
25 10 92
25 11 49
25 12 80
25 13 54
25 14 29
25 15 81
25 16 77
25 17 79
25 18 41
25 19 76
25 20 94
25 21 52
25 22 31
25 23 101
25 24 61
25 26 81
25 27 92
25 28 90
25 29 82
25 30 75
25 31 94
25 32 11
25 33 90
25 34 39
25 35 4
25 36 29
25 37 72
25 38 17
25 39 72
25 40 22
25 41 94
25 42 9
25 43 89
25 44 79
25 45 87
25 46 34
25 47 87
25 48 43
25 49 15
25 50 69
25 51 68
25 52 31
25 53 80
25 54 46
25 55 53
25 56 89
25 57 81
25 58 60
25 59 56
25 60 16
25 61 100
25 62 81
25 63 47
25 64 21
25 65 73
25 66 80
25 67 73
25 68 66
25 69 84
25 70 5
25 71 99
25 72 47
25 73 47
25 74 47
25 75 47
25 76 38
25 77 18
25 78 25
25 79 24
25 80 39
25 81 78
25 82 25
25 83 52
25 84 31
25 85 22
25 86 68
25 87 60
25 88 36
25 89 63
25 90 50
25 91 82
25 92 65
25 93 38
25 94 22
25 95 94
25 96 86
25 97 74
25 98 10
25 99 42
25 100 78
26 0 22
26 1 55
26 2 40
26 3 42
26 4 57
26 5 54
26 6 38
26 7 62
26 8 65
26 9 61
26 10 55
26 11 36
26 12 54
26 13 75
26 14 23
26 15 46
26 16 10
26 17 15
26 18 43
26 19 61
26 20 36
26 21 48
26 22 53
26 23 61
26 24 25
26 25 14
26 27 58
26 28 20
26 29 68
26 30 48
26 31 46
26 32 49
26 33 33
26 34 51
26 35 43
26 36 67
26 37 26
26 38 45
26 39 17
26 40 62
26 41 46
26 42 28
26 43 23
26 44 62
26 45 49
26 46 68
26 47 38
26 48 65
26 49 31
26 50 55
26 51 26
26 52 30
26 53 26
26 54 43
26 55 33
26 56 71
26 57 7
26 58 24
26 59 49
26 60 46
26 61 49
26 62 20
26 63 40
26 64 62
26 65 38
26 66 31
26 67 50
26 68 50
26 69 39
26 70 36
26 71 56
26 72 40
26 73 48
26 74 64
26 75 24
26 76 24
26 77 24
26 78 24
26 79 11
26 80 61
26 81 50
26 82 63
26 83 11
26 84 53
26 85 61
26 86 59
26 87 75
26 88 44
26 89 74
26 90 50
26 91 15
26 92 86
26 93 59
26 94 80
26 95 86
26 96 78
26 97 64
26 98 94
26 99 78
26 100 57
27 0 57
27 1 32
27 2 58
27 3 96
27 4 49
27 5 63
27 6 44
27 7 49
27 8 77
27 9 61
27 10 86
27 11 88
27 12 47
27 13 79
27 14 57
27 15 65
27 16 92
27 17 22
27 18 69
27 19 33
27 20 16
27 21 66
27 22 77
27 23 59
27 24 52
27 25 72
27 26 84
27 28 44
27 29 18
27 30 82
27 31 44
27 32 84
27 33 71
27 34 66
27 35 72
27 36 50
27 37 74
27 38 22
27 39 87
27 40 37
27 41 30
27 42 20
27 43 76
27 44 38
27 45 48
27 46 19
27 47 84
27 48 35
27 49 87
27 50 61
27 51 84
27 52 11
27 53 77
27 54 16
27 55 13
27 56 44
27 57 62
27 58 37
27 59 85
27 60 29
27 61 43
27 62 72
27 63 69
27 64 63
27 65 42
27 66 33
27 67 86
27 68 56
27 69 21
27 70 42
27 71 46
27 72 54
27 73 59
27 74 70
27 75 62
27 76 33
27 77 87
27 78 40
27 79 40
27 80 40
27 81 40
27 82 45
27 83 20
27 84 0
27 85 17
27 86 39
27 87 61
27 88 13
27 89 28
27 90 31
27 91 6
27 92 43
27 93 40
27 94 35
27 95 40
27 96 26
27 97 58
27 98 42
27 99 29
27 100 21
28 0 69
28 1 62
28 2 55
28 3 28
28 4 28
28 5 59
28 6 47
28 7 66
28 8 49
28 9 4
28 10 25
28 11 72
28 12 55
28 13 70
28 14 75
28 15 37
28 16 70
28 17 68
28 18 27
28 19 60
28 20 56
28 21 55
28 22 44
28 23 28
28 24 58
28 25 45
28 26 64
28 27 11
28 29 45
28 30 67
28 31 29
28 32 27
28 33 83
28 34 45
28 35 49
28 36 76
28 37 79
28 38 56
28 39 70
28 40 77
28 41 40
28 42 60
28 43 15
28 44 29
28 45 24
28 46 40
28 47 19
28 48 64
28 49 22
28 50 66
28 51 29
28 52 58
28 53 60
28 54 56
28 55 52
28 56 60
28 57 55
28 58 33
28 59 63
28 60 39
28 61 5
28 62 48
28 63 35
28 64 30
28 65 68
28 66 57
28 67 28
28 68 38
28 69 17
28 70 76
28 71 74
28 72 60
28 73 20
28 74 84
28 75 77
28 76 51
28 77 34
28 78 71
28 79 33
28 80 73
28 81 23
28 82 23
28 83 23
28 84 23
28 85 89
28 86 53
28 87 45
28 88 45
28 89 80
28 90 75
28 91 43
28 92 36
28 93 50
28 94 51
28 95 31
28 96 54
28 97 76
28 98 6
28 99 34
28 100 45
29 0 7
29 1 40
29 2 50
29 3 46
29 4 54
29 5 65
29 6 66
29 7 61
29 8 69
29 9 20
29 10 83
29 11 103
29 12 49
29 13 65
29 14 49
29 15 35
29 16 60
29 17 62
29 18 69
29 19 52
29 20 28
29 21 59
29 22 77
29 23 21
29 24 45
29 25 5
29 26 23
29 27 40
29 28 64
29 30 30
29 31 55
29 32 55
29 33 59
29 34 29
29 35 22
29 36 52
29 37 18
29 38 71
29 39 42
29 40 38
29 41 48
29 42 25
29 43 45
29 44 50
29 45 68
29 46 33
29 47 53
29 48 25
29 49 66
29 50 54
29 51 20
29 52 31
29 53 61
29 54 57
29 55 70
29 56 33
29 57 67
29 58 34
29 59 54
29 60 27
29 61 37
29 62 18
29 63 45
29 64 41
29 65 75
29 66 12
29 67 27
29 68 44
29 69 45
29 70 54
29 71 20
29 72 48
29 73 59
29 74 30
29 75 31
29 76 58
29 77 46
29 78 31
29 79 34
29 80 61
29 81 33
29 82 56
29 83 61
29 84 29
29 85 29
29 86 29
29 87 29
29 88 90
29 89 75
29 90 59
29 91 68
29 92 78
29 93 51
29 94 65
29 95 32
29 96 79
29 97 62
29 98 16
29 99 39
29 100 76
30 0 36
30 1 34
30 2 12
30 3 31
30 4 69
30 5 74
30 6 11
30 7 20
30 8 41
30 9 87
30 10 57
30 11 44
30 12 56
30 13 59
30 14 117
30 15 37
30 16 44
30 17 61
30 18 44
30 19 66
30 20 70
30 21 49
30 22 62
30 23 47
30 24 46
30 25 71
30 26 31
30 27 50
30 28 22
30 29 5
30 31 48
30 32 56
30 33 46
30 34 37
30 35 51
30 36 64
30 37 23
30 38 3
30 39 68
30 40 28
30 41 63
30 42 59
30 43 58
30 44 52
30 45 46
30 46 61
30 47 34
30 48 66
30 49 17
30 50 33
30 51 4
30 52 56
30 53 33
30 54 41
30 55 11
30 56 64
30 57 37
30 58 66
30 59 46
30 60 63
30 61 31
30 62 58
30 63 31
30 64 22
30 65 39
30 66 41
30 67 21
30 68 64
30 69 13
30 70 23
30 71 56
30 72 50
30 73 42
30 74 24
30 75 27
30 76 68
30 77 51
30 78 37
30 79 37
30 80 59
30 81 52
30 82 41
30 83 50
30 84 52
30 85 37
30 86 68
30 87 19
30 88 19
30 89 19
30 90 19
30 91 76
30 92 22
30 93 37
30 94 21
30 95 73
30 96 97
30 97 25
30 98 58
30 99 8
30 100 42
31 0 67
31 1 74
31 2 70
31 3 47
31 4 55
31 5 83
31 6 51
31 7 11
31 8 19
31 9 91
31 10 91
31 11 90
31 12 31
31 13 66
31 14 94
31 15 34
31 16 103
31 17 68
31 18 93
31 19 7
31 20 49
31 21 41
31 22 65
31 23 65
31 24 86
31 25 54
31 26 20
31 27 76
31 28 89
31 29 24
31 30 52
31 32 20
31 33 41
31 34 44
31 35 77
31 36 27
31 37 73
31 38 68
31 39 65
31 40 45
31 41 40
31 42 47
31 43 28
31 44 86
31 45 36
31 46 26
31 47 55
31 48 8
31 49 39
31 50 64
31 51 78
31 52 51
31 53 69
31 54 43
31 55 81
31 56 72
31 57 10
31 58 49
31 59 67
31 60 74
31 61 81
31 62 35
31 63 78
31 64 43
31 65 61
31 66 32
31 67 53
31 68 5
31 69 58
31 70 59
31 71 89
31 72 30
31 73 42
31 74 44
31 75 51
31 76 70
31 77 34
31 78 66
31 79 60
31 80 15
31 81 34
31 82 76
31 83 36
31 84 13
31 85 41
31 86 77
31 87 26
31 88 73
31 89 64
31 90 46
31 91 46
31 92 46
31 93 46
31 94 81
31 95 28
31 96 42
31 97 26
31 98 79
31 99 100
31 100 29
32 0 61
32 1 14
32 2 47
32 3 69
32 4 78
32 5 75
32 6 47
32 7 58
32 8 85
32 9 51
32 10 14
32 11 24
32 12 92
32 13 93
32 14 93
32 15 36
32 16 70
32 17 98
32 18 32
32 19 107
32 20 74
32 21 96
32 22 12
32 23 115
32 24 48
32 25 72
32 26 72
32 27 89
32 28 61
32 29 26
32 30 83
32 31 97
32 33 23
32 34 60
32 35 27
32 36 45
32 37 52
32 38 85
32 39 33
32 40 80
32 41 76
32 42 72
32 43 52
32 44 44
32 45 52
32 46 36
32 47 93
32 48 41
32 49 29
32 50 63
32 51 11
32 52 44
32 53 66
32 54 86
32 55 57
32 56 72
32 57 48
32 58 89
32 59 76
32 60 17
32 61 53
32 62 75
32 63 77
32 64 89
32 65 43
32 66 86
32 67 42
32 68 68
32 69 31
32 70 55
32 71 13
32 72 66
32 73 65
32 74 97
32 75 36
32 76 50
32 77 51
32 78 59
32 79 78
32 80 41
32 81 71
32 82 67
32 83 18
32 84 32
32 85 81
32 86 29
32 87 11
32 88 49
32 89 84
32 90 31
32 91 75
32 92 71
32 93 53
32 94 53
32 95 53
32 96 53
32 97 40
32 98 32
32 99 41
32 100 39
33 0 46
33 1 90
33 2 40
33 3 68
33 4 42
33 5 38
33 6 84
33 7 74
33 8 45
33 9 79
33 10 66
33 11 98
33 12 82
33 13 50
33 14 35
33 15 110
33 16 101
33 17 88
33 18 19
33 19 55
33 20 91
33 21 77
33 22 93
33 23 20
33 24 94
33 25 42
33 26 92
33 27 79
33 28 103
33 29 107
33 30 4
33 31 102
33 32 92
33 34 57
33 35 91
33 36 65
33 37 87
33 38 66
33 39 42
33 40 89
33 41 78
33 42 90
33 43 38
33 44 79
33 45 100
33 46 59
33 47 43
33 48 112
33 49 71
33 50 80
33 51 103
33 52 103
33 53 89
33 54 90
33 55 105
33 56 26
33 57 93
33 58 45
33 59 13
33 60 41
33 61 71
33 62 14
33 63 85
33 64 34
33 65 99
33 66 8
33 67 90
33 68 88
33 69 88
33 70 50
33 71 93
33 72 59
33 73 31
33 74 83
33 75 72
33 76 35
33 77 78
33 78 57
33 79 60
33 80 98
33 81 89
33 82 60
33 83 66
33 84 18
33 85 108
33 86 95
33 87 63
33 88 14
33 89 89
33 90 95
33 91 81
33 92 65
33 93 96
33 94 11
33 95 106
33 96 53
33 97 53
33 98 53
33 99 53
33 100 98
34 0 45
34 1 55
34 2 41
34 3 93
34 4 108
34 5 43
34 6 66
34 7 32
34 8 60
34 9 70
34 10 85
34 11 90
34 12 44
34 13 64
34 14 86
34 15 48
34 16 26
34 17 41
34 18 89
34 19 94
34 20 100
34 21 55
34 22 82
34 23 104
34 24 23
34 25 115
34 26 93
34 27 101
34 28 31
34 29 125
34 30 87
34 31 59
34 32 67
34 33 48
34 35 60
34 36 49
34 37 41
34 38 67
34 39 35
34 40 47
34 41 23
34 42 9
34 43 47
34 44 52
34 45 46
34 46 32
34 47 47
34 48 61
34 49 20
34 50 8
34 51 68
34 52 27
34 53 58
34 54 59
34 55 59
34 56 50
34 57 49
34 58 61
34 59 37
34 60 62
34 61 12
34 62 33
34 63 6
34 64 51
34 65 32
34 66 43
34 67 12
34 68 61
34 69 37
34 70 62
34 71 45
34 72 59
34 73 36
34 74 55
34 75 35
34 76 24
34 77 42
34 78 38
34 79 17
34 80 60
34 81 14
34 82 20
34 83 55
34 84 48
34 85 38
34 86 22
34 87 26
34 88 67
34 89 53
34 90 41
34 91 35
34 92 63
34 93 55
34 94 39
34 95 45
34 96 52
34 97 38
34 98 66
34 99 15
34 100 15
35 0 15
35 1 15
35 2 83
35 3 53
35 4 42
35 5 46
35 6 73
35 7 64
35 8 43
35 9 27
35 10 53
35 11 47
35 12 20
35 13 44
35 14 70
35 15 8
35 16 26
35 17 35
35 18 4
35 19 43
35 20 51
35 21 38
35 22 44
35 23 55
35 24 66
35 25 53
35 26 59
35 27 29
35 28 73
35 29 101
35 30 54
35 31 59
35 32 87
35 33 44
35 34 70
35 36 45
35 37 91
35 38 53
35 39 79
35 40 31
35 41 4
35 42 96
35 43 41
35 44 71
35 45 74
35 46 51
35 47 12
35 48 70
35 49 49
35 50 21
35 51 39
35 52 48
35 53 72
35 54 73
35 55 61
35 56 8
35 57 74
35 58 87
35 59 39
35 60 90
35 61 73
35 62 96
35 63 17
35 64 53
35 65 85
35 66 70
35 67 17
35 68 74
35 69 82
35 70 73
35 71 35
35 72 85
35 73 11
35 74 60
35 75 13
35 76 100
35 77 37
35 78 98
35 79 86
35 80 84
35 81 31
35 82 58
35 83 13
35 84 66
35 85 49
35 86 59
35 87 43
35 88 29
35 89 56
35 90 73
35 91 54
35 92 89
35 93 104
35 94 74
35 95 122
35 96 97
35 97 49
35 98 23
35 99 77
35 100 89
36 0 46
36 1 50
36 2 50
36 3 50
36 4 50
36 5 37
36 6 30
36 7 12
36 8 28
36 9 29
36 10 51
36 11 24
36 12 26
36 13 42
36 14 8
36 15 42
36 16 32
36 17 25
36 18 47
36 19 24
36 20 55
36 21 48
36 22 41
36 23 31
36 24 68
36 25 58
36 26 47
36 27 35
36 28 17
36 29 51
36 30 56
36 31 56
36 32 58
36 33 52
36 34 47
36 35 62
36 37 36
36 38 37
36 39 63
36 40 56
36 41 35
36 42 53
36 43 27
36 44 28
36 45 69
36 46 19
36 47 44
36 48 50
36 49 28
36 50 16
36 51 44
36 52 40
36 53 7
36 54 27
36 55 22
36 56 49
36 57 53
36 58 34
36 59 24
36 60 51
36 61 62
36 62 19
36 63 64
36 64 51
36 65 76
36 66 21
36 67 32
36 68 68
36 69 47
36 70 23
36 71 60
36 72 55
36 73 52
36 74 25
36 75 70
36 76 21
36 77 35
36 78 18
36 79 76
36 80 21
36 81 73
36 82 65
36 83 57
36 84 4
36 85 40
36 86 29
36 87 40
36 88 23
36 89 38
36 90 21
36 91 19
36 92 29
36 93 57
36 94 39
36 95 63
36 96 78
36 97 61
36 98 95
36 99 70
36 100 24
37 0 21
37 1 52
37 2 73
37 3 34
37 4 26
37 5 26
37 6 26
37 7 26
37 8 46
37 9 33
37 10 13
37 11 28
37 12 37
37 13 48
37 14 24
37 15 16
37 16 43
37 17 14
37 18 33
37 19 27
37 20 33
37 21 37
37 22 14
37 23 46
37 24 38
37 25 39
37 26 33
37 27 58
37 28 50
37 29 42
37 30 41
37 31 20
37 32 47
37 33 50
37 34 54
37 35 68
37 36 46
37 38 48
37 39 63
37 40 31
37 41 44
37 42 55
37 43 56
37 44 24
37 45 25
37 46 49
37 47 55
37 48 47
37 49 20
37 50 21
37 51 39
37 52 15
37 53 44
37 54 18
37 55 53
37 56 34
37 57 33
37 58 20
37 59 37
37 60 35
37 61 8
37 62 53
37 63 28
37 64 35
37 65 23
37 66 35
37 67 30
37 68 69
37 69 44
37 70 33
37 71 66
37 72 38
37 73 50
37 74 63
37 75 27
37 76 45
37 77 35
37 78 70
37 79 47
37 80 12
37 81 44
37 82 59
37 83 28
37 84 52
37 85 56
37 86 29
37 87 26
37 88 44
37 89 57
37 90 23
37 91 18
37 92 22
37 93 19
37 94 41
37 95 11
37 96 58
37 97 35
37 98 35
37 99 57
37 100 66
38 0 69
38 1 42
38 2 8
38 3 47
38 4 25
38 5 71
38 6 36
38 7 25
38 8 25
38 9 25
38 10 25
38 11 48
38 12 8
38 13 12
38 14 9
38 15 44
38 16 72
38 17 8
38 18 40
38 19 22
38 20 14
38 21 54
38 22 52
38 23 41
38 24 46
38 25 37
38 26 69
38 27 49
38 28 24
38 29 10
38 30 80
38 31 74
38 32 67
38 33 17
38 34 39
38 35 71
38 36 47
38 37 77
38 39 51
38 40 71
38 41 26
38 42 83
38 43 56
38 44 20
38 45 79
38 46 77
38 47 49
38 48 15
38 49 57
38 50 84
38 51 23
38 52 61
38 53 27
38 54 8
38 55 59
38 56 69
38 57 53
38 58 46
38 59 64
38 60 76
38 61 36
38 62 9
38 63 76
38 64 37
38 65 75
38 66 66
38 67 62
38 68 64
38 69 47
38 70 68
38 71 26
38 72 78
38 73 29
38 74 30
38 75 12
38 76 68
38 77 35
38 78 44
38 79 12
38 80 76
38 81 35
38 82 79
38 83 55
38 84 76
38 85 19
38 86 69
38 87 21
38 88 13
38 89 41
38 90 54
38 91 30
38 92 77
38 93 22
38 94 35
38 95 66
38 96 62
38 97 55
38 98 34
38 99 29
38 100 79
39 0 53
39 1 26
39 2 39
39 3 50
39 4 52
39 5 52
39 6 62
39 7 57
39 8 33
39 9 79
39 10 32
39 11 32
39 12 32
39 13 32
39 14 23
39 15 31
39 16 27
39 17 35
39 18 25
39 19 67
39 20 34
39 21 50
39 22 45
39 23 22
39 24 66
39 25 53
39 26 22
39 27 68
39 28 48
39 29 78
39 30 69
39 31 49
39 32 34
39 33 91
39 34 81
39 35 66
39 36 25
39 37 32
39 38 69
39 40 72
39 41 70
39 42 35
39 43 72
39 44 48
39 45 70
39 46 57
39 47 24
39 48 86
39 49 67
39 50 56
39 51 13
39 52 56
39 53 75
39 54 73
39 55 39
39 56 54
39 57 77
39 58 31
39 59 71
39 60 28
39 61 92
39 62 60
39 63 38
39 64 59
39 65 76
39 66 5
39 67 45
39 68 79
39 69 15
39 70 27
39 71 40
39 72 45
39 73 12
39 74 106
39 75 61
39 76 73
39 77 106
39 78 77
39 79 80
39 80 103
39 81 41
39 82 84
39 83 43
39 84 109
39 85 66
39 86 28
39 87 64
39 88 91
39 89 41
39 90 81
39 91 93
39 92 46
39 93 57
39 94 84
39 95 85
39 96 60
39 97 58
39 98 20
39 99 37
39 100 76
40 0 51
40 1 98
40 2 25
40 3 38
40 4 84
40 5 106
40 6 84
40 7 47
40 8 38
40 9 79
40 10 25
40 11 110
40 12 32
40 13 65
40 14 65
40 15 65
40 16 65
40 17 56
40 18 10
40 19 29
40 20 17
40 21 56
40 22 89
40 23 20
40 24 56
40 25 16
40 26 30
40 27 70
40 28 68
40 29 53
40 30 57
40 31 54
40 32 85
40 33 61
40 34 25
40 35 12
40 36 95
40 37 91
40 38 84
40 39 8
40 41 54
40 42 88
40 43 52
40 44 93
40 45 46
40 46 88
40 47 17
40 48 97
40 49 72
40 50 12
40 51 95
40 52 92
40 53 65
40 54 27
40 55 80
40 56 83
40 57 72
40 58 21
40 59 47
40 60 52
40 61 30
40 62 13
40 63 47
40 64 39
40 65 5
40 66 28
40 67 24
40 68 50
40 69 56
40 70 36
40 71 22
40 72 54
40 73 65
40 74 21
40 75 67
40 76 54
40 77 78
40 78 19
40 79 33
40 80 69
40 81 49
40 82 20
40 83 60
40 84 58
40 85 53
40 86 26
40 87 70
40 88 19
40 89 38
40 90 16
40 91 78
40 92 22
40 93 75
40 94 66
40 95 60
40 96 6
40 97 41
40 98 26
40 99 42
40 100 26
41 0 40
41 1 24
41 2 17
41 3 31
41 4 58
41 5 41
41 6 66
41 7 80
41 8 61
41 9 97
41 10 73
41 11 26
41 12 19
41 13 55
41 14 73
41 15 35
41 16 28
41 17 28
41 18 28
41 19 28
41 20 34
41 21 63
41 22 45
41 23 61
41 24 23
41 25 26
41 26 58
41 27 39
41 28 75
41 29 41
41 30 51
41 31 24
41 32 22
41 33 69
41 34 40
41 35 54
41 36 68
41 37 74
41 38 65
41 39 68
41 40 51
41 42 29
41 43 65
41 44 16
41 45 30
41 46 85
41 47 27
41 48 74
41 49 36
41 50 81
41 51 28
41 52 28
41 53 65
41 54 57
41 55 24
41 56 35
41 57 43
41 58 13
41 59 39
41 60 33
41 61 35
41 62 21
41 63 45
41 64 26
41 65 63
41 66 7
41 67 69
41 68 53
41 69 46
41 70 36
41 71 44
41 72 29
41 73 18
41 74 72
41 75 18
41 76 17
41 77 37
41 78 18
41 79 22
41 80 73
41 81 61
41 82 47
41 83 75
41 84 46
41 85 69
41 86 74
41 87 10
41 88 53
41 89 49
41 90 79
41 91 65
41 92 16
41 93 62
41 94 57
41 95 42
41 96 47
41 97 61
41 98 14
41 99 45
41 100 58
42 0 76
42 1 29
42 2 34
42 3 25
42 4 33
42 5 60
42 6 25
42 7 69
42 8 41
42 9 16
42 10 51
42 11 78
42 12 56
42 13 24
42 14 24
42 15 66
42 16 10
42 17 79
42 18 45
42 19 40
42 20 40
42 21 40
42 22 40
42 23 43
42 24 60
42 25 41
42 26 57
42 27 31
42 28 21
42 29 53
42 30 29
42 31 72
42 32 38
42 33 39
42 34 12
42 35 29
42 36 59
42 37 30
42 38 42
42 39 58
42 40 69
42 41 62
42 43 56
42 44 40
42 45 20
42 46 65
42 47 15
42 48 22
42 49 76
42 50 25
42 51 80
42 52 26
42 53 77
42 54 34
42 55 16
42 56 66
42 57 46
42 58 26
42 59 24
42 60 43
42 61 14
42 62 28
42 63 23
42 64 74
42 65 45
42 66 61
42 67 12
42 68 35
42 69 32
42 70 61
42 71 24
42 72 9
42 73 34
42 74 59
42 75 32
42 76 33
42 77 42
42 78 34
42 79 47
42 80 4
42 81 55
42 82 32
42 83 90
42 84 26
42 85 48
42 86 85
42 87 59
42 88 44
42 89 79
42 90 47
42 91 65
42 92 11
42 93 87
42 94 31
42 95 22
42 96 28
42 97 83
42 98 5
42 99 77
42 100 77
43 0 51
43 1 23
43 2 58
43 3 48
43 4 46
43 5 34
43 6 18
43 7 6
43 8 42
43 9 33
43 10 75
43 11 16
43 12 52
43 13 82
43 14 80
43 15 92
43 16 61
43 17 16
43 18 44
43 19 38
43 20 89
43 21 13
43 22 40
43 23 40
43 24 40
43 25 40
43 26 65
43 27 75
43 28 55
43 29 71
43 30 52
43 31 12
43 32 67
43 33 32
43 34 85
43 35 55
43 36 33
43 37 16
43 38 51
43 39 59
43 40 35
43 41 27
43 42 57
43 44 79
43 45 76
43 46 40
43 47 22
43 48 3
43 49 82
43 50 35
43 51 6
43 52 80
43 53 21
43 54 101
43 55 5
43 56 91
43 57 37
43 58 12
43 59 84
43 60 27
43 61 29
43 62 22
43 63 61
43 64 22
43 65 10
43 66 30
43 67 85
43 68 69
43 69 66
43 70 30
43 71 72
43 72 16
43 73 86
43 74 61
43 75 44
43 76 53
43 77 64
43 78 13
43 79 36
43 80 80
43 81 6
43 82 12
43 83 41
43 84 29
43 85 7
43 86 94
43 87 65
43 88 65
43 89 95
43 90 66
43 91 80
43 92 94
43 93 26
43 94 73
43 95 48
43 96 99
43 97 70
43 98 23
43 99 67
43 100 76
44 0 44
44 1 66
44 2 81
44 3 31
44 4 55
44 5 76
44 6 86
44 7 49
44 8 51
44 9 21
44 10 37
44 11 73
44 12 42
44 13 89
44 14 33
44 15 22
44 16 69
44 17 97
44 18 68
44 19 32
44 20 34
44 21 78
44 22 11
44 23 99
44 24 40
44 25 58
44 26 58
44 27 58
44 28 58
44 29 3
44 30 53
44 31 44
44 32 56
44 33 9
44 34 58
44 35 53
44 36 56
44 37 67
44 38 37
44 39 72
44 40 50
44 41 11
44 42 81
44 43 56
44 45 80
44 46 82
44 47 70
44 48 56
44 49 94
44 50 80
44 51 59
44 52 48
44 53 30
44 54 61
44 55 90
44 56 57
44 57 44
44 58 66
44 59 71
44 60 52
44 61 55
44 62 47
44 63 85
44 64 52
44 65 58
44 66 32
44 67 44
44 68 67
44 69 50
44 70 72
44 71 74
44 72 53
44 73 48
44 74 39
44 75 54
44 76 17
44 77 38
44 78 58
44 79 19
44 80 24
44 81 73
44 82 35
44 83 44
44 84 66
44 85 70
44 86 47
44 87 62
44 88 67
44 89 45
44 90 52
44 91 6
44 92 36
44 93 21
44 94 36
44 95 28
44 96 55
44 97 22
44 98 57
44 99 37
44 100 51
45 0 50
45 1 49
45 2 51
45 3 51
45 4 52
45 5 35
45 6 55
45 7 30
45 8 8
45 9 45
45 10 27
45 11 20
45 12 58
45 13 47
45 14 23
45 15 28
45 16 24
45 17 66
45 18 66
45 19 58
45 20 30
45 21 80
45 22 69
45 23 41
45 24 30
45 25 61
45 26 40
45 27 64
45 28 13
45 29 13
45 30 13
45 31 13
45 32 64
45 33 34
45 34 21
45 35 27
45 36 55
45 37 60
45 38 23
45 39 18
45 40 37
45 41 26
45 42 27
45 43 37
45 44 52
45 46 20
45 47 16
45 48 43
45 49 21
45 50 30
45 51 32
45 52 52
45 53 50
45 54 52
45 55 46
45 56 38
45 57 56
45 58 32
45 59 67
45 60 80
45 61 53
45 62 43
45 63 78
45 64 39
45 65 50
45 66 54
45 67 70
45 68 28
45 69 35
45 70 58
45 71 46
45 72 22
45 73 36
45 74 18
45 75 37
45 76 37
45 77 47
45 78 16
45 79 65
45 80 36
45 81 24
45 82 33
45 83 52
45 84 22
45 85 22
45 86 56
45 87 19
45 88 31
45 89 17
45 90 39
45 91 19
45 92 84
45 93 42
45 94 47
45 95 81
45 96 53
45 97 55
45 98 78
45 99 31
45 100 60
46 0 27
46 1 84
46 2 46
46 3 6
46 4 43
46 5 73
46 6 21
46 7 65
46 8 71
46 9 36
46 10 31
46 11 58
46 12 61
46 13 38
46 14 31
46 15 7
46 16 13
46 17 49
46 18 26
46 19 73
46 20 20
46 21 36
46 22 69
46 23 80
46 24 77
46 25 45
46 26 11
46 27 53
46 28 21
46 29 86
46 30 23
46 31 38
46 32 38
46 33 38
46 34 38
46 35 51
46 36 21
46 37 6
46 38 15
46 39 44
46 40 62
46 41 11
46 42 26
46 43 29
46 44 12
46 45 40
46 47 40
46 48 41
46 49 34
46 50 23
46 51 55
46 52 37
46 53 26
46 54 20
46 55 66
46 56 60
46 57 56
46 58 31
46 59 32
46 60 60
46 61 41
46 62 68
46 63 64
46 64 59
46 65 35
46 66 76
46 67 44
46 68 35
46 69 65
46 70 69
46 71 35
46 72 20
46 73 56
46 74 53
46 75 25
46 76 31
46 77 24
46 78 41
46 79 33
46 80 31
46 81 72
46 82 29
46 83 64
46 84 84
46 85 42
46 86 25
46 87 93
46 88 53
46 89 69
46 90 85
46 91 85
46 92 72
46 93 72
46 94 87
46 95 21
46 96 79
46 97 28
46 98 9
46 99 23
46 100 60
47 0 8
47 1 68
47 2 16
47 3 83
47 4 11
47 5 77
47 6 70
47 7 75
47 8 39
47 9 77
47 10 46
47 11 18
47 12 65
47 13 56
47 14 19
47 15 68
47 16 39
47 17 43
47 18 81
47 19 72
47 20 48
47 21 48
47 22 4
47 23 91
47 24 77
47 25 50
47 26 13
47 27 76
47 28 77
47 29 64
47 30 54
47 31 78
47 32 13
47 33 89
47 34 36
47 35 36
47 36 36
47 37 36
47 38 47
47 39 82
47 40 64
47 41 80
47 42 37
47 43 23
47 44 77
47 45 55
47 46 95
47 48 60
47 49 63
47 50 36
47 51 39
47 52 85
47 53 56
47 54 61
47 55 84
47 56 93
47 57 84
47 58 75
47 59 56
47 60 32
47 61 84
47 62 36
47 63 30
47 64 102
47 65 17
47 66 88
47 67 38
47 68 100
47 69 9
47 70 38
47 71 84
47 72 61
47 73 9
47 74 48
47 75 62
47 76 14
47 77 44
47 78 49
47 79 97
47 80 88
47 81 39
47 82 100
47 83 48
47 84 100
47 85 62
47 86 33
47 87 22
47 88 30
47 89 51
47 90 25
47 91 22
47 92 53
47 93 22
47 94 34
47 95 14
47 96 41
47 97 22
47 98 83
47 99 39
47 100 45
48 0 80
48 1 52
48 2 52
48 3 76
48 4 33
48 5 59
48 6 25
48 7 83
48 8 43
48 9 8
48 10 40
48 11 72
48 12 19
48 13 65
48 14 70
48 15 37
48 16 28
48 17 56
48 18 58
48 19 37
48 20 29
48 21 10
48 22 10
48 23 46
48 24 24
48 25 71
48 26 21
48 27 38
48 28 70
48 29 78
48 30 79
48 31 47
48 32 8
48 33 50
48 34 24
48 35 84
48 36 22
48 37 36
48 38 36
48 39 36
48 40 36
48 41 53
48 42 28
48 43 12
48 44 23
48 45 45
48 46 56
48 47 19
48 49 18
48 50 36
48 51 16
48 52 32
48 53 33
48 54 41
48 55 30
48 56 15
48 57 47
48 58 32
48 59 31
48 60 28
48 61 58
48 62 53
48 63 49
48 64 39
48 65 29
48 66 53
48 67 41
48 68 62
48 69 70
48 70 52
48 71 42
48 72 71
48 73 36
48 74 42
48 75 57
48 76 64
48 77 28
48 78 25
48 79 51
48 80 45
48 81 18
48 82 37
48 83 25
48 84 34
48 85 39
48 86 23
48 87 37
48 88 15
48 89 45
48 90 31
48 91 39
48 92 56
48 93 15
48 94 25
48 95 65
48 96 10
48 97 23
48 98 26
48 99 34
48 100 10
49 0 87
49 1 50
49 2 53
49 3 86
49 4 57
49 5 64
49 6 83
49 7 27
49 8 64
49 9 34
49 10 89
49 11 55
49 12 8
49 13 52
49 14 73
49 15 29
49 16 64
49 17 74
49 18 32
49 19 40
49 20 64
49 21 70
49 22 40
49 23 37
49 24 7
49 25 22
49 26 58
49 27 31
49 28 78
49 29 23
49 30 29
49 31 68
49 32 86
49 33 73
49 34 39
49 35 19
49 36 62
49 37 14
49 38 90
49 39 28
49 40 45
49 41 45
49 42 45
49 43 45
49 44 21
49 45 36
49 46 35
49 47 41
49 48 26
49 50 72
49 51 40
49 52 57
49 53 50
49 54 29
49 55 73
49 56 58
49 57 25
49 58 75
49 59 55
49 60 85
49 61 77
49 62 55
49 63 40
49 64 98
49 65 87
49 66 71
49 67 28
49 68 38
49 69 74
49 70 79
49 71 73
49 72 28
49 73 77
49 74 52
49 75 72
49 76 63
49 77 26
49 78 92
49 79 70
49 80 62
49 81 20
49 82 60
49 83 76
49 84 52
49 85 56
49 86 63
49 87 61
49 88 58
49 89 57
49 90 72
49 91 45
49 92 72
49 93 80
49 94 47
49 95 28
49 96 69
49 97 38
49 98 90
49 99 58
49 100 50
50 0 69
50 1 32
50 2 62
50 3 42
50 4 88
50 5 46
50 6 51
50 7 31
50 8 84
50 9 57
50 10 33
50 11 35
50 12 81
50 13 56
50 14 90
50 15 53
50 16 87
50 17 19
50 18 75
50 19 8
50 20 33
50 21 28
50 22 65
50 23 51
50 24 92
50 25 29
50 26 46
50 27 63
50 28 66
50 29 71
50 30 40
50 31 51
50 32 79
50 33 39
50 34 11
50 35 62
50 36 29
50 37 35
50 38 55
50 39 78
50 40 48
50 41 53
50 42 81
50 43 46
50 44 46
50 45 46
50 46 46
50 47 90
50 48 67
50 49 54
50 51 60
50 52 79
50 53 59
50 54 57
50 55 31
50 56 69
50 57 58
50 58 16
50 59 43
50 60 76
50 61 23
50 62 31
50 63 23
50 64 19
50 65 59
50 66 65
50 67 23
50 68 32
50 69 49
50 70 79
50 71 58
50 72 53
50 73 44
50 74 68
50 75 112
50 76 46
50 77 74
50 78 84
50 79 41
50 80 83
50 81 32
50 82 75
50 83 32
50 84 67
50 85 65
50 86 37
50 87 37
50 88 65
50 89 42
50 90 40
50 91 66
50 92 34
50 93 47
50 94 43
50 95 46
50 96 66
50 97 45
50 98 58
50 99 14
50 100 29
51 0 72
51 1 3
51 2 16
51 3 33
51 4 29
51 5 6
51 6 88
51 7 58
51 8 58
51 9 89
51 10 60
51 11 71
51 12 87
51 13 24
51 14 67
51 15 42
51 16 92
51 17 62
51 18 14
51 19 59
51 20 73
51 21 37
51 22 63
51 23 76
51 24 28
51 25 47
51 26 69
51 27 78
51 28 43
51 29 43
51 30 14
51 31 29
51 32 65
51 33 35
51 34 82
51 35 29
51 36 23
51 37 66
51 38 90
51 39 69
51 40 33
51 41 25
51 42 69
51 43 8
51 44 93
51 45 35
51 46 50
51 47 50
51 48 50
51 49 50
51 50 51
51 52 8
51 53 25
51 54 15
51 55 51
51 56 84
51 57 18
51 58 53
51 59 18
51 60 26
51 61 67
51 62 64
51 63 48
51 64 56
51 65 50
51 66 82
51 67 59
51 68 25
51 69 11
51 70 92
51 71 87
51 72 80
51 73 6
51 74 49
51 75 84
51 76 53
51 77 89
51 78 45
51 79 84
51 80 20
51 81 93
51 82 68
51 83 11
51 84 92
51 85 88
51 86 62
51 87 22
51 88 76
51 89 79
51 90 51
51 91 25
51 92 39
51 93 66
51 94 26
51 95 57
51 96 45
51 97 46
51 98 45
51 99 82
51 100 37
52 0 7
52 1 66
52 2 27
52 3 69
52 4 56
52 5 53
52 6 54
52 7 40
52 8 58
52 9 36
52 10 70
52 11 24
52 12 37
52 13 10
52 14 62
52 15 39
52 16 36
52 17 16
52 18 67
52 19 42
52 20 71
52 21 44
52 22 68
52 23 26
52 24 60
52 25 24
52 26 23
52 27 33
52 28 46
52 29 29
52 30 71
52 31 11
52 32 26
52 33 55
52 34 52
52 35 49
52 36 24
52 37 34
52 38 69
52 39 45
52 40 30
52 41 44
52 42 51
52 43 45
52 44 42
52 45 56
52 46 48
52 47 41
52 48 69
52 49 25
52 50 25
52 51 25
52 53 25
52 54 48
52 55 12
52 56 8
52 57 9
52 58 44
52 59 68
52 60 6
52 61 35
52 62 24
52 63 11
52 64 49
52 65 47
52 66 40
52 67 42
52 68 32
52 69 64
52 70 45
52 71 24
52 72 13
52 73 75
52 74 69
52 75 63
52 76 22
52 77 36
52 78 67
52 79 45
52 80 74
52 81 56
52 82 67
52 83 29
52 84 80
52 85 51
52 86 25
52 87 74
52 88 74
52 89 44
52 90 15
52 91 62
52 92 62
52 93 34
52 94 27
52 95 28
52 96 49
52 97 29
52 98 39
52 99 38
52 100 29
53 0 38
53 1 67
53 2 20
53 3 64
53 4 38
53 5 33
53 6 89
53 7 27
53 8 14
53 9 54
53 10 5
53 11 30
53 12 77
53 13 79
53 14 60
53 15 81
53 16 54
53 17 86
53 18 83
53 19 10
53 20 60
53 21 65
53 22 86
53 23 82
53 24 33
53 25 79
53 26 56
53 27 59
53 28 45
53 29 65
53 30 11
53 31 61
53 32 69
53 33 93
53 34 39
53 35 49
53 36 39
53 37 50
53 38 76
53 39 40
53 40 78
53 41 54
53 42 3
53 43 46
53 44 87
53 45 43
53 46 7
53 47 42
53 48 82
53 49 18
53 50 85
53 51 60
53 52 54
53 54 54
53 55 54
53 56 54
53 57 34
53 58 30
53 59 13
53 60 29
53 61 26
53 62 52
53 63 26
53 64 29
53 65 43
53 66 8
53 67 46
53 68 34
53 69 22
53 70 50
53 71 28
53 72 57
53 73 51
53 74 43
53 75 32
53 76 71
53 77 60
53 78 48
53 79 34
53 80 17
53 81 52
53 82 59
53 83 56
53 84 55
53 85 53
53 86 48
53 87 61
53 88 38
53 89 35
53 90 66
53 91 55
53 92 35
53 93 12
53 94 43
53 95 50
53 96 24
53 97 46
53 98 43
53 99 36
53 100 48
54 0 30
54 1 54
54 2 17
54 3 54
54 4 50
54 5 21
54 6 56
54 7 57
54 8 34
54 9 27
54 10 59
54 11 67
54 12 31
54 13 65
54 14 60
54 15 64
54 16 33
54 17 20
54 18 55
54 19 37
54 20 21
54 21 46
54 22 57
54 23 41
54 24 39
54 25 56
54 26 32
54 27 42
54 28 29
54 29 67
54 30 35
54 31 66
54 32 53
54 33 58
54 34 13
54 35 27
54 36 29
54 37 34
54 38 19
54 39 48
54 40 33
54 41 9
54 42 27
54 43 43
54 44 52
54 45 66
54 46 71
54 47 47
54 48 91
54 49 71
54 50 31
54 51 16
54 52 57
54 53 59
54 55 48
54 56 17
54 57 17
54 58 17
54 59 17
54 60 78
54 61 68
54 62 50
54 63 62
54 64 66
54 65 39
54 66 58
54 67 22
54 68 73
54 69 53
54 70 9
54 71 26
54 72 63
54 73 36
54 74 25
54 75 7
54 76 33
54 77 65
54 78 67
54 79 20
54 80 15
54 81 29
54 82 78
54 83 44
54 84 33
54 85 58
54 86 48
54 87 106
54 88 26
54 89 79
54 90 64
54 91 23
54 92 82
54 93 18
54 94 55
54 95 17
54 96 61
54 97 46
54 98 17
54 99 26
54 100 71
55 0 51
55 1 23
55 2 73
55 3 21
55 4 60
55 5 33
55 6 59
55 7 46
55 8 37
55 9 10
55 10 41
55 11 17
55 12 31
55 13 59
55 14 66
55 15 33
55 16 63
55 17 59
55 18 60
55 19 36
55 20 16
55 21 52
55 22 33
55 23 24
55 24 43
55 25 54
55 26 37
55 27 41
55 28 53
55 29 35
55 30 41
55 31 33
55 32 63
55 33 37
55 34 62
55 35 50
55 36 55
55 37 15
55 38 23
55 39 33
55 40 31
55 41 16
55 42 48
55 43 34
55 44 12
55 45 25
55 46 40
55 47 53
55 48 64
55 49 68
55 50 44
55 51 87
55 52 69
55 53 31
55 54 19
55 56 56
55 57 56
55 58 50
55 59 14
55 60 14
55 61 14
55 62 14
55 63 3
55 64 51
55 65 43
55 66 54
55 67 11
55 68 60
55 69 52
55 70 57
55 71 65
55 72 36
55 73 72
55 74 51
55 75 12
55 76 81
55 77 56
55 78 81
55 79 81
55 80 69
55 81 54
55 82 95
55 83 81
55 84 61
55 85 46
55 86 31
55 87 63
55 88 89
55 89 59
55 90 41
55 91 68
55 92 69
55 93 55
55 94 56
55 95 44
55 96 86
55 97 54
55 98 59
55 99 30
55 100 46
56 0 69
56 1 50
56 2 71
56 3 73
56 4 55
56 5 73
56 6 54
56 7 84
56 8 44
56 9 83
56 10 53
56 11 52
56 12 77
56 13 88
56 14 92
56 15 32
56 16 62
56 17 72
56 18 29
56 19 74
56 20 62
56 21 78
56 22 20
56 23 34
56 24 68
56 25 51
56 26 12
56 27 58
56 28 65
56 29 55
56 30 32
56 31 69
56 32 18
56 33 46
56 34 16
56 35 81
56 36 29
56 37 79
56 38 67
56 39 67
56 40 13
56 41 40
56 42 19
56 43 47
56 44 30
56 45 49
56 46 32
56 47 13
56 48 38
56 49 56
56 50 48
56 51 73
56 52 85
56 53 59
56 54 103
56 55 80
56 57 34
56 58 12
56 59 62
56 60 72
56 61 42
56 62 31
56 63 31
56 64 31
56 65 31
56 66 63
56 67 21
56 68 17
56 69 13
56 70 56
56 71 71
56 72 11
56 73 31
56 74 23
56 75 23
56 76 41
56 77 49
56 78 53
56 79 28
56 80 28
56 81 58
56 82 31
56 83 16
56 84 19
56 85 66
56 86 65
56 87 64
56 88 34
56 89 43
56 90 68
56 91 30
56 92 78
56 93 71
56 94 66
56 95 29
56 96 87
56 97 51
56 98 38
56 99 68
56 100 80
57 0 41
57 1 30
57 2 67
57 3 59
57 4 33
57 5 22
57 6 13
57 7 49
57 8 24
57 9 38
57 10 24
57 11 31
57 12 24
57 13 72
57 14 16
57 15 59
57 16 34
57 17 61
57 18 29
57 19 44
57 20 33
57 21 45
57 22 51
57 23 19
57 24 113
57 25 64
57 26 80
57 27 113
57 28 84
57 29 85
57 30 110
57 31 47
57 32 91
57 33 46
57 34 116
57 35 70
57 36 35
57 37 67
57 38 98
57 39 45
57 40 88
57 41 100
57 42 52
57 43 63
57 44 91
57 45 89
57 46 67
57 47 64
57 48 26
57 49 42
57 50 81
57 51 58
57 52 105
57 53 27
57 54 44
57 55 91
57 56 113
57 58 90
57 59 53
57 60 44
57 61 84
57 62 32
57 63 117
57 64 35
57 65 72
57 66 72
57 67 72
57 68 72
57 69 97
57 70 80
57 71 65
57 72 73
57 73 86
57 74 58
57 75 70
57 76 39
57 77 82
57 78 69
57 79 23
57 80 46
57 81 83
57 82 37
57 83 41
57 84 18
57 85 33
57 86 73
57 87 79
57 88 10
57 89 26
57 90 48
57 91 92
57 92 64
57 93 50
57 94 57
57 95 66
57 96 123
57 97 43
57 98 88
57 99 83
57 100 43
58 0 96
58 1 24
58 2 74
58 3 37
58 4 78
58 5 66
58 6 35
58 7 45
58 8 79
58 9 56
58 10 43
58 11 80
58 12 40
58 13 61
58 14 52
58 15 60
58 16 65
58 17 51
58 18 25
58 19 38
58 20 5
58 21 77
58 22 20
58 23 95
58 24 60
58 25 70
58 26 80
58 27 35
58 28 65
58 29 17
58 30 23
58 31 22
58 32 45
58 33 14
58 34 64
58 35 19
58 36 70
58 37 24
58 38 63
58 39 62
58 40 61
58 41 48
58 42 65
58 43 52
58 44 28
58 45 63
58 46 43
58 47 6
58 48 53
58 49 35
58 50 33
58 51 71
58 52 60
58 53 33
58 54 40
58 55 12
58 56 80
58 57 74
58 59 57
58 60 16
58 61 82
58 62 76
58 63 54
58 64 39
58 65 72
58 66 27
58 67 77
58 68 26
58 69 26
58 70 26
58 71 26
58 72 11
58 73 44
58 74 35
58 75 46
58 76 11
58 77 58
58 78 44
58 79 50
58 80 58
58 81 29
58 82 67
58 83 47
58 84 10
58 85 73
58 86 50
58 87 76
58 88 74
58 89 61
58 90 47
58 91 90
58 92 77
58 93 59
58 94 40
58 95 26
58 96 61
58 97 81
58 98 59
58 99 41
58 100 65
59 0 62
59 1 57
59 2 52
59 3 38
59 4 82
59 5 55
59 6 53
59 7 23
59 8 46
59 9 65
59 10 44
59 11 63
59 12 65
59 13 50
59 14 65
59 15 49
59 16 76
59 17 38
59 18 75
59 19 53
59 20 45
59 21 73
59 22 81
59 23 87
59 24 24
59 25 70
59 26 36
59 27 55
59 28 43
59 29 76
59 30 49
59 31 107
59 32 65
59 33 61
59 34 48
59 35 103
59 36 70
59 37 47
59 38 50
59 39 100
59 40 66
59 41 109
59 42 70
59 43 106
59 44 23
59 45 93
59 46 17
59 47 44
59 48 42
59 49 84
59 50 67
59 51 111
59 52 48
59 53 65
59 54 80
59 55 84
59 56 90
59 57 60
59 58 65
59 60 96
59 61 50
59 62 12
59 63 75
59 64 15
59 65 42
59 66 73
59 67 97
59 68 62
59 69 63
59 70 99
59 71 65
59 72 65
59 73 65
59 74 65
59 75 78
59 76 51
59 77 38
59 78 44
59 79 68
59 80 59
59 81 41
59 82 21
59 83 53
59 84 43
59 85 15
59 86 38
59 87 64
59 88 12
59 89 20
59 90 31
59 91 9
59 92 44
59 93 49
59 94 36
59 95 40
59 96 49
59 97 64
59 98 47
59 99 53
59 100 33
60 0 67
60 1 97
60 2 48
60 3 58
60 4 81
60 5 38
60 6 67
60 7 42
60 8 72
60 9 26
60 10 52
60 11 61
60 12 39
60 13 27
60 14 49
60 15 28
60 16 36
60 17 51
60 18 27
60 19 35
60 20 32
60 21 34
60 22 63
60 23 25
60 24 35
60 25 18
60 26 31
60 27 51
60 28 16
60 29 67
60 30 25
60 31 69
60 32 85
60 33 39
60 34 65
60 35 22
60 36 26
60 37 29
60 38 44
60 39 14
60 40 71
60 41 26
60 42 72
60 43 25
60 44 63
60 45 67
60 46 61
60 47 54
60 48 67
60 49 59
60 50 34
60 51 70
60 52 45
60 53 12
60 54 51
60 55 41
60 56 38
60 57 76
60 58 64
60 59 33
60 61 45
60 62 14
60 63 83
60 64 81
60 65 64
60 66 14
60 67 88
60 68 83
60 69 58
60 70 37
60 71 78
60 72 29
60 73 80
60 74 31
60 75 31
60 76 31
60 77 31
60 78 14
60 79 52
60 80 39
60 81 53
60 82 2
60 83 47
60 84 50
60 85 47
60 86 66
60 87 33
60 88 62
60 89 40
60 90 3
60 91 73
60 92 47
60 93 69
60 94 74
60 95 67
60 96 55
60 97 84
60 98 69
60 99 49
60 100 50
61 0 20
61 1 51
61 2 84
61 3 47
61 4 53
61 5 55
61 6 70
61 7 45
61 8 44
61 9 49
61 10 74
61 11 43
61 12 48
61 13 30
61 14 34
61 15 57
61 16 40
61 17 70
61 18 68
61 19 43
61 20 72
61 21 44
61 22 80
61 23 35
61 24 79
61 25 41
61 26 45
61 27 65
61 28 81
61 29 81
61 30 31
61 31 65
61 32 47
61 33 49
61 34 23
61 35 14
61 36 99
61 37 58
61 38 66
61 39 99
61 40 70
61 41 75
61 42 96
61 43 34
61 44 77
61 45 40
61 46 102
61 47 63
61 48 21
61 49 60
61 50 83
61 51 37
61 52 74
61 53 86
61 54 39
61 55 52
61 56 77
61 57 81
61 58 53
61 59 51
61 60 15
61 62 32
61 63 70
61 64 44
61 65 91
61 66 24
61 67 32
61 68 77
61 69 99
61 70 78
61 71 42
61 72 32
61 73 74
61 74 18
61 75 103
61 76 31
61 77 58
61 78 58
61 79 58
61 80 58
61 81 7
61 82 54
61 83 44
61 84 56
61 85 6
61 86 54
61 87 54
61 88 54
61 89 69
61 90 38
61 91 70
61 92 47
61 93 9
61 94 80
61 95 54
61 96 77
61 97 81
61 98 71
61 99 58
61 100 91
62 0 76
62 1 56
62 2 51
62 3 28
62 4 58
62 5 90
62 6 53
62 7 48
62 8 63
62 9 73
62 10 48
62 11 52
62 12 49
62 13 82
62 14 48
62 15 55
62 16 33
62 17 40
62 18 64
62 19 48
62 20 74
62 21 74
62 22 50
62 23 76
62 24 51
62 25 85
62 26 42
62 27 84
62 28 47
62 29 52
62 30 73
62 31 87
62 32 89
62 33 34
62 34 73
62 35 47
62 36 57
62 37 28
62 38 15
62 39 79
62 40 96
62 41 53
62 42 53
62 43 37
62 44 91
62 45 61
62 46 39
62 47 39
62 48 89
62 49 58
62 50 97
62 51 60
62 52 94
62 53 17
62 54 82
62 55 7
62 56 36
62 57 34
62 58 72
62 59 56
62 60 100
62 61 36
62 63 53
62 64 70
62 65 73
62 66 78
62 67 48
62 68 55
62 69 86
62 70 44
62 71 5
62 72 65
62 73 23
62 74 38
62 75 62
62 76 85
62 77 54
62 78 55
62 79 89
62 80 53
62 81 53
62 82 53
62 83 53
62 84 37
62 85 38
62 86 19
62 87 36
62 88 27
62 89 42
62 90 32
62 91 22
62 92 50
62 93 16
62 94 38
62 95 24
62 96 23
62 97 48
62 98 21
62 99 49
62 100 48
63 0 48
63 1 40
63 2 62
63 3 51
63 4 38
63 5 43
63 6 10
63 7 42
63 8 60
63 9 47
63 10 64
63 11 43
63 12 56
63 13 54
63 14 28
63 15 45
63 16 56
63 17 47
63 18 26
63 19 22
63 20 35
63 21 41
63 22 16
63 23 52
63 24 45
63 25 26
63 26 55
63 27 21
63 28 57
63 29 10
63 30 56
63 31 41
63 32 20
63 33 47
63 34 55
63 35 59
63 36 22
63 37 41
63 38 43
63 39 28
63 40 35
63 41 36
63 42 55
63 43 27
63 44 28
63 45 9
63 46 20
63 47 62
63 48 12
63 49 65
63 50 13
63 51 83
63 52 13
63 53 78
63 54 69
63 55 76
63 56 35
63 57 77
63 58 42
63 59 14
63 60 63
63 61 57
63 62 20
63 64 70
63 65 37
63 66 42
63 67 79
63 68 71
63 69 49
63 70 46
63 71 7
63 72 90
63 73 75
63 74 47
63 75 17
63 76 72
63 77 74
63 78 63
63 79 55
63 80 76
63 81 13
63 82 89
63 83 36
63 84 36
63 85 36
63 86 36
63 87 49
63 88 82
63 89 64
63 90 81
63 91 39
63 92 20
63 93 77
63 94 53
63 95 95
63 96 60
63 97 61
63 98 34
63 99 40
63 100 84
64 0 55
64 1 58
64 2 82
64 3 93
64 4 84
64 5 72
64 6 53
64 7 29
64 8 85
64 9 36
64 10 27
64 11 101
64 12 14
64 13 90
64 14 34
64 15 100
64 16 9
64 17 36
64 18 85
64 19 58
64 20 5
64 21 46
64 22 63
64 23 12
64 24 42
64 25 48
64 26 97
64 27 87
64 28 37
64 29 100
64 30 46
64 31 99
64 32 47
64 33 98
64 34 12
64 35 62
64 36 52
64 37 90
64 38 72
64 39 63
64 40 63
64 41 83
64 42 48
64 43 15
64 44 28
64 45 54
64 46 62
64 47 76
64 48 16
64 49 27
64 50 78
64 51 28
64 52 65
64 53 21
64 54 94
64 55 21
64 56 93
64 57 75
64 58 90
64 59 22
64 60 88
64 61 32
64 62 9
64 63 62
64 65 70
64 66 36
64 67 86
64 68 42
64 69 53
64 70 86
64 71 81
64 72 65
64 73 54
64 74 25
64 75 99
64 76 74
64 77 35
64 78 32
64 79 60
64 80 71
64 81 71
64 82 72
64 83 78
64 84 17
64 85 99
64 86 48
64 87 48
64 88 48
64 89 48
64 90 69
64 91 63
64 92 44
64 93 57
64 94 57
64 95 34
64 96 53
64 97 16
64 98 69
64 99 46
64 100 11
65 0 18
65 1 55
65 2 38
65 3 19
65 4 14
65 5 35
65 6 62
65 7 62
65 8 28
65 9 18
65 10 24
65 11 72
65 12 36
65 13 28
65 14 58
65 15 42
65 16 98
65 17 23
65 18 75
65 19 58
65 20 15
65 21 75
65 22 23
65 23 49
65 24 8
65 25 54
65 26 39
65 27 14
65 28 19
65 29 68
65 30 49
65 31 15
65 32 70
65 33 13
65 34 59
65 35 26
65 36 58
65 37 39
65 38 32
65 39 13
65 40 43
65 41 26
65 42 54
65 43 13
65 44 74
65 45 7
65 46 51
65 47 59
65 48 22
65 49 21
65 50 31
65 51 57
65 52 36
65 53 26
65 54 49
65 55 51
65 56 40
65 57 36
65 58 58
65 59 32
65 60 36
65 61 29
65 62 65
65 63 30
65 64 63
65 66 53
65 67 52
65 68 9
65 69 29
65 70 34
65 71 31
65 72 14
65 73 42
65 74 28
65 75 15
65 76 22
65 77 45
65 78 47
65 79 60
65 80 68
65 81 50
65 82 86
65 83 66
65 84 25
65 85 21
65 86 51
65 87 61
65 88 43
65 89 15
65 90 15
65 91 15
65 92 15
65 93 58
65 94 7
65 95 27
65 96 13
65 97 57
65 98 87
65 99 17
65 100 54
66 0 12
66 1 29
66 2 66
66 3 67
66 4 54
66 5 53
66 6 51
66 7 82
66 8 57
66 9 20
66 10 8
66 11 92
66 12 88
66 13 82
66 14 12
66 15 54
66 16 86
66 17 48
66 18 92
66 19 50
66 20 86
66 21 14
66 22 97
66 23 71
66 24 16
66 25 92
66 26 92
66 27 63
66 28 27
66 29 80
66 30 81
66 31 53
66 32 19
66 33 35
66 34 68
66 35 20
66 36 59
66 37 40
66 38 48
66 39 40
66 40 86
66 41 38
66 42 83
66 43 58
66 44 87
66 45 26
66 46 69
66 47 18
66 48 64
66 49 77
66 50 71
66 51 92
66 52 50
66 53 53
66 54 30
66 55 24
66 56 46
66 57 46
66 58 34
66 59 28
66 60 47
66 61 52
66 62 52
66 63 30
66 64 48
66 65 46
66 67 40
66 68 42
66 69 39
66 70 34
66 71 27
66 72 27
66 73 55
66 74 10
66 75 7
66 76 40
66 77 33
66 78 34
66 79 7
66 80 41
66 81 51
66 82 44
66 83 48
66 84 49
66 85 65
66 86 48
66 87 23
66 88 41
66 89 39
66 90 53
66 91 51
66 92 10
66 93 10
66 94 10
66 95 10
66 96 78
66 97 66
66 98 49
66 99 59
66 100 66
67 0 42
67 1 56
67 2 21
67 3 71
67 4 51
67 5 6
67 6 27
67 7 63
67 8 33
67 9 23
67 10 10
67 11 29
67 12 63
67 13 65
67 14 21
67 15 18
67 16 32
67 17 77
67 18 45
67 19 36
67 20 54
67 21 51
67 22 105
67 23 30
67 24 77
67 25 67
67 26 25
67 27 80
67 28 21
67 29 58
67 30 17
67 31 60
67 32 48
67 33 20
67 34 26
67 35 68
67 36 48
67 37 24
67 38 70
67 39 21
67 40 56
67 41 33
67 42 55
67 43 49
67 44 35
67 45 14
67 46 37
67 47 17
67 48 59
67 49 5
67 50 79
67 51 15
67 52 60
67 53 69
67 54 22
67 55 22
67 56 27
67 57 64
67 58 51
67 59 59
67 60 84
67 61 22
67 62 61
67 63 79
67 64 85
67 65 95
67 66 47
67 68 92
67 69 48
67 70 73
67 71 37
67 72 62
67 73 19
67 74 73
67 75 73
67 76 104
67 77 44
67 78 57
67 79 54
67 80 64
67 81 85
67 82 48
67 83 78
67 84 70
67 85 19
67 86 36
67 87 88
67 88 28
67 89 9
67 90 55
67 91 91
67 92 34
67 93 83
67 94 75
67 95 61
67 96 61
67 97 61
67 98 61
67 99 87
67 100 55
68 0 45
68 1 47
68 2 77
68 3 68
68 4 45
68 5 31
68 6 54
68 7 50
68 8 24
68 9 48
68 10 74
68 11 7
68 12 30
68 13 37
68 14 3
68 15 44
68 16 52
68 17 39
68 18 46
68 19 58
68 20 68
68 21 57
68 22 62
68 23 27
68 24 77
68 25 103
68 26 57
68 27 59
68 28 91
68 29 48
68 30 72
68 31 47
68 32 82
68 33 36
68 34 59
68 35 71
68 36 48
68 37 37
68 38 49
68 39 27
68 40 46
68 41 51
68 42 37
68 43 31
68 44 41
68 45 30
68 46 73
68 47 32
68 48 42
68 49 9
68 50 33
68 51 58
68 52 23
68 53 72
68 54 35
68 55 79
68 56 84
68 57 49
68 58 23
68 59 9
68 60 64
68 61 46
68 62 72
68 63 4
68 64 56
68 65 17
68 66 63
68 67 31
68 69 58
68 70 54
68 71 55
68 72 46
68 73 57
68 74 48
68 75 29
68 76 56
68 77 36
68 78 3
68 79 51
68 80 27
68 81 25
68 82 63
68 83 52
68 84 29
68 85 31
68 86 18
68 87 72
68 88 67
68 89 54
68 90 24
68 91 77
68 92 69
68 93 45
68 94 36
68 95 64
68 96 33
68 97 69
68 98 17
68 99 17
68 100 17
69 0 17
69 1 60
69 2 61
69 3 41
69 4 56
69 5 48
69 6 26
69 7 52
69 8 17
69 9 70
69 10 42
69 11 20
69 12 7
69 13 46
69 14 45
69 15 19
69 16 23
69 17 42
69 18 64
69 19 61
69 20 37
69 21 23
69 22 17
69 23 69
69 24 27
69 25 21
69 26 64
69 27 34
69 28 92
69 29 19
69 30 75
69 31 48
69 32 5
69 33 72
69 34 29
69 35 40
69 36 7
69 37 49
69 38 29
69 39 13
69 40 15
69 41 69
69 42 53
69 43 4
69 44 71
69 45 10
69 46 64
69 47 21
69 48 63
69 49 30
69 50 32
69 51 19
69 52 51
69 53 36
69 54 49
69 55 23
69 56 70
69 57 8
69 58 40
69 59 49
69 60 27
69 61 25
69 62 37
69 63 52
69 64 44
69 65 40
69 66 46
69 67 36
69 68 38
69 70 38
69 71 61
69 72 46
69 73 20
69 74 43
69 75 54
69 76 31
69 77 49
69 78 49
69 79 33
69 80 22
69 81 36
69 82 53
69 83 17
69 84 9
69 85 30
69 86 23
69 87 35
69 88 4
69 89 50
69 90 41
69 91 40
69 92 54
69 93 57
69 94 69
69 95 46
69 96 14
69 97 41
69 98 33
69 99 63
69 100 41
70 0 16
70 1 16
70 2 16
70 3 16
70 4 52
70 5 17
70 6 7
70 7 11
70 8 46
70 9 66
70 10 7
70 11 30
70 12 25
70 13 13
70 14 43
70 15 44
70 16 43
70 17 36
70 18 27
70 19 59
70 20 38
70 21 22
70 22 16
70 23 69
70 24 64
70 25 60
70 26 28
70 27 35
70 28 64
70 29 40
70 30 72
70 31 62
70 32 63
70 33 31
70 34 79
70 35 48
70 36 32
70 37 69
70 38 73
70 39 39
70 40 20
70 41 60
70 42 57
70 43 30
70 44 27
70 45 23
70 46 45
70 47 29
70 48 35
70 49 34
70 50 25
70 51 34
70 52 66
70 53 14
70 54 59
70 55 42
70 56 64
70 57 18
70 58 46
70 59 31
70 60 40
70 61 61
70 62 59
70 63 68
70 64 27
70 65 33
70 66 25
70 67 7
70 68 46
70 69 46
70 71 10
70 72 33
70 73 40
70 74 76
70 75 18
70 76 60
70 77 18
70 78 94
70 79 40
70 80 93
70 81 79
70 82 82
70 83 28
70 84 50
70 85 5
70 86 62
70 87 45
70 88 61
70 89 45
70 90 21
70 91 53
70 92 65
70 93 58
70 94 88
70 95 99
70 96 65
70 97 118
70 98 95
70 99 49
70 100 14
71 0 77
71 1 80
71 2 51
71 3 44
71 4 44
71 5 44
71 6 44
71 7 54
71 8 73
71 9 53
71 10 69
71 11 42
71 12 8
71 13 65
71 14 36
71 15 84
71 16 51
71 17 42
71 18 17
71 19 41
71 20 66
71 21 38
71 22 39
71 23 64
71 24 80
71 25 74
71 26 53
71 27 35
71 28 10
71 29 78
71 30 28
71 31 11
71 32 84
71 33 14
71 34 92
71 35 17
71 36 89
71 37 27
71 38 17
71 39 79
71 40 40
71 41 18
71 42 28
71 43 56
71 44 9
71 45 23
71 46 31
71 47 85
71 48 72
71 49 18
71 50 87
71 51 29
71 52 83
71 53 33
71 54 82
71 55 9
71 56 48
71 57 33
71 58 72
71 59 53
71 60 56
71 61 44
71 62 77
71 63 29
71 64 24
71 65 36
71 66 36
71 67 45
71 68 59
71 69 56
71 70 56
71 72 33
71 73 67
71 74 51
71 75 92
71 76 84
71 77 61
71 78 104
71 79 66
71 80 100
71 81 18
71 82 88
71 83 11
71 84 39
71 85 39
71 86 79
71 87 61
71 88 106
71 89 42
71 90 59
71 91 76
71 92 79
71 93 84
71 94 54
71 95 59
71 96 92
71 97 48
71 98 6
71 99 69
71 100 20
72 0 41
72 1 68
72 2 91
72 3 60
72 4 57
72 5 95
72 6 59
72 7 59
72 8 59
72 9 59
72 10 48
72 11 14
72 12 6
72 13 11
72 14 43
72 15 67
72 16 7
72 17 33
72 18 25
72 19 10
72 20 47
72 21 45
72 22 40
72 23 41
72 24 30
72 25 62
72 26 43
72 27 24
72 28 15
72 29 73
72 30 67
72 31 61
72 32 24
72 33 34
72 34 65
72 35 44
72 36 72
72 37 57
72 38 65
72 39 31
72 40 78
72 41 49
72 42 27
72 43 72
72 44 72
72 45 42
72 46 15
72 47 60
72 48 60
72 49 32
72 50 28
72 51 28
72 52 47
72 53 30
72 54 37
72 55 38
72 56 27
72 57 38
72 58 66
72 59 18
72 60 62
72 61 47
72 62 68
72 63 14
72 64 50
72 65 27
72 66 43
72 67 59
72 68 56
72 69 71
72 70 31
72 71 38
72 73 20
72 74 3
72 75 43
72 76 51
72 77 13
72 78 34
72 79 39
72 80 45
72 81 55
72 82 22
72 83 53
72 84 88
72 85 30
72 86 79
72 87 89
72 88 46
72 89 47
72 90 77
72 91 74
72 92 55
72 93 50
72 94 12
72 95 26
72 96 66
72 97 44
72 98 92
72 99 14
72 100 41
73 0 83
73 1 99
73 2 86
73 3 50
73 4 29
73 5 69
73 6 26
73 7 104
73 8 22
73 9 57
73 10 57
73 11 57
73 12 57
73 13 39
73 14 64
73 15 45
73 16 62
73 17 27
73 18 22
73 19 58
73 20 36
73 21 76
73 22 42
73 23 47
73 24 20
73 25 27
73 26 67
73 27 38
73 28 49
73 29 66
73 30 74
73 31 66
73 32 64
73 33 47
73 34 24
73 35 67
73 36 17
73 37 26
73 38 83
73 39 23
73 40 78
73 41 31
73 42 82
73 43 28
73 44 23
73 45 68
73 46 52
73 47 22
73 48 32
73 49 45
73 50 10
73 51 34
73 52 30
73 53 79
73 54 69
73 55 23
73 56 81
73 57 30
73 58 81
73 59 29
73 60 80
73 61 17
73 62 44
73 63 44
73 64 74
73 65 63
73 66 45
73 67 50
73 68 66
73 69 34
73 70 13
73 71 23
73 72 49
73 74 45
73 75 60
73 76 44
73 77 48
73 78 18
73 79 71
73 80 46
73 81 85
73 82 71
73 83 50
73 84 62
73 85 32
73 86 23
73 87 71
73 88 22
73 89 67
73 90 60
73 91 53
73 92 2
73 93 37
73 94 33
73 95 35
73 96 18
73 97 36
73 98 20
73 99 20
73 100 24
74 0 54
74 1 39
74 2 59
74 3 73
74 4 58
74 5 89
74 6 66
74 7 20
74 8 23
74 9 48
74 10 69
74 11 35
74 12 21
74 13 21
74 14 21
74 15 21
74 16 30
74 17 26
74 18 27
74 19 31
74 20 32
74 21 73
74 22 31
74 23 53
74 24 40
74 25 23
74 26 69
74 27 57
74 28 29
74 29 67
74 30 51
74 31 81
74 32 69
74 33 45
74 34 30
74 35 94
74 36 84
74 37 71
74 38 19
74 39 38
74 40 74
74 41 70
74 42 76
74 43 32
74 44 77
74 45 42
74 46 77
74 47 62
74 48 17
74 49 90
74 50 73
74 51 59
74 52 13
74 53 63
74 54 74
74 55 48
74 56 46
74 57 54
74 58 60
74 59 48
74 60 54
74 61 63
74 62 41
74 63 63
74 64 69
74 65 41
74 66 80
74 67 74
74 68 90
74 69 14
74 70 72
74 71 15
74 72 60
74 73 55
74 75 46
74 76 88
74 77 54
74 78 63
74 79 10
74 80 26
74 81 37
74 82 76
74 83 37
74 84 50
74 85 18
74 86 68
74 87 87
74 88 37
74 89 29
74 90 91
74 91 9
74 92 85
74 93 86
74 94 57
74 95 31
74 96 67
74 97 52
74 98 54
74 99 42
74 100 21
75 0 14
75 1 48
75 2 41
75 3 83
75 4 11
75 5 57
75 6 90
75 7 89
75 8 99
75 9 66
75 10 25
75 11 49
75 12 42
75 13 98
75 14 5
75 15 49
75 16 49
75 17 49
75 18 49
75 19 89
75 20 81
75 21 63
75 22 74
75 23 77
75 24 44
75 25 70
75 26 35
75 27 85
75 28 66
75 29 21
75 30 36
75 31 75
75 32 45
75 33 38
75 34 6
75 35 41
75 36 77
75 37 80
75 38 8
75 39 11
75 40 35
75 41 91
75 42 56
75 43 36
75 44 66
75 45 52
75 46 119
75 47 29
75 48 91
75 49 69
75 50 32
75 51 95
75 52 9
75 53 60
75 54 29
75 55 74
75 56 53
75 57 22
75 58 39
75 59 83
75 60 62
75 61 33
75 62 84
75 63 34
75 64 69
75 65 46
75 66 68
75 67 52
75 68 50
75 69 11
75 70 47
75 71 10
75 72 74
75 73 19
75 74 94
75 76 28
75 77 67
75 78 78
75 79 13
75 80 37
75 81 40
75 82 78
75 83 66
75 84 69
75 85 39
75 86 55
75 87 89
75 88 104
75 89 24
75 90 13
75 91 51
75 92 87
75 93 54
75 94 38
75 95 52
75 96 42
75 97 46
75 98 19
75 99 21
75 100 43
76 0 21
76 1 7
76 2 45
76 3 33
76 4 22
76 5 16
76 6 37
76 7 53
76 8 55
76 9 58
76 10 43
76 11 77
76 12 60
76 13 27
76 14 29
76 15 49
76 16 52
76 17 50
76 18 4
76 19 4
76 20 4
76 21 4
76 22 61
76 23 7
76 24 26
76 25 10
76 26 59
76 27 87
76 28 14
76 29 51
76 30 7
76 31 29
76 32 63
76 33 65
76 34 56
76 35 48
76 36 48
76 37 79
76 38 52
76 39 15
76 40 5
76 41 88
76 42 85
76 43 81
76 44 17
76 45 54
76 46 85
76 47 42
76 48 92
76 49 56
76 50 84
76 51 11
76 52 98
76 53 69
76 54 22
76 55 89
76 56 92
76 57 61
76 58 29
76 59 80
76 60 79
76 61 51
76 62 13
76 63 29
76 64 66
76 65 15
76 66 56
76 67 35
76 68 46
76 69 35
76 70 86
76 71 35
76 72 80
76 73 53
76 74 83
76 75 28
76 77 65
76 78 23
76 79 61
76 80 78
76 81 73
76 82 89
76 83 47
76 84 48
76 85 32
76 86 23
76 87 61
76 88 59
76 89 31
76 90 17
76 91 35
76 92 60
76 93 78
76 94 38
76 95 72
76 96 41
76 97 35
76 98 53
76 99 63
76 100 21
77 0 39
77 1 56
77 2 71
77 3 30
77 4 31
77 5 18
77 6 26
77 7 55
77 8 23
77 9 69
77 10 34
77 11 22
77 12 56
77 13 78
77 14 63
77 15 31
77 16 18
77 17 61
77 18 11
77 19 80
77 20 38
77 21 38
77 22 38
77 23 38
77 24 38
77 25 61
77 26 12
77 27 32
77 28 18
77 29 61
77 30 92
77 31 22
77 32 59
77 33 12
77 34 34
77 35 71
77 36 72
77 37 58
77 38 57
77 39 56
77 40 87
77 41 61
77 42 22
77 43 13
77 44 97
77 45 93
77 46 87
77 47 13
77 48 58
77 49 91
77 50 50
77 51 97
77 52 49
77 53 91
77 54 12
77 55 102
77 56 76
77 57 17
77 58 97
77 59 97
77 60 68
77 61 32
77 62 85
77 63 86
77 64 58
77 65 20
77 66 38
77 67 73
77 68 20
77 69 64
77 70 43
77 71 53
77 72 43
77 73 91
77 74 43
77 75 88
77 76 62
77 78 92
77 79 31
77 80 74
77 81 18
77 82 69
77 83 81
77 84 75
77 85 97
77 86 55
77 87 57
77 88 34
77 89 29
77 90 64
77 91 68
77 92 38
77 93 21
77 94 29
77 95 69
77 96 87
77 97 45
77 98 73
77 99 47
77 100 46
78 0 65
78 1 69
78 2 38
78 3 27
78 4 55
78 5 57
78 6 36
78 7 28
78 8 11
78 9 9
78 10 45
78 11 24
78 12 70
78 13 21
78 14 39
78 15 70
78 16 77
78 17 79
78 18 48
78 19 7
78 20 49
78 21 25
78 22 83
78 23 23
78 24 35
78 25 35
78 26 35
78 27 35
78 28 91
78 29 39
78 30 47
78 31 34
78 32 86
78 33 99
78 34 36
78 35 57
78 36 27
78 37 53
78 38 61
78 39 76
78 40 82
78 41 35
78 42 55
78 43 77
78 44 40
78 45 20
78 46 35
78 47 81
78 48 86
78 49 91
78 50 50
78 51 73
78 52 95
78 53 16
78 54 106
78 55 89
78 56 92
78 57 29
78 58 116
78 59 78
78 60 55
78 61 88
78 62 109
78 63 67
78 64 57
78 65 96
78 66 84
78 67 61
78 68 20
78 69 21
78 70 76
78 71 19
78 72 65
78 73 11
78 74 60
78 75 12
78 76 101
78 77 45
78 79 81
78 80 35
78 81 75
78 82 56
78 83 62
78 84 56
78 85 66
78 86 99
78 87 98
78 88 89
78 89 49
78 90 40
78 91 62
78 92 46
78 93 85
78 94 44
78 95 43
78 96 20
78 97 68
78 98 57
78 99 70
78 100 52
79 0 100
79 1 62
79 2 15
79 3 85
79 4 40
79 5 41
79 6 22
79 7 23
79 8 48
79 9 16
79 10 4
79 11 42
79 12 33
79 13 27
79 14 11
79 15 38
79 16 52
79 17 50
79 18 53
79 19 45
79 20 72
79 21 54
79 22 25
79 23 34
79 24 45
79 25 52
79 26 50
79 27 4
79 28 4
79 29 4
79 30 4
79 31 73
79 32 75
79 33 56
79 34 70
79 35 61
79 36 25
79 37 66
79 38 29
79 39 83
79 40 56
79 41 24
79 42 20
79 43 59
79 44 51
79 45 32
79 46 14
79 47 48
79 48 76
79 49 75
79 50 28
79 51 10
79 52 15
79 53 84
79 54 41
79 55 18
79 56 72
79 57 33
79 58 107
79 59 11
79 60 89
79 61 50
79 62 15
79 63 86
79 64 15
79 65 41
79 66 19
79 67 64
79 68 34
79 69 3
79 70 30
79 71 82
79 72 63
79 73 17
79 74 84
79 75 24
79 76 73
79 77 36
79 78 72
79 80 32
79 81 45
79 82 8
79 83 56
79 84 28
79 85 64
79 86 24
79 87 85
79 88 19
79 89 49
79 90 60
79 91 12
79 92 35
79 93 44
79 94 67
79 95 59
79 96 53
79 97 49
79 98 49
79 99 89
79 100 94
80 0 28
80 1 29
80 2 43
80 3 69
80 4 46
80 5 71
80 6 104
80 7 56
80 8 48
80 9 20
80 10 18
80 11 42
80 12 22
80 13 10
80 14 48
80 15 36
80 16 21
80 17 19
80 18 35
80 19 55
80 20 58
80 21 58
80 22 41
80 23 78
80 24 62
80 25 30
80 26 28
80 27 52
80 28 50
80 29 53
80 30 5
80 31 5
80 32 5
80 33 5
80 34 26
80 35 49
80 36 51
80 37 55
80 38 37
80 39 85
80 40 55
80 41 74
80 42 61
80 43 46
80 44 90
80 45 74
80 46 37
80 47 91
80 48 72
80 49 101
80 50 93
80 51 68
80 52 53
80 53 115
80 54 103
80 55 86
80 56 38
80 57 53
80 58 88
80 59 94
80 60 86
80 61 15
80 62 92
80 63 63
80 64 81
80 65 79
80 66 34
80 67 108
80 68 80
80 69 79
80 70 37
80 71 73
80 72 92
80 73 69
80 74 68
80 75 78
80 76 77
80 77 70
80 78 74
80 79 87
80 81 62
80 82 87
80 83 79
80 84 64
80 85 99
80 86 98
80 87 112
80 88 38
80 89 93
80 90 32
80 91 80
80 92 60
80 93 48
80 94 106
80 95 77
80 96 87
80 97 32
80 98 50
80 99 45
80 100 101
81 0 61
81 1 71
81 2 24
81 3 90
81 4 109
81 5 59
81 6 40
81 7 50
81 8 89
81 9 14
81 10 42
81 11 57
81 12 37
81 13 49
81 14 9
81 15 66
81 16 51
81 17 73
81 18 56
81 19 23
81 20 59
81 21 61
81 22 71
81 23 97
81 24 102
81 25 59
81 26 122
81 27 103
81 28 59
81 29 17
81 30 87
81 31 76
81 32 64
81 33 49
81 34 49
81 35 49
81 36 49
81 37 76
81 38 22
81 39 36
81 40 20
81 41 73
81 42 95
81 43 24
81 44 55
81 45 9
81 46 41
81 47 64
81 48 73
81 49 70
81 50 43
81 51 53
81 52 81
81 53 48
81 54 8
81 55 19
81 56 87
81 57 88
81 58 88
81 59 32
81 60 65
81 61 92
81 62 31
81 63 101
81 64 70
81 65 90
81 66 10
81 67 109
81 68 75
81 69 37
81 70 91
81 71 102
81 72 66
81 73 43
81 74 90
81 75 83
81 76 57
81 77 3
81 78 24
81 79 73
81 80 1
81 82 62
81 83 23
81 84 54
81 85 24
81 86 95
81 87 40
81 88 83
81 89 46
81 90 82
81 91 42
81 92 66
81 93 38
81 94 65
81 95 90
81 96 87
81 97 92
81 98 49
81 99 46
81 100 47
82 0 34
82 1 74
82 2 54
82 3 37
82 4 5
82 5 50
82 6 60
82 7 77
82 8 46
82 9 87
82 10 52
82 11 27
82 12 66
82 13 47
82 14 37
82 15 33
82 16 22
82 17 71
82 18 28
82 19 36
82 20 71
82 21 65
82 22 50
82 23 39
82 24 17
82 25 83
82 26 64
82 27 37
82 28 27
82 29 62
82 30 63
82 31 56
82 32 56
82 33 66
82 34 23
82 35 83
82 36 31
82 37 31
82 38 31
82 39 31
82 40 54
82 41 54
82 42 35
82 43 50
82 44 42
82 45 29
82 46 46
82 47 13
82 48 64
82 49 34
82 50 23
82 51 6
82 52 39
82 53 44
82 54 16
82 55 29
82 56 42
82 57 59
82 58 55
82 59 44
82 60 31
82 61 21
82 62 62
82 63 20
82 64 26
82 65 62
82 66 36
82 67 84
82 68 25
82 69 70
82 70 48
82 71 9
82 72 64
82 73 36
82 74 40
82 75 8
82 76 42
82 77 28
82 78 20
82 79 9
82 80 64
82 81 49
82 83 6
82 84 66
82 85 6
82 86 61
82 87 14
82 88 60
82 89 31
82 90 26
82 91 27
82 92 50
82 93 41
82 94 41
82 95 26
82 96 63
82 97 10
82 98 37
82 99 44
82 100 34
83 0 22
83 1 36
83 2 44
83 3 38
83 4 34
83 5 47
83 6 30
83 7 71
83 8 72
83 9 26
83 10 40
83 11 22
83 12 52
83 13 24
83 14 59
83 15 81
83 16 34
83 17 31
83 18 62
83 19 45
83 20 47
83 21 22
83 22 9
83 23 30
83 24 20
83 25 30
83 26 9
83 27 51
83 28 39
83 29 45
83 30 60
83 31 58
83 32 75
83 33 51
83 34 12
83 35 36
83 36 36
83 37 65
83 38 38
83 39 16
83 40 16
83 41 16
83 42 16
83 43 62
83 44 85
83 45 66
83 46 82
83 47 51
83 48 7
83 49 78
83 50 48
83 51 97
83 52 64
83 53 51
83 54 29
83 55 50
83 56 77
83 57 50
83 58 45
83 59 74
83 60 93
83 61 87
83 62 58
83 63 38
83 64 16
83 65 90
83 66 40
83 67 13
83 68 96
83 69 3
83 70 102
83 71 20
83 72 102
83 73 20
83 74 28
83 75 91
83 76 43
83 77 12
83 78 39
83 79 68
83 80 15
83 81 29
83 82 44
83 84 98
83 85 84
83 86 29
83 87 100
83 88 41
83 89 95
83 90 46
83 91 95
83 92 8
83 93 61
83 94 39
83 95 83
83 96 59
83 97 68
83 98 53
83 99 89
83 100 40
84 0 28
84 1 42
84 2 39
84 3 57
84 4 70
84 5 68
84 6 69
84 7 42
84 8 77
84 9 64
84 10 105
84 11 95
84 12 56
84 13 60
84 14 55
84 15 52
84 16 51
84 17 94
84 18 99
84 19 60
84 20 63
84 21 90
84 22 54
84 23 13
84 24 35
84 25 20
84 26 51
84 27 36
84 28 8
84 29 29
84 30 40
84 31 55
84 32 68
84 33 71
84 34 44
84 35 91
84 36 73
84 37 34
84 38 15
84 39 60
84 40 56
84 41 51
84 42 17
84 43 17
84 44 17
84 45 17
84 46 47
84 47 40
84 48 20
84 49 36
84 50 37
84 51 41
84 52 32
84 53 12
84 54 50
84 55 20
84 56 29
84 57 20
84 58 33
84 59 39
84 60 12
84 61 40
84 62 39
84 63 46
84 64 41
84 65 53
84 66 44
84 67 35
84 68 48
84 69 16
84 70 39
84 71 54
84 72 48
84 73 73
84 74 39
84 75 56
84 76 57
84 77 23
84 78 50
84 79 49
84 80 50
84 81 18
84 82 28
84 83 37
84 85 34
84 86 7
84 87 51
84 88 39
84 89 21
84 90 53
84 91 13
84 92 51
84 93 1
84 94 50
84 95 42
84 96 14
84 97 39
84 98 46
84 99 50
84 100 28
85 0 32
85 1 49
85 2 19
85 3 41
85 4 44
85 5 47
85 6 18
85 7 33
85 8 31
85 9 23
85 10 31
85 11 45
85 12 17
85 13 58
85 14 58
85 15 29
85 16 47
85 17 8
85 18 49
85 19 12
85 20 50
85 21 69
85 22 21
85 23 17
85 24 47
85 25 40
85 26 39
85 27 59
85 28 54
85 29 30
85 30 45
85 31 79
85 32 45
85 33 89
85 34 43
85 35 15
85 36 63
85 37 98
85 38 60
85 39 23
85 40 40
85 41 84
85 42 12
85 43 98
85 44 50
85 45 60
85 46 60
85 47 60
85 48 60
85 49 35
85 50 38
85 51 20
85 52 36
85 53 25
85 54 43
85 55 33
85 56 24
85 57 51
85 58 16
85 59 40
85 60 25
85 61 22
85 62 49
85 63 23
85 64 50
85 65 50
85 66 49
85 67 40
85 68 64
85 69 52
85 70 39
85 71 43
85 72 9
85 73 43
85 74 62
85 75 47
85 76 63
85 77 44
85 78 56
85 79 53
85 80 29
85 81 45
85 82 58
85 83 47
85 84 27
85 86 21
85 87 35
85 88 42
85 89 18
85 90 53
85 91 46
85 92 27
85 93 55
85 94 23
85 95 58
85 96 11
85 97 57
85 98 41
85 99 22
85 100 48
86 0 57
86 1 61
86 2 21
86 3 43
86 4 43
86 5 29
86 6 34
86 7 34
86 8 56
86 9 29
86 10 43
86 11 23
86 12 22
86 13 21
86 14 56
86 15 22
86 16 60
86 17 51
86 18 41
86 19 58
86 20 14
86 21 39
86 22 4
86 23 58
86 24 60
86 25 13
86 26 20
86 27 43
86 28 28
86 29 36
86 30 51
86 31 40
86 32 53
86 33 37
86 34 15
86 35 43
86 36 59
86 37 52
86 38 79
86 39 90
86 40 61
86 41 109
86 42 86
86 43 40
86 44 10
86 45 68
86 46 75
86 47 45
86 48 36
86 49 36
86 50 36
86 51 36
86 52 71
86 53 62
86 54 44
86 55 56
86 56 60
86 57 37
86 58 52
86 59 16
86 60 68
86 61 46
86 62 8
86 63 21
86 64 57
86 65 35
86 66 19
86 67 13
86 68 32
86 69 61
86 70 62
86 71 26
86 72 19
86 73 27
86 74 72
86 75 38
86 76 31
86 77 56
86 78 46
86 79 100
86 80 26
86 81 74
86 82 61
86 83 18
86 84 75
86 85 23
86 87 52
86 88 10
86 89 55
86 90 42
86 91 17
86 92 20
86 93 67
86 94 47
86 95 18
86 96 69
86 97 15
86 98 57
86 99 27
86 100 56
87 0 43
87 1 31
87 2 14
87 3 40
87 4 24
87 5 54
87 6 9
87 7 74
87 8 9
87 9 54
87 10 62
87 11 23
87 12 20
87 13 28
87 14 58
87 15 47
87 16 52
87 17 34
87 18 36
87 19 73
87 20 85
87 21 12
87 22 22
87 23 32
87 24 70
87 25 39
87 26 54
87 27 96
87 28 47
87 29 39
87 30 72
87 31 63
87 32 43
87 33 85
87 34 6
87 35 62
87 36 23
87 37 63
87 38 44
87 39 90
87 40 10
87 41 44
87 42 85
87 43 97
87 44 89
87 45 53
87 46 28
87 47 65
87 48 29
87 49 103
87 50 17
87 51 56
87 52 56
87 53 56
87 54 56
87 55 74
87 56 79
87 57 60
87 58 74
87 59 62
87 60 22
87 61 70
87 62 34
87 63 87
87 64 60
87 65 29
87 66 22
87 67 60
87 68 56
87 69 37
87 70 18
87 71 53
87 72 81
87 73 79
87 74 30
87 75 11
87 76 13
87 77 88
87 78 43
87 79 15
87 80 77
87 81 30
87 82 109
87 83 7
87 84 93
87 85 47
87 86 18
87 88 90
87 89 16
87 90 38
87 91 24
87 92 67
87 93 33
87 94 6
87 95 34
87 96 87
87 97 69
87 98 20
87 99 89
87 100 28
88 0 78
88 1 39
88 2 77
88 3 30
88 4 49
88 5 12
88 6 61
88 7 32
88 8 67
88 9 29
88 10 89
88 11 24
88 12 48
88 13 60
88 14 12
88 15 40
88 16 50
88 17 70
88 18 63
88 19 53
88 20 54
88 21 54
88 22 93
88 23 97
88 24 33
88 25 33
88 26 47
88 27 69
88 28 49
88 29 76
88 30 106
88 31 59
88 32 55
88 33 87
88 34 66
88 35 33
88 36 98
88 37 27
88 38 59
88 39 16
88 40 8
88 41 34
88 42 51
88 43 50
88 44 71
88 45 80
88 46 53
88 47 99
88 48 78
88 49 34
88 50 10
88 51 62
88 52 67
88 53 45
88 54 26
88 55 26
88 56 26
88 57 26
88 58 42
88 59 53
88 60 33
88 61 50
88 62 30
88 63 28
88 64 46
88 65 23
88 66 64
88 67 31
88 68 36
88 69 12
88 70 27
88 71 53
88 72 24
88 73 41
88 74 52
88 75 61
88 76 54
88 77 56
88 78 41
88 79 24
88 80 58
88 81 9
88 82 28
88 83 69
88 84 33
88 85 75
88 86 30
88 87 70
88 89 41
88 90 17
88 91 59
88 92 47
88 93 34
88 94 20
88 95 36
88 96 21
88 97 29
88 98 17
88 99 66
88 100 55
89 0 15
89 1 68
89 2 18
89 3 67
89 4 15
89 5 66
89 6 26
89 7 30
89 8 38
89 9 60
89 10 54
89 11 36
89 12 39
89 13 58
89 14 22
89 15 26
89 16 32
89 17 44
89 18 31
89 19 46
89 20 37
89 21 36
89 22 21
89 23 58
89 24 33
89 25 73
89 26 65
89 27 38
89 28 52
89 29 23
89 30 40
89 31 18
89 32 66
89 33 72
89 34 28
89 35 32
89 36 58
89 37 33
89 38 23
89 39 65
89 40 35
89 41 32
89 42 18
89 43 56
89 44 60
89 45 62
89 46 70
89 47 97
89 48 102
89 49 60
89 50 123
89 51 103
89 52 59
89 53 17
89 54 87
89 55 77
89 56 64
89 57 49
89 58 49
89 59 49
89 60 49
89 61 70
89 62 67
89 63 48
89 64 61
89 65 58
89 66 31
89 67 57
89 68 20
89 69 74
89 70 49
89 71 15
89 72 17
89 73 56
89 74 42
89 75 23
89 76 13
89 77 39
89 78 67
89 79 66
89 80 27
89 81 15
89 82 21
89 83 76
89 84 37
89 85 24
89 86 63
89 87 39
89 88 101
89 90 19
89 91 80
89 92 55
89 93 14
89 94 79
89 95 20
89 96 46
89 97 11
89 98 57
89 99 37
89 100 10
90 0 22
90 1 72
90 2 54
90 3 14
90 4 74
90 5 16
90 6 63
90 7 29
90 8 62
90 9 37
90 10 36
90 11 10
90 12 47
90 13 26
90 14 57
90 15 16
90 16 78
90 17 10
90 18 50
90 19 59
90 20 18
90 21 26
90 22 35
90 23 60
90 24 51
90 25 50
90 26 41
90 27 41
90 28 79
90 29 87
90 30 19
90 31 25
90 32 35
90 33 68
90 34 40
90 35 61
90 36 98
90 37 49
90 38 43
90 39 76
90 40 62
90 41 38
90 42 88
90 43 13
90 44 59
90 45 17
90 46 31
90 47 81
90 48 58
90 49 50
90 50 77
90 51 88
90 52 60
90 53 106
90 54 84
90 55 38
90 56 11
90 57 66
90 58 74
90 59 44
90 60 34
90 61 34
90 62 34
90 63 34
90 64 64
90 65 78
90 66 58
90 67 74
90 68 52
90 69 8
90 70 70
90 71 36
90 72 88
90 73 57
90 74 37
90 75 18
90 76 51
90 77 64
90 78 39
90 79 31
90 80 61
90 81 83
90 82 79
90 83 44
90 84 25
90 85 3
90 86 84
90 87 36
90 88 1
90 89 84
90 91 17
90 92 101
90 93 7
90 94 94
90 95 34
90 96 15
90 97 86
90 98 30
90 99 25
90 100 26
91 0 63
91 1 19
91 2 15
91 3 33
91 4 88
91 5 73
91 6 18
91 7 90
91 8 29
91 9 83
91 10 37
91 11 82
91 12 16
91 13 50
91 14 25
91 15 69
91 16 45
91 17 63
91 18 39
91 19 84
91 20 27
91 21 35
91 22 47
91 23 26
91 24 44
91 25 57
91 26 64
91 27 61
91 28 43
91 29 63
91 30 54
91 31 95
91 32 92
91 33 42
91 34 46
91 35 46
91 36 57
91 37 45
91 38 82
91 39 99
91 40 55
91 41 55
91 42 84
91 43 56
91 44 19
91 45 92
91 46 36
91 47 46
91 48 10
91 49 54
91 50 84
91 51 22
91 52 54
91 53 28
91 54 36
91 55 60
91 56 49
91 57 30
91 58 30
91 59 59
91 60 29
91 61 59
91 62 56
91 63 28
91 64 28
91 65 28
91 66 28
91 67 89
91 68 50
91 69 44
91 70 43
91 71 80
91 72 77
91 73 41
91 74 37
91 75 47
91 76 50
91 77 34
91 78 56
91 79 77
91 80 7
91 81 36
91 82 48
91 83 10
91 84 36
91 85 47
91 86 50
91 87 57
91 88 68
91 89 64
91 90 62
91 92 72
91 93 16
91 94 85
91 95 101
91 96 67
91 97 51
91 98 99
91 99 56
91 100 68
92 0 59
92 1 90
92 2 45
92 3 59
92 4 78
92 5 58
92 6 43
92 7 41
92 8 20
92 9 55
92 10 42
92 11 44
92 12 21
92 13 46
92 14 20
92 15 81
92 16 34
92 17 53
92 18 4
92 19 44
92 20 57
92 21 34
92 22 68
92 23 43
92 24 86
92 25 89
92 26 61
92 27 29
92 28 14
92 29 64
92 30 45
92 31 76
92 32 12
92 33 35
92 34 46
92 35 81
92 36 29
92 37 39
92 38 41
92 39 94
92 40 54
92 41 17
92 42 97
92 43 56
92 44 39
92 45 64
92 46 83
92 47 80
92 48 82
92 49 36
92 50 89
92 51 62
92 52 30
92 53 79
92 54 49
92 55 51
92 56 89
92 57 97
92 58 61
92 59 117
92 60 96
92 61 50
92 62 12
92 63 78
92 64 77
92 65 55
92 66 43
92 67 43
92 68 43
92 69 43
92 70 109
92 71 95
92 72 80
92 73 88
92 74 97
92 75 62
92 76 85
92 77 53
92 78 98
92 79 83
92 80 37
92 81 56
92 82 94
92 83 53
92 84 55
92 85 26
92 86 48
92 87 88
92 88 94
92 89 12
92 90 29
92 91 53
92 93 107
92 94 75
92 95 55
92 96 72
92 97 70
92 98 137
92 99 47
92 100 103
93 0 87
93 1 52
93 2 111
93 3 24
93 4 78
93 5 48
93 6 92
93 7 72
93 8 41
93 9 58
93 10 94
93 11 72
93 12 53
93 13 95
93 14 53
93 15 77
93 16 65
93 17 76
93 18 70
93 19 66
93 20 31
93 21 53
93 22 15
93 23 91
93 24 34
93 25 110
93 26 46
93 27 87
93 28 97
93 29 28
93 30 53
93 31 50
93 32 96
93 33 82
93 34 89
93 35 44
93 36 70
93 37 100
93 38 121
93 39 38
93 40 19
93 41 68
93 42 106
93 43 77
93 44 73
93 45 133
93 46 85
93 47 74
93 48 107
93 49 101
93 50 72
93 51 122
93 52 36
93 53 97
93 54 54
93 55 26
93 56 116
93 57 38
93 58 83
93 59 102
93 60 64
93 61 59
93 62 79
93 63 54
93 64 11
93 65 34
93 66 38
93 67 67
93 68 35
93 69 18
93 70 18
93 71 18
93 72 18
93 73 63
93 74 50
93 75 32
93 76 44
93 77 52
93 78 41
93 79 40
93 80 4
93 81 56
93 82 34
93 83 13
93 84 20
93 85 48
93 86 30
93 87 6
93 88 26
93 89 28
93 90 50
93 91 49
93 92 38
93 94 31
93 95 32
93 96 60
93 97 30
93 98 37
93 99 49
93 100 49
94 0 88
94 1 33
94 2 62
94 3 62
94 4 20
94 5 63
94 6 36
94 7 54
94 8 9
94 9 43
94 10 42
94 11 26
94 12 10
94 13 55
94 14 38
94 15 18
94 16 57
94 17 8
94 18 48
94 19 16
94 20 47
94 21 45
94 22 19
94 23 26
94 24 36
94 25 34
94 26 42
94 27 16
94 28 62
94 29 8
94 30 51
94 31 57
94 32 35
94 33 9
94 34 22
94 35 47
94 36 34
94 37 45
94 38 32
94 39 24
94 40 62
94 41 73
94 42 14
94 43 31
94 44 19
94 45 64
94 46 28
94 47 46
94 48 84
94 49 36
94 50 26
94 51 60
94 52 55
94 53 43
94 54 73
94 55 13
94 56 57
94 57 26
94 58 32
94 59 67
94 60 19
94 61 34
94 62 53
94 63 37
94 64 39
94 65 51
94 66 61
94 67 65
94 68 72
94 69 70
94 70 26
94 71 93
94 72 44
94 73 44
94 74 44
94 75 44
94 76 47
94 77 7
94 78 17
94 79 12
94 80 45
94 81 76
94 82 13
94 83 45
94 84 21
94 85 17
94 86 59
94 87 56
94 88 41
94 89 51
94 90 42
94 91 74
94 92 54
94 93 26
94 95 11
94 96 85
94 97 79
94 98 71
94 99 12
94 100 41
95 0 75
95 1 51
95 2 80
95 3 47
95 4 75
95 5 25
95 6 85
95 7 60
95 8 15
95 9 84
95 10 80
95 11 53
95 12 15
95 13 68
95 14 71
95 15 43
95 16 27
95 17 35
95 18 57
95 19 29
95 20 49
95 21 44
95 22 37
95 23 44
95 24 74
95 25 30
95 26 74
95 27 57
95 28 80
95 29 14
95 30 62
95 31 15
95 32 54
95 33 64
95 34 59
95 35 83
95 36 43
95 37 49
95 38 18
95 39 14
95 40 47
95 41 61
95 42 25
95 43 32
95 44 27
95 45 57
95 46 76
95 47 30
95 48 58
95 49 29
95 50 46
95 51 43
95 52 21
95 53 22
95 54 11
95 55 45
95 56 69
95 57 29
95 58 60
95 59 60
95 60 64
95 61 72
95 62 25
95 63 66
95 64 18
95 65 26
95 66 66
95 67 39
95 68 96
95 69 83
95 70 48
95 71 19
95 72 73
95 73 47
95 74 66
95 75 25
95 76 25
95 77 25
95 78 25
95 79 41
95 80 24
95 81 6
95 82 22
95 83 34
95 84 56
95 85 18
95 86 27
95 87 36
95 88 3
95 89 43
95 90 36
95 91 30
95 92 43
95 93 25
95 94 57
95 96 45
95 97 35
95 98 25
95 99 69
95 100 61
96 0 52
96 1 30
96 2 23
96 3 55
96 4 51
96 5 62
96 6 58
96 7 56
96 8 41
96 9 68
96 10 40
96 11 33
96 12 65
96 13 62
96 14 35
96 15 12
96 16 49
96 17 52
96 18 24
96 19 39
96 20 35
96 21 38
96 22 41
96 23 30
96 24 46
96 25 18
96 26 46
96 27 55
96 28 16
96 29 56
96 30 51
96 31 65
96 32 11
96 33 46
96 34 32
96 35 36
96 36 48
96 37 46
96 38 64
96 39 28
96 40 39
96 41 17
96 42 8
96 43 33
96 44 52
96 45 13
96 46 45
96 47 42
96 48 42
96 49 61
96 50 12
96 51 48
96 52 11
96 53 47
96 54 54
96 55 8
96 56 9
96 57 30
96 58 36
96 59 51
96 60 42
96 61 43
96 62 47
96 63 44
96 64 59
96 65 37
96 66 47
96 67 3
96 68 25
96 69 47
96 70 46
96 71 9
96 72 56
96 73 11
96 74 33
96 75 38
96 76 70
96 77 32
96 78 21
96 79 21
96 80 21
96 81 21
96 82 53
96 83 63
96 84 43
96 85 59
96 86 40
96 87 18
96 88 55
96 89 24
96 90 73
96 91 42
96 92 32
96 93 5
96 94 38
96 95 55
96 97 27
96 98 33
96 99 53
96 100 69
97 0 64
97 1 47
97 2 31
97 3 12
97 4 69
97 5 22
97 6 16
97 7 73
97 8 25
97 9 88
97 10 18
97 11 79
97 12 38
97 13 7
97 14 71
97 15 36
97 16 29
97 17 17
97 18 48
97 19 17
97 20 18
97 21 20
97 22 74
97 23 61
97 24 7
97 25 76
97 26 17
97 27 72
97 28 23
97 29 71
97 30 20
97 31 37
97 32 28
97 33 61
97 34 46
97 35 48
97 36 34
97 37 69
97 38 19
97 39 29
97 40 39
97 41 33
97 42 33
97 43 47
97 44 49
97 45 46
97 46 32
97 47 57
97 48 40
97 49 81
97 50 77
97 51 35
97 52 46
97 53 31
97 54 48
97 55 30
97 56 70
97 57 85
97 58 40
97 59 40
97 60 69
97 61 44
97 62 19
97 63 77
97 64 30
97 65 38
97 66 6
97 67 51
97 68 70
97 69 21
97 70 41
97 71 52
97 72 12
97 73 78
97 74 44
97 75 78
97 76 17
97 77 27
97 78 44
97 79 68
97 80 34
97 81 20
97 82 20
97 83 20
97 84 20
97 85 48
97 86 28
97 87 41
97 88 36
97 89 53
97 90 95
97 91 38
97 92 70
97 93 36
97 94 40
97 95 85
97 96 77
97 98 51
97 99 76
97 100 67
98 0 99
98 1 80
98 2 45
98 3 31
98 4 111
98 5 103
98 6 92
98 7 15
98 8 59
98 9 96
98 10 73
98 11 98
98 12 26
98 13 97
98 14 35
98 15 98
98 16 82
98 17 11
98 18 108
98 19 95
98 20 77
98 21 32
98 22 84
98 23 94
98 24 67
98 25 43
98 26 59
98 27 80
98 28 44
98 29 72
98 30 65
98 31 60
98 32 66
98 33 91
98 34 55
98 35 98
98 36 82
98 37 106
98 38 32
98 39 87
98 40 11
98 41 78
98 42 77
98 43 67
98 44 107
98 45 69
98 46 75
98 47 30
98 48 39
98 49 59
98 50 87
98 51 51
98 52 44
98 53 7
98 54 83
98 55 102
98 56 54
98 57 62
98 58 50
98 59 68
98 60 22
98 61 40
98 62 48
98 63 15
98 64 51
98 65 86
98 66 9
98 67 85
98 68 69
98 69 85
98 70 98
98 71 14
98 72 90
98 73 40
98 74 31
98 75 84
98 76 57
98 77 36
98 78 13
98 79 71
98 80 85
98 81 43
98 82 66
98 83 80
98 84 53
98 85 53
98 86 53
98 87 53
98 88 17
98 89 37
98 90 33
98 91 41
98 92 20
98 93 66
98 94 40
98 95 53
98 96 51
98 97 27
98 99 69
98 100 53
99 0 19
99 1 73
99 2 52
99 3 80
99 4 74
99 5 56
99 6 41
99 7 94
99 8 82
99 9 66
99 10 31
99 11 32
99 12 68
99 13 78
99 14 68
99 15 34
99 16 72
99 17 54
99 18 66
99 19 58
99 20 29
99 21 87
99 22 64
99 23 57
99 24 19
99 25 54
99 26 71
99 27 48
99 28 57
99 29 62
99 30 56
99 31 59
99 32 53
99 33 72
99 34 41
99 35 72
99 36 61
99 37 45
99 38 78
99 39 80
99 40 91
99 41 20
99 42 72
99 43 27
99 44 59
99 45 45
99 46 35
99 47 85
99 48 56
99 49 68
99 50 14
99 51 32
99 52 27
99 53 81
99 54 42
99 55 62
99 56 27
99 57 70
99 58 88
99 59 39
99 60 30
99 61 29
99 62 74
99 63 31
99 64 22
99 65 38
99 66 31
99 67 19
99 68 56
99 69 27
99 70 70
99 71 36
99 72 60
99 73 87
99 74 19
99 75 69
99 76 26
99 77 4
99 78 55
99 79 69
99 80 21
99 81 26
99 82 75
99 83 65
99 84 26
99 85 63
99 86 55
99 87 31
99 88 31
99 89 31
99 90 31
99 91 10
99 92 50
99 93 45
99 94 54
99 95 20
99 96 69
99 97 52
99 98 63
99 100 63
100 0 39
100 1 79
100 2 60
100 3 21
100 4 84
100 5 62
100 6 89
100 7 86
100 8 68
100 9 53
100 10 103
100 11 89
100 12 70
100 13 42
100 14 39
100 15 73
100 16 91
100 17 69
100 18 32
100 19 77
100 20 66
100 21 65
100 22 65
100 23 40
100 24 95
100 25 64
100 26 66
100 27 31
100 28 56
100 29 77
100 30 57
100 31 69
100 32 74
100 33 63
100 34 71
100 35 62
100 36 85
100 37 50
100 38 84
100 39 63
100 40 56
100 41 85
100 42 92
100 43 100
100 44 33
100 45 82
100 46 37
100 47 68
100 48 44
100 49 31
100 50 92
100 51 67
100 52 80
100 53 26
100 54 45
100 55 29
100 56 93
100 57 54
100 58 74
100 59 34
100 60 80
100 61 97
100 62 50
100 63 24
100 64 39
100 65 86
100 66 30
100 67 34
100 68 50
100 69 42
100 70 17
100 71 58
100 72 32
100 73 79
100 74 33
100 75 65
100 76 98
100 77 26
100 78 77
100 79 38
100 80 17
100 81 58
100 82 81
100 83 33
100 84 30
100 85 87
100 86 77
100 87 37
100 88 64
100 89 98
100 90 65
100 91 65
100 92 65
100 93 65
100 94 78
100 95 25
100 96 35
100 97 21
100 98 74
100 99 92