10 2
26
26
24
63
49
35
9
85
94
13
0 1 55
0 2 43
0 3 29
0 4 1
0 5 92
0 6 73
0 7 47
0 8 3
0 9 27
0 10 42
1 0 12
1 2 91
1 3 26
1 4 20
1 5 20
1 6 9
1 7 68
1 8 15
1 9 64
1 10 28
2 0 46
2 1 7
2 3 1
2 4 40
2 5 7
2 6 6
2 7 40
2 8 83
2 9 11
2 10 69
3 0 64
3 1 18
3 2 50
3 4 20
3 5 78
3 6 32
3 7 86
3 8 41
3 9 52
3 10 69
4 0 8
4 1 6
4 2 18
4 3 19
4 5 2
4 6 38
4 7 20
4 8 48
4 9 23
4 10 23
5 0 75
5 1 61
5 2 72
5 3 82
5 4 68
5 6 91
5 7 32
5 8 74
5 9 92
5 10 67
6 0 78
6 1 21
6 2 68
6 3 24
6 4 92
6 5 37
6 7 4
6 8 32
6 9 57
6 10 65
7 0 22
7 1 1
7 2 56
7 3 1
7 4 89
7 5 34
7 6 75
7 8 82
7 9 30
7 10 73
8 0 49
8 1 29
8 2 80
8 3 80
8 4 62
8 5 4
8 6 62
8 7 93
8 9 78
8 10 47
9 0 76
9 1 21
9 2 9
9 3 84
9 4 96
9 5 36
9 6 9
9 7 25
9 8 14
9 10 97
10 0 63
10 1 17
10 2 97
10 3 44
10 4 33
10 5 82
10 6 74
10 7 51
10 8 68
10 9 59