10 2
55
33
41
46
22
94
18
64
18
8
0 1 81
0 2 88
0 3 34
0 4 18
0 5 2
0 6 98
0 7 15
0 8 78
0 9 35
0 10 85
1 0 98
1 2 77
1 3 59
1 4 66
1 5 91
1 6 76
1 7 57
1 8 64
1 9 93
1 10 96
2 0 3
2 1 76
2 3 88
2 4 81
2 5 82
2 6 57
2 7 12
2 8 26
2 9 22
2 10 68
3 0 18
3 1 15
3 2 33
3 4 19
3 5 19
3 6 42
3 7 95
3 8 27
3 9 27
3 10 58
4 0 68
4 1 2
4 2 78
4 3 83
4 5 68
4 6 9
4 7 23
4 8 96
4 9 93
4 10 58
5 0 37
5 1 80
5 2 48
5 3 2
5 4 69
5 6 27
5 7 4
5 8 7
5 9 89
5 10 34
6 0 1
6 1 15
6 2 65
6 3 46
6 4 58
6 5 66
6 7 84
6 8 18
6 9 15
6 10 3
7 0 58
7 1 66
7 2 22
7 3 44
7 4 50
7 5 52
7 6 37
7 8 67
7 9 57
7 10 45
8 0 73
8 1 38
8 2 55
8 3 67
8 4 40
8 5 33
8 6 71
8 7 27
8 9 81
8 10 91
9 0 81
9 1 66
9 2 57
9 3 37
9 4 75
9 5 63
9 6 69
9 7 17
9 8 23
9 10 50
10 0 10
10 1 65
10 2 55
10 3 99
10 4 7
10 5 92
10 6 3
10 7 38
10 8 55
10 9 66