100 2
7
17
12
90
88
73
20
95
29
20
33
28
36
64
30
63
56
29
81
96
59
90
99
64
15
60
1
1
98
49
19
85
38
88
33
14
66
57
99
54
53
50
43
71
20
4
16
60
34
7
72
38
15
23
1
93
5
63
77
34
42
79
50
18
43
14
26
85
81
46
68
53
8
89
97
97
23
88
80
64
27
9
82
4
56
39
78
5
34
79
85
4
61
95
56
98
43
17
30
60
0 1 50
0 2 96
0 3 22
0 4 79
0 5 30
0 6 75
0 7 10
0 8 24
0 9 60
0 10 76
0 11 82
0 12 38
0 13 60
0 14 75
0 15 7
0 16 66
0 17 26
0 18 78
0 19 81
0 20 4
0 21 73
0 22 17
0 23 11
0 24 78
0 25 13
0 26 46
0 27 21
0 28 43
0 29 71
0 30 58
0 31 44
0 32 99
0 33 12
0 34 80
0 35 80
0 36 44
0 37 12
0 38 30
0 39 57
0 40 59
0 41 41
0 42 97
0 43 1
0 44 70
0 45 43
0 46 47
0 47 82
0 48 71
0 49 80
0 50 63
0 51 8
0 52 12
0 53 76
0 54 25
0 55 36
0 56 85
0 57 84
0 58 42
0 59 10
0 60 91
0 61 10
0 62 97
0 63 56
0 64 70
0 65 51
0 66 5
0 67 29
0 68 11
0 69 39
0 70 33
0 71 91
0 72 12
0 73 42
0 74 68
0 75 38
0 76 34
0 77 19
0 78 7
0 79 86
0 80 78
0 81 75
0 82 87
0 83 10
0 84 55
0 85 54
0 86 80
0 87 33
0 88 53
0 89 54
0 90 1
0 91 16
0 92 3
0 93 46
0 94 84
0 95 77
0 96 53
0 97 79
0 98 2
0 99 20
0 100 60
1 0 35
1 2 23
1 3 96
1 4 80
1 5 73
1 6 4
1 7 56
1 8 19
1 9 64
1 10 24
1 11 97
1 12 82
1 13 17
1 14 4
1 15 85
1 16 88
1 17 87
1 18 19
1 19 98
1 20 6
1 21 61
1 22 65
1 23 72
1 24 29
1 25 98
1 26 27
1 27 84
1 28 73
1 29 80
1 30 87
1 31 27
1 32 84
1 33 59
1 34 63
1 35 56
1 36 30
1 37 72
1 38 17
1 39 99
1 40 29
1 41 32
1 42 18
1 43 23
1 44 19
1 45 20
1 46 20
1 47 33
1 48 53
1 49 64
1 50 50
1 51 92
1 52 98
1 53 71
1 54 41
1 55 89
1 56 58
1 57 10
1 58 16
1 59 59
1 60 3
1 61 16
1 62 85
1 63 33
1 64 28
1 65 22
1 66 13
1 67 11
1 68 9
1 69 31
1 70 20
1 71 15
1 72 5
1 73 82
1 74 5
1 75 83
1 76 69
1 77 67
1 78 88
1 79 99
1 80 83
1 81 52
1 82 80
1 83 55
1 84 16
1 85 65
1 86 61
1 87 38
1 88 90
1 89 52
1 90 41
1 91 42
1 92 39
1 93 35
1 94 78
1 95 48
1 96 42
1 97 13
1 98 17
1 99 37
1 100 8
2 0 13
2 1 24
2 3 67
2 4 97
2 5 61
2 6 57
2 7 76
2 8 27
2 9 92
2 10 90
2 11 21
2 12 68
2 13 21
2 14 97
2 15 73
2 16 51
2 17 74
2 18 48
2 19 85
2 20 57
2 21 47
2 22 59
2 23 21
2 24 96
2 25 92
2 26 27
2 27 90
2 28 51
2 29 72
2 30 68
2 31 25
2 32 54
2 33 34
2 34 90
2 35 5
2 36 66
2 37 52
2 38 69
2 39 98
2 40 65
2 41 80
2 42 78
2 43 25
2 44 52
2 45 68
2 46 46
2 47 26
2 48 38
2 49 68
2 50 91
2 51 21
2 52 91
2 53 91
2 54 76
2 55 69
2 56 22
2 57 10
2 58 90
2 59 82
2 60 48
2 61 70
2 62 33
2 63 36
2 64 56
2 65 8
2 66 25
2 67 58
2 68 55
2 69 65
2 70 18
2 71 31
2 72 35
2 73 46
2 74 10
2 75 72
2 76 27
2 77 56
2 78 94
2 79 77
2 80 58
2 81 28
2 82 97
2 83 63
2 84 46
2 85 87
2 86 44
2 87 81
2 88 67
2 89 16
2 90 23
2 91 83
2 92 71
2 93 24
2 94 72
2 95 61
2 96 66
2 97 91
2 98 17
2 99 41
2 100 38
3 0 23
3 1 61
3 2 19
3 4 34
3 5 78
3 6 86
3 7 20
3 8 10
3 9 86
3 10 81
3 11 47
3 12 61
3 13 38
3 14 61
3 15 9
3 16 86
3 17 74
3 18 76
3 19 77
3 20 1
3 21 42
3 22 86
3 23 84
3 24 48
3 25 40
3 26 86
3 27 20
3 28 8
3 29 21
3 30 17
3 31 38
3 32 91
3 33 85
3 34 75
3 35 92
3 36 45
3 37 65
3 38 97
3 39 91
3 40 33
3 41 59
3 42 96
3 43 49
3 44 83
3 45 41
3 46 40
3 47 6
3 48 11
3 49 74
3 50 89
3 51 86
3 52 9
3 53 65
3 54 13
3 55 33
3 56 53
3 57 97
3 58 41
3 59 30
3 60 75
3 61 61
3 62 58
3 63 68
3 64 13
3 65 4
3 66 84
3 67 12
3 68 65
3 69 35
3 70 5
3 71 59
3 72 71
3 73 87
3 74 49
3 75 73
3 76 45
3 77 29
3 78 10
3 79 89
3 80 92
3 81 62
3 82 86
3 83 49
3 84 15
3 85 52
3 86 55
3 87 39
3 88 67
3 89 96
3 90 23
3 91 18
3 92 15
3 93 94
3 94 88
3 95 69
3 96 79
3 97 69
3 98 36
3 99 22
3 100 17
4 0 87
4 1 39
4 2 39
4 3 59
4 5 72
4 6 16
4 7 86
4 8 39
4 9 39
4 10 95
4 11 19
4 12 55
4 13 90
4 14 72
4 15 90
4 16 62
4 17 14
4 18 63
4 19 26
4 20 82
4 21 27
4 22 85
4 23 50
4 24 4
4 25 53
4 26 76
4 27 78
4 28 71
4 29 9
4 30 22
4 31 55
4 32 25
4 33 76
4 34 13
4 35 68
4 36 51
4 37 75
4 38 55
4 39 67
4 40 42
4 41 38
4 42 64
4 43 45
4 44 12
4 45 34
4 46 90
4 47 85
4 48 95
4 49 55
4 50 70
4 51 15
4 52 22
4 53 94
4 54 33
4 55 14
4 56 63
4 57 5
4 58 84
4 59 67
4 60 67
4 61 5
4 62 50
4 63 18
4 64 18
4 65 74
4 66 77
4 67 2
4 68 13
4 69 14
4 70 2
4 71 11
4 72 99
4 73 75
4 74 14
4 75 25
4 76 89
4 77 61
4 78 25
4 79 96
4 80 73
4 81 33
4 82 58
4 83 46
4 84 60
4 85 51
4 86 11
4 87 68
4 88 73
4 89 36
4 90 96
4 91 89
4 92 7
4 93 51
4 94 97
4 95 37
4 96 56
4 97 93
4 98 80
4 99 6
4 100 61
5 0 25
5 1 25
5 2 43
5 3 29
5 4 65
5 6 67
5 7 33
5 8 32
5 9 33
5 10 17
5 11 48
5 12 56
5 13 35
5 14 31
5 15 19
5 16 23
5 17 48
5 18 87
5 19 37
5 20 71
5 21 16
5 22 36
5 23 93
5 24 88
5 25 61
5 26 49
5 27 51
5 28 2
5 29 46
5 30 27
5 31 73
5 32 93
5 33 85
5 34 45
5 35 94
5 36 88
5 37 63
5 38 36
5 39 97
5 40 34
5 41 80
5 42 58
5 43 36
5 44 61
5 45 52
5 46 8
5 47 86
5 48 28
5 49 35
5 50 51
5 51 32
5 52 1
5 53 59
5 54 59
5 55 28
5 56 46
5 57 39
5 58 94
5 59 61
5 60 22
5 61 65
5 62 44
5 63 7
5 64 38
5 65 16
5 66 73
5 67 43
5 68 22
5 69 55
5 70 69
5 71 78
5 72 72
5 73 21
5 74 25
5 75 19
5 76 65
5 77 60
5 78 84
5 79 62
5 80 1
5 81 51
5 82 46
5 83 7
5 84 78
5 85 54
5 86 34
5 87 97
5 88 18
5 89 90
5 90 64
5 91 69
5 92 83
5 93 40
5 94 51
5 95 86
5 96 82
5 97 6
5 98 85
5 99 62
5 100 1
6 0 81
6 1 16
6 2 28
6 3 16
6 4 30
6 5 47
6 7 35
6 8 36
6 9 96
6 10 73
6 11 38
6 12 34
6 13 97
6 14 4
6 15 30
6 16 52
6 17 79
6 18 78
6 19 79
6 20 1
6 21 53
6 22 51
6 23 10
6 24 53
6 25 90
6 26 33
6 27 52
6 28 28
6 29 71
6 30 67
6 31 23
6 32 10
6 33 66
6 34 10
6 35 85
6 36 83
6 37 72
6 38 3
6 39 68
6 40 30
6 41 78
6 42 75
6 43 92
6 44 45
6 45 33
6 46 89
6 47 97
6 48 42
6 49 50
6 50 63
6 51 2
6 52 70
6 53 52
6 54 72
6 55 51
6 56 44
6 57 63
6 58 53
6 59 24
6 60 76
6 61 79
6 62 41
6 63 3
6 64 18
6 65 54
6 66 8
6 67 53
6 68 81
6 69 20
6 70 37
6 71 51
6 72 48
6 73 76
6 74 6
6 75 32
6 76 93
6 77 1
6 78 85
6 79 79
6 80 64
6 81 87
6 82 74
6 83 51
6 84 66
6 85 73
6 86 44
6 87 83
6 88 12
6 89 77
6 90 90
6 91 53
6 92 52
6 93 78
6 94 4
6 95 32
6 96 30
6 97 50
6 98 26
6 99 59
6 100 11
7 0 35
7 1 30
7 2 94
7 3 8
7 4 70
7 5 92
7 6 31
7 8 58
7 9 19
7 10 66
7 11 28
7 12 47
7 13 49
7 14 71
7 15 12
7 16 31
7 17 3
7 18 82
7 19 31
7 20 86
7 21 40
7 22 42
7 23 90
7 24 41
7 25 61
7 26 12
7 27 68
7 28 59
7 29 77
7 30 26
7 31 10
7 32 31
7 33 1
7 34 85
7 35 29
7 36 88
7 37 9
7 38 79
7 39 51
7 40 97
7 41 93
7 42 30
7 43 60
7 44 53
7 45 2
7 46 18
7 47 17
7 48 87
7 49 38
7 50 10
7 51 76
7 52 87
7 53 57
7 54 79
7 55 94
7 56 62
7 57 62
7 58 57
7 59 40
7 60 83
7 61 90
7 62 62
7 63 2
7 64 37
7 65 20
7 66 28
7 67 89
7 68 83
7 69 4
7 70 32
7 71 31
7 72 47
7 73 39
7 74 63
7 75 31
7 76 60
7 77 67
7 78 46
7 79 81
7 80 6
7 81 38
7 82 44
7 83 2
7 84 16
7 85 93
7 86 44
7 87 51
7 88 33
7 89 8
7 90 89
7 91 71
7 92 64
7 93 46
7 94 7
7 95 11
7 96 3
7 97 23
7 98 3
7 99 46
7 100 63
8 0 14
8 1 17
8 2 82
8 3 21
8 4 96
8 5 69
8 6 7
8 7 19
8 9 74
8 10 98
8 11 21
8 12 42
8 13 97
8 14 95
8 15 7
8 16 11
8 17 85
8 18 97
8 19 13
8 20 99
8 21 35
8 22 8
8 23 17
8 24 95
8 25 65
8 26 90
8 27 26
8 28 4
8 29 71
8 30 39
8 31 70
8 32 91
8 33 94
8 34 94
8 35 38
8 36 94
8 37 84
8 38 30
8 39 63
8 40 6
8 41 13
8 42 37
8 43 39
8 44 23
8 45 33
8 46 92
8 47 95
8 48 80
8 49 60
8 50 11
8 51 42
8 52 55
8 53 70
8 54 90
8 55 30
8 56 50
8 57 42
8 58 15
8 59 15
8 60 15
8 61 10
8 62 73
8 63 54
8 64 35
8 65 85
8 66 99
8 67 54
8 68 17
8 69 27
8 70 27
8 71 51
8 72 59
8 73 20
8 74 31
8 75 44
8 76 63
8 77 19
8 78 60
8 79 63
8 80 36
8 81 83
8 82 71
8 83 65
8 84 82
8 85 87
8 86 39
8 87 93
8 88 79
8 89 69
8 90 40
8 91 46
8 92 53
8 93 1
8 94 32
8 95 89
8 96 24
8 97 30
8 98 79
8 99 78
8 100 48
9 0 40
9 1 2
9 2 17
9 3 93
9 4 32
9 5 63
9 6 68
9 7 12
9 8 93
9 10 34
9 11 97
9 12 54
9 13 26
9 14 64
9 15 38
9 16 64
9 17 64
9 18 77
9 19 87
9 20 90
9 21 85
9 22 24
9 23 67
9 24 44
9 25 20
9 26 54
9 27 82
9 28 76
9 29 92
9 30 52
9 31 38
9 32 5
9 33 94
9 34 5
9 35 39
9 36 56
9 37 46
9 38 40
9 39 78
9 40 21
9 41 91
9 42 43
9 43 71
9 44 55
9 45 38
9 46 48
9 47 39
9 48 27
9 49 64
9 50 26
9 51 16
9 52 87
9 53 55
9 54 3
9 55 40
9 56 49
9 57 53
9 58 94
9 59 67
9 60 54
9 61 91
9 62 96
9 63 10
9 64 66
9 65 99
9 66 38
9 67 45
9 68 17
9 69 39
9 70 6
9 71 21
9 72 67
9 73 33
9 74 47
9 75 62
9 76 46
9 77 82
9 78 64
9 79 75
9 80 62
9 81 63
9 82 79
9 83 12
9 84 93
9 85 18
9 86 68
9 87 95
9 88 42
9 89 16
9 90 49
9 91 94
9 92 29
9 93 79
9 94 89
9 95 26
9 96 17
9 97 92
9 98 88
9 99 43
9 100 36
10 0 58
10 1 85
10 2 89
10 3 40
10 4 64
10 5 37
10 6 60
10 7 88
10 8 28
10 9 38
10 11 12
10 12 53
10 13 73
10 14 51
10 15 77
10 16 29
10 17 71
10 18 68
10 19 45
10 20 94
10 21 20
10 22 37
10 23 23
10 24 43
10 25 23
10 26 34
10 27 61
10 28 16
10 29 17
10 30 96
10 31 29
10 32 99
10 33 18
10 34 34
10 35 50
10 36 74
10 37 16
10 38 70
10 39 99
10 40 5
10 41 75
10 42 22
10 43 22
10 44 8
10 45 50
10 46 44
10 47 59
10 48 67
10 49 7
10 50 81
10 51 69
10 52 1
10 53 45
10 54 95
10 55 85
10 56 74
10 57 86
10 58 18
10 59 79
10 60 19
10 61 52
10 62 79
10 63 94
10 64 40
10 65 71
10 66 55
10 67 70
10 68 67
10 69 17
10 70 19
10 71 6
10 72 96
10 73 37
10 74 80
10 75 71
10 76 33
10 77 35
10 78 23
10 79 94
10 80 10
10 81 43
10 82 2
10 83 82
10 84 17
10 85 62
10 86 23
10 87 10
10 88 3
10 89 61
10 90 90
10 91 86
10 92 48
10 93 77
10 94 7
10 95 92
10 96 52
10 97 29
10 98 37
10 99 93
10 100 60
11 0 13
11 1 9
11 2 24
11 3 97
11 4 86
11 5 60
11 6 29
11 7 83
11 8 65
11 9 56
11 10 89
11 12 6
11 13 54
11 14 82
11 15 97
11 16 48
11 17 35
11 18 51
11 19 20
11 20 35
11 21 73
11 22 45
11 23 7
11 24 44
11 25 54
11 26 70
11 27 79
11 28 25
11 29 39
11 30 5
11 31 89
11 32 49
11 33 43
11 34 97
11 35 58
11 36 72
11 37 38
11 38 40
11 39 90
11 40 81
11 41 29
11 42 7
11 43 17
11 44 1
11 45 62
11 46 24
11 47 70
11 48 77
11 49 21
11 50 38
11 51 98
11 52 22
11 53 5
11 54 66
11 55 3
11 56 26
11 57 45
11 58 11
11 59 24
11 60 24
11 61 33
11 62 20
11 63 1
11 64 69
11 65 56
11 66 52
11 67 11
11 68 32
11 69 98
11 70 80
11 71 28
11 72 19
11 73 89
11 74 33
11 75 32
11 76 25
11 77 93
11 78 35
11 79 87
11 80 95
11 81 82
11 82 29
11 83 44
11 84 89
11 85 73
11 86 43
11 87 75
11 88 57
11 89 8
11 90 39
11 91 92
11 92 54
11 93 8
11 94 48
11 95 58
11 96 22
11 97 65
11 98 54
11 99 41
11 100 42
12 0 2
12 1 67
12 2 97
12 3 15
12 4 32
12 5 65
12 6 33
12 7 24
12 8 49
12 9 22
12 10 53
12 11 1
12 13 56
12 14 10
12 15 71
12 16 49
12 17 36
12 18 91
12 19 15
12 20 57
12 21 36
12 22 13
12 23 83
12 24 70
12 25 48
12 26 10
12 27 11
12 28 27
12 29 14
12 30 4
12 31 61
12 32 11
12 33 77
12 34 40
12 35 4
12 36 98
12 37 79
12 38 32
12 39 29
12 40 46
12 41 2
12 42 3
12 43 25
12 44 84
12 45 20
12 46 54
12 47 22
12 48 34
12 49 6
12 50 97
12 51 20
12 52 36
12 53 51
12 54 72
12 55 92
12 56 91
12 57 68
12 58 50
12 59 53
12 60 83
12 61 14
12 62 16
12 63 13
12 64 90
12 65 51
12 66 80
12 67 66
12 68 50
12 69 49
12 70 98
12 71 31
12 72 38
12 73 60
12 74 92
12 75 55
12 76 52
12 77 73
12 78 8
12 79 28
12 80 31
12 81 80
12 82 88
12 83 25
12 84 41
12 85 20
12 86 19
12 87 79
12 88 8
12 89 88
12 90 77
12 91 29
12 92 60
12 93 17
12 94 30
12 95 7
12 96 20
12 97 3
12 98 25
12 99 27
12 100 32
13 0 34
13 1 12
13 2 11
13 3 84
13 4 71
13 5 32
13 6 39
13 7 80
13 8 91
13 9 38
13 10 39
13 11 15
13 12 3
13 14 58
13 15 86
13 16 2
13 17 14
13 18 56
13 19 78
13 20 85
13 21 80
13 22 53
13 23 45
13 24 25
13 25 18
13 26 34
13 27 90
13 28 85
13 29 40
13 30 17
13 31 62
13 32 50
13 33 42
13 34 35
13 35 74
13 36 38
13 37 8
13 38 22
13 39 50
13 40 9
13 41 29
13 42 31
13 43 65
13 44 78
13 45 52
13 46 85
13 47 97
13 48 98
13 49 28
13 50 33
13 51 44
13 52 56
13 53 98
13 54 32
13 55 86
13 56 60
13 57 94
13 58 52
13 59 29
13 60 88
13 61 30
13 62 45
13 63 11
13 64 62
13 65 25
13 66 95
13 67 45
13 68 42
13 69 79
13 70 15
13 71 77
13 72 32
13 73 45
13 74 89
13 75 95
13 76 49
13 77 96
13 78 4
13 79 55
13 80 98
13 81 44
13 82 12
13 83 72
13 84 92
13 85 37
13 86 1
13 87 94
13 88 26
13 89 34
13 90 58
13 91 90
13 92 3
13 93 24
13 94 40
13 95 55
13 96 68
13 97 55
13 98 88
13 99 48
13 100 49
14 0 60
14 1 93
14 2 23
14 3 22
14 4 91
14 5 14
14 6 69
14 7 26
14 8 63
14 9 50
14 10 96
14 11 6
14 12 70
14 13 48
14 15 94
14 16 94
14 17 73
14 18 67
14 19 33
14 20 18
14 21 26
14 22 83
14 23 77
14 24 12
14 25 5
14 26 1
14 27 26
14 28 43
14 29 53
14 30 45
14 31 13
14 32 53
14 33 69
14 34 52
14 35 30
14 36 94
14 37 62
14 38 80
14 39 53
14 40 23
14 41 67
14 42 51
14 43 52
14 44 88
14 45 22
14 46 40
14 47 53
14 48 45
14 49 2
14 50 30
14 51 58
14 52 98
14 53 19
14 54 32
14 55 37
14 56 83
14 57 14
14 58 72
14 59 61
14 60 9
14 61 21
14 62 17
14 63 16
14 64 14
14 65 32
14 66 33
14 67 5
14 68 64
14 69 66
14 70 29
14 71 33
14 72 97
14 73 48
14 74 38
14 75 5
14 76 50
14 77 67
14 78 76
14 79 54
14 80 99
14 81 70
14 82 20
14 83 95
14 84 88
14 85 13
14 86 46
14 87 29
14 88 68
14 89 92
14 90 45
14 91 94
14 92 33
14 93 22
14 94 28
14 95 84
14 96 49
14 97 7
14 98 33
14 99 96
14 100 3
15 0 39
15 1 36
15 2 12
15 3 85
15 4 51
15 5 36
15 6 65
15 7 89
15 8 85
15 9 53
15 10 27
15 11 61
15 12 35
15 13 69
15 14 29
15 16 31
15 17 37
15 18 5
15 19 33
15 20 81
15 21 50
15 22 92
15 23 19
15 24 59
15 25 22
15 26 78
15 27 37
15 28 39
15 29 80
15 30 44
15 31 28
15 32 44
15 33 81
15 34 99
15 35 86
15 36 99
15 37 60
15 38 54
15 39 76
15 40 92
15 41 74
15 42 33
15 43 33
15 44 96
15 45 40
15 46 87
15 47 43
15 48 74
15 49 69
15 50 26
15 51 46
15 52 37
15 53 97
15 54 82
15 55 48
15 56 45
15 57 60
15 58 87
15 59 21
15 60 93
15 61 65
15 62 89
15 63 12
15 64 10
15 65 11
15 66 13
15 67 46
15 68 40
15 69 35
15 70 77
15 71 63
15 72 51
15 73 95
15 74 46
15 75 99
15 76 17
15 77 62
15 78 87
15 79 62
15 80 83
15 81 33
15 82 30
15 83 5
15 84 39
15 85 19
15 86 40
15 87 93
15 88 7
15 89 92
15 90 88
15 91 67
15 92 2
15 93 49
15 94 2
15 95 50
15 96 70
15 97 34
15 98 50
15 99 85
15 100 31
16 0 49
16 1 58
16 2 90
16 3 87
16 4 16
16 5 7
16 6 53
16 7 74
16 8 16
16 9 44
16 10 75
16 11 96
16 12 49
16 13 49
16 14 14
16 15 55
16 17 82
16 18 21
16 19 74
16 20 26
16 21 5
16 22 86
16 23 1
16 24 76
16 25 11
16 26 48
16 27 64
16 28 24
16 29 34
16 30 38
16 31 3
16 32 18
16 33 15
16 34 23
16 35 1
16 36 26
16 37 88
16 38 54
16 39 35
16 40 36
16 41 14
16 42 11
16 43 2
16 44 23
16 45 78
16 46 60
16 47 68
16 48 34
16 49 67
16 50 64
16 51 2
16 52 28
16 53 13
16 54 22
16 55 73
16 56 96
16 57 73
16 58 38
16 59 68
16 60 35
16 61 93
16 62 31
16 63 52
16 64 34
16 65 94
16 66 12
16 67 62
16 68 46
16 69 59
16 70 10
16 71 81
16 72 16
16 73 49
16 74 8
16 75 51
16 76 75
16 77 41
16 78 74
16 79 72
16 80 70
16 81 12
16 82 36
16 83 97
16 84 11
16 85 44
16 86 72
16 87 5
16 88 88
16 89 96
16 90 17
16 91 79
16 92 90
16 93 7
16 94 89
16 95 81
16 96 68
16 97 21
16 98 56
16 99 31
16 100 30
17 0 75
17 1 31
17 2 24
17 3 60
17 4 94
17 5 39
17 6 26
17 7 29
17 8 69
17 9 91
17 10 43
17 11 4
17 12 98
17 13 37
17 14 30
17 15 82
17 16 37
17 18 66
17 19 27
17 20 70
17 21 77
17 22 85
17 23 96
17 24 12
17 25 29
17 26 9
17 27 6
17 28 86
17 29 61
17 30 69
17 31 36
17 32 8
17 33 48
17 34 56
17 35 54
17 36 35
17 37 23
17 38 69
17 39 35
17 40 11
17 41 56
17 42 33
17 43 36
17 44 31
17 45 50
17 46 7
17 47 94
17 48 90
17 49 1
17 50 32
17 51 74
17 52 7
17 53 3
17 54 40
17 55 18
17 56 95
17 57 78
17 58 78
17 59 19
17 60 71
17 61 48
17 62 91
17 63 13
17 64 75
17 65 74
17 66 70
17 67 48
17 68 30
17 69 64
17 70 62
17 71 62
17 72 92
17 73 66
17 74 15
17 75 11
17 76 19
17 77 22
17 78 21
17 79 61
17 80 38
17 81 36
17 82 90
17 83 73
17 84 12
17 85 63
17 86 55
17 87 7
17 88 83
17 89 96
17 90 11
17 91 15
17 92 6
17 93 23
17 94 39
17 95 74
17 96 27
17 97 31
17 98 64
17 99 78
17 100 1
18 0 95
18 1 25
18 2 98
18 3 83
18 4 12
18 5 67
18 6 86
18 7 5
18 8 99
18 9 75
18 10 59
18 11 57
18 12 49
18 13 67
18 14 58
18 15 98
18 16 85
18 17 80
18 19 39
18 20 45
18 21 21
18 22 86
18 23 63
18 24 90
18 25 18
18 26 65
18 27 51
18 28 59
18 29 76
18 30 79
18 31 23
18 32 90
18 33 37
18 34 68
18 35 67
18 36 87
18 37 97
18 38 7
18 39 50
18 40 46
18 41 34
18 42 25
18 43 9
18 44 80
18 45 84
18 46 62
18 47 16
18 48 32
18 49 47
18 50 25
18 51 51
18 52 16
18 53 3
18 54 9
18 55 49
18 56 1
18 57 24
18 58 26
18 59 53
18 60 51
18 61 15
18 62 53
18 63 60
18 64 91
18 65 3
18 66 57
18 67 57
18 68 75
18 69 21
18 70 25
18 71 90
18 72 32
18 73 44
18 74 64
18 75 23
18 76 87
18 77 56
18 78 53
18 79 50
18 80 31
18 81 18
18 82 65
18 83 10
18 84 64
18 85 28
18 86 95
18 87 78
18 88 89
18 89 96
18 90 11
18 91 17
18 92 87
18 93 12
18 94 64
18 95 54
18 96 54
18 97 29
18 98 75
18 99 60
18 100 50
19 0 27
19 1 40
19 2 31
19 3 21
19 4 48
19 5 80
19 6 58
19 7 32
19 8 30
19 9 3
19 10 32
19 11 98
19 12 25
19 13 6
19 14 73
19 15 62
19 16 22
19 17 85
19 18 5
19 20 54
19 21 31
19 22 99
19 23 85
19 24 42
19 25 28
19 26 58
19 27 42
19 28 60
19 29 71
19 30 17
19 31 97
19 32 28
19 33 61
19 34 87
19 35 56
19 36 47
19 37 10
19 38 33
19 39 35
19 40 70
19 41 27
19 42 75
19 43 39
19 44 6
19 45 77
19 46 6
19 47 96
19 48 90
19 49 9
19 50 63
19 51 2
19 52 11
19 53 52
19 54 58
19 55 6
19 56 85
19 57 18
19 58 93
19 59 59
19 60 64
19 61 26
19 62 45
19 63 30
19 64 17
19 65 90
19 66 47
19 67 20
19 68 81
19 69 98
19 70 68
19 71 75
19 72 99
19 73 44
19 74 76
19 75 76
19 76 65
19 77 46
19 78 85
19 79 24
19 80 19
19 81 97
19 82 62
19 83 61
19 84 69
19 85 24
19 86 86
19 87 13
19 88 11
19 89 73
19 90 93
19 91 2
19 92 50
19 93 89
19 94 12
19 95 61
19 96 98
19 97 48
19 98 63
19 99 67
19 100 51
20 0 83
20 1 87
20 2 42
20 3 15
20 4 43
20 5 95
20 6 49
20 7 74
20 8 93
20 9 33
20 10 26
20 11 2
20 12 57
20 13 23
20 14 51
20 15 79
20 16 71
20 17 30
20 18 5
20 19 29
20 21 47
20 22 19
20 23 61
20 24 16
20 25 26
20 26 23
20 27 76
20 28 72
20 29 33
20 30 78
20 31 83
20 32 71
20 33 43
20 34 8
20 35 40
20 36 37
20 37 54
20 38 63
20 39 16
20 40 38
20 41 41
20 42 11
20 43 11
20 44 76
20 45 1
20 46 10
20 47 25
20 48 2
20 49 32
20 50 18
20 51 72
20 52 76
20 53 18
20 54 82
20 55 39
20 56 7
20 57 81
20 58 41
20 59 75
20 60 35
20 61 97
20 62 2
20 63 1
20 64 40
20 65 34
20 66 69
20 67 63
20 68 53
20 69 65
20 70 77
20 71 89
20 72 16
20 73 12
20 74 86
20 75 78
20 76 79
20 77 61
20 78 59
20 79 76
20 80 15
20 81 59
20 82 46
20 83 89
20 84 89
20 85 31
20 86 72
20 87 13
20 88 59
20 89 92
20 90 23
20 91 2
20 92 77
20 93 77
20 94 74
20 95 81
20 96 19
20 97 88
20 98 48
20 99 34
20 100 92
21 0 98
21 1 23
21 2 9
21 3 92
21 4 65
21 5 94
21 6 44
21 7 47
21 8 9
21 9 2
21 10 56
21 11 91
21 12 67
21 13 12
21 14 40
21 15 49
21 16 65
21 17 97
21 18 97
21 19 11
21 20 40
21 22 73
21 23 54
21 24 82
21 25 6
21 26 10
21 27 76
21 28 27
21 29 8
21 30 80
21 31 32
21 32 44
21 33 31
21 34 96
21 35 60
21 36 64
21 37 72
21 38 85
21 39 63
21 40 75
21 41 2
21 42 79
21 43 10
21 44 37
21 45 83
21 46 92
21 47 70
21 48 91
21 49 23
21 50 85
21 51 50
21 52 32
21 53 38
21 54 34
21 55 27
21 56 43
21 57 9
21 58 2
21 59 1
21 60 72
21 61 41
21 62 72
21 63 62
21 64 74
21 65 6
21 66 13
21 67 66
21 68 51
21 69 16
21 70 37
21 71 91
21 72 26
21 73 60
21 74 59
21 75 12
21 76 86
21 77 21
21 78 75
21 79 97
21 80 2
21 81 62
21 82 67
21 83 85
21 84 40
21 85 17
21 86 92
21 87 10
21 88 94
21 89 77
21 90 97
21 91 24
21 92 6
21 93 2
21 94 31
21 95 54
21 96 61
21 97 23
21 98 1
21 99 49
21 100 75
22 0 71
22 1 59
22 2 14
22 3 82
22 4 98
22 5 41
22 6 28
22 7 34
22 8 47
22 9 95
22 10 57
22 11 31
22 12 74
22 13 87
22 14 68
22 15 6
22 16 95
22 17 43
22 18 13
22 19 80
22 20 79
22 21 34
22 23 8
22 24 77
22 25 85
22 26 77
22 27 86
22 28 46
22 29 15
22 30 8
22 31 96
22 32 65
22 33 65
22 34 23
22 35 43
22 36 87
22 37 28
22 38 38
22 39 45
22 40 3
22 41 25
22 42 42
22 43 53
22 44 22
22 45 88
22 46 44
22 47 47
22 48 51
22 49 16
22 50 47
22 51 13
22 52 67
22 53 57
22 54 61
22 55 19
22 56 52
22 57 85
22 58 94
22 59 30
22 60 69
22 61 23
22 62 9
22 63 43
22 64 53
22 65 14
22 66 12
22 67 69
22 68 2
22 69 36
22 70 1
22 71 91
22 72 42
22 73 33
22 74 51
22 75 72
22 76 33
22 77 15
22 78 34
22 79 25
22 80 28
22 81 3
22 82 36
22 83 57
22 84 88
22 85 52
22 86 11
22 87 37
22 88 98
22 89 4
22 90 77
22 91 92
22 92 69
22 93 45
22 94 99
22 95 95
22 96 52
22 97 53
22 98 56
22 99 89
22 100 18
23 0 90
23 1 89
23 2 27
23 3 24
23 4 13
23 5 35
23 6 99
23 7 65
23 8 83
23 9 7
23 10 87
23 11 55
23 12 2
23 13 96
23 14 64
23 15 4
23 16 29
23 17 32
23 18 72
23 19 81
23 20 75
23 21 15
23 22 6
23 24 24
23 25 95
23 26 66
23 27 74
23 28 20
23 29 60
23 30 34
23 31 1
23 32 76
23 33 24
23 34 80
23 35 69
23 36 26
23 37 33
23 38 95
23 39 25
23 40 47
23 41 96
23 42 82
23 43 66
23 44 39
23 45 26
23 46 13
23 47 5
23 48 49
23 49 35
23 50 20
23 51 57
23 52 57
23 53 25
23 54 44
23 55 41
23 56 67
23 57 74
23 58 2
23 59 34
23 60 21
23 61 4
23 62 46
23 63 90
23 64 61
23 65 27
23 66 49
23 67 96
23 68 50
23 69 91
23 70 21
23 71 32
23 72 5
23 73 49
23 74 95
23 75 89
23 76 88
23 77 77
23 78 7
23 79 80
23 80 38
23 81 72
23 82 64
23 83 82
23 84 63
23 85 1
23 86 7
23 87 13
23 88 69
23 89 9
23 90 80
23 91 18
23 92 90
23 93 72
23 94 62
23 95 99
23 96 41
23 97 41
23 98 64
23 99 74
23 100 75
24 0 33
24 1 93
24 2 37
24 3 3
24 4 44
24 5 86
24 6 50
24 7 39
24 8 16
24 9 33
24 10 65
24 11 55
24 12 41
24 13 19
24 14 58
24 15 51
24 16 62
24 17 11
24 18 85
24 19 36
24 20 26
24 21 94
24 22 71
24 23 90
24 25 14
24 26 50
24 27 69
24 28 43
24 29 40
24 30 28
24 31 98
24 32 48
24 33 94
24 34 10
24 35 93
24 36 12
24 37 55
24 38 7
24 39 80
24 40 92
24 41 69
24 42 84
24 43 20
24 44 87
24 45 73
24 46 79
24 47 65
24 48 50
24 49 5
24 50 71
24 51 33
24 52 10
24 53 13
24 54 9
24 55 75
24 56 45
24 57 18
24 58 12
24 59 7
24 60 21
24 61 27
24 62 65
24 63 7
24 64 90
24 65 71
24 66 15
24 67 49
24 68 24
24 69 49
24 70 92
24 71 92
24 72 96
24 73 86
24 74 99
24 75 51
24 76 63
24 77 60
24 78 59
24 79 38
24 80 86
24 81 1
24 82 63
24 83 37
24 84 59
24 85 37
24 86 43
24 87 11
24 88 85
24 89 87
24 90 74
24 91 23
24 92 42
24 93 98
24 94 20
24 95 34
24 96 21
24 97 24
24 98 45
24 99 36
24 100 59
25 0 18
25 1 95
25 2 93
25 3 89
25 4 70
25 5 43
25 6 19
25 7 34
25 8 53
25 9 74
25 10 14
25 11 49
25 12 54
25 13 78
25 14 79
25 15 98
25 16 80
25 17 57
25 18 9
25 19 45
25 20 58
25 21 9
25 22 95
25 23 59
25 24 37
25 26 77
25 27 19
25 28 32
25 29 71
25 30 30
25 31 59
25 32 44
25 33 13
25 34 61
25 35 44
25 36 74
25 37 89
25 38 62
25 39 89
25 40 70
25 41 53
25 42 13
25 43 53
25 44 91
25 45 20
25 46 15
25 47 37
25 48 41
25 49 85
25 50 78
25 51 31
25 52 63
25 53 2
25 54 55
25 55 90
25 56 77
25 57 99
25 58 91
25 59 90
25 60 56
25 61 96
25 62 35
25 63 43
25 64 7
25 65 12
25 66 45
25 67 68
25 68 57
25 69 52
25 70 17
25 71 40
25 72 71
25 73 95
25 74 24
25 75 19
25 76 42
25 77 21
25 78 44
25 79 96
25 80 96
25 81 80
25 82 55
25 83 52
25 84 11
25 85 5
25 86 5
25 87 97
25 88 2
25 89 67
25 90 91
25 91 53
25 92 20
25 93 18
25 94 41
25 95 77
25 96 32
25 97 87
25 98 48
25 99 82
25 100 56
26 0 89
26 1 20
26 2 2
26 3 22
26 4 49
26 5 77
26 6 20
26 7 49
26 8 59
26 9 82
26 10 1
26 11 93
26 12 31
26 13 52
26 14 33
26 15 89
26 16 28
26 17 32
26 18 44
26 19 89
26 20 92
26 21 69
26 22 86
26 23 85
26 24 46
26 25 36
26 27 2
26 28 47
26 29 53
26 30 86
26 31 53
26 32 39
26 33 48
26 34 83
26 35 54
26 36 2
26 37 35
26 38 39
26 39 72
26 40 50
26 41 24
26 42 4
26 43 79
26 44 47
26 45 6
26 46 3
26 47 28
26 48 95
26 49 34
26 50 21
26 51 44
26 52 4
26 53 71
26 54 78
26 55 31
26 56 1
26 57 22
26 58 76
26 59 4
26 60 4
26 61 21
26 62 35
26 63 73
26 64 48
26 65 95
26 66 3
26 67 81
26 68 65
26 69 53
26 70 6
26 71 70
26 72 97
26 73 39
26 74 80
26 75 43
26 76 23
26 77 15
26 78 77
26 79 37
26 80 2
26 81 68
26 82 95
26 83 45
26 84 49
26 85 33
26 86 23
26 87 48
26 88 65
26 89 13
26 90 16
26 91 29
26 92 87
26 93 56
26 94 51
26 95 11
26 96 98
26 97 95
26 98 12
26 99 2
26 100 89
27 0 14
27 1 29
27 2 36
27 3 76
27 4 72
27 5 16
27 6 87
27 7 5
27 8 6
27 9 49
27 10 54
27 11 60
27 12 1
27 13 78
27 14 47
27 15 75
27 16 12
27 17 18
27 18 16
27 19 57
27 20 54
27 21 24
27 22 27
27 23 72
27 24 26
27 25 28
27 26 85
27 28 67
27 29 43
27 30 35
27 31 16
27 32 91
27 33 9
27 34 17
27 35 44
27 36 76
27 37 52
27 38 27
27 39 74
27 40 32
27 41 99
27 42 71
27 43 93
27 44 74
27 45 45
27 46 58
27 47 5
27 48 21
27 49 47
27 50 39
27 51 17
27 52 95
27 53 16
27 54 3
27 55 77
27 56 42
27 57 47
27 58 76
27 59 10
27 60 27
27 61 91
27 62 40
27 63 98
27 64 68
27 65 37
27 66 63
27 67 47
27 68 4
27 69 44
27 70 6
27 71 34
27 72 48
27 73 3
27 74 22
27 75 38
27 76 36
27 77 78
27 78 29
27 79 12
27 80 91
27 81 46
27 82 55
27 83 53
27 84 46
27 85 70
27 86 95
27 87 92
27 88 7
27 89 50
27 90 55
27 91 84
27 92 6
27 93 14
27 94 27
27 95 12
27 96 26
27 97 66
27 98 5
27 99 5
27 100 12
28 0 47
28 1 41
28 2 27
28 3 66
28 4 39
28 5 96
28 6 64
28 7 65
28 8 32
28 9 23
28 10 87
28 11 45
28 12 2
28 13 99
28 14 39
28 15 52
28 16 61
28 17 66
28 18 1
28 19 65
28 20 36
28 21 36
28 22 9
28 23 33
28 24 63
28 25 56
28 26 8
28 27 25
28 29 74
28 30 29
28 31 31
28 32 89
28 33 48
28 34 23
28 35 30
28 36 59
28 37 60
28 38 43
28 39 69
28 40 20
28 41 17
28 42 51
28 43 96
28 44 11
28 45 29
28 46 52
28 47 13
28 48 9
28 49 42
28 50 37
28 51 71
28 52 4
28 53 67
28 54 71
28 55 8
28 56 52
28 57 75
28 58 29
28 59 63
28 60 41
28 61 25
28 62 41
28 63 17
28 64 70
28 65 4
28 66 62
28 67 79
28 68 27
28 69 48
28 70 84
28 71 43
28 72 82
28 73 40
28 74 5
28 75 73
28 76 84
28 77 82
28 78 87
28 79 97
28 80 81
28 81 18
28 82 84
28 83 85
28 84 94
28 85 34
28 86 29
28 87 55
28 88 50
28 89 15
28 90 93
28 91 12
28 92 81
28 93 87
28 94 72
28 95 85
28 96 81
28 97 96
28 98 43
28 99 31
28 100 46
29 0 11
29 1 82
29 2 7
29 3 93
29 4 18
29 5 96
29 6 34
29 7 48
29 8 95
29 9 87
29 10 96
29 11 70
29 12 13
29 13 21
29 14 78
29 15 79
29 16 16
29 17 28
29 18 54
29 19 7
29 20 19
29 21 50
29 22 72
29 23 28
29 24 5
29 25 36
29 26 78
29 27 30
29 28 46
29 30 96
29 31 76
29 32 5
29 33 48
29 34 9
29 35 82
29 36 21
29 37 7
29 38 35
29 39 89
29 40 5
29 41 33
29 42 92
29 43 83
29 44 12
29 45 76
29 46 39
29 47 94
29 48 7
29 49 6
29 50 93
29 51 7
29 52 25
29 53 27
29 54 92
29 55 83
29 56 68
29 57 56
29 58 62
29 59 82
29 60 23
29 61 30
29 62 47
29 63 65
29 64 68
29 65 73
29 66 78
29 67 79
29 68 40
29 69 90
29 70 43
29 71 92
29 72 32
29 73 44
29 74 78
29 75 72
29 76 54
29 77 15
29 78 46
29 79 59
29 80 92
29 81 36
29 82 24
29 83 32
29 84 97
29 85 72
29 86 15
29 87 73
29 88 87
29 89 28
29 90 87
29 91 59
29 92 53
29 93 94
29 94 63
29 95 14
29 96 64
29 97 80
29 98 91
29 99 61
29 100 74
30 0 75
30 1 96
30 2 47
30 3 39
30 4 49
30 5 82
30 6 43
30 7 90
30 8 39
30 9 4
30 10 84
30 11 32
30 12 47
30 13 2
30 14 63
30 15 70
30 16 28
30 17 13
30 18 88
30 19 79
30 20 71
30 21 71
30 22 18
30 23 50
30 24 92
30 25 50
30 26 75
30 27 6
30 28 57
30 29 1
30 31 10
30 32 95
30 33 9
30 34 63
30 35 35
30 36 62
30 37 8
30 38 62
30 39 5
30 40 26
30 41 41
30 42 84
30 43 89
30 44 57
30 45 26
30 46 74
30 47 87
30 48 8
30 49 41
30 50 88
30 51 49
30 52 90
30 53 95
30 54 2
30 55 11
30 56 40
30 57 91
30 58 18
30 59 60
30 60 93
30 61 24
30 62 23
30 63 41
30 64 13
30 65 56
30 66 44
30 67 81
30 68 10
30 69 76
30 70 72
30 71 18
30 72 85
30 73 31
30 74 35
30 75 35
30 76 25
30 77 53
30 78 76
30 79 21
30 80 24
30 81 30
30 82 92
30 83 50
30 84 34
30 85 63
30 86 55
30 87 97
30 88 6
30 89 5
30 90 87
30 91 26
30 92 46
30 93 32
30 94 62
30 95 40
30 96 37
30 97 97
30 98 85
30 99 40
30 100 5
31 0 56
31 1 76
31 2 14
31 3 35
31 4 1
31 5 19
31 6 86
31 7 26
31 8 26
31 9 29
31 10 87
31 11 59
31 12 43
31 13 82
31 14 53
31 15 26
31 16 2
31 17 15
31 18 94
31 19 36
31 20 16
31 21 91
31 22 23
31 23 80
31 24 14
31 25 58
31 26 38
31 27 58
31 28 19
31 29 97
31 30 96
31 32 11
31 33 5
31 34 35
31 35 79
31 36 14
31 37 99
31 38 54
31 39 75
31 40 21
31 41 34
31 42 70
31 43 32
31 44 40
31 45 6
31 46 6
31 47 47
31 48 5
31 49 2
31 50 71
31 51 67
31 52 54
31 53 74
31 54 70
31 55 87
31 56 45
31 57 8
31 58 33
31 59 93
31 60 62
31 61 34
31 62 59
31 63 34
31 64 48
31 65 91
31 66 92
31 67 68
31 68 49
31 69 3
31 70 75
31 71 5
31 72 77
31 73 25
31 74 54
31 75 10
31 76 70
31 77 6
31 78 50
31 79 62
31 80 99
31 81 26
31 82 73
31 83 43
31 84 59
31 85 83
31 86 92
31 87 52
31 88 89
31 89 88
31 90 44
31 91 16
31 92 80
31 93 17
31 94 44
31 95 69
31 96 86
31 97 26
31 98 41
31 99 96
31 100 62
32 0 22
32 1 8
32 2 97
32 3 35
32 4 25
32 5 85
32 6 63
32 7 7
32 8 71
32 9 46
32 10 86
32 11 40
32 12 9
32 13 8
32 14 8
32 15 59
32 16 43
32 17 96
32 18 81
32 19 88
32 20 58
32 21 35
32 22 25
32 23 43
32 24 96
32 25 79
32 26 76
32 27 63
32 28 75
32 29 55
32 30 82
32 31 97
32 33 88
32 34 64
32 35 96
32 36 69
32 37 14
32 38 39
32 39 79
32 40 3
32 41 28
32 42 15
32 43 81
32 44 73
32 45 31
32 46 5
32 47 78
32 48 93
32 49 30
32 50 14
32 51 70
32 52 21
32 53 27
32 54 36
32 55 61
32 56 19
32 57 37
32 58 52
32 59 4
32 60 20
32 61 91
32 62 45
32 63 74
32 64 62
32 65 45
32 66 1
32 67 84
32 68 43
32 69 15
32 70 67
32 71 63
32 72 25
32 73 24
32 74 3
32 75 82
32 76 58
32 77 74
32 78 70
32 79 91
32 80 96
32 81 43
32 82 59
32 83 52
32 84 31
32 85 15
32 86 42
32 87 46
32 88 25
32 89 95
32 90 50
32 91 26
32 92 18
32 93 80
32 94 85
32 95 51
32 96 35
32 97 52
32 98 19
32 99 5
32 100 71
33 0 8
33 1 14
33 2 29
33 3 7
33 4 28
33 5 88
33 6 72
33 7 11
33 8 95
33 9 3
33 10 78
33 11 50
33 12 84
33 13 53
33 14 97
33 15 11
33 16 30
33 17 71
33 18 40
33 19 13
33 20 43
33 21 70
33 22 87
33 23 8
33 24 69
33 25 36
33 26 93
33 27 14
33 28 68
33 29 53
33 30 13
33 31 99
33 32 76
33 34 88
33 35 87
33 36 13
33 37 94
33 38 34
33 39 68
33 40 25
33 41 97
33 42 68
33 43 86
33 44 60
33 45 98
33 46 81
33 47 58
33 48 33
33 49 3
33 50 88
33 51 23
33 52 73
33 53 61
33 54 72
33 55 22
33 56 81
33 57 82
33 58 96
33 59 56
33 60 18
33 61 10
33 62 55
33 63 15
33 64 96
33 65 26
33 66 52
33 67 81
33 68 86
33 69 26
33 70 72
33 71 94
33 72 10
33 73 41
33 74 19
33 75 79
33 76 70
33 77 67
33 78 5
33 79 61
33 80 73
33 81 55
33 82 53
33 83 88
33 84 85
33 85 87
33 86 79
33 87 26
33 88 14
33 89 54
33 90 21
33 91 47
33 92 24
33 93 68
33 94 58
33 95 7
33 96 77
33 97 51
33 98 94
33 99 54
33 100 27
34 0 88
34 1 25
34 2 43
34 3 17
34 4 53
34 5 76
34 6 76
34 7 47
34 8 50
34 9 39
34 10 28
34 11 16
34 12 25
34 13 8
34 14 25
34 15 21
34 16 58
34 17 4
34 18 7
34 19 46
34 20 99
34 21 95
34 22 63
34 23 89
34 24 71
34 25 63
34 26 90
34 27 34
34 28 39
34 29 21
34 30 80
34 31 3
34 32 35
34 33 15
34 35 9
34 36 87
34 37 14
34 38 94
34 39 49
34 40 67
34 41 98
34 42 47
34 43 33
34 44 98
34 45 82
34 46 46
34 47 41
34 48 28
34 49 10
34 50 87
34 51 18
34 52 87
34 53 92
34 54 99
34 55 28
34 56 80
34 57 60
34 58 6
34 59 11
34 60 94
34 61 17
34 62 22
34 63 87
34 64 41
34 65 96
34 66 29
34 67 58
34 68 58
34 69 12
34 70 26
34 71 27
34 72 4
34 73 1
34 74 2
34 75 35
34 76 10
34 77 64
34 78 17
34 79 91
34 80 16
34 81 2
34 82 12
34 83 73
34 84 38
34 85 43
34 86 64
34 87 25
34 88 53
34 89 83
34 90 41
34 91 64
34 92 14
34 93 98
34 94 98
34 95 29
34 96 67
34 97 70
34 98 53
34 99 76
34 100 33
35 0 93
35 1 69
35 2 58
35 3 87
35 4 31
35 5 29
35 6 53
35 7 90
35 8 33
35 9 59
35 10 42
35 11 33
35 12 15
35 13 34
35 14 92
35 15 90
35 16 34
35 17 20
35 18 5
35 19 59
35 20 25
35 21 26
35 22 15
35 23 11
35 24 9
35 25 73
35 26 15
35 27 50
35 28 80
35 29 30
35 30 7
35 31 20
35 32 31
35 33 2
35 34 22
35 36 36
35 37 25
35 38 94
35 39 31
35 40 35
35 41 38
35 42 7
35 43 8
35 44 61
35 45 30
35 46 55
35 47 25
35 48 51
35 49 61
35 50 87
35 51 24
35 52 49
35 53 71
35 54 64
35 55 82
35 56 62
35 57 5
35 58 47
35 59 70
35 60 88
35 61 36
35 62 47
35 63 4
35 64 45
35 65 11
35 66 16
35 67 29
35 68 38
35 69 6
35 70 27
35 71 90
35 72 86
35 73 59
35 74 58
35 75 16
35 76 40
35 77 28
35 78 25
35 79 72
35 80 59
35 81 29
35 82 52
35 83 47
35 84 56
35 85 34
35 86 99
35 87 87
35 88 88
35 89 44
35 90 80
35 91 33
35 92 12
35 93 84
35 94 98
35 95 18
35 96 78
35 97 68
35 98 67
35 99 32
35 100 62
36 0 47
36 1 29
36 2 18
36 3 97
36 4 66
36 5 82
36 6 66
36 7 96
36 8 90
36 9 39
36 10 66
36 11 8
36 12 35
36 13 39
36 14 38
36 15 24
36 16 69
36 17 89
36 18 87
36 19 37
36 20 16
36 21 25
36 22 95
36 23 21
36 24 90
36 25 54
36 26 2
36 27 51
36 28 13
36 29 25
36 30 21
36 31 90
36 32 96
36 33 37
36 34 3
36 35 71
36 37 15
36 38 94
36 39 50
36 40 58
36 41 10
36 42 69
36 43 11
36 44 4
36 45 68
36 46 21
36 47 8
36 48 90
36 49 93
36 50 17
36 51 51
36 52 57
36 53 48
36 54 97
36 55 49
36 56 33
36 57 79
36 58 69
36 59 6
36 60 61
36 61 89
36 62 14
36 63 66
36 64 12
36 65 19
36 66 75
36 67 84
36 68 5
36 69 79
36 70 65
36 71 16
36 72 12
36 73 25
36 74 12
36 75 93
36 76 32
36 77 93
36 78 7
36 79 60
36 80 87
36 81 94
36 82 95
36 83 59
36 84 63
36 85 33
36 86 39
36 87 91
36 88 99
36 89 92
36 90 85
36 91 44
36 92 43
36 93 3
36 94 10
36 95 97
36 96 81
36 97 6
36 98 17
36 99 82
36 100 24
37 0 72
37 1 7
37 2 32
37 3 79
37 4 91
37 5 27
37 6 48
37 7 64
37 8 98
37 9 43
37 10 61
37 11 27
37 12 96
37 13 48
37 14 81
37 15 29
37 16 51
37 17 10
37 18 93
37 19 73
37 20 31
37 21 12
37 22 35
37 23 11
37 24 30
37 25 27
37 26 77
37 27 82
37 28 21
37 29 16
37 30 29
37 31 17
37 32 32
37 33 45
37 34 90
37 35 90
37 36 7
37 38 55
37 39 47
37 40 17
37 41 43
37 42 58
37 43 55
37 44 92
37 45 7
37 46 21
37 47 74
37 48 71
37 49 56
37 50 96
37 51 80
37 52 77
37 53 81
37 54 48
37 55 14
37 56 17
37 57 79
37 58 88
37 59 87
37 60 2
37 61 33
37 62 5
37 63 6
37 64 40
37 65 23
37 66 31
37 67 13
37 68 74
37 69 51
37 70 86
37 71 68
37 72 18
37 73 79
37 74 31
37 75 18
37 76 33
37 77 70
37 78 41
37 79 29
37 80 8
37 81 16
37 82 1
37 83 29
37 84 73
37 85 7
37 86 79
37 87 25
37 88 89
37 89 60
37 90 81
37 91 56
37 92 37
37 93 2
37 94 66
37 95 50
37 96 43
37 97 13
37 98 85
37 99 17
37 100 41
38 0 93
38 1 28
38 2 67
38 3 79
38 4 87
38 5 99
38 6 39
38 7 46
38 8 7
38 9 20
38 10 43
38 11 51
38 12 54
38 13 83
38 14 7
38 15 17
38 16 88
38 17 19
38 18 36
38 19 92
38 20 50
38 21 8
38 22 9
38 23 29
38 24 93
38 25 42
38 26 18
38 27 19
38 28 70
38 29 46
38 30 34
38 31 98
38 32 81
38 33 13
38 34 59
38 35 65
38 36 85
38 37 43
38 39 25
38 40 90
38 41 58
38 42 34
38 43 18
38 44 95
38 45 67
38 46 77
38 47 79
38 48 70
38 49 17
38 50 97
38 51 92
38 52 5
38 53 52
38 54 21
38 55 31
38 56 24
38 57 69
38 58 1
38 59 83
38 60 25
38 61 29
38 62 4
38 63 44
38 64 38
38 65 36
38 66 72
38 67 52
38 68 50
38 69 38
38 70 84
38 71 69
38 72 53
38 73 60
38 74 34
38 75 58
38 76 59
38 77 88
38 78 66
38 79 55
38 80 97
38 81 24
38 82 80
38 83 34
38 84 82
38 85 35
38 86 74
38 87 9
38 88 7
38 89 96
38 90 6
38 91 80
38 92 51
38 93 19
38 94 75
38 95 6
38 96 58
38 97 73
38 98 88
38 99 29
38 100 35
39 0 39
39 1 57
39 2 84
39 3 22
39 4 99
39 5 36
39 6 44
39 7 22
39 8 4
39 9 93
39 10 65
39 11 58
39 12 63
39 13 37
39 14 84
39 15 47
39 16 76
39 17 55
39 18 68
39 19 62
39 20 1
39 21 26
39 22 39
39 23 85
39 24 21
39 25 76
39 26 79
39 27 2
39 28 62
39 29 16
39 30 47
39 31 11
39 32 69
39 33 83
39 34 38
39 35 70
39 36 62
39 37 25
39 38 84
39 40 23
39 41 76
39 42 94
39 43 22
39 44 97
39 45 53
39 46 14
39 47 13
39 48 44
39 49 3
39 50 55
39 51 49
39 52 96
39 53 49
39 54 29
39 55 92
39 56 14
39 57 4
39 58 5
39 59 61
39 60 56
39 61 98
39 62 20
39 63 17
39 64 85
39 65 2
39 66 43
39 67 66
39 68 96
39 69 95
39 70 44
39 71 49
39 72 63
39 73 98
39 74 49
39 75 47
39 76 29
39 77 1
39 78 18
39 79 47
39 80 46
39 81 87
39 82 64
39 83 12
39 84 56
39 85 43
39 86 45
39 87 93
39 88 76
39 89 99
39 90 34
39 91 94
39 92 54
39 93 96
39 94 19
39 95 26
39 96 56
39 97 55
39 98 63
39 99 52
39 100 63
40 0 31
40 1 66
40 2 71
40 3 54
40 4 18
40 5 46
40 6 76
40 7 7
40 8 48
40 9 46
40 10 77
40 11 49
40 12 22
40 13 65
40 14 9
40 15 31
40 16 56
40 17 47
40 18 81
40 19 94
40 20 80
40 21 48
40 22 9
40 23 88
40 24 71
40 25 24
40 26 74
40 27 55
40 28 55
40 29 70
40 30 40
40 31 11
40 32 87
40 33 93
40 34 4
40 35 65
40 36 89
40 37 64
40 38 15
40 39 74
40 41 98
40 42 41
40 43 42
40 44 58
40 45 64
40 46 98
40 47 27
40 48 54
40 49 12
40 50 85
40 51 18
40 52 63
40 53 72
40 54 68
40 55 85
40 56 44
40 57 33
40 58 72
40 59 93
40 60 6
40 61 83
40 62 84
40 63 8
40 64 93
40 65 35
40 66 5
40 67 7
40 68 71
40 69 39
40 70 90
40 71 96
40 72 27
40 73 4
40 74 66
40 75 99
40 76 41
40 77 47
40 78 73
40 79 29
40 80 6
40 81 83
40 82 19
40 83 18
40 84 47
40 85 30
40 86 62
40 87 9
40 88 66
40 89 88
40 90 38
40 91 35
40 92 12
40 93 22
40 94 11
40 95 28
40 96 10
40 97 76
40 98 44
40 99 18
40 100 74
41 0 73
41 1 9
41 2 17
41 3 18
41 4 29
41 5 63
41 6 14
41 7 29
41 8 30
41 9 69
41 10 45
41 11 91
41 12 57
41 13 22
41 14 54
41 15 62
41 16 65
41 17 3
41 18 48
41 19 62
41 20 7
41 21 80
41 22 87
41 23 17
41 24 48
41 25 68
41 26 96
41 27 94
41 28 52
41 29 2
41 30 60
41 31 14
41 32 5
41 33 4
41 34 16
41 35 88
41 36 42
41 37 66
41 38 29
41 39 14
41 40 45
41 42 85
41 43 81
41 44 94
41 45 98
41 46 28
41 47 75
41 48 13
41 49 34
41 50 4
41 51 78
41 52 2
41 53 52
41 54 85
41 55 49
41 56 16
41 57 90
41 58 16
41 59 36
41 60 3
41 61 15
41 62 87
41 63 67
41 64 72
41 65 29
41 66 18
41 67 59
41 68 48
41 69 26
41 70 68
41 71 32
41 72 77
41 73 31
41 74 29
41 75 38
41 76 40
41 77 38
41 78 10
41 79 34
41 80 66
41 81 87
41 82 88
41 83 11
41 84 72
41 85 78
41 86 35
41 87 20
41 88 35
41 89 37
41 90 35
41 91 90
41 92 44
41 93 70
41 94 63
41 95 42
41 96 11
41 97 52
41 98 93
41 99 33
41 100 83
42 0 25
42 1 10
42 2 83
42 3 43
42 4 74
42 5 59
42 6 4
42 7 12
42 8 66
42 9 10
42 10 32
42 11 4
42 12 34
42 13 9
42 14 91
42 15 31
42 16 98
42 17 21
42 18 56
42 19 70
42 20 30
42 21 61
42 22 65
42 23 8
42 24 79
42 25 92
42 26 13
42 27 16
42 28 97
42 29 54
42 30 18
42 31 75
42 32 59
42 33 49
42 34 55
42 35 95
42 36 12
42 37 11
42 38 89
42 39 99
42 40 76
42 41 84
42 43 74
42 44 64
42 45 62
42 46 5
42 47 72
42 48 2
42 49 33
42 50 98
42 51 79
42 52 16
42 53 88
42 54 12
42 55 39
42 56 71
42 57 93
42 58 2
42 59 21
42 60 18
42 61 11
42 62 38
42 63 42
42 64 52
42 65 16
42 66 28
42 67 24
42 68 9
42 69 52
42 70 90
42 71 95
42 72 43
42 73 87
42 74 88
42 75 78
42 76 52
42 77 98
42 78 47
42 79 25
42 80 40
42 81 70
42 82 3
42 83 33
42 84 14
42 85 57
42 86 2
42 87 61
42 88 54
42 89 71
42 90 98
42 91 18
42 92 20
42 93 58
42 94 16
42 95 36
42 96 31
42 97 44
42 98 75
42 99 39
42 100 50
43 0 88
43 1 94
43 2 2
43 3 80
43 4 48
43 5 27
43 6 10
43 7 83
43 8 72
43 9 41
43 10 35
43 11 82
43 12 44
43 13 80
43 14 68
43 15 49
43 16 60
43 17 73
43 18 55
43 19 43
43 20 8
43 21 85
43 22 14
43 23 55
43 24 65
43 25 94
43 26 31
43 27 35
43 28 32
43 29 99
43 30 53
43 31 43
43 32 59
43 33 49
43 34 5
43 35 45
43 36 18
43 37 37
43 38 94
43 39 18
43 40 46
43 41 65
43 42 22
43 44 4
43 45 78
43 46 52
43 47 77
43 48 3
43 49 1
43 50 22
43 51 79
43 52 6
43 53 68
43 54 79
43 55 9
43 56 77
43 57 51
43 58 68
43 59 58
43 60 14
43 61 57
43 62 69
43 63 52
43 64 70
43 65 68
43 66 23
43 67 12
43 68 52
43 69 71
43 70 60
43 71 51
43 72 25
43 73 23
43 74 46
43 75 19
43 76 40
43 77 70
43 78 14
43 79 88
43 80 95
43 81 69
43 82 78
43 83 80
43 84 81
43 85 11
43 86 67
43 87 14
43 88 32
43 89 86
43 90 95
43 91 30
43 92 57
43 93 49
43 94 33
43 95 57
43 96 51
43 97 46
43 98 98
43 99 43
43 100 18
44 0 7
44 1 79
44 2 38
44 3 87
44 4 10
44 5 93
44 6 55
44 7 10
44 8 39
44 9 88
44 10 47
44 11 81
44 12 80
44 13 84
44 14 8
44 15 10
44 16 84
44 17 96
44 18 11
44 19 8
44 20 42
44 21 76
44 22 30
44 23 1
44 24 22
44 25 2
44 26 97
44 27 72
44 28 23
44 29 37
44 30 86
44 31 75
44 32 33
44 33 93
44 34 56
44 35 64
44 36 91
44 37 59
44 38 55
44 39 63
44 40 99
44 41 86
44 42 22
44 43 36
44 45 24
44 46 66
44 47 58
44 48 72
44 49 61
44 50 39
44 51 1
44 52 52
44 53 33
44 54 69
44 55 2
44 56 52
44 57 29
44 58 58
44 59 22
44 60 50
44 61 59
44 62 40
44 63 63
44 64 79
44 65 36
44 66 34
44 67 15
44 68 33
44 69 78
44 70 43
44 71 48
44 72 48
44 73 74
44 74 13
44 75 15
44 76 64
44 77 99
44 78 73
44 79 95
44 80 49
44 81 56
44 82 89
44 83 14
44 84 79
44 85 37
44 86 6
44 87 38
44 88 9
44 89 26
44 90 50
44 91 32
44 92 75
44 93 22
44 94 37
44 95 85
44 96 85
44 97 28
44 98 46
44 99 90
44 100 57
45 0 60
45 1 35
45 2 13
45 3 86
45 4 68
45 5 32
45 6 4
45 7 19
45 8 97
45 9 3
45 10 26
45 11 67
45 12 15
45 13 71
45 14 12
45 15 5
45 16 81
45 17 28
45 18 50
45 19 95
45 20 47
45 21 90
45 22 51
45 23 39
45 24 88
45 25 93
45 26 93
45 27 69
45 28 69
45 29 88
45 30 62
45 31 17
45 32 40
45 33 1
45 34 65
45 35 64
45 36 34
45 37 44
45 38 87
45 39 27
45 40 82
45 41 20
45 42 71
45 43 53
45 44 3
45 46 86
45 47 96
45 48 17
45 49 42
45 50 50
45 51 62
45 52 29
45 53 27
45 54 68
45 55 81
45 56 73
45 57 24
45 58 57
45 59 49
45 60 20
45 61 81
45 62 65
45 63 31
45 64 72
45 65 31
45 66 23
45 67 18
45 68 84
45 69 70
45 70 74
45 71 82
45 72 46
45 73 11
45 74 80
45 75 78
45 76 23
45 77 32
45 78 93
45 79 51
45 80 79
45 81 83
45 82 49
45 83 91
45 84 89
45 85 12
45 86 57
45 87 10
45 88 52
45 89 53
45 90 42
45 91 48
45 92 13
45 93 80
45 94 75
45 95 65
45 96 55
45 97 12
45 98 32
45 99 44
45 100 30
46 0 51
46 1 34
46 2 77
46 3 73
46 4 79
46 5 58
46 6 13
46 7 59
46 8 69
46 9 48
46 10 52
46 11 27
46 12 24
46 13 48
46 14 4
46 15 49
46 16 2
46 17 79
46 18 98
46 19 64
46 20 51
46 21 54
46 22 20
46 23 4
46 24 88
46 25 78
46 26 53
46 27 57
46 28 34
46 29 76
46 30 4
46 31 61
46 32 23
46 33 94
46 34 63
46 35 55
46 36 17
46 37 10
46 38 51
46 39 55
46 40 34
46 41 48
46 42 20
46 43 97
46 44 11
46 45 60
46 47 98
46 48 87
46 49 70
46 50 45
46 51 30
46 52 55
46 53 11
46 54 3
46 55 33
46 56 92
46 57 16
46 58 33
46 59 96
46 60 75
46 61 23
46 62 42
46 63 71
46 64 57
46 65 24
46 66 16
46 67 70
46 68 80
46 69 68
46 70 53
46 71 15
46 72 51
46 73 80
46 74 62
46 75 6
46 76 28
46 77 91
46 78 11
46 79 10
46 80 91
46 81 45
46 82 65
46 83 36
46 84 4
46 85 33
46 86 85
46 87 1
46 88 62
46 89 53
46 90 53
46 91 19
46 92 77
46 93 84
46 94 36
46 95 5
46 96 57
46 97 35
46 98 77
46 99 25
46 100 27
47 0 77
47 1 48
47 2 21
47 3 3
47 4 72
47 5 8
47 6 17
47 7 84
47 8 79
47 9 85
47 10 3
47 11 77
47 12 8
47 13 95
47 14 54
47 15 51
47 16 75
47 17 19
47 18 77
47 19 7
47 20 44
47 21 38
47 22 7
47 23 98
47 24 62
47 25 17
47 26 58
47 27 65
47 28 26
47 29 21
47 30 96
47 31 31
47 32 64
47 33 24
47 34 65
47 35 92
47 36 30
47 37 32
47 38 89
47 39 68
47 40 41
47 41 18
47 42 77
47 43 42
47 44 87
47 45 85
47 46 45
47 48 7
47 49 41
47 50 29
47 51 32
47 52 42
47 53 64
47 54 50
47 55 70
47 56 33
47 57 63
47 58 67
47 59 76
47 60 55
47 61 83
47 62 55
47 63 13
47 64 26
47 65 99
47 66 29
47 67 80
47 68 42
47 69 62
47 70 29
47 71 76
47 72 14
47 73 84
47 74 86
47 75 40
47 76 38
47 77 97
47 78 88
47 79 35
47 80 39
47 81 32
47 82 88
47 83 40
47 84 46
47 85 56
47 86 92
47 87 12
47 88 43
47 89 5
47 90 27
47 91 46
47 92 45
47 93 22
47 94 64
47 95 85
47 96 5
47 97 54
47 98 67
47 99 95
47 100 67
48 0 40
48 1 30
48 2 33
48 3 40
48 4 15
48 5 3
48 6 65
48 7 10
48 8 38
48 9 14
48 10 15
48 11 86
48 12 78
48 13 56
48 14 66
48 15 30
48 16 33
48 17 26
48 18 45
48 19 74
48 20 58
48 21 43
48 22 95
48 23 33
48 24 95
48 25 17
48 26 8
48 27 28
48 28 33
48 29 84
48 30 31
48 31 27
48 32 32
48 33 28
48 34 62
48 35 90
48 36 56
48 37 34
48 38 77
48 39 18
48 40 79
48 41 77
48 42 68
48 43 2
48 44 38
48 45 74
48 46 3
48 47 40
48 49 32
48 50 23
48 51 93
48 52 59
48 53 87
48 54 21
48 55 90
48 56 78
48 57 18
48 58 46
48 59 61
48 60 64
48 61 19
48 62 84
48 63 1
48 64 17
48 65 7
48 66 46
48 67 84
48 68 15
48 69 98
48 70 1
48 71 36
48 72 4
48 73 94
48 74 21
48 75 31
48 76 41
48 77 72
48 78 66
48 79 18
48 80 15
48 81 82
48 82 82
48 83 15
48 84 15
48 85 4
48 86 39
48 87 9
48 88 55
48 89 74
48 90 72
48 91 59
48 92 5
48 93 81
48 94 24
48 95 78
48 96 63
48 97 98
48 98 68
48 99 79
48 100 96
49 0 88
49 1 14
49 2 43
49 3 71
49 4 56
49 5 29
49 6 78
49 7 24
49 8 16
49 9 77
49 10 38
49 11 65
49 12 42
49 13 10
49 14 76
49 15 14
49 16 13
49 17 66
49 18 13
49 19 88
49 20 33
49 21 40
49 22 29
49 23 28
49 24 88
49 25 44
49 26 67
49 27 75
49 28 37
49 29 69
49 30 4
49 31 11
49 32 97
49 33 98
49 34 28
49 35 37
49 36 19
49 37 89
49 38 25
49 39 85
49 40 98
49 41 31
49 42 44
49 43 40
49 44 92
49 45 76
49 46 78
49 47 52
49 48 89
49 50 61
49 51 54
49 52 62
49 53 49
49 54 82
49 55 57
49 56 51
49 57 96
49 58 32
49 59 85
49 60 33
49 61 25
49 62 80
49 63 82
49 64 20
49 65 51
49 66 13
49 67 61
49 68 49
49 69 13
49 70 66
49 71 64
49 72 40
49 73 8
49 74 53
49 75 44
49 76 2
49 77 44
49 78 25
49 79 34
49 80 73
49 81 43
49 82 62
49 83 20
49 84 96
49 85 9
49 86 99
49 87 19
49 88 73
49 89 6
49 90 12
49 91 74
49 92 17
49 93 25
49 94 66
49 95 40
49 96 86
49 97 11
49 98 7
49 99 47
49 100 71
50 0 60
50 1 83
50 2 9
50 3 46
50 4 92
50 5 48
50 6 61
50 7 69
50 8 2
50 9 75
50 10 56
50 11 22
50 12 47
50 13 3
50 14 30
50 15 36
50 16 91
50 17 84
50 18 68
50 19 37
50 20 53
50 21 29
50 22 96
50 23 87
50 24 16
50 25 88
50 26 68
50 27 65
50 28 69
50 29 6
50 30 78
50 31 61
50 32 69
50 33 46
50 34 3
50 35 65
50 36 71
50 37 87
50 38 29
50 39 46
50 40 9
50 41 2
50 42 23
50 43 9
50 44 47
50 45 58
50 46 89
50 47 10
50 48 81
50 49 46
50 51 11
50 52 57
50 53 16
50 54 21
50 55 81
50 56 22
50 57 68
50 58 24
50 59 39
50 60 77
50 61 19
50 62 28
50 63 12
50 64 51
50 65 98
50 66 4
50 67 73
50 68 2
50 69 7
50 70 70
50 71 55
50 72 28
50 73 10
50 74 73
50 75 98
50 76 66
50 77 63
50 78 42
50 79 65
50 80 59
50 81 4
50 82 71
50 83 78
50 84 98
50 85 16
50 86 87
50 87 37
50 88 90
50 89 91
50 90 95
50 91 57
50 92 19
50 93 12
50 94 86
50 95 74
50 96 86
50 97 92
50 98 10
50 99 98
50 100 31
51 0 49
51 1 68
51 2 21
51 3 9
51 4 81
51 5 90
51 6 11
51 7 20
51 8 27
51 9 13
51 10 57
51 11 55
51 12 31
51 13 79
51 14 93
51 15 76
51 16 95
51 17 61
51 18 46
51 19 64
51 20 51
51 21 47
51 22 72
51 23 77
51 24 85
51 25 15
51 26 66
51 27 86
51 28 72
51 29 57
51 30 3
51 31 68
51 32 93
51 33 52
51 34 41
51 35 46
51 36 51
51 37 46
51 38 80
51 39 56
51 40 87
51 41 63
51 42 17
51 43 75
51 44 49
51 45 34
51 46 13
51 47 90
51 48 80
51 49 71
51 50 71
51 52 69
51 53 5
51 54 87
51 55 47
51 56 11
51 57 53
51 58 95
51 59 52
51 60 26
51 61 57
51 62 70
51 63 6
51 64 49
51 65 27
51 66 81
51 67 54
51 68 88
51 69 99
51 70 97
51 71 80
51 72 72
51 73 16
51 74 30
51 75 14
51 76 5
51 77 90
51 78 37
51 79 6
51 80 68
51 81 21
51 82 83
51 83 73
51 84 34
51 85 89
51 86 71
51 87 14
51 88 82
51 89 54
51 90 65
51 91 50
51 92 34
51 93 50
51 94 45
51 95 45
51 96 59
51 97 9
51 98 7
51 99 2
51 100 16
52 0 53
52 1 36
52 2 69
52 3 3
52 4 5
52 5 40
52 6 9
52 7 51
52 8 57
52 9 37
52 10 88
52 11 38
52 12 49
52 13 68
52 14 78
52 15 44
52 16 69
52 17 55
52 18 35
52 19 33
52 20 75
52 21 75
52 22 55
52 23 97
52 24 18
52 25 35
52 26 18
52 27 10
52 28 65
52 29 11
52 30 51
52 31 59
52 32 89
52 33 18
52 34 73
52 35 16
52 36 32
52 37 1
52 38 69
52 39 64
52 40 47
52 41 42
52 42 77
52 43 1
52 44 21
52 45 50
52 46 62
52 47 45
52 48 44
52 49 24
52 50 46
52 51 30
52 53 9
52 54 38
52 55 46
52 56 42
52 57 57
52 58 72
52 59 84
52 60 5
52 61 56
52 62 62
52 63 30
52 64 10
52 65 35
52 66 85
52 67 99
52 68 47
52 69 82
52 70 15
52 71 9
52 72 35
52 73 88
52 74 13
52 75 17
52 76 7
52 77 79
52 78 58
52 79 28
52 80 12
52 81 86
52 82 32
52 83 99
52 84 74
52 85 70
52 86 95
52 87 20
52 88 72
52 89 53
52 90 49
52 91 7
52 92 32
52 93 46
52 94 5
52 95 23
52 96 64
52 97 18
52 98 59
52 99 1
52 100 58
53 0 73
53 1 30
53 2 24
53 3 36
53 4 58
53 5 54
53 6 28
53 7 56
53 8 62
53 9 29
53 10 47
53 11 8
53 12 84
53 13 76
53 14 1
53 15 6
53 16 26
53 17 48
53 18 20
53 19 80
53 20 99
53 21 4
53 22 81
53 23 69
53 24 63
53 25 72
53 26 95
53 27 78
53 28 86
53 29 99
53 30 18
53 31 6
53 32 17
53 33 97
53 34 93
53 35 67
53 36 6
53 37 65
53 38 88
53 39 8
53 40 45
53 41 53
53 42 57
53 43 2
53 44 30
53 45 93
53 46 36
53 47 92
53 48 65
53 49 75
53 50 17
53 51 74
53 52 16
53 54 76
53 55 89
53 56 21
53 57 48
53 58 49
53 59 24
53 60 16
53 61 60
53 62 29
53 63 89
53 64 26
53 65 73
53 66 92
53 67 51
53 68 18
53 69 10
53 70 80
53 71 72
53 72 96
53 73 36
53 74 77
53 75 1
53 76 43
53 77 76
53 78 34
53 79 54
53 80 35
53 81 18
53 82 56
53 83 72
53 84 22
53 85 22
53 86 74
53 87 33
53 88 35
53 89 20
53 90 32
53 91 45
53 92 33
53 93 53
53 94 93
53 95 49
53 96 30
53 97 14
53 98 3
53 99 41
53 100 70
54 0 50
54 1 73
54 2 47
54 3 58
54 4 57
54 5 4
54 6 14
54 7 26
54 8 20
54 9 6
54 10 26
54 11 80
54 12 7
54 13 84
54 14 3
54 15 70
54 16 30
54 17 18
54 18 27
54 19 83
54 20 42
54 21 96
54 22 50
54 23 48
54 24 25
54 25 3
54 26 87
54 27 85
54 28 65
54 29 80
54 30 97
54 31 35
54 32 63
54 33 97
54 34 99
54 35 97
54 36 40
54 37 14
54 38 27
54 39 41
54 40 82
54 41 89
54 42 5
54 43 68
54 44 35
54 45 80
54 46 3
54 47 2
54 48 79
54 49 90
54 50 32
54 51 73
54 52 7
54 53 45
54 55 4
54 56 50
54 57 32
54 58 77
54 59 35
54 60 55
54 61 75
54 62 37
54 63 82
54 64 23
54 65 84
54 66 85
54 67 36
54 68 92
54 69 45
54 70 79
54 71 80
54 72 2
54 73 36
54 74 20
54 75 47
54 76 74
54 77 61
54 78 17
54 79 78
54 80 63
54 81 9
54 82 23
54 83 77
54 84 94
54 85 90
54 86 39
54 87 69
54 88 78
54 89 16
54 90 5
54 91 51
54 92 45
54 93 68
54 94 13
54 95 6
54 96 69
54 97 55
54 98 76
54 99 30
54 100 41
55 0 65
55 1 62
55 2 99
55 3 70
55 4 43
55 5 68
55 6 51
55 7 94
55 8 53
55 9 36
55 10 46
55 11 55
55 12 69
55 13 64
55 14 69
55 15 87
55 16 44
55 17 91
55 18 60
55 19 59
55 20 95
55 21 7
55 22 83
55 23 5
55 24 84
55 25 75
55 26 84
55 27 60
55 28 94
55 29 68
55 30 87
55 31 45
55 32 87
55 33 8
55 34 69
55 35 66
55 36 8
55 37 24
55 38 5
55 39 51
55 40 76
55 41 53
55 42 23
55 43 23
55 44 13
55 45 2
55 46 31
55 47 8
55 48 30
55 49 7
55 50 11
55 51 72
55 52 55
55 53 71
55 54 16
55 56 4
55 57 41
55 58 91
55 59 72
55 60 73
55 61 50
55 62 7
55 63 43
55 64 37
55 65 50
55 66 47
55 67 89
55 68 89
55 69 73
55 70 16
55 71 92
55 72 56
55 73 16
55 74 99
55 75 29
55 76 42
55 77 35
55 78 87
55 79 28
55 80 82
55 81 5
55 82 44
55 83 75
55 84 21
55 85 62
55 86 81
55 87 65
55 88 81
55 89 76
55 90 34
55 91 68
55 92 15
55 93 67
55 94 50
55 95 92
55 96 90
55 97 2
55 98 9
55 99 12
55 100 6
56 0 96
56 1 75
56 2 98
56 3 47
56 4 16
56 5 88
56 6 82
56 7 56
56 8 8
56 9 48
56 10 95
56 11 97
56 12 45
56 13 95
56 14 63
56 15 95
56 16 33
56 17 25
56 18 53
56 19 1
56 20 70
56 21 85
56 22 31
56 23 63
56 24 87
56 25 66
56 26 92
56 27 4
56 28 24
56 29 50
56 30 90
56 31 73
56 32 64
56 33 61
56 34 73
56 35 75
56 36 96
56 37 2
56 38 88
56 39 97
56 40 4
56 41 37
56 42 32
56 43 7
56 44 69
56 45 38
56 46 30
56 47 39
56 48 51
56 49 60
56 50 40
56 51 24
56 52 32
56 53 22
56 54 7
56 55 43
56 57 34
56 58 56
56 59 65
56 60 76
56 61 41
56 62 41
56 63 63
56 64 30
56 65 20
56 66 12
56 67 44
56 68 66
56 69 99
56 70 89
56 71 9
56 72 74
56 73 79
56 74 98
56 75 43
56 76 7
56 77 21
56 78 30
56 79 8
56 80 3
56 81 71
56 82 39
56 83 34
56 84 57
56 85 5
56 86 9
56 87 14
56 88 22
56 89 80
56 90 48
56 91 54
56 92 70
56 93 96
56 94 79
56 95 80
56 96 89
56 97 3
56 98 37
56 99 62
56 100 34
57 0 68
57 1 51
57 2 30
57 3 67
57 4 79
57 5 58
57 6 80
57 7 34
57 8 25
57 9 44
57 10 87
57 11 59
57 12 26
57 13 13
57 14 12
57 15 36
57 16 7
57 17 20
57 18 71
57 19 84
57 20 27
57 21 35
57 22 70
57 23 45
57 24 23
57 25 40
57 26 78
57 27 46
57 28 57
57 29 26
57 30 51
57 31 2
57 32 21
57 33 59
57 34 62
57 35 94
57 36 81
57 37 54
57 38 37
57 39 15
57 40 64
57 41 37
57 42 24
57 43 74
57 44 38
57 45 68
57 46 73
57 47 26
57 48 45
57 49 63
57 50 42
57 51 94
57 52 3
57 53 84
57 54 50
57 55 37
57 56 59
57 58 3
57 59 7
57 60 94
57 61 28
57 62 25
57 63 44
57 64 3
57 65 57
57 66 80
57 67 88
57 68 84
57 69 60
57 70 99
57 71 12
57 72 5
57 73 25
57 74 30
57 75 90
57 76 72
57 77 80
57 78 85
57 79 72
57 80 12
57 81 47
57 82 27
57 83 51
57 84 83
57 85 54
57 86 23
57 87 47
57 88 4
57 89 48
57 90 67
57 91 1
57 92 16
57 93 20
57 94 57
57 95 70
57 96 58
57 97 33
57 98 18
57 99 44
57 100 31
58 0 2
58 1 56
58 2 54
58 3 49
58 4 87
58 5 36
58 6 30
58 7 84
58 8 15
58 9 87
58 10 36
58 11 13
58 12 29
58 13 68
58 14 13
58 15 8
58 16 58
58 17 76
58 18 52
58 19 92
58 20 9
58 21 92
58 22 29
58 23 35
58 24 37
58 25 45
58 26 21
58 27 40
58 28 5
58 29 45
58 30 19
58 31 5
58 32 53
58 33 35
58 34 47
58 35 95
58 36 94
58 37 10
58 38 53
58 39 83
58 40 28
58 41 36
58 42 22
58 43 87
58 44 54
58 45 57
58 46 53
58 47 71
58 48 60
58 49 84
58 50 59
58 51 51
58 52 74
58 53 2
58 54 6
58 55 11
58 56 19
58 57 70
58 59 82
58 60 95
58 61 51
58 62 96
58 63 76
58 64 47
58 65 11
58 66 85
58 67 11
58 68 1
58 69 52
58 70 97
58 71 42
58 72 14
58 73 25
58 74 98
58 75 49
58 76 50
58 77 41
58 78 79
58 79 74
58 80 58
58 81 7
58 82 24
58 83 95
58 84 71
58 85 95
58 86 31
58 87 97
58 88 4
58 89 40
58 90 2
58 91 10
58 92 50
58 93 8
58 94 21
58 95 65
58 96 55
58 97 88
58 98 11
58 99 1
58 100 46
59 0 44
59 1 26
59 2 19
59 3 13
59 4 42
59 5 8
59 6 80
59 7 80
59 8 23
59 9 58
59 10 26
59 11 13
59 12 88
59 13 34
59 14 54
59 15 65
59 16 80
59 17 57
59 18 88
59 19 99
59 20 18
59 21 69
59 22 94
59 23 48
59 24 25
59 25 41
59 26 4
59 27 74
59 28 34
59 29 85
59 30 36
59 31 29
59 32 74
59 33 63
59 34 72
59 35 89
59 36 59
59 37 51
59 38 15
59 39 81
59 40 21
59 41 76
59 42 18
59 43 21
59 44 18
59 45 15
59 46 16
59 47 47
59 48 92
59 49 62
59 50 77
59 51 92
59 52 16
59 53 77
59 54 82
59 55 17
59 56 76
59 57 71
59 58 14
59 60 39
59 61 4
59 62 45
59 63 25
59 64 50
59 65 39
59 66 91
59 67 28
59 68 37
59 69 89
59 70 22
59 71 50
59 72 97
59 73 96
59 74 15
59 75 87
59 76 49
59 77 42
59 78 62
59 79 6
59 80 7
59 81 63
59 82 14
59 83 93
59 84 26
59 85 23
59 86 6
59 87 8
59 88 19
59 89 91
59 90 58
59 91 10
59 92 37
59 93 85
59 94 43
59 95 70
59 96 15
59 97 77
59 98 9
59 99 27
59 100 2
60 0 72
60 1 10
60 2 98
60 3 19
60 4 26
60 5 69
60 6 43
60 7 63
60 8 69
60 9 65
60 10 79
60 11 22
60 12 14
60 13 65
60 14 81
60 15 58
60 16 58
60 17 79
60 18 29
60 19 29
60 20 27
60 21 46
60 22 14
60 23 19
60 24 35
60 25 29
60 26 51
60 27 60
60 28 82
60 29 76
60 30 67
60 31 14
60 32 62
60 33 77
60 34 25
60 35 72
60 36 44
60 37 69
60 38 13
60 39 64
60 40 40
60 41 80
60 42 45
60 43 82
60 44 94
60 45 16
60 46 23
60 47 38
60 48 63
60 49 46
60 50 20
60 51 21
60 52 53
60 53 5
60 54 26
60 55 45
60 56 90
60 57 25
60 58 49
60 59 82
60 61 20
60 62 1
60 63 29
60 64 68
60 65 68
60 66 10
60 67 50
60 68 70
60 69 25
60 70 59
60 71 94
60 72 62
60 73 15
60 74 65
60 75 54
60 76 94
60 77 77
60 78 44
60 79 9
60 80 41
60 81 72
60 82 95
60 83 49
60 84 46
60 85 41
60 86 29
60 87 21
60 88 44
60 89 29
60 90 80
60 91 52
60 92 97
60 93 13
60 94 66
60 95 88
60 96 85
60 97 4
60 98 13
60 99 44
60 100 64
61 0 99
61 1 88
61 2 97
61 3 91
61 4 4
61 5 18
61 6 73
61 7 93
61 8 44
61 9 73
61 10 55
61 11 53
61 12 67
61 13 83
61 14 99
61 15 30
61 16 48
61 17 49
61 18 58
61 19 8
61 20 93
61 21 53
61 22 22
61 23 36
61 24 12
61 25 39
61 26 67
61 27 45
61 28 52
61 29 21
61 30 87
61 31 67
61 32 17
61 33 2
61 34 71
61 35 28
61 36 58
61 37 26
61 38 15
61 39 49
61 40 30
61 41 49
61 42 44
61 43 27
61 44 19
61 45 60
61 46 15
61 47 33
61 48 51
61 49 73
61 50 93
61 51 44
61 52 68
61 53 97
61 54 99
61 55 52
61 56 90
61 57 98
61 58 42
61 59 84
61 60 85
61 62 35
61 63 55
61 64 60
61 65 7
61 66 79
61 67 66
61 68 85
61 69 50
61 70 93
61 71 45
61 72 99
61 73 79
61 74 69
61 75 60
61 76 55
61 77 35
61 78 76
61 79 72
61 80 71
61 81 75
61 82 30
61 83 39
61 84 69
61 85 53
61 86 25
61 87 19
61 88 31
61 89 29
61 90 29
61 91 83
61 92 43
61 93 8
61 94 63
61 95 28
61 96 70
61 97 35
61 98 72
61 99 75
61 100 28
62 0 28
62 1 29
62 2 36
62 3 74
62 4 97
62 5 18
62 6 13
62 7 61
62 8 12
62 9 46
62 10 37
62 11 15
62 12 74
62 13 22
62 14 89
62 15 58
62 16 44
62 17 63
62 18 43
62 19 14
62 20 27
62 21 32
62 22 27
62 23 90
62 24 30
62 25 99
62 26 97
62 27 60
62 28 34
62 29 74
62 30 11
62 31 4
62 32 33
62 33 51
62 34 79
62 35 36
62 36 50
62 37 49
62 38 57
62 39 91
62 40 25
62 41 3
62 42 66
62 43 90
62 44 48
62 45 97
62 46 38
62 47 90
62 48 41
62 49 23
62 50 33
62 51 64
62 52 33
62 53 74
62 54 3
62 55 56
62 56 7
62 57 77
62 58 54
62 59 10
62 60 45
62 61 11
62 63 48
62 64 3
62 65 27
62 66 20
62 67 1
62 68 46
62 69 37
62 70 50
62 71 49
62 72 29
62 73 39
62 74 83
62 75 56
62 76 78
62 77 36
62 78 78
62 79 53
62 80 47
62 81 66
62 82 44
62 83 89
62 84 89
62 85 75
62 86 69
62 87 83
62 88 44
62 89 12
62 90 17
62 91 63
62 92 4
62 93 67
62 94 76
62 95 85
62 96 43
62 97 11
62 98 99
62 99 49
62 100 64
63 0 90
63 1 13
63 2 74
63 3 57
63 4 29
63 5 42
63 6 73
63 7 99
63 8 29
63 9 60
63 10 67
63 11 80
63 12 90
63 13 28
63 14 73
63 15 43
63 16 55
63 17 76
63 18 73
63 19 78
63 20 7
63 21 93
63 22 68
63 23 11
63 24 85
63 25 73
63 26 16
63 27 39
63 28 78
63 29 57
63 30 12
63 31 12
63 32 27
63 33 90
63 34 88
63 35 68
63 36 3
63 37 89
63 38 27
63 39 17
63 40 3
63 41 56
63 42 81
63 43 53
63 44 31
63 45 42
63 46 23
63 47 35
63 48 7
63 49 97
63 50 52
63 51 91
63 52 81
63 53 99
63 54 16
63 55 9
63 56 19
63 57 89
63 58 62
63 59 24
63 60 62
63 61 72
63 62 94
63 64 17
63 65 27
63 66 13
63 67 77
63 68 57
63 69 51
63 70 68
63 71 99
63 72 26
63 73 90
63 74 19
63 75 24
63 76 24
63 77 84
63 78 10
63 79 15
63 80 88
63 81 88
63 82 96
63 83 86
63 84 59
63 85 89
63 86 66
63 87 81
63 88 41
63 89 2
63 90 11
63 91 29
63 92 35
63 93 74
63 94 69
63 95 33
63 96 87
63 97 30
63 98 32
63 99 8
63 100 41
64 0 59
64 1 4
64 2 3
64 3 76
64 4 58
64 5 74
64 6 5
64 7 12
64 8 74
64 9 67
64 10 2
64 11 37
64 12 63
64 13 12
64 14 30
64 15 3
64 16 73
64 17 65
64 18 74
64 19 22
64 20 97
64 21 80
64 22 53
64 23 92
64 24 8
64 25 21
64 26 40
64 27 77
64 28 2
64 29 40
64 30 55
64 31 41
64 32 41
64 33 71
64 34 7
64 35 25
64 36 91
64 37 94
64 38 51
64 39 11
64 40 16
64 41 69
64 42 87
64 43 68
64 44 97
64 45 60
64 46 64
64 47 10
64 48 59
64 49 47
64 50 17
64 51 33
64 52 65
64 53 4
64 54 67
64 55 6
64 56 85
64 57 60
64 58 81
64 59 69
64 60 91
64 61 98
64 62 9
64 63 8
64 65 41
64 66 20
64 67 74
64 68 22
64 69 56
64 70 23
64 71 20
64 72 31
64 73 87
64 74 54
64 75 6
64 76 87
64 77 26
64 78 78
64 79 93
64 80 64
64 81 75
64 82 14
64 83 7
64 84 48
64 85 53
64 86 29
64 87 24
64 88 76
64 89 45
64 90 30
64 91 65
64 92 56
64 93 42
64 94 6
64 95 19
64 96 62
64 97 27
64 98 17
64 99 7
64 100 86
65 0 64
65 1 67
65 2 41
65 3 17
65 4 95
65 5 32
65 6 45
65 7 55
65 8 57
65 9 60
65 10 61
65 11 83
65 12 10
65 13 80
65 14 90
65 15 63
65 16 12
65 17 4
65 18 43
65 19 22
65 20 99
65 21 77
65 22 66
65 23 43
65 24 26
65 25 16
65 26 3
65 27 90
65 28 71
65 29 22
65 30 53
65 31 64
65 32 50
65 33 93
65 34 26
65 35 67
65 36 15
65 37 70
65 38 85
65 39 34
65 40 45
65 41 23
65 42 31
65 43 79
65 44 64
65 45 64
65 46 61
65 47 43
65 48 68
65 49 51
65 50 6
65 51 81
65 52 40
65 53 21
65 54 84
65 55 37
65 56 22
65 57 65
65 58 23
65 59 21
65 60 82
65 61 33
65 62 50
65 63 57
65 64 69
65 66 14
65 67 96
65 68 73
65 69 67
65 70 12
65 71 77
65 72 1
65 73 43
65 74 71
65 75 40
65 76 53
65 77 79
65 78 42
65 79 48
65 80 12
65 81 76
65 82 31
65 83 34
65 84 56
65 85 75
65 86 32
65 87 65
65 88 26
65 89 20
65 90 80
65 91 43
65 92 89
65 93 51
65 94 98
65 95 3
65 96 17
65 97 55
65 98 43
65 99 80
65 100 17
66 0 62
66 1 12
66 2 42
66 3 44
66 4 32
66 5 25
66 6 72
66 7 84
66 8 4
66 9 7
66 10 47
66 11 88
66 12 20
66 13 11
66 14 19
66 15 56
66 16 62
66 17 76
66 18 64
66 19 20
66 20 39
66 21 15
66 22 54
66 23 39
66 24 94
66 25 13
66 26 77
66 27 35
66 28 55
66 29 89
66 30 86
66 31 40
66 32 51
66 33 15
66 34 16
66 35 62
66 36 47
66 37 65
66 38 20
66 39 8
66 40 99
66 41 14
66 42 46
66 43 2
66 44 30
66 45 86
66 46 51
66 47 33
66 48 81
66 49 16
66 50 22
66 51 44
66 52 22
66 53 55
66 54 22
66 55 30
66 56 99
66 57 28
66 58 95
66 59 42
66 60 72
66 61 59
66 62 60
66 63 48
66 64 61
66 65 88
66 67 37
66 68 98
66 69 71
66 70 69
66 71 8
66 72 91
66 73 88
66 74 13
66 75 68
66 76 78
66 77 10
66 78 12
66 79 59
66 80 24
66 81 5
66 82 31
66 83 95
66 84 97
66 85 66
66 86 69
66 87 96
66 88 76
66 89 24
66 90 56
66 91 13
66 92 52
66 93 94
66 94 56
66 95 52
66 96 48
66 97 69
66 98 86
66 99 46
66 100 47
67 0 25
67 1 1
67 2 95
67 3 23
67 4 57
67 5 8
67 6 53
67 7 57
67 8 55
67 9 96
67 10 86
67 11 57
67 12 39
67 13 38
67 14 96
67 15 57
67 16 38
67 17 16
67 18 73
67 19 96
67 20 93
67 21 50
67 22 87
67 23 92
67 24 22
67 25 74
67 26 16
67 27 92
67 28 19
67 29 90
67 30 24
67 31 55
67 32 27
67 33 6
67 34 21
67 35 35
67 36 70
67 37 99
67 38 49
67 39 35
67 40 69
67 41 83
67 42 52
67 43 79
67 44 92
67 45 3
67 46 2
67 47 5
67 48 76
67 49 22
67 50 93
67 51 19
67 52 49
67 53 90
67 54 76
67 55 29
67 56 23
67 57 18
67 58 70
67 59 55
67 60 82
67 61 78
67 62 75
67 63 38
67 64 49
67 65 65
67 66 99
67 68 1
67 69 54
67 70 28
67 71 94
67 72 82
67 73 30
67 74 27
67 75 9
67 76 16
67 77 96
67 78 87
67 79 16
67 80 78
67 81 35
67 82 78
67 83 14
67 84 54
67 85 99
67 86 74
67 87 25
67 88 41
67 89 24
67 90 96
67 91 37
67 92 93
67 93 86
67 94 29
67 95 19
67 96 74
67 97 81
67 98 60
67 99 61
67 100 3
68 0 77
68 1 90
68 2 65
68 3 5
68 4 50
68 5 74
68 6 28
68 7 15
68 8 46
68 9 46
68 10 40
68 11 71
68 12 96
68 13 32
68 14 73
68 15 99
68 16 86
68 17 3
68 18 76
68 19 27
68 20 7
68 21 95
68 22 87
68 23 78
68 24 62
68 25 47
68 26 73
68 27 17
68 28 73
68 29 59
68 30 37
68 31 65
68 32 71
68 33 30
68 34 93
68 35 9
68 36 78
68 37 30
68 38 80
68 39 94
68 40 12
68 41 82
68 42 55
68 43 88
68 44 23
68 45 99
68 46 20
68 47 79
68 48 68
68 49 57
68 50 15
68 51 16
68 52 82
68 53 75
68 54 36
68 55 44
68 56 52
68 57 87
68 58 32
68 59 51
68 60 44
68 61 29
68 62 76
68 63 5
68 64 30
68 65 32
68 66 44
68 67 93
68 69 55
68 70 45
68 71 77
68 72 42
68 73 39
68 74 78
68 75 93
68 76 66
68 77 21
68 78 26
68 79 26
68 80 39
68 81 62
68 82 40
68 83 48
68 84 86
68 85 81
68 86 3
68 87 40
68 88 16
68 89 96
68 90 5
68 91 71
68 92 46
68 93 34
68 94 38
68 95 37
68 96 88
68 97 25
68 98 89
68 99 28
68 100 3
69 0 52
69 1 33
69 2 80
69 3 42
69 4 40
69 5 2
69 6 13
69 7 21
69 8 74
69 9 22
69 10 77
69 11 96
69 12 93
69 13 16
69 14 41
69 15 35
69 16 45
69 17 64
69 18 48
69 19 21
69 20 39
69 21 70
69 22 74
69 23 31
69 24 28
69 25 95
69 26 28
69 27 54
69 28 4
69 29 12
69 30 85
69 31 57
69 32 28
69 33 39
69 34 39
69 35 18
69 36 69
69 37 23
69 38 52
69 39 33
69 40 67
69 41 68
69 42 89
69 43 67
69 44 1
69 45 46
69 46 82
69 47 78
69 48 93
69 49 58
69 50 2
69 51 62
69 52 81
69 53 73
69 54 94
69 55 16
69 56 9
69 57 39
69 58 81
69 59 95
69 60 38
69 61 95
69 62 97
69 63 35
69 64 67
69 65 29
69 66 45
69 67 11
69 68 98
69 70 50
69 71 95
69 72 64
69 73 9
69 74 58
69 75 49
69 76 34
69 77 17
69 78 73
69 79 83
69 80 17
69 81 99
69 82 11
69 83 15
69 84 86
69 85 55
69 86 65
69 87 7
69 88 16
69 89 19
69 90 43
69 91 60
69 92 48
69 93 16
69 94 5
69 95 9
69 96 33
69 97 3
69 98 2
69 99 55
69 100 90
70 0 69
70 1 99
70 2 6
70 3 15
70 4 54
70 5 46
70 6 92
70 7 4
70 8 24
70 9 32
70 10 45
70 11 88
70 12 54
70 13 98
70 14 63
70 15 12
70 16 28
70 17 70
70 18 16
70 19 27
70 20 89
70 21 49
70 22 66
70 23 36
70 24 26
70 25 91
70 26 17
70 27 94
70 28 32
70 29 55
70 30 60
70 31 3
70 32 69
70 33 7
70 34 44
70 35 93
70 36 53
70 37 8
70 38 27
70 39 28
70 40 25
70 41 19
70 42 56
70 43 18
70 44 84
70 45 33
70 46 63
70 47 6
70 48 48
70 49 77
70 50 84
70 51 61
70 52 2
70 53 63
70 54 76
70 55 91
70 56 27
70 57 47
70 58 71
70 59 23
70 60 1
70 61 49
70 62 61
70 63 89
70 64 14
70 65 54
70 66 79
70 67 79
70 68 71
70 69 50
70 71 56
70 72 8
70 73 82
70 74 30
70 75 59
70 76 54
70 77 43
70 78 83
70 79 89
70 80 52
70 81 71
70 82 28
70 83 58
70 84 15
70 85 73
70 86 20
70 87 84
70 88 46
70 89 51
70 90 50
70 91 32
70 92 34
70 93 22
70 94 48
70 95 57
70 96 60
70 97 28
70 98 79
70 99 85
70 100 58
71 0 8
71 1 15
71 2 33
71 3 21
71 4 4
71 5 82
71 6 76
71 7 58
71 8 28
71 9 4
71 10 94
71 11 41
71 12 46
71 13 9
71 14 68
71 15 51
71 16 33
71 17 90
71 18 64
71 19 78
71 20 56
71 21 26
71 22 78
71 23 94
71 24 54
71 25 63
71 26 23
71 27 61
71 28 61
71 29 46
71 30 96
71 31 32
71 32 75
71 33 74
71 34 68
71 35 74
71 36 53
71 37 36
71 38 21
71 39 69
71 40 51
71 41 14
71 42 12
71 43 33
71 44 49
71 45 98
71 46 35
71 47 14
71 48 39
71 49 75
71 50 45
71 51 82
71 52 26
71 53 9
71 54 43
71 55 33
71 56 50
71 57 45
71 58 77
71 59 5
71 60 44
71 61 71
71 62 14
71 63 58
71 64 29
71 65 25
71 66 6
71 67 90
71 68 85
71 69 31
71 70 59
71 72 54
71 73 82
71 74 34
71 75 32
71 76 71
71 77 81
71 78 50
71 79 63
71 80 83
71 81 10
71 82 36
71 83 88
71 84 69
71 85 89
71 86 33
71 87 6
71 88 33
71 89 90
71 90 49
71 91 24
71 92 43
71 93 81
71 94 31
71 95 26
71 96 30
71 97 65
71 98 67
71 99 91
71 100 29
72 0 54
72 1 29
72 2 35
72 3 71
72 4 93
72 5 89
72 6 49
72 7 87
72 8 28
72 9 9
72 10 59
72 11 83
72 12 33
72 13 19
72 14 60
72 15 18
72 16 21
72 17 8
72 18 88
72 19 67
72 20 65
72 21 80
72 22 56
72 23 32
72 24 81
72 25 97
72 26 77
72 27 46
72 28 55
72 29 95
72 30 8
72 31 4
72 32 63
72 33 34
72 34 96
72 35 30
72 36 98
72 37 55
72 38 16
72 39 5
72 40 26
72 41 96
72 42 7
72 43 72
72 44 91
72 45 5
72 46 69
72 47 18
72 48 60
72 49 71
72 50 2
72 51 68
72 52 55
72 53 36
72 54 6
72 55 13
72 56 89
72 57 54
72 58 51
72 59 90
72 60 46
72 61 82
72 62 18
72 63 91
72 64 86
72 65 96
72 66 64
72 67 23
72 68 26
72 69 16
72 70 69
72 71 75
72 73 95
72 74 75
72 75 61
72 76 77
72 77 55
72 78 33
72 79 83
72 80 66
72 81 69
72 82 76
72 83 12
72 84 14
72 85 86
72 86 69
72 87 77
72 88 14
72 89 32
72 90 82
72 91 95
72 92 91
72 93 68
72 94 12
72 95 78
72 96 32
72 97 40
72 98 90
72 99 19
72 100 31
73 0 27
73 1 79
73 2 82
73 3 53
73 4 86
73 5 46
73 6 6
73 7 40
73 8 41
73 9 67
73 10 83
73 11 64
73 12 30
73 13 4
73 14 51
73 15 56
73 16 10
73 17 24
73 18 5
73 19 33
73 20 62
73 21 22
73 22 10
73 23 93
73 24 94
73 25 44
73 26 65
73 27 56
73 28 64
73 29 91
73 30 66
73 31 98
73 32 25
73 33 80
73 34 94
73 35 32
73 36 79
73 37 37
73 38 81
73 39 90
73 40 22
73 41 44
73 42 87
73 43 3
73 44 52
73 45 59
73 46 41
73 47 13
73 48 84
73 49 66
73 50 96
73 51 9
73 52 53
73 53 37
73 54 78
73 55 96
73 56 83
73 57 30
73 58 98
73 59 10
73 60 20
73 61 57
73 62 20
73 63 65
73 64 92
73 65 6
73 66 91
73 67 74
73 68 19
73 69 87
73 70 39
73 71 51
73 72 58
73 74 37
73 75 17
73 76 39
73 77 30
73 78 43
73 79 90
73 80 95
73 81 45
73 82 53
73 83 24
73 84 67
73 85 82
73 86 79
73 87 78
73 88 86
73 89 59
73 90 63
73 91 84
73 92 93
73 93 36
73 94 33
73 95 69
73 96 20
73 97 13
73 98 97
73 99 54
73 100 94
74 0 53
74 1 85
74 2 8
74 3 1
74 4 20
74 5 77
74 6 2
74 7 60
74 8 54
74 9 18
74 10 85
74 11 99
74 12 76
74 13 88
74 14 78
74 15 45
74 16 88
74 17 52
74 18 11
74 19 70
74 20 63
74 21 19
74 22 75
74 23 61
74 24 95
74 25 65
74 26 20
74 27 95
74 28 71
74 29 24
74 30 48
74 31 64
74 32 79
74 33 90
74 34 25
74 35 62
74 36 70
74 37 39
74 38 35
74 39 47
74 40 12
74 41 9
74 42 24
74 43 40
74 44 83
74 45 26
74 46 45
74 47 80
74 48 81
74 49 95
74 50 94
74 51 96
74 52 21
74 53 7
74 54 85
74 55 52
74 56 38
74 57 74
74 58 48
74 59 38
74 60 11
74 61 51
74 62 75
74 63 2
74 64 78
74 65 8
74 66 25
74 67 25
74 68 11
74 69 67
74 70 16
74 71 48
74 72 91
74 73 67
74 75 86
74 76 85
74 77 20
74 78 37
74 79 73
74 80 19
74 81 7
74 82 70
74 83 18
74 84 71
74 85 12
74 86 26
74 87 2
74 88 11
74 89 43
74 90 74
74 91 13
74 92 34
74 93 8
74 94 8
74 95 47
74 96 94
74 97 29
74 98 30
74 99 29
74 100 28
75 0 95
75 1 63
75 2 42
75 3 11
75 4 60
75 5 2
75 6 10
75 7 98
75 8 49
75 9 67
75 10 54
75 11 46
75 12 2
75 13 67
75 14 70
75 15 75
75 16 16
75 17 96
75 18 82
75 19 46
75 20 88
75 21 78
75 22 96
75 23 58
75 24 90
75 25 11
75 26 30
75 27 59
75 28 10
75 29 40
75 30 2
75 31 28
75 32 81
75 33 78
75 34 13
75 35 84
75 36 88
75 37 11
75 38 48
75 39 53
75 40 13
75 41 47
75 42 23
75 43 85
75 44 98
75 45 39
75 46 10
75 47 44
75 48 58
75 49 63
75 50 69
75 51 67
75 52 86
75 53 81
75 54 60
75 55 91
75 56 84
75 57 35
75 58 73
75 59 53
75 60 41
75 61 61
75 62 85
75 63 82
75 64 78
75 65 20
75 66 44
75 67 91
75 68 27
75 69 72
75 70 25
75 71 5
75 72 38
75 73 9
75 74 14
75 76 65
75 77 20
75 78 2
75 79 13
75 80 81
75 81 15
75 82 96
75 83 3
75 84 33
75 85 44
75 86 68
75 87 96
75 88 37
75 89 46
75 90 16
75 91 46
75 92 54
75 93 42
75 94 1
75 95 88
75 96 40
75 97 21
75 98 12
75 99 61
75 100 92
76 0 69
76 1 14
76 2 32
76 3 75
76 4 22
76 5 51
76 6 80
76 7 34
76 8 74
76 9 34
76 10 74
76 11 26
76 12 76
76 13 42
76 14 22
76 15 98
76 16 50
76 17 19
76 18 85
76 19 92
76 20 88
76 21 53
76 22 70
76 23 5
76 24 65
76 25 17
76 26 24
76 27 23
76 28 68
76 29 38
76 30 45
76 31 90
76 32 59
76 33 50
76 34 73
76 35 50
76 36 93
76 37 57
76 38 83
76 39 42
76 40 33
76 41 15
76 42 2
76 43 48
76 44 83
76 45 57
76 46 23
76 47 64
76 48 62
76 49 94
76 50 10
76 51 30
76 52 69
76 53 1
76 54 92
76 55 9
76 56 35
76 57 15
76 58 48
76 59 66
76 60 47
76 61 32
76 62 3
76 63 68
76 64 59
76 65 86
76 66 90
76 67 44
76 68 83
76 69 47
76 70 21
76 71 88
76 72 38
76 73 51
76 74 55
76 75 26
76 77 89
76 78 54
76 79 89
76 80 18
76 81 34
76 82 35
76 83 30
76 84 50
76 85 30
76 86 41
76 87 59
76 88 29
76 89 18
76 90 39
76 91 79
76 92 81
76 93 27
76 94 93
76 95 52
76 96 93
76 97 60
76 98 25
76 99 24
76 100 29
77 0 80
77 1 84
77 2 82
77 3 28
77 4 52
77 5 56
77 6 52
77 7 79
77 8 56
77 9 9
77 10 85
77 11 23
77 12 57
77 13 54
77 14 83
77 15 11
77 16 5
77 17 91
77 18 86
77 19 60
77 20 17
77 21 69
77 22 11
77 23 80
77 24 66
77 25 78
77 26 19
77 27 35
77 28 63
77 29 90
77 30 41
77 31 85
77 32 75
77 33 61
77 34 33
77 35 62
77 36 90
77 37 31
77 38 54
77 39 64
77 40 38
77 41 35
77 42 22
77 43 47
77 44 44
77 45 19
77 46 16
77 47 53
77 48 3
77 49 72
77 50 18
77 51 9
77 52 43
77 53 74
77 54 20
77 55 3
77 56 28
77 57 10
77 58 4
77 59 70
77 60 79
77 61 12
77 62 38
77 63 26
77 64 50
77 65 44
77 66 16
77 67 51
77 68 70
77 69 8
77 70 19
77 71 7
77 72 21
77 73 45
77 74 66
77 75 26
77 76 4
77 78 73
77 79 7
77 80 24
77 81 93
77 82 79
77 83 27
77 84 21
77 85 59
77 86 70
77 87 41
77 88 88
77 89 35
77 90 45
77 91 1
77 92 94
77 93 82
77 94 59
77 95 86
77 96 72
77 97 46
77 98 71
77 99 19
77 100 93
78 0 70
78 1 36
78 2 47
78 3 28
78 4 64
78 5 38
78 6 38
78 7 69
78 8 96
78 9 62
78 10 61
78 11 84
78 12 65
78 13 63
78 14 52
78 15 3
78 16 36
78 17 44
78 18 91
78 19 67
78 20 52
78 21 46
78 22 24
78 23 42
78 24 34
78 25 58
78 26 49
78 27 35
78 28 57
78 29 39
78 30 46
78 31 49
78 32 32
78 33 84
78 34 14
78 35 26
78 36 92
78 37 93
78 38 64
78 39 88
78 40 89
78 41 60
78 42 98
78 43 31
78 44 52
78 45 1
78 46 27
78 47 74
78 48 16
78 49 51
78 50 24
78 51 50
78 52 60
78 53 71
78 54 6
78 55 34
78 56 4
78 57 34
78 58 38
78 59 44
78 60 70
78 61 34
78 62 85
78 63 14
78 64 19
78 65 86
78 66 57
78 67 20
78 68 96
78 69 44
78 70 23
78 71 34
78 72 97
78 73 52
78 74 25
78 75 97
78 76 22
78 77 35
78 79 30
78 80 62
78 81 65
78 82 23
78 83 62
78 84 3
78 85 77
78 86 50
78 87 20
78 88 87
78 89 33
78 90 6
78 91 1
78 92 34
78 93 76
78 94 68
78 95 1
78 96 35
78 97 52
78 98 93
78 99 90
78 100 57
79 0 87
79 1 34
79 2 45
79 3 84
79 4 8
79 5 78
79 6 46
79 7 59
79 8 88
79 9 48
79 10 34
79 11 56
79 12 49
79 13 73
79 14 16
79 15 14
79 16 70
79 17 9
79 18 14
79 19 71
79 20 13
79 21 65
79 22 99
79 23 13
79 24 60
79 25 27
79 26 5
79 27 69
79 28 5
79 29 81
79 30 29
79 31 44
79 32 57
79 33 13
79 34 5
79 35 24
79 36 3
79 37 60
79 38 39
79 39 75
79 40 71
79 41 17
79 42 56
79 43 41
79 44 37
79 45 38
79 46 86
79 47 62
79 48 74
79 49 47
79 50 86
79 51 4
79 52 3
79 53 86
79 54 54
79 55 85
79 56 23
79 57 69
79 58 52
79 59 88
79 60 95
79 61 11
79 62 64
79 63 86
79 64 25
79 65 57
79 66 83
79 67 70
79 68 14
79 69 80
79 70 51
79 71 42
79 72 52
79 73 68
79 74 54
79 75 71
79 76 67
79 77 15
79 78 25
79 80 38
79 81 5
79 82 58
79 83 51
79 84 67
79 85 57
79 86 78
79 87 67
79 88 65
79 89 10
79 90 72
79 91 61
79 92 92
79 93 64
79 94 87
79 95 49
79 96 67
79 97 99
79 98 47
79 99 71
79 100 39
80 0 75
80 1 58
80 2 4
80 3 42
80 4 77
80 5 34
80 6 77
80 7 5
80 8 5
80 9 16
80 10 25
80 11 81
80 12 44
80 13 29
80 14 26
80 15 43
80 16 64
80 17 62
80 18 56
80 19 19
80 20 30
80 21 21
80 22 90
80 23 38
80 24 38
80 25 15
80 26 67
80 27 51
80 28 9
80 29 45
80 30 25
80 31 26
80 32 75
80 33 70
80 34 28
80 35 75
80 36 81
80 37 23
80 38 75
80 39 95
80 40 69
80 41 82
80 42 19
80 43 68
80 44 81
80 45 57
80 46 80
80 47 50
80 48 47
80 49 1
80 50 94
80 51 54
80 52 70
80 53 92
80 54 42
80 55 8
80 56 95
80 57 23
80 58 37
80 59 96
80 60 86
80 61 60
80 62 13
80 63 12
80 64 53
80 65 98
80 66 55
80 67 75
80 68 1
80 69 21
80 70 18
80 71 81
80 72 5
80 73 44
80 74 49
80 75 71
80 76 87
80 77 20
80 78 20
80 79 43
80 81 39
80 82 70
80 83 33
80 84 64
80 85 50
80 86 59
80 87 30
80 88 55
80 89 84
80 90 19
80 91 16
80 92 37
80 93 61
80 94 23
80 95 36
80 96 12
80 97 33
80 98 11
80 99 9
80 100 47
81 0 28
81 1 82
81 2 22
81 3 37
81 4 83
81 5 21
81 6 12
81 7 69
81 8 55
81 9 50
81 10 55
81 11 17
81 12 3
81 13 78
81 14 43
81 15 27
81 16 59
81 17 54
81 18 99
81 19 19
81 20 50
81 21 24
81 22 23
81 23 23
81 24 4
81 25 97
81 26 96
81 27 12
81 28 65
81 29 37
81 30 32
81 31 15
81 32 1
81 33 55
81 34 37
81 35 38
81 36 31
81 37 48
81 38 86
81 39 4
81 40 51
81 41 73
81 42 71
81 43 98
81 44 81
81 45 92
81 46 9
81 47 36
81 48 38
81 49 71
81 50 42
81 51 45
81 52 60
81 53 97
81 54 12
81 55 26
81 56 38
81 57 5
81 58 73
81 59 68
81 60 91
81 61 76
81 62 25
81 63 9
81 64 15
81 65 52
81 66 45
81 67 60
81 68 3
81 69 39
81 70 70
81 71 42
81 72 71
81 73 44
81 74 82
81 75 50
81 76 55
81 77 77
81 78 50
81 79 62
81 80 47
81 82 40
81 83 44
81 84 61
81 85 87
81 86 68
81 87 29
81 88 51
81 89 5
81 90 35
81 91 86
81 92 96
81 93 82
81 94 44
81 95 35
81 96 84
81 97 28
81 98 33
81 99 3
81 100 32
82 0 10
82 1 93
82 2 48
82 3 95
82 4 69
82 5 37
82 6 36
82 7 75
82 8 26
82 9 13
82 10 89
82 11 99
82 12 11
82 13 21
82 14 67
82 15 4
82 16 63
82 17 45
82 18 65
82 19 99
82 20 83
82 21 76
82 22 45
82 23 81
82 24 2
82 25 14
82 26 20
82 27 82
82 28 48
82 29 21
82 30 76
82 31 10
82 32 26
82 33 47
82 34 34
82 35 51
82 36 1
82 37 78
82 38 83
82 39 87
82 40 60
82 41 9
82 42 58
82 43 48
82 44 48
82 45 28
82 46 31
82 47 15
82 48 27
82 49 37
82 50 98
82 51 10
82 52 35
82 53 49
82 54 86
82 55 2
82 56 38
82 57 35
82 58 78
82 59 77
82 60 65
82 61 81
82 62 56
82 63 72
82 64 34
82 65 73
82 66 35
82 67 78
82 68 99
82 69 57
82 70 59
82 71 33
82 72 18
82 73 63
82 74 84
82 75 42
82 76 84
82 77 13
82 78 99
82 79 90
82 80 6
82 81 6
82 83 55
82 84 24
82 85 17
82 86 28
82 87 17
82 88 78
82 89 89
82 90 74
82 91 99
82 92 3
82 93 30
82 94 65
82 95 27
82 96 70
82 97 67
82 98 32
82 99 59
82 100 29
83 0 27
83 1 41
83 2 24
83 3 50
83 4 64
83 5 69
83 6 58
83 7 53
83 8 95
83 9 19
83 10 57
83 11 41
83 12 84
83 13 43
83 14 51
83 15 81
83 16 20
83 17 41
83 18 22
83 19 10
83 20 80
83 21 13
83 22 80
83 23 46
83 24 69
83 25 60
83 26 33
83 27 24
83 28 35
83 29 11
83 30 30
83 31 81
83 32 13
83 33 20
83 34 67
83 35 84
83 36 74
83 37 50
83 38 16
83 39 42
83 40 94
83 41 58
83 42 6
83 43 22
83 44 76
83 45 59
83 46 33
83 47 63
83 48 55
83 49 9
83 50 85
83 51 67
83 52 95
83 53 15
83 54 14
83 55 85
83 56 87
83 57 13
83 58 92
83 59 93
83 60 95
83 61 54
83 62 23
83 63 50
83 64 44
83 65 5
83 66 30
83 67 1
83 68 76
83 69 37
83 70 72
83 71 67
83 72 39
83 73 94
83 74 91
83 75 57
83 76 12
83 77 92
83 78 36
83 79 12
83 80 45
83 81 97
83 82 93
83 84 55
83 85 71
83 86 17
83 87 6
83 88 57
83 89 10
83 90 53
83 91 14
83 92 25
83 93 30
83 94 7
83 95 51
83 96 15
83 97 99
83 98 19
83 99 20
83 100 29
84 0 21
84 1 23
84 2 83
84 3 58
84 4 70
84 5 62
84 6 70
84 7 16
84 8 21
84 9 89
84 10 24
84 11 86
84 12 3
84 13 73
84 14 60
84 15 70
84 16 55
84 17 17
84 18 99
84 19 38
84 20 76
84 21 44
84 22 46
84 23 19
84 24 14
84 25 50
84 26 32
84 27 15
84 28 38
84 29 65
84 30 3
84 31 89
84 32 53
84 33 38
84 34 66
84 35 56
84 36 31
84 37 46
84 38 61
84 39 31
84 40 32
84 41 61
84 42 69
84 43 54
84 44 69
84 45 9
84 46 31
84 47 17
84 48 21
84 49 57
84 50 49
84 51 49
84 52 15
84 53 2
84 54 4
84 55 7
84 56 46
84 57 14
84 58 70
84 59 35
84 60 87
84 61 27
84 62 16
84 63 60
84 64 25
84 65 79
84 66 71
84 67 9
84 68 2
84 69 67
84 70 90
84 71 49
84 72 18
84 73 23
84 74 77
84 75 78
84 76 13
84 77 17
84 78 67
84 79 99
84 80 37
84 81 77
84 82 70
84 83 58
84 85 29
84 86 83
84 87 14
84 88 71
84 89 2
84 90 14
84 91 3
84 92 35
84 93 47
84 94 60
84 95 3
84 96 14
84 97 86
84 98 4
84 99 21
84 100 84
85 0 37
85 1 41
85 2 36
85 3 64
85 4 41
85 5 75
85 6 97
85 7 57
85 8 88
85 9 97
85 10 70
85 11 80
85 12 88
85 13 52
85 14 74
85 15 43
85 16 68
85 17 98
85 18 54
85 19 65
85 20 66
85 21 73
85 22 78
85 23 41
85 24 78
85 25 81
85 26 87
85 27 13
85 28 21
85 29 60
85 30 98
85 31 12
85 32 81
85 33 94
85 34 5
85 35 3
85 36 57
85 37 47
85 38 99
85 39 82
85 40 76
85 41 63
85 42 95
85 43 13
85 44 53
85 45 85
85 46 65
85 47 23
85 48 99
85 49 61
85 50 86
85 51 6
85 52 71
85 53 20
85 54 19
85 55 4
85 56 22
85 57 87
85 58 27
85 59 98
85 60 59
85 61 28
85 62 41
85 63 10
85 64 69
85 65 51
85 66 31
85 67 42
85 68 90
85 69 91
85 70 79
85 71 60
85 72 72
85 73 82
85 74 1
85 75 44
85 76 83
85 77 33
85 78 44
85 79 89
85 80 72
85 81 36
85 82 18
85 83 81
85 84 66
85 86 85
85 87 74
85 88 3
85 89 23
85 90 88
85 91 87
85 92 30
85 93 96
85 94 13
85 95 46
85 96 43
85 97 2
85 98 68
85 99 77
85 100 20
86 0 95
86 1 59
86 2 44
86 3 91
86 4 4
86 5 53
86 6 10
86 7 83
86 8 88
86 9 64
86 10 57
86 11 87
86 12 7
86 13 41
86 14 5
86 15 22
86 16 56
86 17 81
86 18 27
86 19 12
86 20 12
86 21 39
86 22 49
86 23 75
86 24 14
86 25 64
86 26 58
86 27 57
86 28 21
86 29 74
86 30 71
86 31 12
86 32 50
86 33 86
86 34 9
86 35 24
86 36 12
86 37 28
86 38 48
86 39 5
86 40 63
86 41 45
86 42 45
86 43 60
86 44 30
86 45 44
86 46 80
86 47 15
86 48 11
86 49 74
86 50 71
86 51 55
86 52 89
86 53 92
86 54 5
86 55 87
86 56 26
86 57 67
86 58 9
86 59 36
86 60 64
86 61 98
86 62 35
86 63 77
86 64 70
86 65 49
86 66 55
86 67 92
86 68 58
86 69 28
86 70 16
86 71 12
86 72 20
86 73 21
86 74 91
86 75 26
86 76 98
86 77 51
86 78 67
86 79 31
86 80 55
86 81 36
86 82 55
86 83 37
86 84 9
86 85 83
86 87 47
86 88 10
86 89 27
86 90 46
86 91 37
86 92 9
86 93 12
86 94 20
86 95 86
86 96 91
86 97 81
86 98 10
86 99 90
86 100 19
87 0 97
87 1 49
87 2 44
87 3 80
87 4 66
87 5 82
87 6 82
87 7 50
87 8 40
87 9 30
87 10 67
87 11 79
87 12 43
87 13 37
87 14 59
87 15 20
87 16 17
87 17 5
87 18 5
87 19 11
87 20 76
87 21 52
87 22 20
87 23 93
87 24 12
87 25 31
87 26 96
87 27 26
87 28 83
87 29 47
87 30 58
87 31 94
87 32 79
87 33 90
87 34 15
87 35 75
87 36 71
87 37 89
87 38 95
87 39 8
87 40 77
87 41 78
87 42 83
87 43 50
87 44 80
87 45 72
87 46 14
87 47 51
87 48 2
87 49 34
87 50 12
87 51 22
87 52 21
87 53 34
87 54 53
87 55 3
87 56 93
87 57 26
87 58 28
87 59 75
87 60 90
87 61 45
87 62 80
87 63 38
87 64 83
87 65 42
87 66 56
87 67 50
87 68 6
87 69 21
87 70 22
87 71 16
87 72 70
87 73 73
87 74 21
87 75 2
87 76 44
87 77 44
87 78 42
87 79 58
87 80 46
87 81 83
87 82 55
87 83 21
87 84 72
87 85 71
87 86 10
87 88 63
87 89 33
87 90 53
87 91 49
87 92 22
87 93 11
87 94 64
87 95 43
87 96 38
87 97 68
87 98 18
87 99 43
87 100 26
88 0 33
88 1 19
88 2 17
88 3 86
88 4 10
88 5 65
88 6 38
88 7 75
88 8 59
88 9 65
88 10 43
88 11 73
88 12 20
88 13 62
88 14 28
88 15 76
88 16 30
88 17 13
88 18 56
88 19 83
88 20 72
88 21 29
88 22 40
88 23 3
88 24 30
88 25 40
88 26 6
88 27 86
88 28 34
88 29 34
88 30 57
88 31 58
88 32 88
88 33 1
88 34 58
88 35 57
88 36 23
88 37 17
88 38 6
88 39 64
88 40 27
88 41 36
88 42 40
88 43 33
88 44 30
88 45 67
88 46 55
88 47 72
88 48 53
88 49 93
88 50 3
88 51 75
88 52 49
88 53 47
88 54 3
88 55 47
88 56 95
88 57 88
88 58 37
88 59 91
88 60 43
88 61 41
88 62 66
88 63 84
88 64 96
88 65 17
88 66 8
88 67 98
88 68 20
88 69 14
88 70 79
88 71 14
88 72 18
88 73 70
88 74 58
88 75 29
88 76 90
88 77 94
88 78 8
88 79 89
88 80 56
88 81 77
88 82 52
88 83 86
88 84 47
88 85 91
88 86 20
88 87 35
88 89 71
88 90 48
88 91 74
88 92 49
88 93 17
88 94 65
88 95 1
88 96 62
88 97 9
88 98 16
88 99 17
88 100 94
89 0 72
89 1 11
89 2 87
89 3 17
89 4 35
89 5 5
89 6 7
89 7 44
89 8 83
89 9 81
89 10 90
89 11 57
89 12 10
89 13 33
89 14 19
89 15 42
89 16 1
89 17 79
89 18 43
89 19 33
89 20 92
89 21 98
89 22 60
89 23 30
89 24 13
89 25 97
89 26 35
89 27 89
89 28 2
89 29 34
89 30 6
89 31 37
89 32 97
89 33 3
89 34 80
89 35 86
89 36 44
89 37 50
89 38 76
89 39 25
89 40 20
89 41 94
89 42 58
89 43 3
89 44 99
89 45 77
89 46 16
89 47 13
89 48 45
89 49 12
89 50 1
89 51 54
89 52 47
89 53 54
89 54 27
89 55 51
89 56 86
89 57 96
89 58 6
89 59 22
89 60 47
89 61 22
89 62 20
89 63 39
89 64 70
89 65 30
89 66 79
89 67 76
89 68 89
89 69 14
89 70 43
89 71 68
89 72 32
89 73 27
89 74 34
89 75 95
89 76 67
89 77 49
89 78 17
89 79 90
89 80 21
89 81 31
89 82 38
89 83 69
89 84 26
89 85 50
89 86 67
89 87 45
89 88 53
89 90 78
89 91 62
89 92 45
89 93 63
89 94 44
89 95 54
89 96 58
89 97 30
89 98 61
89 99 76
89 100 45
90 0 4
90 1 31
90 2 46
90 3 52
90 4 87
90 5 64
90 6 41
90 7 31
90 8 94
90 9 14
90 10 7
90 11 55
90 12 11
90 13 12
90 14 12
90 15 26
90 16 3
90 17 56
90 18 88
90 19 8
90 20 86
90 21 19
90 22 70
90 23 35
90 24 44
90 25 59
90 26 93
90 27 19
90 28 26
90 29 97
90 30 95
90 31 1
90 32 2
90 33 79
90 34 53
90 35 80
90 36 72
90 37 81
90 38 27
90 39 43
90 40 1
90 41 80
90 42 18
90 43 88
90 44 35
90 45 73
90 46 64
90 47 43
90 48 55
90 49 25
90 50 38
90 51 31
90 52 53
90 53 4
90 54 54
90 55 92
90 56 73
90 57 22
90 58 71
90 59 52
90 60 62
90 61 84
90 62 33
90 63 29
90 64 31
90 65 31
90 66 77
90 67 96
90 68 23
90 69 58
90 70 75
90 71 82
90 72 28
90 73 68
90 74 34
90 75 28
90 76 27
90 77 31
90 78 96
90 79 52
90 80 72
90 81 7
90 82 45
90 83 88
90 84 87
90 85 22
90 86 33
90 87 42
90 88 73
90 89 31
90 91 51
90 92 78
90 93 7
90 94 19
90 95 11
90 96 45
90 97 26
90 98 47
90 99 49
90 100 91
91 0 13
91 1 15
91 2 16
91 3 43
91 4 66
91 5 43
91 6 18
91 7 9
91 8 60
91 9 38
91 10 9
91 11 18
91 12 49
91 13 11
91 14 58
91 15 59
91 16 23
91 17 83
91 18 66
91 19 42
91 20 16
91 21 12
91 22 47
91 23 98
91 24 41
91 25 40
91 26 71
91 27 66
91 28 46
91 29 63
91 30 95
91 31 54
91 32 20
91 33 66
91 34 75
91 35 68
91 36 64
91 37 48
91 38 5
91 39 42
91 40 26
91 41 80
91 42 19
91 43 58
91 44 34
91 45 97
91 46 17
91 47 69
91 48 40
91 49 46
91 50 20
91 51 14
91 52 4
91 53 37
91 54 17
91 55 50
91 56 73
91 57 3
91 58 64
91 59 86
91 60 1
91 61 52
91 62 94
91 63 83
91 64 21
91 65 14
91 66 19
91 67 23
91 68 53
91 69 40
91 70 10
91 71 56
91 72 77
91 73 56
91 74 37
91 75 44
91 76 62
91 77 35
91 78 74
91 79 75
91 80 3
91 81 84
91 82 69
91 83 94
91 84 53
91 85 75
91 86 46
91 87 84
91 88 2
91 89 42
91 90 47
91 92 65
91 93 45
91 94 38
91 95 43
91 96 65
91 97 14
91 98 85
91 99 94
91 100 57
92 0 18
92 1 70
92 2 42
92 3 25
92 4 54
92 5 86
92 6 90
92 7 17
92 8 51
92 9 89
92 10 75
92 11 31
92 12 90
92 13 77
92 14 37
92 15 26
92 16 13
92 17 11
92 18 45
92 19 37
92 20 65
92 21 26
92 22 49
92 23 35
92 24 48
92 25 99
92 26 70
92 27 16
92 28 69
92 29 85
92 30 47
92 31 57
92 32 78
92 33 27
92 34 39
92 35 91
92 36 60
92 37 87
92 38 7
92 39 91
92 40 70
92 41 75
92 42 82
92 43 76
92 44 50
92 45 99
92 46 29
92 47 30
92 48 75
92 49 16
92 50 28
92 51 47
92 52 93
92 53 7
92 54 61
92 55 20
92 56 50
92 57 51
92 58 1
92 59 27
92 60 26
92 61 96
92 62 35
92 63 88
92 64 43
92 65 63
92 66 14
92 67 41
92 68 35
92 69 53
92 70 56
92 71 4
92 72 2
92 73 25
92 74 51
92 75 6
92 76 14
92 77 85
92 78 42
92 79 65
92 80 14
92 81 6
92 82 29
92 83 99
92 84 74
92 85 36
92 86 15
92 87 66
92 88 54
92 89 34
92 90 42
92 91 97
92 93 75
92 94 71
92 95 86
92 96 78
92 97 90
92 98 18
92 99 2
92 100 62
93 0 67
93 1 5
93 2 50
93 3 40
93 4 2
93 5 13
93 6 65
93 7 77
93 8 55
93 9 84
93 10 70
93 11 53
93 12 40
93 13 33
93 14 43
93 15 77
93 16 56
93 17 11
93 18 62
93 19 90
93 20 54
93 21 99
93 22 59
93 23 55
93 24 34
93 25 85
93 26 24
93 27 99
93 28 50
93 29 56
93 30 74
93 31 2
93 32 47
93 33 37
93 34 19
93 35 34
93 36 51
93 37 14
93 38 33
93 39 14
93 40 81
93 41 22
93 42 3
93 43 87
93 44 99
93 45 87
93 46 67
93 47 65
93 48 72
93 49 39
93 50 55
93 51 43
93 52 57
93 53 15
93 54 88
93 55 84
93 56 47
93 57 86
93 58 6
93 59 2
93 60 72
93 61 62
93 62 34
93 63 89
93 64 36
93 65 98
93 66 14
93 67 34
93 68 44
93 69 86
93 70 40
93 71 93
93 72 86
93 73 39
93 74 24
93 75 96
93 76 1
93 77 76
93 78 23
93 79 50
93 80 62
93 81 61
93 82 82
93 83 74
93 84 80
93 85 93
93 86 61
93 87 71
93 88 29
93 89 39
93 90 67
93 91 61
93 92 32
93 94 55
93 95 36
93 96 62
93 97 56
93 98 74
93 99 86
93 100 9
94 0 61
94 1 23
94 2 34
94 3 49
94 4 44
94 5 18
94 6 15
94 7 40
94 8 12
94 9 21
94 10 15
94 11 33
94 12 9
94 13 47
94 14 38
94 15 1
94 16 50
94 17 69
94 18 18
94 19 30
94 20 79
94 21 99
94 22 85
94 23 67
94 24 42
94 25 28
94 26 46
94 27 89
94 28 88
94 29 99
94 30 13
94 31 86
94 32 11
94 33 83
94 34 80
94 35 36
94 36 13
94 37 96
94 38 16
94 39 52
94 40 37
94 41 78
94 42 85
94 43 36
94 44 96
94 45 18
94 46 83
94 47 9
94 48 63
94 49 58
94 50 24
94 51 53
94 52 9
94 53 39
94 54 37
94 55 13
94 56 35
94 57 86
94 58 89
94 59 60
94 60 77
94 61 61
94 62 96
94 63 47
94 64 1
94 65 76
94 66 41
94 67 99
94 68 79
94 69 42
94 70 17
94 71 16
94 72 44
94 73 19
94 74 50
94 75 71
94 76 70
94 77 49
94 78 14
94 79 75
94 80 28
94 81 75
94 82 19
94 83 8
94 84 98
94 85 5
94 86 43
94 87 16
94 88 34
94 89 95
94 90 49
94 91 97
94 92 92
94 93 80
94 95 87
94 96 69
94 97 43
94 98 97
94 99 94
94 100 60
95 0 31
95 1 61
95 2 38
95 3 81
95 4 81
95 5 21
95 6 99
95 7 63
95 8 47
95 9 72
95 10 87
95 11 97
95 12 63
95 13 16
95 14 78
95 15 77
95 16 68
95 17 50
95 18 38
95 19 93
95 20 15
95 21 95
95 22 34
95 23 56
95 24 6
95 25 85
95 26 29
95 27 20
95 28 52
95 29 59
95 30 70
95 31 57
95 32 63
95 33 30
95 34 95
95 35 84
95 36 44
95 37 23
95 38 30
95 39 72
95 40 22
95 41 64
95 42 32
95 43 3
95 44 74
95 45 91
95 46 59
95 47 20
95 48 72
95 49 87
95 50 49
95 51 80
95 52 28
95 53 50
95 54 6
95 55 14
95 56 67
95 57 39
95 58 75
95 59 71
95 60 18
95 61 50
95 62 55
95 63 36
95 64 11
95 65 77
95 66 10
95 67 38
95 68 25
95 69 23
95 70 96
95 71 28
95 72 31
95 73 88
95 74 48
95 75 69
95 76 8
95 77 14
95 78 73
95 79 86
95 80 87
95 81 60
95 82 2
95 83 53
95 84 20
95 85 77
95 86 73
95 87 73
95 88 99
95 89 16
95 90 77
95 91 45
95 92 90
95 93 28
95 94 89
95 96 24
95 97 14
95 98 96
95 99 7
95 100 54
96 0 31
96 1 89
96 2 86
96 3 52
96 4 30
96 5 29
96 6 17
96 7 38
96 8 6
96 9 67
96 10 62
96 11 47
96 12 61
96 13 20
96 14 93
96 15 50
96 16 11
96 17 11
96 18 27
96 19 1
96 20 31
96 21 65
96 22 87
96 23 74
96 24 35
96 25 81
96 26 7
96 27 61
96 28 43
96 29 5
96 30 91
96 31 48
96 32 42
96 33 27
96 34 31
96 35 52
96 36 71
96 37 30
96 38 78
96 39 80
96 40 42
96 41 31
96 42 44
96 43 34
96 44 16
96 45 50
96 46 61
96 47 70
96 48 89
96 49 22
96 50 97
96 51 62
96 52 17
96 53 94
96 54 57
96 55 2
96 56 79
96 57 99
96 58 67
96 59 6
96 60 7
96 61 68
96 62 87
96 63 43
96 64 91
96 65 12
96 66 90
96 67 76
96 68 68
96 69 17
96 70 84
96 71 56
96 72 90
96 73 36
96 74 21
96 75 56
96 76 61
96 77 26
96 78 7
96 79 88
96 80 45
96 81 60
96 82 85
96 83 80
96 84 43
96 85 92
96 86 63
96 87 94
96 88 76
96 89 76
96 90 25
96 91 79
96 92 42
96 93 90
96 94 26
96 95 98
96 97 35
96 98 46
96 99 70
96 100 6
97 0 37
97 1 44
97 2 22
97 3 36
97 4 5
97 5 96
97 6 61
97 7 84
97 8 84
97 9 40
97 10 11
97 11 10
97 12 67
97 13 43
97 14 84
97 15 6
97 16 50
97 17 8
97 18 47
97 19 79
97 20 96
97 21 8
97 22 61
97 23 25
97 24 1
97 25 45
97 26 48
97 27 86
97 28 59
97 29 80
97 30 28
97 31 3
97 32 31
97 33 75
97 34 56
97 35 36
97 36 34
97 37 6
97 38 31
97 39 45
97 40 69
97 41 86
97 42 38
97 43 77
97 44 34
97 45 16
97 46 51
97 47 72
97 48 10
97 49 40
97 50 30
97 51 69
97 52 71
97 53 43
97 54 30
97 55 82
97 56 57
97 57 90
97 58 94
97 59 1
97 60 30
97 61 20
97 62 21
97 63 83
97 64 89
97 65 53
97 66 18
97 67 79
97 68 60
97 69 46
97 70 46
97 71 68
97 72 70
97 73 99
97 74 54
97 75 28
97 76 34
97 77 60
97 78 59
97 79 74
97 80 93
97 81 65
97 82 27
97 83 38
97 84 57
97 85 32
97 86 31
97 87 82
97 88 41
97 89 45
97 90 50
97 91 75
97 92 32
97 93 74
97 94 17
97 95 46
97 96 54
97 98 47
97 99 16
97 100 81
98 0 95
98 1 51
98 2 20
98 3 15
98 4 63
98 5 13
98 6 95
98 7 49
98 8 54
98 9 69
98 10 34
98 11 50
98 12 41
98 13 92
98 14 12
98 15 49
98 16 51
98 17 97
98 18 46
98 19 63
98 20 92
98 21 46
98 22 55
98 23 88
98 24 38
98 25 43
98 26 42
98 27 47
98 28 56
98 29 57
98 30 2
98 31 50
98 32 75
98 33 78
98 34 97
98 35 85
98 36 59
98 37 84
98 38 51
98 39 69
98 40 86
98 41 24
98 42 29
98 43 43
98 44 81
98 45 7
98 46 31
98 47 97
98 48 76
98 49 25
98 50 43
98 51 80
98 52 70
98 53 16
98 54 97
98 55 27
98 56 27
98 57 93
98 58 40
98 59 18
98 60 41
98 61 90
98 62 8
98 63 86
98 64 74
98 65 79
98 66 44
98 67 74
98 68 10
98 69 36
98 70 53
98 71 78
98 72 41
98 73 37
98 74 12
98 75 12
98 76 60
98 77 11
98 78 32
98 79 93
98 80 32
98 81 55
98 82 60
98 83 31
98 84 62
98 85 1
98 86 65
98 87 40
98 88 45
98 89 19
98 90 53
98 91 99
98 92 67
98 93 63
98 94 44
98 95 81
98 96 15
98 97 30
98 99 27
98 100 40
99 0 57
99 1 4
99 2 81
99 3 10
99 4 74
99 5 80
99 6 14
99 7 77
99 8 74
99 9 61
99 10 59
99 11 70
99 12 38
99 13 15
99 14 32
99 15 53
99 16 81
99 17 81
99 18 20
99 19 80
99 20 40
99 21 95
99 22 37
99 23 50
99 24 76
99 25 31
99 26 19
99 27 90
99 28 67
99 29 11
99 30 39
99 31 70
99 32 15
99 33 74
99 34 87
99 35 74
99 36 90
99 37 76
99 38 70
99 39 33
99 40 41
99 41 43
99 42 59
99 43 96
99 44 56
99 45 83
99 46 68
99 47 99
99 48 2
99 49 11
99 50 36
99 51 14
99 52 35
99 53 31
99 54 57
99 55 12
99 56 33
99 57 73
99 58 99
99 59 30
99 60 16
99 61 36
99 62 60
99 63 97
99 64 91
99 65 13
99 66 26
99 67 77
99 68 48
99 69 53
99 70 45
99 71 77
99 72 77
99 73 81
99 74 35
99 75 1
99 76 62
99 77 16
99 78 64
99 79 44
99 80 62
99 81 4
99 82 76
99 83 50
99 84 87
99 85 35
99 86 67
99 87 93
99 88 31
99 89 3
99 90 85
99 91 4
99 92 30
99 93 72
99 94 38
99 95 36
99 96 78
99 97 33
99 98 59
99 100 4
100 0 31
100 1 60
100 2 30
100 3 76
100 4 27
100 5 45
100 6 81
100 7 58
100 8 94
100 9 74
100 10 35
100 11 4
100 12 12
100 13 59
100 14 83
100 15 33
100 16 88
100 17 56
100 18 60
100 19 25
100 20 22
100 21 84
100 22 13
100 23 3
100 24 12
100 25 21
100 26 56
100 27 93
100 28 34
100 29 25
100 30 74
100 31 2
100 32 51
100 33 5
100 34 14
100 35 91
100 36 51
100 37 87
100 38 34
100 39 6
100 40 18
100 41 93
100 42 95
100 43 24
100 44 56
100 45 21
100 46 84
100 47 32
100 48 13
100 49 7
100 50 74
100 51 71
100 52 93
100 53 59
100 54 49
100 55 32
100 56 48
100 57 83
100 58 59
100 59 55
100 60 71
100 61 32
100 62 99
100 63 2
100 64 45
100 65 44
100 66 58
100 67 15
100 68 31
100 69 31
100 70 84
100 71 45
100 72 37
100 73 90
100 74 86
100 75 16
100 76 86
100 77 41
100 78 11
100 79 98
100 80 6
100 81 21
100 82 88
100 83 20
100 84 31
100 85 81
100 86 30
100 87 8
100 88 13
100 89 64
100 90 79
100 91 74
100 92 9
100 93 55
100 94 77
100 95 35
100 96 81
100 97 35
100 98 22
100 99 53