100 2
63
22
91
49
41
79
34
44
96
16
19
20
79
61
3
50
60
97
87
65
13
51
19
48
61
21
68
80
95
24
26
92
7
84
69
42
94
70
97
5
3
54
90
27
4
70
95
19
37
52
95
4
8
97
95
46
13
2
85
85
48
21
15
71
66
97
9
6
6
13
82
62
25
79
96
12
44
61
79
79
27
3
75
45
23
63
4
52
69
73
11
3
14
51
38
77
19
85
22
56
0 1 72
0 2 56
0 3 3
0 4 40
0 5 17
0 6 52
0 7 60
0 8 8
0 9 19
0 10 83
0 11 20
0 12 75
0 13 31
0 14 80
0 15 92
0 16 99
0 17 30
0 18 5
0 19 30
0 20 55
0 21 88
0 22 73
0 23 21
0 24 45
0 25 64
0 26 81
0 27 42
0 28 8
0 29 63
0 30 38
0 31 56
0 32 75
0 33 66
0 34 93
0 35 7
0 36 39
0 37 49
0 38 17
0 39 98
0 40 70
0 41 70
0 42 2
0 43 95
0 44 98
0 45 91
0 46 97
0 47 93
0 48 62
0 49 36
0 50 77
0 51 30
0 52 21
0 53 63
0 54 35
0 55 34
0 56 74
0 57 59
0 58 53
0 59 75
0 60 39
0 61 84
0 62 61
0 63 97
0 64 18
0 65 41
0 66 28
0 67 74
0 68 26
0 69 36
0 70 7
0 71 31
0 72 80
0 73 11
0 74 16
0 75 80
0 76 78
0 77 21
0 78 70
0 79 45
0 80 96
0 81 16
0 82 25
0 83 13
0 84 87
0 85 54
0 86 1
0 87 57
0 88 75
0 89 50
0 90 13
0 91 48
0 92 41
0 93 11
0 94 79
0 95 1
0 96 25
0 97 69
0 98 54
0 99 22
0 100 42
1 0 30
1 2 21
1 3 5
1 4 99
1 5 12
1 6 4
1 7 99
1 8 67
1 9 58
1 10 29
1 11 90
1 12 61
1 13 38
1 14 65
1 15 37
1 16 72
1 17 5
1 18 70
1 19 50
1 20 35
1 21 40
1 22 70
1 23 55
1 24 26
1 25 22
1 26 63
1 27 8
1 28 83
1 29 97
1 30 49
1 31 85
1 32 43
1 33 56
1 34 87
1 35 66
1 36 53
1 37 73
1 38 40
1 39 59
1 40 32
1 41 19
1 42 54
1 43 97
1 44 55
1 45 80
1 46 67
1 47 64
1 48 79
1 49 65
1 50 14
1 51 35
1 52 71
1 53 58
1 54 91
1 55 70
1 56 45
1 57 24
1 58 67
1 59 63
1 60 28
1 61 49
1 62 98
1 63 11
1 64 35
1 65 83
1 66 26
1 67 18
1 68 54
1 69 50
1 70 1
1 71 69
1 72 75
1 73 24
1 74 28
1 75 51
1 76 20
1 77 87
1 78 46
1 79 5
1 80 6
1 81 66
1 82 1
1 83 16
1 84 30
1 85 46
1 86 71
1 87 26
1 88 63
1 89 52
1 90 42
1 91 66
1 92 19
1 93 37
1 94 50
1 95 70
1 96 33
1 97 1
1 98 45
1 99 98
1 100 56
2 0 24
2 1 70
2 3 2
2 4 86
2 5 73
2 6 80
2 7 5
2 8 61
2 9 77
2 10 54
2 11 74
2 12 4
2 13 54
2 14 15
2 15 58
2 16 19
2 17 92
2 18 71
2 19 34
2 20 23
2 21 60
2 22 2
2 23 69
2 24 48
2 25 28
2 26 14
2 27 88
2 28 4
2 29 44
2 30 4
2 31 58
2 32 90
2 33 27
2 34 60
2 35 51
2 36 93
2 37 44
2 38 61
2 39 10
2 40 1
2 41 84
2 42 32
2 43 25
2 44 36
2 45 91
2 46 21
2 47 45
2 48 63
2 49 13
2 50 69
2 51 46
2 52 70
2 53 64
2 54 81
2 55 27
2 56 66
2 57 66
2 58 38
2 59 38
2 60 82
2 61 81
2 62 2
2 63 24
2 64 50
2 65 51
2 66 54
2 67 38
2 68 85
2 69 38
2 70 31
2 71 66
2 72 70
2 73 13
2 74 61
2 75 30
2 76 39
2 77 11
2 78 43
2 79 63
2 80 56
2 81 85
2 82 4
2 83 69
2 84 35
2 85 2
2 86 93
2 87 70
2 88 35
2 89 20
2 90 71
2 91 88
2 92 97
2 93 97
2 94 21
2 95 18
2 96 62
2 97 51
2 98 10
2 99 39
2 100 99
3 0 26
3 1 24
3 2 9
3 4 80
3 5 42
3 6 83
3 7 58
3 8 30
3 9 77
3 10 66
3 11 35
3 12 62
3 13 84
3 14 7
3 15 28
3 16 58
3 17 26
3 18 33
3 19 77
3 20 37
3 21 48
3 22 69
3 23 26
3 24 98
3 25 51
3 26 82
3 27 40
3 28 46
3 29 23
3 30 23
3 31 44
3 32 16
3 33 48
3 34 59
3 35 77
3 36 99
3 37 25
3 38 78
3 39 72
3 40 55
3 41 20
3 42 61
3 43 38
3 44 78
3 45 7
3 46 73
3 47 97
3 48 46
3 49 99
3 50 37
3 51 78
3 52 40
3 53 35
3 54 64
3 55 62
3 56 71
3 57 33
3 58 42
3 59 44
3 60 76
3 61 46
3 62 45
3 63 14
3 64 99
3 65 39
3 66 42
3 67 52
3 68 67
3 69 19
3 70 55
3 71 15
3 72 92
3 73 18
3 74 62
3 75 90
3 76 37
3 77 33
3 78 32
3 79 28
3 80 53
3 81 50
3 82 8
3 83 2
3 84 11
3 85 96
3 86 92
3 87 71
3 88 80
3 89 37
3 90 29
3 91 36
3 92 14
3 93 63
3 94 87
3 95 9
3 96 21
3 97 48
3 98 83
3 99 68
3 100 66
4 0 66
4 1 77
4 2 17
4 3 47
4 5 41
4 6 43
4 7 64
4 8 99
4 9 30
4 10 32
4 11 74
4 12 79
4 13 65
4 14 93
4 15 1
4 16 66
4 17 57
4 18 8
4 19 19
4 20 75
4 21 31
4 22 97
4 23 47
4 24 91
4 25 28
4 26 69
4 27 72
4 28 87
4 29 16
4 30 73
4 31 7
4 32 81
4 33 92
4 34 78
4 35 28
4 36 21
4 37 73
4 38 12
4 39 22
4 40 58
4 41 2
4 42 73
4 43 92
4 44 2
4 45 87
4 46 93
4 47 33
4 48 30
4 49 29
4 50 2
4 51 97
4 52 97
4 53 7
4 54 64
4 55 47
4 56 6
4 57 71
4 58 88
4 59 17
4 60 57
4 61 77
4 62 94
4 63 97
4 64 49
4 65 99
4 66 38
4 67 97
4 68 69
4 69 15
4 70 7
4 71 27
4 72 59
4 73 67
4 74 11
4 75 57
4 76 52
4 77 83
4 78 70
4 79 30
4 80 17
4 81 9
4 82 32
4 83 76
4 84 17
4 85 75
4 86 62
4 87 53
4 88 38
4 89 82
4 90 8
4 91 17
4 92 59
4 93 10
4 94 75
4 95 25
4 96 21
4 97 30
4 98 72
4 99 26
4 100 84
5 0 15
5 1 30
5 2 17
5 3 2
5 4 3
5 6 6
5 7 55
5 8 82
5 9 72
5 10 81
5 11 17
5 12 61
5 13 76
5 14 42
5 15 49
5 16 15
5 17 60
5 18 24
5 19 35
5 20 69
5 21 19
5 22 72
5 23 6
5 24 6
5 25 38
5 26 27
5 27 41
5 28 67
5 29 74
5 30 43
5 31 13
5 32 13
5 33 98
5 34 70
5 35 89
5 36 19
5 37 39
5 38 53
5 39 36
5 40 88
5 41 48
5 42 30
5 43 59
5 44 41
5 45 27
5 46 72
5 47 87
5 48 70
5 49 81
5 50 31
5 51 77
5 52 64
5 53 72
5 54 8
5 55 10
5 56 9
5 57 58
5 58 61
5 59 61
5 60 14
5 61 7
5 62 67
5 63 3
5 64 95
5 65 34
5 66 93
5 67 27
5 68 64
5 69 29
5 70 72
5 71 4
5 72 6
5 73 60
5 74 9
5 75 74
5 76 15
5 77 45
5 78 49
5 79 71
5 80 59
5 81 89
5 82 13
5 83 46
5 84 91
5 85 68
5 86 83
5 87 49
5 88 82
5 89 26
5 90 6
5 91 89
5 92 78
5 93 3
5 94 11
5 95 7
5 96 25
5 97 20
5 98 26
5 99 10
5 100 21
6 0 75
6 1 10
6 2 28
6 3 34
6 4 89
6 5 69
6 7 94
6 8 80
6 9 45
6 10 90
6 11 98
6 12 63
6 13 73
6 14 37
6 15 8
6 16 67
6 17 82
6 18 31
6 19 41
6 20 40
6 21 63
6 22 21
6 23 13
6 24 40
6 25 74
6 26 24
6 27 14
6 28 41
6 29 8
6 30 22
6 31 11
6 32 84
6 33 2
6 34 72
6 35 34
6 36 33
6 37 1
6 38 3
6 39 18
6 40 90
6 41 42
6 42 39
6 43 58
6 44 51
6 45 55
6 46 73
6 47 60
6 48 26
6 49 86
6 50 15
6 51 25
6 52 78
6 53 71
6 54 15
6 55 21
6 56 92
6 57 48
6 58 97
6 59 17
6 60 18
6 61 58
6 62 20
6 63 74
6 64 41
6 65 54
6 66 34
6 67 60
6 68 33
6 69 47
6 70 92
6 71 86
6 72 82
6 73 18
6 74 47
6 75 94
6 76 44
6 77 52
6 78 82
6 79 65
6 80 40
6 81 11
6 82 71
6 83 69
6 84 76
6 85 73
6 86 39
6 87 97
6 88 12
6 89 6
6 90 52
6 91 48
6 92 19
6 93 63
6 94 2
6 95 6
6 96 55
6 97 50
6 98 94
6 99 37
6 100 29
7 0 50
7 1 28
7 2 41
7 3 34
7 4 87
7 5 50
7 6 82
7 8 78
7 9 97
7 10 95
7 11 70
7 12 59
7 13 60
7 14 93
7 15 37
7 16 68
7 17 10
7 18 37
7 19 55
7 20 37
7 21 47
7 22 48
7 23 7
7 24 30
7 25 59
7 26 17
7 27 46
7 28 62
7 29 11
7 30 78
7 31 27
7 32 7
7 33 55
7 34 31
7 35 23
7 36 40
7 37 33
7 38 87
7 39 3
7 40 57
7 41 36
7 42 39
7 43 90
7 44 93
7 45 79
7 46 5
7 47 22
7 48 55
7 49 27
7 50 92
7 51 80
7 52 64
7 53 9
7 54 38
7 55 25
7 56 50
7 57 45
7 58 81
7 59 35
7 60 15
7 61 58
7 62 23
7 63 39
7 64 9
7 65 97
7 66 75
7 67 38
7 68 20
7 69 12
7 70 20
7 71 31
7 72 81
7 73 28
7 74 96
7 75 99
7 76 45
7 77 88
7 78 50
7 79 38
7 80 53
7 81 32
7 82 66
7 83 25
7 84 53
7 85 9
7 86 74
7 87 56
7 88 86
7 89 40
7 90 9
7 91 15
7 92 74
7 93 7
7 94 60
7 95 20
7 96 55
7 97 30
7 98 94
7 99 69
7 100 50
8 0 73
8 1 39
8 2 5
8 3 22
8 4 25
8 5 80
8 6 66
8 7 28
8 9 93
8 10 89
8 11 27
8 12 24
8 13 63
8 14 13
8 15 20
8 16 17
8 17 24
8 18 37
8 19 56
8 20 85
8 21 71
8 22 53
8 23 11
8 24 56
8 25 50
8 26 92
8 27 75
8 28 13
8 29 27
8 30 24
8 31 72
8 32 68
8 33 87
8 34 88
8 35 15
8 36 97
8 37 25
8 38 13
8 39 29
8 40 45
8 41 75
8 42 23
8 43 79
8 44 6
8 45 3
8 46 34
8 47 79
8 48 74
8 49 11
8 50 27
8 51 56
8 52 81
8 53 56
8 54 23
8 55 40
8 56 99
8 57 25
8 58 1
8 59 52
8 60 88
8 61 4
8 62 56
8 63 21
8 64 13
8 65 29
8 66 54
8 67 64
8 68 46
8 69 84
8 70 15
8 71 86
8 72 70
8 73 1
8 74 78
8 75 42
8 76 18
8 77 27
8 78 63
8 79 24
8 80 83
8 81 88
8 82 24
8 83 89
8 84 61
8 85 24
8 86 85
8 87 42
8 88 25
8 89 57
8 90 57
8 91 25
8 92 45
8 93 96
8 94 31
8 95 59
8 96 49
8 97 95
8 98 33
8 99 91
8 100 95
9 0 77
9 1 50
9 2 99
9 3 11
9 4 66
9 5 14
9 6 75
9 7 94
9 8 54
9 10 36
9 11 55
9 12 26
9 13 63
9 14 3
9 15 77
9 16 23
9 17 5
9 18 41
9 19 93
9 20 21
9 21 47
9 22 30
9 23 3
9 24 48
9 25 66
9 26 6
9 27 54
9 28 86
9 29 55
9 30 11
9 31 76
9 32 29
9 33 21
9 34 99
9 35 13
9 36 39
9 37 70
9 38 94
9 39 27
9 40 41
9 41 36
9 42 31
9 43 66
9 44 37
9 45 34
9 46 68
9 47 70
9 48 85
9 49 96
9 50 12
9 51 97
9 52 91
9 53 41
9 54 46
9 55 50
9 56 14
9 57 34
9 58 3
9 59 8
9 60 61
9 61 60
9 62 69
9 63 86
9 64 97
9 65 44
9 66 72
9 67 84
9 68 29
9 69 19
9 70 25
9 71 1
9 72 78
9 73 73
9 74 54
9 75 73
9 76 51
9 77 98
9 78 22
9 79 9
9 80 78
9 81 9
9 82 13
9 83 64
9 84 24
9 85 56
9 86 94
9 87 9
9 88 67
9 89 19
9 90 29
9 91 13
9 92 26
9 93 49
9 94 11
9 95 83
9 96 96
9 97 9
9 98 67
9 99 72
9 100 13
10 0 14
10 1 27
10 2 60
10 3 59
10 4 22
10 5 49
10 6 64
10 7 49
10 8 64
10 9 56
10 11 21
10 12 21
10 13 54
10 14 5
10 15 99
10 16 96
10 17 75
10 18 31
10 19 56
10 20 3
10 21 14
10 22 78
10 23 90
10 24 21
10 25 95
10 26 16
10 27 75
10 28 20
10 29 64
10 30 70
10 31 59
10 32 67
10 33 61
10 34 62
10 35 20
10 36 18
10 37 45
10 38 73
10 39 92
10 40 11
10 41 14
10 42 55
10 43 10
10 44 83
10 45 44
10 46 91
10 47 56
10 48 94
10 49 46
10 50 78
10 51 13
10 52 20
10 53 1
10 54 80
10 55 36
10 56 97
10 57 79
10 58 97
10 59 53
10 60 64
10 61 44
10 62 35
10 63 14
10 64 91
10 65 81
10 66 59
10 67 48
10 68 62
10 69 60
10 70 85
10 71 42
10 72 32
10 73 96
10 74 37
10 75 88
10 76 1
10 77 47
10 78 6
10 79 87
10 80 61
10 81 19
10 82 84
10 83 99
10 84 45
10 85 25
10 86 57
10 87 55
10 88 51
10 89 17
10 90 84
10 91 51
10 92 49
10 93 1
10 94 19
10 95 6
10 96 85
10 97 85
10 98 1
10 99 2
10 100 37
11 0 92
11 1 22
11 2 65
11 3 30
11 4 9
11 5 91
11 6 63
11 7 33
11 8 62
11 9 98
11 10 48
11 12 75
11 13 28
11 14 56
11 15 99
11 16 74
11 17 95
11 18 55
11 19 17
11 20 60
11 21 47
11 22 49
11 23 81
11 24 25
11 25 50
11 26 69
11 27 58
11 28 81
11 29 55
11 30 24
11 31 10
11 32 36
11 33 93
11 34 32
11 35 62
11 36 77
11 37 8
11 38 14
11 39 39
11 40 48
11 41 54
11 42 57
11 43 32
11 44 76
11 45 30
11 46 14
11 47 1
11 48 84
11 49 99
11 50 86
11 51 12
11 52 56
11 53 4
11 54 14
11 55 2
11 56 80
11 57 85
11 58 2
11 59 87
11 60 35
11 61 56
11 62 14
11 63 51
11 64 89
11 65 50
11 66 57
11 67 7
11 68 29
11 69 53
11 70 16
11 71 74
11 72 96
11 73 77
11 74 12
11 75 28
11 76 70
11 77 72
11 78 76
11 79 92
11 80 55
11 81 20
11 82 91
11 83 65
11 84 63
11 85 8
11 86 86
11 87 86
11 88 24
11 89 22
11 90 10
11 91 75
11 92 17
11 93 37
11 94 85
11 95 68
11 96 80
11 97 22
11 98 33
11 99 1
11 100 92
12 0 37
12 1 61
12 2 63
12 3 17
12 4 27
12 5 80
12 6 98
12 7 56
12 8 6
12 9 7
12 10 55
12 11 19
12 13 37
12 14 23
12 15 28
12 16 12
12 17 60
12 18 84
12 19 57
12 20 27
12 21 29
12 22 2
12 23 31
12 24 66
12 25 58
12 26 92
12 27 18
12 28 67
12 29 69
12 30 76
12 31 40
12 32 91
12 33 75
12 34 36
12 35 75
12 36 95
12 37 92
12 38 92
12 39 90
12 40 48
12 41 16
12 42 64
12 43 52
12 44 43
12 45 93
12 46 65
12 47 89
12 48 44
12 49 54
12 50 63
12 51 50
12 52 41
12 53 58
12 54 18
12 55 26
12 56 10
12 57 20
12 58 14
12 59 48
12 60 63
12 61 59
12 62 64
12 63 68
12 64 90
12 65 87
12 66 50
12 67 68
12 68 40
12 69 32
12 70 62
12 71 26
12 72 30
12 73 38
12 74 53
12 75 47
12 76 54
12 77 50
12 78 12
12 79 2
12 80 25
12 81 96
12 82 67
12 83 93
12 84 87
12 85 66
12 86 56
12 87 58
12 88 74
12 89 40
12 90 2
12 91 30
12 92 77
12 93 91
12 94 28
12 95 63
12 96 56
12 97 50
12 98 86
12 99 42
12 100 2
13 0 29
13 1 3
13 2 12
13 3 59
13 4 1
13 5 19
13 6 12
13 7 42
13 8 89
13 9 84
13 10 28
13 11 81
13 12 63
13 14 41
13 15 6
13 16 90
13 17 44
13 18 78
13 19 83
13 20 8
13 21 31
13 22 6
13 23 82
13 24 99
13 25 5
13 26 26
13 27 14
13 28 41
13 29 13
13 30 41
13 31 9
13 32 53
13 33 14
13 34 61
13 35 61
13 36 50
13 37 16
13 38 8
13 39 96
13 40 61
13 41 24
13 42 69
13 43 41
13 44 76
13 45 3
13 46 67
13 47 94
13 48 55
13 49 61
13 50 39
13 51 74
13 52 39
13 53 56
13 54 51
13 55 5
13 56 75
13 57 21
13 58 23
13 59 83
13 60 83
13 61 79
13 62 18
13 63 11
13 64 53
13 65 98
13 66 29
13 67 61
13 68 71
13 69 86
13 70 88
13 71 64
13 72 42
13 73 84
13 74 50
13 75 40
13 76 89
13 77 72
13 78 24
13 79 45
13 80 54
13 81 94
13 82 89
13 83 1
13 84 38
13 85 99
13 86 70
13 87 77
13 88 6
13 89 29
13 90 34
13 91 16
13 92 31
13 93 61
13 94 83
13 95 55
13 96 61
13 97 76
13 98 96
13 99 97
13 100 78
14 0 82
14 1 58
14 2 55
14 3 81
14 4 90
14 5 76
14 6 42
14 7 89
14 8 41
14 9 29
14 10 27
14 11 48
14 12 15
14 13 19
14 15 19
14 16 35
14 17 44
14 18 14
14 19 22
14 20 99
14 21 80
14 22 27
14 23 39
14 24 74
14 25 55
14 26 45
14 27 23
14 28 8
14 29 28
14 30 71
14 31 75
14 32 45
14 33 98
14 34 7
14 35 1
14 36 92
14 37 79
14 38 81
14 39 51
14 40 34
14 41 38
14 42 28
14 43 65
14 44 41
14 45 97
14 46 91
14 47 54
14 48 14
14 49 1
14 50 6
14 51 48
14 52 54
14 53 27
14 54 50
14 55 7
14 56 60
14 57 15
14 58 50
14 59 88
14 60 7
14 61 51
14 62 29
14 63 78
14 64 21
14 65 58
14 66 3
14 67 22
14 68 1
14 69 90
14 70 31
14 71 32
14 72 91
14 73 35
14 74 41
14 75 15
14 76 35
14 77 98
14 78 97
14 79 19
14 80 37
14 81 26
14 82 12
14 83 19
14 84 13
14 85 72
14 86 8
14 87 35
14 88 63
14 89 65
14 90 56
14 91 26
14 92 27
14 93 98
14 94 10
14 95 16
14 96 41
14 97 41
14 98 33
14 99 73
14 100 4
15 0 90
15 1 74
15 2 28
15 3 2
15 4 13
15 5 40
15 6 13
15 7 93
15 8 59
15 9 49
15 10 51
15 11 35
15 12 20
15 13 30
15 14 54
15 16 35
15 17 48
15 18 17
15 19 37
15 20 42
15 21 12
15 22 3
15 23 77
15 24 64
15 25 2
15 26 83
15 27 42
15 28 94
15 29 32
15 30 94
15 31 2
15 32 79
15 33 15
15 34 78
15 35 12
15 36 9
15 37 32
15 38 69
15 39 51
15 40 91
15 41 5
15 42 41
15 43 48
15 44 9
15 45 55
15 46 43
15 47 85
15 48 41
15 49 63
15 50 54
15 51 30
15 52 51
15 53 30
15 54 73
15 55 68
15 56 15
15 57 66
15 58 23
15 59 29
15 60 23
15 61 4
15 62 88
15 63 24
15 64 13
15 65 24
15 66 5
15 67 70
15 68 73
15 69 46
15 70 98
15 71 51
15 72 76
15 73 22
15 74 65
15 75 31
15 76 82
15 77 54
15 78 50
15 79 41
15 80 38
15 81 46
15 82 33
15 83 94
15 84 65
15 85 99
15 86 29
15 87 70
15 88 80
15 89 1
15 90 79
15 91 95
15 92 78
15 93 94
15 94 32
15 95 87
15 96 97
15 97 44
15 98 46
15 99 15
15 100 77
16 0 70
16 1 82
16 2 32
16 3 8
16 4 30
16 5 29
16 6 41
16 7 96
16 8 47
16 9 52
16 10 22
16 11 15
16 12 28
16 13 15
16 14 5
16 15 97
16 17 59
16 18 99
16 19 97
16 20 2
16 21 91
16 22 31
16 23 24
16 24 46
16 25 94
16 26 32
16 27 94
16 28 52
16 29 35
16 30 24
16 31 59
16 32 91
16 33 83
16 34 16
16 35 80
16 36 74
16 37 25
16 38 80
16 39 96
16 40 72
16 41 22
16 42 24
16 43 71
16 44 8
16 45 32
16 46 64
16 47 80
16 48 70
16 49 12
16 50 75
16 51 56
16 52 73
16 53 86
16 54 40
16 55 22
16 56 10
16 57 56
16 58 57
16 59 23
16 60 37
16 61 77
16 62 62
16 63 23
16 64 5
16 65 83
16 66 41
16 67 15
16 68 34
16 69 91
16 70 76
16 71 24
16 72 87
16 73 42
16 74 7
16 75 44
16 76 76
16 77 68
16 78 86
16 79 63
16 80 17
16 81 97
16 82 80
16 83 80
16 84 8
16 85 87
16 86 88
16 87 8
16 88 71
16 89 18
16 90 64
16 91 71
16 92 90
16 93 22
16 94 80
16 95 12
16 96 3
16 97 37
16 98 8
16 99 83
16 100 22
17 0 97
17 1 8
17 2 2
17 3 42
17 4 41
17 5 62
17 6 70
17 7 16
17 8 32
17 9 3
17 10 45
17 11 11
17 12 33
17 13 51
17 14 49
17 15 71
17 16 28
17 18 77
17 19 13
17 20 86
17 21 28
17 22 45
17 23 56
17 24 31
17 25 9
17 26 24
17 27 52
17 28 91
17 29 26
17 30 13
17 31 7
17 32 99
17 33 5
17 34 54
17 35 4
17 36 76
17 37 84
17 38 3
17 39 39
17 40 91
17 41 12
17 42 59
17 43 32
17 44 59
17 45 60
17 46 25
17 47 38
17 48 10
17 49 26
17 50 55
17 51 25
17 52 37
17 53 43
17 54 98
17 55 52
17 56 99
17 57 52
17 58 52
17 59 59
17 60 46
17 61 88
17 62 62
17 63 92
17 64 69
17 65 51
17 66 99
17 67 97
17 68 82
17 69 31
17 70 97
17 71 17
17 72 3
17 73 35
17 74 16
17 75 44
17 76 34
17 77 57
17 78 16
17 79 49
17 80 73
17 81 82
17 82 54
17 83 76
17 84 90
17 85 89
17 86 12
17 87 82
17 88 1
17 89 68
17 90 63
17 91 50
17 92 25
17 93 3
17 94 27
17 95 48
17 96 91
17 97 97
17 98 34
17 99 47
17 100 78
18 0 43
18 1 7
18 2 43
18 3 80
18 4 73
18 5 39
18 6 52
18 7 52
18 8 48
18 9 5
18 10 88
18 11 98
18 12 32
18 13 12
18 14 44
18 15 30
18 16 92
18 17 19
18 19 58
18 20 49
18 21 68
18 22 4
18 23 39
18 24 93
18 25 74
18 26 20
18 27 93
18 28 6
18 29 78
18 30 49
18 31 19
18 32 93
18 33 59
18 34 39
18 35 83
18 36 36
18 37 19
18 38 43
18 39 64
18 40 41
18 41 33
18 42 67
18 43 65
18 44 94
18 45 51
18 46 50
18 47 1
18 48 97
18 49 27
18 50 47
18 51 96
18 52 31
18 53 61
18 54 70
18 55 64
18 56 68
18 57 40
18 58 53
18 59 76
18 60 35
18 61 95
18 62 9
18 63 42
18 64 6
18 65 25
18 66 92
18 67 57
18 68 90
18 69 1
18 70 54
18 71 13
18 72 12
18 73 22
18 74 56
18 75 63
18 76 52
18 77 20
18 78 58
18 79 83
18 80 36
18 81 39
18 82 62
18 83 87
18 84 17
18 85 32
18 86 63
18 87 57
18 88 79
18 89 51
18 90 28
18 91 19
18 92 49
18 93 46
18 94 32
18 95 39
18 96 52
18 97 73
18 98 60
18 99 31
18 100 87
19 0 24
19 1 78
19 2 19
19 3 55
19 4 45
19 5 89
19 6 62
19 7 50
19 8 3
19 9 67
19 10 36
19 11 84
19 12 24
19 13 70
19 14 33
19 15 71
19 16 24
19 17 58
19 18 13
19 20 67
19 21 66
19 22 55
19 23 4
19 24 32
19 25 31
19 26 44
19 27 57
19 28 38
19 29 52
19 30 66
19 31 61
19 32 14
19 33 39
19 34 64
19 35 2
19 36 43
19 37 42
19 38 65
19 39 71
19 40 59
19 41 65
19 42 19
19 43 65
19 44 72
19 45 44
19 46 24
19 47 46
19 48 70
19 49 1
19 50 42
19 51 6
19 52 61
19 53 71
19 54 40
19 55 86
19 56 85
19 57 23
19 58 35
19 59 47
19 60 34
19 61 14
19 62 7
19 63 1
19 64 68
19 65 98
19 66 97
19 67 67
19 68 91
19 69 35
19 70 26
19 71 97
19 72 3
19 73 41
19 74 66
19 75 94
19 76 83
19 77 37
19 78 22
19 79 24
19 80 3
19 81 22
19 82 63
19 83 58
19 84 74
19 85 58
19 86 8
19 87 43
19 88 94
19 89 82
19 90 87
19 91 42
19 92 94
19 93 8
19 94 13
19 95 66
19 96 56
19 97 81
19 98 1
19 99 39
19 100 22
20 0 49
20 1 33
20 2 81
20 3 66
20 4 83
20 5 4
20 6 75
20 7 85
20 8 15
20 9 14
20 10 69
20 11 24
20 12 27
20 13 60
20 14 85
20 15 44
20 16 32
20 17 56
20 18 41
20 19 72
20 21 75
20 22 94
20 23 84
20 24 54
20 25 89
20 26 96
20 27 57
20 28 90
20 29 48
20 30 36
20 31 41
20 32 3
20 33 11
20 34 1
20 35 78
20 36 81
20 37 92
20 38 92
20 39 20
20 40 18
20 41 47
20 42 48
20 43 73
20 44 11
20 45 35
20 46 38
20 47 91
20 48 16
20 49 30
20 50 97
20 51 13
20 52 26
20 53 24
20 54 42
20 55 49
20 56 33
20 57 9
20 58 94
20 59 95
20 60 47
20 61 15
20 62 89
20 63 66
20 64 15
20 65 72
20 66 24
20 67 75
20 68 66
20 69 58
20 70 16
20 71 14
20 72 91
20 73 51
20 74 28
20 75 66
20 76 77
20 77 82
20 78 64
20 79 16
20 80 26
20 81 55
20 82 82
20 83 73
20 84 70
20 85 85
20 86 8
20 87 41
20 88 82
20 89 38
20 90 44
20 91 99
20 92 14
20 93 83
20 94 24
20 95 51
20 96 37
20 97 68
20 98 92
20 99 24
20 100 92
21 0 95
21 1 19
21 2 60
21 3 68
21 4 62
21 5 31
21 6 59
21 7 41
21 8 32
21 9 1
21 10 31
21 11 16
21 12 91
21 13 45
21 14 41
21 15 80
21 16 19
21 17 86
21 18 83
21 19 20
21 20 69
21 22 95
21 23 59
21 24 47
21 25 62
21 26 24
21 27 59
21 28 98
21 29 33
21 30 74
21 31 71
21 32 35
21 33 27
21 34 97
21 35 23
21 36 79
21 37 9
21 38 53
21 39 2
21 40 67
21 41 80
21 42 19
21 43 85
21 44 88
21 45 25
21 46 99
21 47 2
21 48 15
21 49 74
21 50 11
21 51 84
21 52 2
21 53 8
21 54 75
21 55 37
21 56 47
21 57 30
21 58 20
21 59 11
21 60 91
21 61 51
21 62 32
21 63 91
21 64 87
21 65 62
21 66 51
21 67 5
21 68 63
21 69 28
21 70 53
21 71 95
21 72 21
21 73 50
21 74 30
21 75 29
21 76 8
21 77 10
21 78 97
21 79 12
21 80 55
21 81 79
21 82 28
21 83 92
21 84 24
21 85 35
21 86 52
21 87 12
21 88 54
21 89 71
21 90 14
21 91 54
21 92 8
21 93 38
21 94 96
21 95 25
21 96 2
21 97 64
21 98 11
21 99 23
21 100 10
22 0 8
22 1 55
22 2 48
22 3 56
22 4 35
22 5 90
22 6 58
22 7 18
22 8 27
22 9 38
22 10 93
22 11 79
22 12 70
22 13 60
22 14 14
22 15 39
22 16 11
22 17 49
22 18 66
22 19 1
22 20 54
22 21 22
22 23 51
22 24 65
22 25 78
22 26 20
22 27 63
22 28 30
22 29 22
22 30 17
22 31 55
22 32 46
22 33 36
22 34 61
22 35 53
22 36 59
22 37 35
22 38 91
22 39 84
22 40 45
22 41 17
22 42 81
22 43 24
22 44 30
22 45 70
22 46 11
22 47 21
22 48 79
22 49 52
22 50 62
22 51 92
22 52 99
22 53 3
22 54 60
22 55 33
22 56 4
22 57 36
22 58 91
22 59 50
22 60 8
22 61 94
22 62 74
22 63 22
22 64 47
22 65 50
22 66 90
22 67 9
22 68 90
22 69 34
22 70 41
22 71 34
22 72 37
22 73 97
22 74 70
22 75 17
22 76 39
22 77 38
22 78 98
22 79 70
22 80 89
22 81 66
22 82 74
22 83 65
22 84 64
22 85 61
22 86 47
22 87 27
22 88 57
22 89 33
22 90 93
22 91 56
22 92 14
22 93 25
22 94 19
22 95 39
22 96 66
22 97 67
22 98 56
22 99 97
22 100 41
23 0 2
23 1 24
23 2 3
23 3 82
23 4 4
23 5 12
23 6 34
23 7 66
23 8 81
23 9 69
23 10 28
23 11 76
23 12 40
23 13 50
23 14 22
23 15 52
23 16 7
23 17 54
23 18 31
23 19 78
23 20 94
23 21 31
23 22 48
23 24 66
23 25 27
23 26 87
23 27 15
23 28 15
23 29 60
23 30 20
23 31 87
23 32 67
23 33 67
23 34 16
23 35 54
23 36 98
23 37 91
23 38 61
23 39 9
23 40 65
23 41 30
23 42 52
23 43 58
23 44 4
23 45 97
23 46 75
23 47 94
23 48 84
23 49 51
23 50 26
23 51 25
23 52 22
23 53 6
23 54 80
23 55 81
23 56 87
23 57 43
23 58 87
23 59 14
23 60 51
23 61 3
23 62 55
23 63 27
23 64 71
23 65 59
23 66 60
23 67 56
23 68 32
23 69 85
23 70 87
23 71 68
23 72 12
23 73 56
23 74 45
23 75 89
23 76 90
23 77 80
23 78 64
23 79 48
23 80 12
23 81 32
23 82 96
23 83 40
23 84 98
23 85 21
23 86 96
23 87 29
23 88 7
23 89 27
23 90 28
23 91 66
23 92 78
23 93 77
23 94 3
23 95 33
23 96 26
23 97 13
23 98 16
23 99 29
23 100 6
24 0 16
24 1 72
24 2 68
24 3 87
24 4 98
24 5 57
24 6 29
24 7 55
24 8 95
24 9 21
24 10 8
24 11 4
24 12 52
24 13 99
24 14 31
24 15 97
24 16 36
24 17 57
24 18 17
24 19 80
24 20 73
24 21 70
24 22 27
24 23 29
24 25 53
24 26 77
24 27 36
24 28 16
24 29 1
24 30 46
24 31 92
24 32 71
24 33 84
24 34 84
24 35 91
24 36 48
24 37 8
24 38 53
24 39 55
24 40 79
24 41 18
24 42 97
24 43 74
24 44 29
24 45 45
24 46 85
24 47 94
24 48 29
24 49 44
24 50 11
24 51 8
24 52 35
24 53 32
24 54 38
24 55 53
24 56 15
24 57 66
24 58 31
24 59 66
24 60 13
24 61 89
24 62 72
24 63 8
24 64 83
24 65 93
24 66 88
24 67 20
24 68 32
24 69 81
24 70 89
24 71 38
24 72 42
24 73 59
24 74 90
24 75 88
24 76 63
24 77 78
24 78 76
24 79 56
24 80 71
24 81 71
24 82 83
24 83 81
24 84 15
24 85 14
24 86 89
24 87 97
24 88 20
24 89 41
24 90 48
24 91 68
24 92 72
24 93 20
24 94 50
24 95 20
24 96 96
24 97 42
24 98 70
24 99 89
24 100 97
25 0 55
25 1 4
25 2 71
25 3 7
25 4 67
25 5 55
25 6 23
25 7 62
25 8 73
25 9 25
25 10 62
25 11 2
25 12 29
25 13 30
25 14 33
25 15 70
25 16 78
25 17 93
25 18 54
25 19 75
25 20 5
25 21 35
25 22 43
25 23 8
25 24 77
25 26 51
25 27 28
25 28 88
25 29 96
25 30 44
25 31 4
25 32 2
25 33 65
25 34 5
25 35 59
25 36 59
25 37 87
25 38 97
25 39 47
25 40 96
25 41 39
25 42 83
25 43 74
25 44 25
25 45 40
25 46 69
25 47 28
25 48 89
25 49 83
25 50 29
25 51 43
25 52 96
25 53 42
25 54 50
25 55 2
25 56 66
25 57 17
25 58 27
25 59 20
25 60 40
25 61 66
25 62 78
25 63 85
25 64 82
25 65 49
25 66 91
25 67 52
25 68 98
25 69 33
25 70 66
25 71 15
25 72 69
25 73 6
25 74 86
25 75 62
25 76 70
25 77 29
25 78 68
25 79 53
25 80 6
25 81 35
25 82 83
25 83 92
25 84 40
25 85 55
25 86 48
25 87 2
25 88 25
25 89 15
25 90 38
25 91 22
25 92 10
25 93 85
25 94 84
25 95 68
25 96 50
25 97 20
25 98 38
25 99 69
25 100 73
26 0 57
26 1 24
26 2 25
26 3 59
26 4 1
26 5 18
26 6 41
26 7 87
26 8 61
26 9 50
26 10 13
26 11 70
26 12 52
26 13 61
26 14 83
26 15 82
26 16 6
26 17 62
26 18 16
26 19 38
26 20 36
26 21 70
26 22 21
26 23 45
26 24 5
26 25 9
26 27 25
26 28 5
26 29 87
26 30 98
26 31 38
26 32 54
26 33 33
26 34 64
26 35 99
26 36 7
26 37 9
26 38 92
26 39 99
26 40 84
26 41 49
26 42 15
26 43 14
26 44 41
26 45 8
26 46 88
26 47 99
26 48 84
26 49 69
26 50 3
26 51 20
26 52 58
26 53 19
26 54 79
26 55 66
26 56 87
26 57 95
26 58 44
26 59 24
26 60 74
26 61 18
26 62 88
26 63 74
26 64 47
26 65 58
26 66 5
26 67 60
26 68 62
26 69 59
26 70 63
26 71 80
26 72 53
26 73 23
26 74 65
26 75 71
26 76 68
26 77 5
26 78 72
26 79 7
26 80 54
26 81 53
26 82 70
26 83 47
26 84 43
26 85 57
26 86 30
26 87 95
26 88 12
26 89 88
26 90 12
26 91 32
26 92 65
26 93 7
26 94 47
26 95 83
26 96 57
26 97 21
26 98 45
26 99 90
26 100 87
27 0 59
27 1 60
27 2 58
27 3 76
27 4 93
27 5 68
27 6 89
27 7 97
27 8 39
27 9 12
27 10 77
27 11 57
27 12 23
27 13 26
27 14 35
27 15 9
27 16 46
27 17 85
27 18 8
27 19 9
27 20 17
27 21 12
27 22 11
27 23 69
27 24 11
27 25 22
27 26 66
27 28 97
27 29 82
27 30 3
27 31 83
27 32 26
27 33 97
27 34 37
27 35 91
27 36 15
27 37 57
27 38 49
27 39 75
27 40 42
27 41 86
27 42 42
27 43 6
27 44 85
27 45 31
27 46 85
27 47 87
27 48 53
27 49 79
27 50 76
27 51 71
27 52 99
27 53 78
27 54 57
27 55 12
27 56 78
27 57 85
27 58 45
27 59 34
27 60 60
27 61 70
27 62 73
27 63 39
27 64 90
27 65 16
27 66 45
27 67 85
27 68 80
27 69 83
27 70 66
27 71 79
27 72 95
27 73 93
27 74 72
27 75 13
27 76 14
27 77 92
27 78 22
27 79 71
27 80 28
27 81 19
27 82 69
27 83 25
27 84 85
27 85 3
27 86 46
27 87 46
27 88 81
27 89 38
27 90 28
27 91 19
27 92 35
27 93 2
27 94 41
27 95 73
27 96 36
27 97 27
27 98 95
27 99 30
27 100 86
28 0 24
28 1 98
28 2 24
28 3 2
28 4 30
28 5 60
28 6 30
28 7 27
28 8 3
28 9 21
28 10 17
28 11 53
28 12 59
28 13 40
28 14 71
28 15 74
28 16 10
28 17 80
28 18 88
28 19 46
28 20 48
28 21 6
28 22 38
28 23 47
28 24 75
28 25 51
28 26 90
28 27 19
28 29 4
28 30 10
28 31 82
28 32 66
28 33 42
28 34 95
28 35 97
28 36 54
28 37 65
28 38 11
28 39 43
28 40 6
28 41 87
28 42 19
28 43 60
28 44 57
28 45 37
28 46 96
28 47 23
28 48 11
28 49 14
28 50 98
28 51 51
28 52 36
28 53 40
28 54 67
28 55 69
28 56 49
28 57 86
28 58 98
28 59 56
28 60 98
28 61 19
28 62 10
28 63 2
28 64 78
28 65 67
28 66 33
28 67 25
28 68 20
28 69 74
28 70 54
28 71 47
28 72 19
28 73 9
28 74 7
28 75 15
28 76 50
28 77 74
28 78 59
28 79 5
28 80 23
28 81 45
28 82 53
28 83 34
28 84 67
28 85 6
28 86 36
28 87 93
28 88 98
28 89 19
28 90 29
28 91 6
28 92 47
28 93 99
28 94 45
28 95 94
28 96 28
28 97 19
28 98 72
28 99 2
28 100 13
29 0 47
29 1 50
29 2 54
29 3 16
29 4 13
29 5 65
29 6 15
29 7 24
29 8 86
29 9 61
29 10 20
29 11 21
29 12 95
29 13 71
29 14 89
29 15 78
29 16 35
29 17 9
29 18 22
29 19 10
29 20 58
29 21 8
29 22 32
29 23 75
29 24 52
29 25 77
29 26 62
29 27 42
29 28 18
29 30 25
29 31 69
29 32 86
29 33 21
29 34 48
29 35 16
29 36 74
29 37 69
29 38 29
29 39 15
29 40 73
29 41 37
29 42 12
29 43 80
29 44 82
29 45 50
29 46 93
29 47 97
29 48 87
29 49 38
29 50 76
29 51 49
29 52 48
29 53 76
29 54 48
29 55 70
29 56 22
29 57 88
29 58 72
29 59 91
29 60 3
29 61 76
29 62 52
29 63 66
29 64 58
29 65 16
29 66 18
29 67 81
29 68 12
29 69 73
29 70 20
29 71 21
29 72 80
29 73 8
29 74 52
29 75 61
29 76 45
29 77 56
29 78 48
29 79 77
29 80 46
29 81 95
29 82 2
29 83 30
29 84 90
29 85 42
29 86 93
29 87 55
29 88 81
29 89 84
29 90 66
29 91 79
29 92 50
29 93 65
29 94 28
29 95 4
29 96 83
29 97 23
29 98 58
29 99 73
29 100 57
30 0 97
30 1 28
30 2 3
30 3 8
30 4 49
30 5 39
30 6 67
30 7 89
30 8 11
30 9 59
30 10 52
30 11 78
30 12 26
30 13 45
30 14 21
30 15 13
30 16 68
30 17 13
30 18 63
30 19 61
30 20 67
30 21 32
30 22 49
30 23 6
30 24 49
30 25 20
30 26 72
30 27 69
30 28 23
30 29 43
30 31 90
30 32 75
30 33 49
30 34 32
30 35 31
30 36 48
30 37 3
30 38 99
30 39 18
30 40 73
30 41 72
30 42 32
30 43 69
30 44 82
30 45 63
30 46 6
30 47 92
30 48 62
30 49 71
30 50 45
30 51 44
30 52 60
30 53 74
30 54 55
30 55 78
30 56 63
30 57 27
30 58 51
30 59 44
30 60 16
30 61 74
30 62 47
30 63 13
30 64 53
30 65 65
30 66 25
30 67 29
30 68 61
30 69 21
30 70 96
30 71 67
30 72 37
30 73 6
30 74 93
30 75 86
30 76 11
30 77 72
30 78 75
30 79 19
30 80 92
30 81 52
30 82 88
30 83 73
30 84 50
30 85 52
30 86 14
30 87 74
30 88 70
30 89 3
30 90 68
30 91 78
30 92 44
30 93 67
30 94 31
30 95 47
30 96 11
30 97 13
30 98 48
30 99 32
30 100 51
31 0 91
31 1 14
31 2 37
31 3 66
31 4 15
31 5 52
31 6 25
31 7 5
31 8 96
31 9 45
31 10 8
31 11 31
31 12 81
31 13 73
31 14 62
31 15 18
31 16 36
31 17 33
31 18 55
31 19 78
31 20 85
31 21 34
31 22 65
31 23 44
31 24 26
31 25 87
31 26 91
31 27 23
31 28 17
31 29 32
31 30 94
31 32 73
31 33 77
31 34 30
31 35 28
31 36 69
31 37 56
31 38 95
31 39 73
31 40 57
31 41 53
31 42 58
31 43 66
31 44 77
31 45 31
31 46 31
31 47 35
31 48 51
31 49 57
31 50 46
31 51 40
31 52 97
31 53 10
31 54 71
31 55 89
31 56 58
31 57 61
31 58 75
31 59 18
31 60 39
31 61 26
31 62 93
31 63 69
31 64 65
31 65 38
31 66 31
31 67 82
31 68 51
31 69 61
31 70 32
31 71 46
31 72 83
31 73 55
31 74 26
31 75 38
31 76 13
31 77 68
31 78 9
31 79 2
31 80 83
31 81 91
31 82 90
31 83 62
31 84 46
31 85 78
31 86 85
31 87 64
31 88 11
31 89 60
31 90 52
31 91 12
31 92 68
31 93 25
31 94 23
31 95 68
31 96 37
31 97 59
31 98 84
31 99 29
31 100 20
32 0 81
32 1 63
32 2 46
32 3 90
32 4 79
32 5 98
32 6 10
32 7 7
32 8 69
32 9 43
32 10 29
32 11 77
32 12 68
32 13 18
32 14 20
32 15 87
32 16 36
32 17 32
32 18 70
32 19 66
32 20 21
32 21 90
32 22 39
32 23 1
32 24 48
32 25 21
32 26 30
32 27 21
32 28 37
32 29 38
32 30 70
32 31 45
32 33 81
32 34 72
32 35 64
32 36 65
32 37 97
32 38 7
32 39 52
32 40 2
32 41 6
32 42 22
32 43 9
32 44 43
32 45 84
32 46 5
32 47 50
32 48 87
32 49 68
32 50 40
32 51 23
32 52 46
32 53 61
32 54 28
32 55 17
32 56 24
32 57 76
32 58 13
32 59 27
32 60 15
32 61 67
32 62 13
32 63 61
32 64 59
32 65 56
32 66 62
32 67 69
32 68 21
32 69 4
32 70 81
32 71 55
32 72 21
32 73 70
32 74 54
32 75 27
32 76 88
32 77 21
32 78 51
32 79 53
32 80 91
32 81 41
32 82 69
32 83 24
32 84 6
32 85 97
32 86 21
32 87 88
32 88 69
32 89 76
32 90 29
32 91 25
32 92 13
32 93 76
32 94 68
32 95 3
32 96 94
32 97 29
32 98 84
32 99 27
32 100 9
33 0 85
33 1 59
33 2 42
33 3 85
33 4 27
33 5 69
33 6 63
33 7 94
33 8 83
33 9 76
33 10 66
33 11 79
33 12 18
33 13 93
33 14 9
33 15 47
33 16 82
33 17 43
33 18 31
33 19 81
33 20 20
33 21 79
33 22 71
33 23 58
33 24 8
33 25 74
33 26 45
33 27 88
33 28 63
33 29 14
33 30 5
33 31 40
33 32 92
33 34 19
33 35 52
33 36 31
33 37 22
33 38 70
33 39 64
33 40 35
33 41 56
33 42 89
33 43 4
33 44 20
33 45 33
33 46 6
33 47 99
33 48 18
33 49 19
33 50 4
33 51 36
33 52 62
33 53 27
33 54 92
33 55 62
33 56 76
33 57 49
33 58 37
33 59 71
33 60 85
33 61 61
33 62 36
33 63 53
33 64 33
33 65 48
33 66 32
33 67 31
33 68 12
33 69 7
33 70 96
33 71 38
33 72 80
33 73 94
33 74 3
33 75 82
33 76 22
33 77 78
33 78 36
33 79 84
33 80 89
33 81 52
33 82 20
33 83 18
33 84 85
33 85 43
33 86 25
33 87 37
33 88 71
33 89 5
33 90 21
33 91 86
33 92 8
33 93 63
33 94 29
33 95 7
33 96 19
33 97 26
33 98 17
33 99 66
33 100 9
34 0 95
34 1 79
34 2 60
34 3 20
34 4 13
34 5 74
34 6 59
34 7 41
34 8 45
34 9 20
34 10 9
34 11 25
34 12 34
34 13 38
34 14 37
34 15 56
34 16 79
34 17 6
34 18 51
34 19 43
34 20 39
34 21 80
34 22 3
34 23 96
34 24 39
34 25 21
34 26 96
34 27 59
34 28 40
34 29 86
34 30 3
34 31 94
34 32 41
34 33 11
34 35 86
34 36 38
34 37 89
34 38 87
34 39 81
34 40 49
34 41 32
34 42 36
34 43 28
34 44 78
34 45 15
34 46 34
34 47 34
34 48 80
34 49 51
34 50 1
34 51 33
34 52 58
34 53 38
34 54 10
34 55 55
34 56 67
34 57 31
34 58 79
34 59 9
34 60 62
34 61 27
34 62 91
34 63 11
34 64 52
34 65 46
34 66 91
34 67 15
34 68 37
34 69 98
34 70 64
34 71 56
34 72 18
34 73 66
34 74 33
34 75 11
34 76 83
34 77 60
34 78 68
34 79 50
34 80 62
34 81 76
34 82 13
34 83 69
34 84 21
34 85 64
34 86 71
34 87 9
34 88 74
34 89 74
34 90 88
34 91 87
34 92 18
34 93 7
34 94 66
34 95 72
34 96 80
34 97 61
34 98 66
34 99 4
34 100 25
35 0 17
35 1 68
35 2 6
35 3 1
35 4 94
35 5 7
35 6 14
35 7 17
35 8 67
35 9 45
35 10 42
35 11 98
35 12 83
35 13 3
35 14 86
35 15 93
35 16 31
35 17 85
35 18 46
35 19 18
35 20 51
35 21 30
35 22 71
35 23 85
35 24 39
35 25 48
35 26 95
35 27 92
35 28 1
35 29 15
35 30 98
35 31 74
35 32 4
35 33 28
35 34 69
35 36 89
35 37 61
35 38 58
35 39 44
35 40 38
35 41 75
35 42 73
35 43 76
35 44 12
35 45 54
35 46 27
35 47 88
35 48 33
35 49 8
35 50 99
35 51 71
35 52 55
35 53 4
35 54 67
35 55 88
35 56 42
35 57 17
35 58 18
35 59 67
35 60 20
35 61 81
35 62 27
35 63 71
35 64 34
35 65 60
35 66 67
35 67 9
35 68 38
35 69 22
35 70 20
35 71 29
35 72 50
35 73 2
35 74 81
35 75 30
35 76 86
35 77 82
35 78 19
35 79 42
35 80 77
35 81 60
35 82 70
35 83 33
35 84 24
35 85 68
35 86 94
35 87 67
35 88 22
35 89 68
35 90 12
35 91 72
35 92 37
35 93 78
35 94 71
35 95 61
35 96 30
35 97 56
35 98 87
35 99 17
35 100 4
36 0 35
36 1 36
36 2 70
36 3 68
36 4 23
36 5 27
36 6 19
36 7 42
36 8 19
36 9 45
36 10 70
36 11 21
36 12 31
36 13 99
36 14 40
36 15 60
36 16 65
36 17 25
36 18 9
36 19 14
36 20 77
36 21 87
36 22 72
36 23 33
36 24 83
36 25 8
36 26 68
36 27 98
36 28 93
36 29 83
36 30 89
36 31 82
36 32 94
36 33 53
36 34 96
36 35 23
36 37 79
36 38 95
36 39 25
36 40 12
36 41 15
36 42 63
36 43 13
36 44 14
36 45 41
36 46 77
36 47 79
36 48 4
36 49 58
36 50 16
36 51 6
36 52 11
36 53 9
36 54 71
36 55 20
36 56 56
36 57 28
36 58 66
36 59 15
36 60 10
36 61 43
36 62 94
36 63 28
36 64 15
36 65 80
36 66 24
36 67 24
36 68 49
36 69 20
36 70 32
36 71 18
36 72 44
36 73 96
36 74 82
36 75 74
36 76 86
36 77 65
36 78 91
36 79 66
36 80 41
36 81 10
36 82 46
36 83 89
36 84 15
36 85 95
36 86 89
36 87 44
36 88 72
36 89 76
36 90 20
36 91 92
36 92 16
36 93 89
36 94 51
36 95 83
36 96 41
36 97 41
36 98 46
36 99 40
36 100 42
37 0 40
37 1 69
37 2 50
37 3 56
37 4 86
37 5 31
37 6 28
37 7 53
37 8 12
37 9 16
37 10 8
37 11 1
37 12 9
37 13 39
37 14 96
37 15 4
37 16 56
37 17 61
37 18 82
37 19 95
37 20 94
37 21 88
37 22 45
37 23 21
37 24 70
37 25 73
37 26 22
37 27 87
37 28 73
37 29 66
37 30 76
37 31 65
37 32 23
37 33 99
37 34 7
37 35 23
37 36 70
37 38 51
37 39 53
37 40 58
37 41 34
37 42 66
37 43 99
37 44 42
37 45 61
37 46 40
37 47 58
37 48 86
37 49 86
37 50 99
37 51 36
37 52 68
37 53 44
37 54 22
37 55 58
37 56 51
37 57 79
37 58 1
37 59 90
37 60 31
37 61 65
37 62 93
37 63 87
37 64 57
37 65 30
37 66 23
37 67 70
37 68 89
37 69 7
37 70 39
37 71 19
37 72 62
37 73 1
37 74 97
37 75 73
37 76 91
37 77 51
37 78 61
37 79 93
37 80 68
37 81 90
37 82 18
37 83 23
37 84 9
37 85 29
37 86 83
37 87 32
37 88 59
37 89 21
37 90 73
37 91 91
37 92 18
37 93 57
37 94 50
37 95 66
37 96 83
37 97 51
37 98 84
37 99 18
37 100 37
38 0 73
38 1 52
38 2 31
38 3 40
38 4 15
38 5 74
38 6 62
38 7 71
38 8 63
38 9 87
38 10 67
38 11 27
38 12 41
38 13 97
38 14 65
38 15 82
38 16 33
38 17 66
38 18 19
38 19 98
38 20 92
38 21 71
38 22 48
38 23 48
38 24 58
38 25 92
38 26 71
38 27 66
38 28 42
38 29 53
38 30 81
38 31 8
38 32 30
38 33 4
38 34 56
38 35 14
38 36 29
38 37 46
38 39 23
38 40 86
38 41 62
38 42 60
38 43 27
38 44 72
38 45 11
38 46 93
38 47 30
38 48 85
38 49 68
38 50 6
38 51 50
38 52 14
38 53 96
38 54 28
38 55 37
38 56 26
38 57 12
38 58 27
38 59 22
38 60 35
38 61 19
38 62 22
38 63 35
38 64 86
38 65 27
38 66 63
38 67 64
38 68 2
38 69 64
38 70 24
38 71 65
38 72 60
38 73 41
38 74 3
38 75 58
38 76 29
38 77 55
38 78 87
38 79 30
38 80 93
38 81 76
38 82 74
38 83 19
38 84 44
38 85 20
38 86 50
38 87 48
38 88 1
38 89 11
38 90 67
38 91 94
38 92 39
38 93 38
38 94 56
38 95 76
38 96 99
38 97 6
38 98 17
38 99 24
38 100 8
39 0 21
39 1 69
39 2 53
39 3 44
39 4 55
39 5 81
39 6 44
39 7 21
39 8 9
39 9 57
39 10 22
39 11 44
39 12 78
39 13 77
39 14 35
39 15 70
39 16 95
39 17 64
39 18 32
39 19 20
39 20 59
39 21 63
39 22 67
39 23 70
39 24 92
39 25 22
39 26 15
39 27 73
39 28 16
39 29 33
39 30 42
39 31 81
39 32 60
39 33 4
39 34 95
39 35 43
39 36 74
39 37 95
39 38 34
39 40 97
39 41 83
39 42 40
39 43 59
39 44 10
39 45 53
39 46 13
39 47 4
39 48 3
39 49 55
39 50 25
39 51 73
39 52 93
39 53 12
39 54 44
39 55 9
39 56 9
39 57 73
39 58 48
39 59 10
39 60 83
39 61 78
39 62 53
39 63 46
39 64 94
39 65 90
39 66 3
39 67 91
39 68 8
39 69 5
39 70 68
39 71 29
39 72 54
39 73 94
39 74 22
39 75 85
39 76 46
39 77 73
39 78 42
39 79 26
39 80 38
39 81 35
39 82 62
39 83 42
39 84 33
39 85 96
39 86 77
39 87 94
39 88 99
39 89 57
39 90 48
39 91 1
39 92 41
39 93 95
39 94 26
39 95 11
39 96 19
39 97 59
39 98 29
39 99 85
39 100 66
40 0 9
40 1 4
40 2 32
40 3 56
40 4 49
40 5 60
40 6 86
40 7 98
40 8 66
40 9 58
40 10 23
40 11 29
40 12 18
40 13 29
40 14 21
40 15 5
40 16 21
40 17 18
40 18 90
40 19 58
40 20 24
40 21 38
40 22 35
40 23 38
40 24 76
40 25 1
40 26 20
40 27 60
40 28 75
40 29 60
40 30 69
40 31 71
40 32 6
40 33 2
40 34 16
40 35 27
40 36 89
40 37 22
40 38 52
40 39 66
40 41 69
40 42 69
40 43 90
40 44 82
40 45 17
40 46 44
40 47 73
40 48 33
40 49 22
40 50 78
40 51 99
40 52 87
40 53 17
40 54 1
40 55 83
40 56 63
40 57 8
40 58 76
40 59 19
40 60 71
40 61 52
40 62 35
40 63 11
40 64 27
40 65 6
40 66 53
40 67 12
40 68 51
40 69 57
40 70 11
40 71 64
40 72 9
40 73 77
40 74 40
40 75 11
40 76 95
40 77 94
40 78 92
40 79 92
40 80 88
40 81 3
40 82 14
40 83 10
40 84 88
40 85 1
40 86 55
40 87 31
40 88 88
40 89 92
40 90 23
40 91 98
40 92 70
40 93 91
40 94 57
40 95 65
40 96 57
40 97 66
40 98 24
40 99 17
40 100 55
41 0 28
41 1 14
41 2 36
41 3 51
41 4 8
41 5 66
41 6 35
41 7 70
41 8 63
41 9 10
41 10 84
41 11 63
41 12 99
41 13 73
41 14 93
41 15 54
41 16 41
41 17 79
41 18 50
41 19 98
41 20 64
41 21 87
41 22 94
41 23 61
41 24 47
41 25 3
41 26 7
41 27 68
41 28 9
41 29 91
41 30 8
41 31 70
41 32 64
41 33 48
41 34 5
41 35 70
41 36 62
41 37 10
41 38 85
41 39 97
41 40 97
41 42 32
41 43 48
41 44 59
41 45 95
41 46 10
41 47 15
41 48 61
41 49 53
41 50 29
41 51 10
41 52 48
41 53 65
41 54 35
41 55 35
41 56 80
41 57 31
41 58 91
41 59 47
41 60 30
41 61 1
41 62 95
41 63 66
41 64 67
41 65 8
41 66 70
41 67 12
41 68 49
41 69 50
41 70 14
41 71 39
41 72 44
41 73 54
41 74 5
41 75 99
41 76 69
41 77 40
41 78 20
41 79 32
41 80 35
41 81 18
41 82 12
41 83 21
41 84 5
41 85 33
41 86 51
41 87 43
41 88 90
41 89 53
41 90 76
41 91 19
41 92 37
41 93 49
41 94 98
41 95 38
41 96 51
41 97 10
41 98 28
41 99 44
41 100 42
42 0 96
42 1 5
42 2 32
42 3 11
42 4 8
42 5 98
42 6 80
42 7 97
42 8 6
42 9 30
42 10 22
42 11 39
42 12 84
42 13 59
42 14 69
42 15 31
42 16 54
42 17 22
42 18 93
42 19 49
42 20 95
42 21 29
42 22 39
42 23 48
42 24 51
42 25 78
42 26 65
42 27 8
42 28 63
42 29 27
42 30 22
42 31 11
42 32 22
42 33 15
42 34 74
42 35 79
42 36 63
42 37 44
42 38 42
42 39 12
42 40 56
42 41 20
42 43 79
42 44 56
42 45 64
42 46 4
42 47 42
42 48 19
42 49 71
42 50 49
42 51 5
42 52 65
42 53 68
42 54 55
42 55 17
42 56 35
42 57 95
42 58 8
42 59 79
42 60 87
42 61 86
42 62 96
42 63 96
42 64 88
42 65 1
42 66 77
42 67 52
42 68 25
42 69 9
42 70 62
42 71 47
42 72 20
42 73 69
42 74 80
42 75 1
42 76 67
42 77 47
42 78 22
42 79 16
42 80 33
42 81 25
42 82 10
42 83 22
42 84 68
42 85 98
42 86 25
42 87 13
42 88 10
42 89 90
42 90 28
42 91 58
42 92 6
42 93 47
42 94 47
42 95 11
42 96 27
42 97 9
42 98 32
42 99 91
42 100 72
43 0 33
43 1 55
43 2 85
43 3 50
43 4 48
43 5 39
43 6 35
43 7 71
43 8 18
43 9 40
43 10 69
43 11 37
43 12 66
43 13 34
43 14 22
43 15 54
43 16 71
43 17 49
43 18 87
43 19 24
43 20 69
43 21 69
43 22 60
43 23 82
43 24 65
43 25 59
43 26 29
43 27 65
43 28 88
43 29 67
43 30 75
43 31 17
43 32 79
43 33 6
43 34 11
43 35 59
43 36 78
43 37 87
43 38 54
43 39 15
43 40 72
43 41 34
43 42 82
43 44 84
43 45 48
43 46 61
43 47 12
43 48 53
43 49 59
43 50 61
43 51 47
43 52 18
43 53 71
43 54 32
43 55 47
43 56 9
43 57 13
43 58 46
43 59 76
43 60 42
43 61 62
43 62 17
43 63 98
43 64 57
43 65 91
43 66 58
43 67 68
43 68 50
43 69 39
43 70 33
43 71 45
43 72 90
43 73 88
43 74 23
43 75 68
43 76 88
43 77 20
43 78 88
43 79 66
43 80 70
43 81 48
43 82 7
43 83 5
43 84 54
43 85 77
43 86 28
43 87 67
43 88 21
43 89 95
43 90 74
43 91 1
43 92 80
43 93 50
43 94 33
43 95 3
43 96 94
43 97 15
43 98 77
43 99 84
43 100 36
44 0 40
44 1 63
44 2 69
44 3 74
44 4 73
44 5 19
44 6 19
44 7 49
44 8 76
44 9 77
44 10 72
44 11 62
44 12 46
44 13 99
44 14 8
44 15 61
44 16 31
44 17 64
44 18 37
44 19 5
44 20 88
44 21 17
44 22 67
44 23 3
44 24 42
44 25 99
44 26 94
44 27 85
44 28 82
44 29 34
44 30 71
44 31 96
44 32 64
44 33 87
44 34 89
44 35 47
44 36 96
44 37 57
44 38 11
44 39 11
44 40 5
44 41 37
44 42 3
44 43 9
44 45 51
44 46 4
44 47 95
44 48 7
44 49 4
44 50 90
44 51 37
44 52 6
44 53 65
44 54 43
44 55 29
44 56 94
44 57 73
44 58 37
44 59 41
44 60 96
44 61 37
44 62 4
44 63 5
44 64 69
44 65 59
44 66 96
44 67 85
44 68 36
44 69 58
44 70 23
44 71 8
44 72 89
44 73 55
44 74 20
44 75 72
44 76 81
44 77 20
44 78 28
44 79 30
44 80 69
44 81 37
44 82 64
44 83 22
44 84 24
44 85 83
44 86 90
44 87 11
44 88 22
44 89 73
44 90 45
44 91 48
44 92 78
44 93 87
44 94 67
44 95 35
44 96 55
44 97 99
44 98 4
44 99 24
44 100 31
45 0 17
45 1 89
45 2 24
45 3 99
45 4 46
45 5 7
45 6 40
45 7 48
45 8 9
45 9 16
45 10 96
45 11 4
45 12 15
45 13 51
45 14 82
45 15 80
45 16 68
45 17 84
45 18 7
45 19 74
45 20 46
45 21 24
45 22 94
45 23 96
45 24 91
45 25 79
45 26 5
45 27 90
45 28 91
45 29 85
45 30 15
45 31 12
45 32 34
45 33 85
45 34 85
45 35 71
45 36 69
45 37 67
45 38 76
45 39 55
45 40 77
45 41 37
45 42 52
45 43 82
45 44 70
45 46 97
45 47 95
45 48 19
45 49 44
45 50 64
45 51 39
45 52 28
45 53 45
45 54 78
45 55 2
45 56 58
45 57 78
45 58 38
45 59 75
45 60 5
45 61 62
45 62 41
45 63 3
45 64 26
45 65 34
45 66 58
45 67 42
45 68 84
45 69 58
45 70 89
45 71 59
45 72 56
45 73 97
45 74 96
45 75 50
45 76 97
45 77 93
45 78 93
45 79 74
45 80 93
45 81 90
45 82 76
45 83 31
45 84 91
45 85 93
45 86 23
45 87 65
45 88 43
45 89 79
45 90 74
45 91 1
45 92 50
45 93 74
45 94 81
45 95 51
45 96 82
45 97 84
45 98 92
45 99 50
45 100 30
46 0 69
46 1 78
46 2 15
46 3 56
46 4 52
46 5 63
46 6 22
46 7 50
46 8 23
46 9 86
46 10 66
46 11 13
46 12 53
46 13 80
46 14 12
46 15 48
46 16 55
46 17 81
46 18 20
46 19 30
46 20 30
46 21 41
46 22 82
46 23 93
46 24 73
46 25 29
46 26 63
46 27 27
46 28 46
46 29 31
46 30 15
46 31 21
46 32 82
46 33 65
46 34 84
46 35 95
46 36 63
46 37 39
46 38 54
46 39 29
46 40 12
46 41 11
46 42 28
46 43 29
46 44 38
46 45 76
46 47 81
46 48 74
46 49 42
46 50 76
46 51 31
46 52 7
46 53 79
46 54 91
46 55 46
46 56 86
46 57 55
46 58 89
46 59 3
46 60 82
46 61 11
46 62 15
46 63 56
46 64 61
46 65 25
46 66 75
46 67 62
46 68 30
46 69 32
46 70 6
46 71 56
46 72 31
46 73 75
46 74 80
46 75 41
46 76 52
46 77 56
46 78 96
46 79 3
46 80 33
46 81 66
46 82 34
46 83 12
46 84 36
46 85 52
46 86 77
46 87 11
46 88 38
46 89 93
46 90 67
46 91 35
46 92 19
46 93 7
46 94 90
46 95 33
46 96 86
46 97 13
46 98 94
46 99 47
46 100 8
47 0 98
47 1 80
47 2 59
47 3 36
47 4 20
47 5 8
47 6 87
47 7 19
47 8 6
47 9 9
47 10 55
47 11 10
47 12 15
47 13 75
47 14 19
47 15 83
47 16 87
47 17 73
47 18 32
47 19 90
47 20 72
47 21 13
47 22 21
47 23 36
47 24 1
47 25 4
47 26 29
47 27 45
47 28 36
47 29 63
47 30 31
47 31 94
47 32 44
47 33 93
47 34 73
47 35 56
47 36 62
47 37 30
47 38 2
47 39 45
47 40 69
47 41 60
47 42 95
47 43 48
47 44 81
47 45 50
47 46 78
47 48 23
47 49 82
47 50 43
47 51 52
47 52 44
47 53 85
47 54 91
47 55 27
47 56 19
47 57 74
47 58 69
47 59 93
47 60 16
47 61 85
47 62 34
47 63 1
47 64 58
47 65 55
47 66 57
47 67 61
47 68 84
47 69 81
47 70 37
47 71 40
47 72 3
47 73 44
47 74 79
47 75 24
47 76 97
47 77 83
47 78 96
47 79 26
47 80 87
47 81 3
47 82 41
47 83 5
47 84 35
47 85 36
47 86 14
47 87 50
47 88 13
47 89 1
47 90 59
47 91 69
47 92 14
47 93 64
47 94 16
47 95 21
47 96 77
47 97 63
47 98 84
47 99 16
47 100 69
48 0 15
48 1 50
48 2 84
48 3 50
48 4 28
48 5 59
48 6 69
48 7 32
48 8 27
48 9 37
48 10 79
48 11 62
48 12 86
48 13 20
48 14 56
48 15 14
48 16 77
48 17 60
48 18 80
48 19 99
48 20 90
48 21 86
48 22 80
48 23 15
48 24 55
48 25 80
48 26 43
48 27 52
48 28 66
48 29 85
48 30 98
48 31 21
48 32 17
48 33 97
48 34 99
48 35 76
48 36 77
48 37 19
48 38 62
48 39 94
48 40 21
48 41 92
48 42 98
48 43 3
48 44 5
48 45 63
48 46 29
48 47 77
48 49 97
48 50 1
48 51 32
48 52 1
48 53 43
48 54 2
48 55 40
48 56 23
48 57 11
48 58 63
48 59 73
48 60 54
48 61 76
48 62 76
48 63 39
48 64 92
48 65 32
48 66 20
48 67 85
48 68 29
48 69 93
48 70 4
48 71 93
48 72 64
48 73 10
48 74 49
48 75 6
48 76 76
48 77 76
48 78 91
48 79 74
48 80 65
48 81 62
48 82 7
48 83 81
48 84 51
48 85 85
48 86 73
48 87 59
48 88 17
48 89 73
48 90 38
48 91 29
48 92 68
48 93 72
48 94 88
48 95 93
48 96 33
48 97 14
48 98 92
48 99 21
48 100 23
49 0 76
49 1 29
49 2 93
49 3 32
49 4 30
49 5 97
49 6 3
49 7 29
49 8 47
49 9 1
49 10 73
49 11 95
49 12 87
49 13 73
49 14 76
49 15 71
49 16 14
49 17 30
49 18 6
49 19 38
49 20 70
49 21 34
49 22 41
49 23 96
49 24 1
49 25 77
49 26 15
49 27 66
49 28 37
49 29 42
49 30 75
49 31 97
49 32 56
49 33 72
49 34 8
49 35 47
49 36 89
49 37 63
49 38 27
49 39 82
49 40 6
49 41 16
49 42 53
49 43 67
49 44 12
49 45 72
49 46 31
49 47 2
49 48 81
49 50 79
49 51 41
49 52 79
49 53 78
49 54 9
49 55 59
49 56 47
49 57 47
49 58 87
49 59 55
49 60 38
49 61 36
49 62 48
49 63 18
49 64 26
49 65 86
49 66 14
49 67 86
49 68 48
49 69 2
49 70 69
49 71 46
49 72 92
49 73 23
49 74 97
49 75 25
49 76 27
49 77 97
49 78 76
49 79 87
49 80 67
49 81 8
49 82 93
49 83 42
49 84 72
49 85 68
49 86 92
49 87 36
49 88 27
49 89 25
49 90 86
49 91 77
49 92 19
49 93 48
49 94 36
49 95 46
49 96 99
49 97 86
49 98 56
49 99 83
49 100 91
50 0 38
50 1 84
50 2 59
50 3 65
50 4 21
50 5 24
50 6 3
50 7 68
50 8 59
50 9 29
50 10 60
50 11 79
50 12 8
50 13 22
50 14 97
50 15 76
50 16 3
50 17 73
50 18 15
50 19 59
50 20 47
50 21 73
50 22 33
50 23 68
50 24 21
50 25 99
50 26 21
50 27 47
50 28 73
50 29 64
50 30 99
50 31 5
50 32 45
50 33 51
50 34 63
50 35 31
50 36 87
50 37 78
50 38 5
50 39 39
50 40 70
50 41 1
50 42 8
50 43 99
50 44 45
50 45 61
50 46 95
50 47 16
50 48 39
50 49 59
50 51 99
50 52 71
50 53 36
50 54 15
50 55 74
50 56 19
50 57 72
50 58 28
50 59 58
50 60 77
50 61 1
50 62 26
50 63 15
50 64 75
50 65 97
50 66 70
50 67 62
50 68 84
50 69 77
50 70 43
50 71 99
50 72 47
50 73 14
50 74 51
50 75 92
50 76 10
50 77 83
50 78 9
50 79 5
50 80 5
50 81 89
50 82 40
50 83 66
50 84 26
50 85 43
50 86 76
50 87 11
50 88 18
50 89 62
50 90 24
50 91 46
50 92 61
50 93 63
50 94 99
50 95 74
50 96 42
50 97 41
50 98 23
50 99 78
50 100 89
51 0 82
51 1 16
51 2 79
51 3 85
51 4 3
51 5 88
51 6 66
51 7 76
51 8 74
51 9 88
51 10 92
51 11 98
51 12 10
51 13 14
51 14 50
51 15 14
51 16 14
51 17 76
51 18 6
51 19 26
51 20 21
51 21 8
51 22 45
51 23 50
51 24 73
51 25 40
51 26 74
51 27 88
51 28 10
51 29 1
51 30 50
51 31 6
51 32 83
51 33 78
51 34 93
51 35 42
51 36 29
51 37 24
51 38 4
51 39 30
51 40 28
51 41 59
51 42 48
51 43 7
51 44 25
51 45 66
51 46 63
51 47 16
51 48 11
51 49 58
51 50 84
51 52 43
51 53 32
51 54 67
51 55 21
51 56 49
51 57 54
51 58 4
51 59 43
51 60 96
51 61 89
51 62 84
51 63 64
51 64 32
51 65 87
51 66 65
51 67 93
51 68 50
51 69 50
51 70 32
51 71 65
51 72 62
51 73 40
51 74 75
51 75 77
51 76 76
51 77 72
51 78 16
51 79 93
51 80 31
51 81 46
51 82 94
51 83 9
51 84 19
51 85 77
51 86 21
51 87 86
51 88 49
51 89 9
51 90 29
51 91 37
51 92 84
51 93 42
51 94 53
51 95 49
51 96 91
51 97 78
51 98 53
51 99 19
51 100 92
52 0 13
52 1 24
52 2 38
52 3 27
52 4 50
52 5 29
52 6 98
52 7 80
52 8 3
52 9 77
52 10 50
52 11 10
52 12 8
52 13 3
52 14 78
52 15 67
52 16 26
52 17 54
52 18 37
52 19 53
52 20 91
52 21 52
52 22 17
52 23 8
52 24 76
52 25 46
52 26 24
52 27 96
52 28 14
52 29 60
52 30 8
52 31 43
52 32 53
52 33 16
52 34 33
52 35 22
52 36 96
52 37 46
52 38 73
52 39 41
52 40 27
52 41 42
52 42 15
52 43 59
52 44 74
52 45 71
52 46 97
52 47 94
52 48 95
52 49 62
52 50 63
52 51 33
52 53 88
52 54 47
52 55 96
52 56 30
52 57 26
52 58 55
52 59 23
52 60 16
52 61 14
52 62 41
52 63 5
52 64 98
52 65 35
52 66 91
52 67 69
52 68 32
52 69 69
52 70 79
52 71 33
52 72 52
52 73 60
52 74 83
52 75 85
52 76 88
52 77 65
52 78 40
52 79 4
52 80 90
52 81 64
52 82 54
52 83 94
52 84 11
52 85 98
52 86 4
52 87 91
52 88 13
52 89 30
52 90 21
52 91 80
52 92 82
52 93 97
52 94 88
52 95 39
52 96 97
52 97 7
52 98 46
52 99 88
52 100 43
53 0 54
53 1 60
53 2 9
53 3 53
53 4 93
53 5 76
53 6 14
53 7 62
53 8 82
53 9 51
53 10 84
53 11 2
53 12 29
53 13 28
53 14 45
53 15 33
53 16 81
53 17 18
53 18 11
53 19 76
53 20 51
53 21 63
53 22 40
53 23 3
53 24 43
53 25 47
53 26 78
53 27 30
53 28 81
53 29 22
53 30 10
53 31 70
53 32 57
53 33 52
53 34 27
53 35 59
53 36 76
53 37 18
53 38 26
53 39 20
53 40 66
53 41 8
53 42 69
53 43 31
53 44 7
53 45 42
53 46 67
53 47 46
53 48 7
53 49 19
53 50 22
53 51 15
53 52 70
53 54 87
53 55 65
53 56 71
53 57 43
53 58 53
53 59 11
53 60 78
53 61 73
53 62 83
53 63 68
53 64 75
53 65 14
53 66 12
53 67 31
53 68 90
53 69 49
53 70 24
53 71 90
53 72 43
53 73 68
53 74 68
53 75 42
53 76 7
53 77 3
53 78 99
53 79 1
53 80 57
53 81 58
53 82 96
53 83 76
53 84 69
53 85 48
53 86 49
53 87 15
53 88 54
53 89 17
53 90 82
53 91 14
53 92 31
53 93 4
53 94 80
53 95 52
53 96 75
53 97 10
53 98 72
53 99 35
53 100 23
54 0 13
54 1 43
54 2 16
54 3 36
54 4 55
54 5 67
54 6 90
54 7 63
54 8 10
54 9 49
54 10 86
54 11 20
54 12 33
54 13 40
54 14 85
54 15 22
54 16 32
54 17 48
54 18 68
54 19 22
54 20 26
54 21 29
54 22 7
54 23 93
54 24 83
54 25 34
54 26 39
54 27 17
54 28 86
54 29 11
54 30 40
54 31 74
54 32 63
54 33 46
54 34 60
54 35 91
54 36 98
54 37 44
54 38 65
54 39 97
54 40 79
54 41 33
54 42 87
54 43 35
54 44 11
54 45 43
54 46 62
54 47 6
54 48 68
54 49 82
54 50 36
54 51 46
54 52 15
54 53 59
54 55 81
54 56 1
54 57 98
54 58 74
54 59 39
54 60 58
54 61 86
54 62 80
54 63 69
54 64 52
54 65 99
54 66 2
54 67 63
54 68 73
54 69 80
54 70 30
54 71 99
54 72 7
54 73 19
54 74 58
54 75 19
54 76 50
54 77 10
54 78 78
54 79 17
54 80 72
54 81 36
54 82 31
54 83 13
54 84 93
54 85 30
54 86 43
54 87 42
54 88 10
54 89 80
54 90 37
54 91 26
54 92 66
54 93 26
54 94 77
54 95 16
54 96 96
54 97 32
54 98 57
54 99 42
54 100 21
55 0 97
55 1 46
55 2 66
55 3 50
55 4 80
55 5 60
55 6 65
55 7 67
55 8 25
55 9 62
55 10 73
55 11 51
55 12 38
55 13 65
55 14 15
55 15 14
55 16 52
55 17 24
55 18 91
55 19 31
55 20 37
55 21 44
55 22 10
55 23 49
55 24 45
55 25 49
55 26 24
55 27 70
55 28 29
55 29 58
55 30 60
55 31 67
55 32 94
55 33 61
55 34 99
55 35 66
55 36 52
55 37 69
55 38 19
55 39 89
55 40 51
55 41 51
55 42 84
55 43 23
55 44 41
55 45 33
55 46 40
55 47 6
55 48 65
55 49 86
55 50 57
55 51 88
55 52 3
55 53 55
55 54 79
55 56 98
55 57 46
55 58 2
55 59 78
55 60 58
55 61 82
55 62 77
55 63 24
55 64 46
55 65 23
55 66 10
55 67 49
55 68 29
55 69 53
55 70 72
55 71 90
55 72 38
55 73 7
55 74 25
55 75 33
55 76 44
55 77 99
55 78 47
55 79 91
55 80 35
55 81 3
55 82 45
55 83 45
55 84 15
55 85 19
55 86 45
55 87 6
55 88 4
55 89 73
55 90 91
55 91 19
55 92 10
55 93 58
55 94 67
55 95 46
55 96 45
55 97 55
55 98 33
55 99 15
55 100 56
56 0 3
56 1 87
56 2 12
56 3 24
56 4 62
56 5 19
56 6 59
56 7 91
56 8 72
56 9 78
56 10 21
56 11 40
56 12 41
56 13 44
56 14 34
56 15 67
56 16 26
56 17 48
56 18 77
56 19 95
56 20 56
56 21 80
56 22 35
56 23 2
56 24 74
56 25 58
56 26 4
56 27 71
56 28 37
56 29 91
56 30 87
56 31 71
56 32 80
56 33 89
56 34 95
56 35 51
56 36 72
56 37 36
56 38 68
56 39 27
56 40 60
56 41 2
56 42 81
56 43 59
56 44 36
56 45 45
56 46 93
56 47 42
56 48 93
56 49 92
56 50 4
56 51 3
56 52 6
56 53 2
56 54 14
56 55 10
56 57 66
56 58 43
56 59 39
56 60 72
56 61 33
56 62 85
56 63 32
56 64 65
56 65 98
56 66 5
56 67 14
56 68 77
56 69 15
56 70 44
56 71 28
56 72 97
56 73 73
56 74 80
56 75 38
56 76 63
56 77 32
56 78 9
56 79 41
56 80 16
56 81 48
56 82 68
56 83 93
56 84 99
56 85 61
56 86 30
56 87 20
56 88 74
56 89 65
56 90 20
56 91 96
56 92 19
56 93 91
56 94 30
56 95 75
56 96 39
56 97 46
56 98 45
56 99 42
56 100 49
57 0 80
57 1 68
57 2 1
57 3 20
57 4 14
57 5 35
57 6 25
57 7 21
57 8 1
57 9 51
57 10 11
57 11 25
57 12 24
57 13 85
57 14 80
57 15 2
57 16 83
57 17 82
57 18 63
57 19 25
57 20 6
57 21 91
57 22 73
57 23 20
57 24 4
57 25 45
57 26 49
57 27 70
57 28 52
57 29 14
57 30 51
57 31 4
57 32 91
57 33 99
57 34 17
57 35 77
57 36 68
57 37 75
57 38 95
57 39 26
57 40 99
57 41 7
57 42 25
57 43 57
57 44 6
57 45 43
57 46 19
57 47 97
57 48 18
57 49 50
57 50 51
57 51 72
57 52 67
57 53 59
57 54 55
57 55 24
57 56 31
57 58 99
57 59 26
57 60 69
57 61 64
57 62 25
57 63 18
57 64 47
57 65 87
57 66 34
57 67 51
57 68 46
57 69 72
57 70 72
57 71 1
57 72 6
57 73 47
57 74 7
57 75 58
57 76 80
57 77 61
57 78 98
57 79 22
57 80 25
57 81 46
57 82 11
57 83 94
57 84 54
57 85 69
57 86 93
57 87 91
57 88 74
57 89 60
57 90 23
57 91 58
57 92 88
57 93 70
57 94 14
57 95 94
57 96 84
57 97 15
57 98 55
57 99 89
57 100 28
58 0 58
58 1 13
58 2 26
58 3 10
58 4 4
58 5 61
58 6 55
58 7 14
58 8 2
58 9 49
58 10 39
58 11 11
58 12 94
58 13 70
58 14 24
58 15 31
58 16 86
58 17 17
58 18 33
58 19 55
58 20 17
58 21 18
58 22 69
58 23 97
58 24 56
58 25 47
58 26 67
58 27 92
58 28 62
58 29 20
58 30 85
58 31 26
58 32 51
58 33 12
58 34 87
58 35 57
58 36 9
58 37 7
58 38 20
58 39 30
58 40 76
58 41 11
58 42 38
58 43 99
58 44 11
58 45 59
58 46 59
58 47 10
58 48 5
58 49 21
58 50 23
58 51 31
58 52 13
58 53 77
58 54 9
58 55 44
58 56 13
58 57 62
58 59 28
58 60 99
58 61 45
58 62 81
58 63 8
58 64 45
58 65 2
58 66 64
58 67 85
58 68 59
58 69 4
58 70 61
58 71 49
58 72 89
58 73 85
58 74 54
58 75 91
58 76 76
58 77 81
58 78 1
58 79 71
58 80 54
58 81 87
58 82 23
58 83 9
58 84 78
58 85 58
58 86 56
58 87 89
58 88 46
58 89 23
58 90 60
58 91 19
58 92 18
58 93 89
58 94 25
58 95 14
58 96 15
58 97 52
58 98 55
58 99 19
58 100 77
59 0 71
59 1 29
59 2 34
59 3 69
59 4 74
59 5 94
59 6 1
59 7 5
59 8 59
59 9 62
59 10 54
59 11 31
59 12 39
59 13 93
59 14 61
59 15 75
59 16 48
59 17 71
59 18 16
59 19 60
59 20 84
59 21 40
59 22 63
59 23 88
59 24 25
59 25 75
59 26 1
59 27 60
59 28 20
59 29 33
59 30 68
59 31 21
59 32 19
59 33 19
59 34 27
59 35 88
59 36 52
59 37 29
59 38 64
59 39 32
59 40 46
59 41 49
59 42 41
59 43 19
59 44 22
59 45 77
59 46 41
59 47 85
59 48 76
59 49 49
59 50 68
59 51 34
59 52 22
59 53 55
59 54 14
59 55 69
59 56 43
59 57 81
59 58 7
59 60 90
59 61 87
59 62 98
59 63 8
59 64 78
59 65 28
59 66 78
59 67 15
59 68 56
59 69 70
59 70 18
59 71 11
59 72 43
59 73 31
59 74 1
59 75 4
59 76 73
59 77 22
59 78 80
59 79 87
59 80 2
59 81 90
59 82 55
59 83 20
59 84 72
59 85 13
59 86 20
59 87 98
59 88 56
59 89 98
59 90 87
59 91 10
59 92 64
59 93 61
59 94 85
59 95 69
59 96 10
59 97 48
59 98 97
59 99 98
59 100 71
60 0 95
60 1 44
60 2 17
60 3 54
60 4 78
60 5 7
60 6 78
60 7 81
60 8 88
60 9 35
60 10 73
60 11 80
60 12 92
60 13 25
60 14 68
60 15 77
60 16 58
60 17 13
60 18 89
60 19 66
60 20 58
60 21 3
60 22 32
60 23 93
60 24 19
60 25 20
60 26 88
60 27 39
60 28 45
60 29 25
60 30 96
60 31 95
60 32 40
60 33 97
60 34 74
60 35 20
60 36 90
60 37 25
60 38 15
60 39 89
60 40 61
60 41 39
60 42 92
60 43 72
60 44 63
60 45 10
60 46 83
60 47 86
60 48 85
60 49 4
60 50 48
60 51 90
60 52 79
60 53 98
60 54 77
60 55 86
60 56 4
60 57 71
60 58 97
60 59 81
60 61 41
60 62 75
60 63 81
60 64 49
60 65 89
60 66 58
60 67 91
60 68 36
60 69 59
60 70 14
60 71 52
60 72 25
60 73 3
60 74 58
60 75 25
60 76 12
60 77 3
60 78 77
60 79 31
60 80 43
60 81 89
60 82 30
60 83 1
60 84 90
60 85 42
60 86 99
60 87 39
60 88 93
60 89 27
60 90 41
60 91 86
60 92 25
60 93 47
60 94 53
60 95 69
60 96 2
60 97 80
60 98 38
60 99 82
60 100 73
61 0 31
61 1 72
61 2 5
61 3 78
61 4 80
61 5 24
61 6 50
61 7 32
61 8 32
61 9 15
61 10 52
61 11 64
61 12 29
61 13 44
61 14 16
61 15 97
61 16 62
61 17 26
61 18 82
61 19 17
61 20 33
61 21 51
61 22 87
61 23 34
61 24 44
61 25 78
61 26 43
61 27 47
61 28 46
61 29 84
61 30 95
61 31 2
61 32 66
61 33 41
61 34 25
61 35 87
61 36 59
61 37 4
61 38 99
61 39 20
61 40 76
61 41 91
61 42 92
61 43 90
61 44 95
61 45 42
61 46 40
61 47 62
61 48 34
61 49 57
61 50 98
61 51 49
61 52 84
61 53 3
61 54 59
61 55 38
61 56 72
61 57 68
61 58 34
61 59 38
61 60 29
61 62 2
61 63 63
61 64 37
61 65 79
61 66 23
61 67 8
61 68 79
61 69 5
61 70 48
61 71 6
61 72 67
61 73 37
61 74 61
61 75 46
61 76 9
61 77 31
61 78 38
61 79 33
61 80 61
61 81 47
61 82 42
61 83 16
61 84 84
61 85 49
61 86 82
61 87 14
61 88 33
61 89 44
61 90 34
61 91 61
61 92 17
61 93 45
61 94 41
61 95 37
61 96 3
61 97 88
61 98 10
61 99 95
61 100 12
62 0 77
62 1 22
62 2 93
62 3 78
62 4 79
62 5 93
62 6 43
62 7 78
62 8 23
62 9 12
62 10 34
62 11 27
62 12 84
62 13 76
62 14 59
62 15 4
62 16 83
62 17 76
62 18 51
62 19 35
62 20 70
62 21 46
62 22 17
62 23 69
62 24 69
62 25 63
62 26 73
62 27 2
62 28 79
62 29 65
62 30 3
62 31 11
62 32 66
62 33 45
62 34 21
62 35 77
62 36 32
62 37 54
62 38 28
62 39 56
62 40 31
62 41 70
62 42 5
62 43 80
62 44 70
62 45 61
62 46 15
62 47 97
62 48 95
62 49 31
62 50 36
62 51 39
62 52 58
62 53 37
62 54 85
62 55 50
62 56 33
62 57 21
62 58 44
62 59 57
62 60 80
62 61 14
62 63 64
62 64 19
62 65 92
62 66 30
62 67 37
62 68 42
62 69 2
62 70 36
62 71 83
62 72 15
62 73 90
62 74 59
62 75 47
62 76 36
62 77 33
62 78 49
62 79 5
62 80 4
62 81 69
62 82 43
62 83 44
62 84 13
62 85 97
62 86 19
62 87 36
62 88 68
62 89 4
62 90 13
62 91 4
62 92 74
62 93 16
62 94 95
62 95 68
62 96 92
62 97 68
62 98 39
62 99 78
62 100 7
63 0 1
63 1 82
63 2 76
63 3 44
63 4 16
63 5 73
63 6 81
63 7 11
63 8 21
63 9 77
63 10 77
63 11 52
63 12 56
63 13 35
63 14 77
63 15 65
63 16 68
63 17 5
63 18 79
63 19 65
63 20 74
63 21 15
63 22 74
63 23 55
63 24 90
63 25 12
63 26 50
63 27 34
63 28 80
63 29 7
63 30 94
63 31 13
63 32 21
63 33 38
63 34 83
63 35 51
63 36 36
63 37 85
63 38 81
63 39 55
63 40 95
63 41 83
63 42 86
63 43 99
63 44 54
63 45 87
63 46 29
63 47 99
63 48 6
63 49 16
63 50 25
63 51 55
63 52 57
63 53 27
63 54 25
63 55 87
63 56 2
63 57 41
63 58 28
63 59 4
63 60 41
63 61 41
63 62 37
63 64 53
63 65 77
63 66 68
63 67 76
63 68 29
63 69 10
63 70 11
63 71 34
63 72 46
63 73 20
63 74 46
63 75 3
63 76 15
63 77 17
63 78 46
63 79 33
63 80 41
63 81 40
63 82 10
63 83 6
63 84 20
63 85 4
63 86 20
63 87 31
63 88 21
63 89 15
63 90 35
63 91 37
63 92 44
63 93 8
63 94 57
63 95 79
63 96 95
63 97 5
63 98 64
63 99 4
63 100 63
64 0 92
64 1 37
64 2 55
64 3 88
64 4 39
64 5 17
64 6 91
64 7 1
64 8 92
64 9 17
64 10 65
64 11 45
64 12 30
64 13 78
64 14 30
64 15 64
64 16 61
64 17 9
64 18 21
64 19 44
64 20 66
64 21 20
64 22 56
64 23 4
64 24 77
64 25 82
64 26 14
64 27 78
64 28 84
64 29 86
64 30 71
64 31 75
64 32 41
64 33 48
64 34 7
64 35 41
64 36 35
64 37 81
64 38 54
64 39 93
64 40 76
64 41 13
64 42 56
64 43 61
64 44 18
64 45 40
64 46 10
64 47 48
64 48 89
64 49 94
64 50 57
64 51 71
64 52 73
64 53 75
64 54 77
64 55 1
64 56 6
64 57 34
64 58 87
64 59 48
64 60 14
64 61 43
64 62 23
64 63 49
64 65 32
64 66 9
64 67 81
64 68 76
64 69 28
64 70 16
64 71 72
64 72 33
64 73 67
64 74 76
64 75 15
64 76 27
64 77 67
64 78 52
64 79 7
64 80 85
64 81 10
64 82 63
64 83 16
64 84 22
64 85 56
64 86 7
64 87 3
64 88 87
64 89 40
64 90 71
64 91 29
64 92 23
64 93 20
64 94 7
64 95 9
64 96 74
64 97 93
64 98 42
64 99 1
64 100 76
65 0 41
65 1 29
65 2 97
65 3 33
65 4 18
65 5 71
65 6 80
65 7 70
65 8 25
65 9 49
65 10 20
65 11 33
65 12 81
65 13 64
65 14 20
65 15 28
65 16 73
65 17 18
65 18 79
65 19 72
65 20 58
65 21 74
65 22 62
65 23 70
65 24 49
65 25 51
65 26 6
65 27 75
65 28 91
65 29 51
65 30 33
65 31 49
65 32 20
65 33 67
65 34 36
65 35 46
65 36 69
65 37 44
65 38 93
65 39 63
65 40 12
65 41 3
65 42 47
65 43 78
65 44 32
65 45 76
65 46 68
65 47 38
65 48 90
65 49 87
65 50 55
65 51 13
65 52 53
65 53 2
65 54 14
65 55 29
65 56 96
65 57 33
65 58 8
65 59 87
65 60 27
65 61 55
65 62 12
65 63 91
65 64 66
65 66 22
65 67 43
65 68 3
65 69 83
65 70 9
65 71 58
65 72 77
65 73 14
65 74 93
65 75 52
65 76 77
65 77 51
65 78 54
65 79 17
65 80 36
65 81 25
65 82 60
65 83 47
65 84 81
65 85 2
65 86 19
65 87 32
65 88 16
65 89 74
65 90 61
65 91 79
65 92 14
65 93 83
65 94 3
65 95 45
65 96 14
65 97 82
65 98 30
65 99 16
65 100 88
66 0 13
66 1 72
66 2 13
66 3 45
66 4 12
66 5 46
66 6 64
66 7 72
66 8 78
66 9 44
66 10 23
66 11 75
66 12 23
66 13 85
66 14 73
66 15 82
66 16 27
66 17 17
66 18 28
66 19 71
66 20 41
66 21 43
66 22 64
66 23 73
66 24 68
66 25 49
66 26 67
66 27 7
66 28 34
66 29 76
66 30 35
66 31 24
66 32 49
66 33 68
66 34 61
66 35 23
66 36 1
66 37 24
66 38 35
66 39 65
66 40 13
66 41 42
66 42 22
66 43 91
66 44 1
66 45 43
66 46 36
66 47 60
66 48 6
66 49 90
66 50 19
66 51 74
66 52 3
66 53 58
66 54 44
66 55 70
66 56 7
66 57 59
66 58 16
66 59 15
66 60 18
66 61 1
66 62 19
66 63 44
66 64 12
66 65 8
66 67 43
66 68 28
66 69 97
66 70 32
66 71 31
66 72 14
66 73 72
66 74 43
66 75 67
66 76 2
66 77 37
66 78 33
66 79 85
66 80 96
66 81 42
66 82 74
66 83 45
66 84 76
66 85 74
66 86 96
66 87 91
66 88 3
66 89 97
66 90 6
66 91 3
66 92 68
66 93 33
66 94 20
66 95 44
66 96 31
66 97 63
66 98 4
66 99 59
66 100 67
67 0 3
67 1 84
67 2 4
67 3 62
67 4 6
67 5 53
67 6 55
67 7 56
67 8 72
67 9 80
67 10 35
67 11 41
67 12 94
67 13 25
67 14 12
67 15 6
67 16 58
67 17 35
67 18 25
67 19 44
67 20 76
67 21 19
67 22 69
67 23 64
67 24 78
67 25 51
67 26 78
67 27 12
67 28 53
67 29 17
67 30 75
67 31 55
67 32 84
67 33 81
67 34 14
67 35 64
67 36 14
67 37 90
67 38 94
67 39 42
67 40 81
67 41 56
67 42 50
67 43 12
67 44 96
67 45 47
67 46 70
67 47 54
67 48 34
67 49 91
67 50 33
67 51 7
67 52 73
67 53 75
67 54 10
67 55 14
67 56 4
67 57 37
67 58 30
67 59 96
67 60 42
67 61 50
67 62 48
67 63 53
67 64 49
67 65 93
67 66 41
67 68 80
67 69 95
67 70 35
67 71 58
67 72 55
67 73 3
67 74 59
67 75 56
67 76 2
67 77 27
67 78 10
67 79 28
67 80 88
67 81 25
67 82 40
67 83 95
67 84 10
67 85 7
67 86 94
67 87 50
67 88 24
67 89 67
67 90 74
67 91 14
67 92 16
67 93 71
67 94 78
67 95 78
67 96 81
67 97 58
67 98 72
67 99 76
67 100 88
68 0 72
68 1 41
68 2 6
68 3 91
68 4 95
68 5 54
68 6 44
68 7 31
68 8 82
68 9 44
68 10 56
68 11 96
68 12 41
68 13 78
68 14 31
68 15 24
68 16 43
68 17 84
68 18 4
68 19 76
68 20 71
68 21 74
68 22 69
68 23 23
68 24 47
68 25 89
68 26 21
68 27 27
68 28 7
68 29 94
68 30 1
68 31 2
68 32 40
68 33 91
68 34 82
68 35 58
68 36 14
68 37 41
68 38 69
68 39 75
68 40 40
68 41 2
68 42 87
68 43 17
68 44 31
68 45 37
68 46 51
68 47 39
68 48 59
68 49 12
68 50 51
68 51 82
68 52 16
68 53 68
68 54 54
68 55 75
68 56 93
68 57 98
68 58 93
68 59 18
68 60 77
68 61 39
68 62 74
68 63 29
68 64 93
68 65 40
68 66 34
68 67 40
68 69 80
68 70 73
68 71 39
68 72 38
68 73 99
68 74 24
68 75 98
68 76 69
68 77 44
68 78 35
68 79 14
68 80 9
68 81 41
68 82 16
68 83 52
68 84 66
68 85 62
68 86 45
68 87 32
68 88 42
68 89 85
68 90 80
68 91 38
68 92 75
68 93 34
68 94 67
68 95 75
68 96 51
68 97 95
68 98 69
68 99 70
68 100 79
69 0 63
69 1 58
69 2 45
69 3 76
69 4 58
69 5 93
69 6 83
69 7 81
69 8 45
69 9 47
69 10 91
69 11 68
69 12 67
69 13 84
69 14 19
69 15 85
69 16 25
69 17 36
69 18 52
69 19 87
69 20 35
69 21 75
69 22 65
69 23 52
69 24 60
69 25 17
69 26 44
69 27 45
69 28 62
69 29 83
69 30 41
69 31 49
69 32 74
69 33 58
69 34 26
69 35 14
69 36 40
69 37 67
69 38 71
69 39 46
69 40 23
69 41 76
69 42 67
69 43 56
69 44 16
69 45 5
69 46 32
69 47 76
69 48 96
69 49 94
69 50 44
69 51 81
69 52 76
69 53 48
69 54 47
69 55 65
69 56 45
69 57 97
69 58 76
69 59 49
69 60 13
69 61 20
69 62 91
69 63 32
69 64 68
69 65 79
69 66 28
69 67 76
69 68 26
69 70 87
69 71 54
69 72 95
69 73 79
69 74 43
69 75 89
69 76 44
69 77 55
69 78 66
69 79 24
69 80 69
69 81 94
69 82 60
69 83 48
69 84 62
69 85 27
69 86 51
69 87 49
69 88 20
69 89 31
69 90 38
69 91 18
69 92 36
69 93 11
69 94 72
69 95 85
69 96 65
69 97 60
69 98 8
69 99 67
69 100 12
70 0 94
70 1 19
70 2 28
70 3 43
70 4 65
70 5 26
70 6 82
70 7 99
70 8 92
70 9 39
70 10 15
70 11 79
70 12 80
70 13 12
70 14 33
70 15 28
70 16 55
70 17 12
70 18 19
70 19 46
70 20 51
70 21 8
70 22 11
70 23 26
70 24 24
70 25 28
70 26 7
70 27 22
70 28 73
70 29 65
70 30 82
70 31 36
70 32 2
70 33 91
70 34 50
70 35 21
70 36 84
70 37 78
70 38 73
70 39 66
70 40 11
70 41 29
70 42 2
70 43 82
70 44 20
70 45 9
70 46 13
70 47 65
70 48 7
70 49 5
70 50 32
70 51 7
70 52 91
70 53 48
70 54 4
70 55 82
70 56 69
70 57 46
70 58 80
70 59 94
70 60 52
70 61 46
70 62 66
70 63 39
70 64 74
70 65 39
70 66 83
70 67 52
70 68 66
70 69 4
70 71 11
70 72 33
70 73 23
70 74 53
70 75 86
70 76 9
70 77 53
70 78 12
70 79 15
70 80 81
70 81 70
70 82 95
70 83 27
70 84 23
70 85 31
70 86 73
70 87 3
70 88 39
70 89 87
70 90 60
70 91 33
70 92 93
70 93 44
70 94 46
70 95 92
70 96 42
70 97 75
70 98 13
70 99 43
70 100 15
71 0 69
71 1 16
71 2 40
71 3 16
71 4 68
71 5 24
71 6 17
71 7 19
71 8 76
71 9 57
71 10 38
71 11 9
71 12 23
71 13 21
71 14 26
71 15 99
71 16 78
71 17 34
71 18 66
71 19 82
71 20 50
71 21 64
71 22 82
71 23 78
71 24 98
71 25 86
71 26 84
71 27 40
71 28 67
71 29 71
71 30 45
71 31 99
71 32 44
71 33 16
71 34 59
71 35 3
71 36 50
71 37 83
71 38 69
71 39 33
71 40 22
71 41 71
71 42 28
71 43 63
71 44 32
71 45 93
71 46 6
71 47 48
71 48 59
71 49 17
71 50 40
71 51 68
71 52 86
71 53 55
71 54 44
71 55 99
71 56 50
71 57 28
71 58 51
71 59 8
71 60 91
71 61 77
71 62 81
71 63 67
71 64 30
71 65 23
71 66 75
71 67 68
71 68 16
71 69 6
71 70 24
71 72 78
71 73 26
71 74 60
71 75 20
71 76 54
71 77 17
71 78 59
71 79 31
71 80 43
71 81 78
71 82 54
71 83 63
71 84 33
71 85 83
71 86 22
71 87 91
71 88 24
71 89 92
71 90 58
71 91 12
71 92 89
71 93 34
71 94 65
71 95 21
71 96 1
71 97 60
71 98 86
71 99 64
71 100 92
72 0 87
72 1 46
72 2 24
72 3 8
72 4 81
72 5 97
72 6 55
72 7 38
72 8 60
72 9 16
72 10 91
72 11 97
72 12 79
72 13 96
72 14 86
72 15 10
72 16 40
72 17 25
72 18 70
72 19 31
72 20 28
72 21 61
72 22 74
72 23 38
72 24 85
72 25 85
72 26 14
72 27 49
72 28 34
72 29 61
72 30 52
72 31 81
72 32 3
72 33 60
72 34 11
72 35 35
72 36 17
72 37 88
72 38 70
72 39 84
72 40 88
72 41 50
72 42 70
72 43 8
72 44 64
72 45 46
72 46 20
72 47 72
72 48 7
72 49 36
72 50 84
72 51 51
72 52 55
72 53 48
72 54 63
72 55 7
72 56 23
72 57 42
72 58 91
72 59 79
72 60 61
72 61 23
72 62 9
72 63 12
72 64 69
72 65 30
72 66 58
72 67 5
72 68 14
72 69 12
72 70 96
72 71 50
72 73 35
72 74 44
72 75 73
72 76 41
72 77 78
72 78 66
72 79 93
72 80 39
72 81 37
72 82 23
72 83 2
72 84 99
72 85 54
72 86 9
72 87 20
72 88 2
72 89 72
72 90 8
72 91 41
72 92 92
72 93 22
72 94 31
72 95 60
72 96 46
72 97 82
72 98 59
72 99 94
72 100 42
73 0 66
73 1 97
73 2 78
73 3 20
73 4 99
73 5 29
73 6 70
73 7 68
73 8 65
73 9 43
73 10 96
73 11 36
73 12 75
73 13 22
73 14 32
73 15 65
73 16 37
73 17 93
73 18 82
73 19 67
73 20 27
73 21 49
73 22 33
73 23 96
73 24 59
73 25 65
73 26 39
73 27 52
73 28 38
73 29 98
73 30 41
73 31 30
73 32 64
73 33 95
73 34 58
73 35 25
73 36 56
73 37 67
73 38 22
73 39 55
73 40 62
73 41 44
73 42 35
73 43 39
73 44 76
73 45 61
73 46 4
73 47 67
73 48 22
73 49 66
73 50 40
73 51 11
73 52 5
73 53 50
73 54 23
73 55 62
73 56 54
73 57 44
73 58 40
73 59 7
73 60 46
73 61 58
73 62 84
73 63 67
73 64 38
73 65 37
73 66 79
73 67 32
73 68 13
73 69 89
73 70 36
73 71 93
73 72 89
73 74 6
73 75 26
73 76 26
73 77 54
73 78 43
73 79 39
73 80 76
73 81 24
73 82 94
73 83 92
73 84 66
73 85 75
73 86 85
73 87 64
73 88 26
73 89 1
73 90 20
73 91 54
73 92 8
73 93 59
73 94 70
73 95 48
73 96 95
73 97 98
73 98 92
73 99 34
73 100 43
74 0 67
74 1 12
74 2 27
74 3 69
74 4 33
74 5 87
74 6 18
74 7 55
74 8 37
74 9 2
74 10 13
74 11 67
74 12 3
74 13 17
74 14 32
74 15 83
74 16 73
74 17 39
74 18 40
74 19 21
74 20 49
74 21 6
74 22 60
74 23 15
74 24 38
74 25 74
74 26 65
74 27 17
74 28 1
74 29 93
74 30 33
74 31 22
74 32 35
74 33 10
74 34 95
74 35 22
74 36 26
74 37 36
74 38 55
74 39 67
74 40 53
74 41 50
74 42 13
74 43 83
74 44 1
74 45 56
74 46 69
74 47 17
74 48 71
74 49 2
74 50 91
74 51 76
74 52 38
74 53 90
74 54 43
74 55 64
74 56 29
74 57 82
74 58 63
74 59 81
74 60 11
74 61 76
74 62 60
74 63 45
74 64 69
74 65 71
74 66 41
74 67 25
74 68 59
74 69 49
74 70 54
74 71 49
74 72 21
74 73 33
74 75 91
74 76 62
74 77 62
74 78 68
74 79 72
74 80 51
74 81 94
74 82 41
74 83 2
74 84 65
74 85 67
74 86 82
74 87 76
74 88 32
74 89 24
74 90 21
74 91 24
74 92 41
74 93 98
74 94 9
74 95 37
74 96 99
74 97 61
74 98 30
74 99 14
74 100 82
75 0 42
75 1 23
75 2 47
75 3 84
75 4 58
75 5 54
75 6 7
75 7 91
75 8 57
75 9 96
75 10 99
75 11 97
75 12 33
75 13 58
75 14 81
75 15 62
75 16 68
75 17 82
75 18 47
75 19 51
75 20 44
75 21 1
75 22 64
75 23 81
75 24 78
75 25 65
75 26 46
75 27 15
75 28 42
75 29 80
75 30 98
75 31 61
75 32 99
75 33 9
75 34 70
75 35 92
75 36 72
75 37 80
75 38 80
75 39 91
75 40 56
75 41 31
75 42 52
75 43 11
75 44 37
75 45 66
75 46 42
75 47 12
75 48 11
75 49 31
75 50 81
75 51 82
75 52 54
75 53 59
75 54 58
75 55 91
75 56 1
75 57 55
75 58 81
75 59 62
75 60 79
75 61 49
75 62 77
75 63 72
75 64 58
75 65 98
75 66 39
75 67 35
75 68 76
75 69 59
75 70 82
75 71 6
75 72 96
75 73 84
75 74 22
75 76 37
75 77 95
75 78 5
75 79 30
75 80 97
75 81 83
75 82 32
75 83 58
75 84 65
75 85 69
75 86 64
75 87 63
75 88 80
75 89 31
75 90 31
75 91 96
75 92 70
75 93 36
75 94 31
75 95 66
75 96 31
75 97 44
75 98 29
75 99 66
75 100 3
76 0 28
76 1 89
76 2 43
76 3 32
76 4 21
76 5 90
76 6 39
76 7 82
76 8 58
76 9 90
76 10 9
76 11 95
76 12 62
76 13 5
76 14 42
76 15 28
76 16 75
76 17 93
76 18 26
76 19 69
76 20 91
76 21 9
76 22 16
76 23 87
76 24 31
76 25 6
76 26 28
76 27 40
76 28 72
76 29 4
76 30 75
76 31 69
76 32 6
76 33 85
76 34 52
76 35 14
76 36 26
76 37 70
76 38 3
76 39 88
76 40 51
76 41 9
76 42 23
76 43 93
76 44 10
76 45 50
76 46 4
76 47 14
76 48 38
76 49 25
76 50 15
76 51 14
76 52 73
76 53 86
76 54 70
76 55 84
76 56 46
76 57 78
76 58 92
76 59 89
76 60 9
76 61 92
76 62 32
76 63 76
76 64 8
76 65 99
76 66 99
76 67 4
76 68 50
76 69 30
76 70 4
76 71 4
76 72 35
76 73 19
76 74 98
76 75 4
76 77 2
76 78 62
76 79 24
76 80 49
76 81 68
76 82 42
76 83 2
76 84 74
76 85 42
76 86 24
76 87 64
76 88 49
76 89 31
76 90 49
76 91 95
76 92 91
76 93 89
76 94 74
76 95 56
76 96 59
76 97 30
76 98 54
76 99 45
76 100 91
77 0 17
77 1 62
77 2 33
77 3 11
77 4 45
77 5 21
77 6 94
77 7 95
77 8 1
77 9 45
77 10 52
77 11 89
77 12 76
77 13 3
77 14 18
77 15 49
77 16 85
77 17 59
77 18 74
77 19 91
77 20 79
77 21 20
77 22 79
77 23 65
77 24 30
77 25 53
77 26 63
77 27 82
77 28 2
77 29 1
77 30 45
77 31 27
77 32 51
77 33 56
77 34 87
77 35 62
77 36 27
77 37 39
77 38 93
77 39 26
77 40 82
77 41 29
77 42 25
77 43 18
77 44 2
77 45 46
77 46 49
77 47 51
77 48 57
77 49 57
77 50 19
77 51 26
77 52 4
77 53 82
77 54 38
77 55 40
77 56 54
77 57 33
77 58 62
77 59 26
77 60 81
77 61 13
77 62 66
77 63 46
77 64 66
77 65 66
77 66 72
77 67 95
77 68 57
77 69 37
77 70 23
77 71 94
77 72 29
77 73 95
77 74 76
77 75 84
77 76 9
77 78 26
77 79 97
77 80 29
77 81 73
77 82 21
77 83 58
77 84 71
77 85 14
77 86 74
77 87 29
77 88 25
77 89 17
77 90 33
77 91 49
77 92 98
77 93 55
77 94 66
77 95 65
77 96 95
77 97 21
77 98 42
77 99 59
77 100 10
78 0 24
78 1 2
78 2 38
78 3 63
78 4 54
78 5 67
78 6 27
78 7 22
78 8 29
78 9 39
78 10 3
78 11 60
78 12 99
78 13 86
78 14 49
78 15 13
78 16 75
78 17 66
78 18 6
78 19 19
78 20 5
78 21 52
78 22 37
78 23 40
78 24 46
78 25 6
78 26 68
78 27 62
78 28 37
78 29 7
78 30 56
78 31 54
78 32 16
78 33 98
78 34 21
78 35 33
78 36 25
78 37 46
78 38 86
78 39 22
78 40 16
78 41 15
78 42 88
78 43 96
78 44 52
78 45 69
78 46 43
78 47 58
78 48 15
78 49 80
78 50 80
78 51 25
78 52 4
78 53 64
78 54 64
78 55 71
78 56 87
78 57 12
78 58 31
78 59 86
78 60 50
78 61 6
78 62 73
78 63 47
78 64 53
78 65 72
78 66 62
78 67 55
78 68 84
78 69 79
78 70 99
78 71 86
78 72 19
78 73 79
78 74 54
78 75 18
78 76 9
78 77 36
78 79 27
78 80 77
78 81 54
78 82 47
78 83 16
78 84 38
78 85 22
78 86 16
78 87 88
78 88 92
78 89 52
78 90 62
78 91 65
78 92 60
78 93 79
78 94 60
78 95 81
78 96 56
78 97 18
78 98 51
78 99 85
78 100 23
79 0 90
79 1 37
79 2 98
79 3 41
79 4 65
79 5 35
79 6 59
79 7 4
79 8 8
79 9 50
79 10 16
79 11 59
79 12 41
79 13 20
79 14 58
79 15 63
79 16 9
79 17 99
79 18 69
79 19 84
79 20 29
79 21 74
79 22 82
79 23 39
79 24 26
79 25 12
79 26 41
79 27 90
79 28 54
79 29 15
79 30 89
79 31 47
79 32 34
79 33 47
79 34 19
79 35 85
79 36 47
79 37 68
79 38 62
79 39 89
79 40 79
79 41 53
79 42 32
79 43 86
79 44 58
79 45 25
79 46 47
79 47 83
79 48 29
79 49 83
79 50 59
79 51 52
79 52 25
79 53 24
79 54 79
79 55 42
79 56 83
79 57 9
79 58 38
79 59 77
79 60 40
79 61 12
79 62 15
79 63 34
79 64 39
79 65 66
79 66 85
79 67 77
79 68 6
79 69 24
79 70 17
79 71 84
79 72 96
79 73 50
79 74 34
79 75 23
79 76 79
79 77 35
79 78 48
79 80 82
79 81 60
79 82 59
79 83 90
79 84 49
79 85 54
79 86 49
79 87 74
79 88 21
79 89 85
79 90 12
79 91 75
79 92 32
79 93 49
79 94 9
79 95 48
79 96 84
79 97 87
79 98 46
79 99 99
79 100 47
80 0 71
80 1 67
80 2 57
80 3 29
80 4 23
80 5 93
80 6 97
80 7 6
80 8 6
80 9 57
80 10 18
80 11 93
80 12 17
80 13 85
80 14 45
80 15 54
80 16 53
80 17 38
80 18 79
80 19 13
80 20 88
80 21 57
80 22 85
80 23 80
80 24 35
80 25 13
80 26 89
80 27 15
80 28 58
80 29 6
80 30 34
80 31 43
80 32 23
80 33 65
80 34 48
80 35 25
80 36 83
80 37 4
80 38 19
80 39 73
80 40 53
80 41 90
80 42 39
80 43 77
80 44 66
80 45 99
80 46 50
80 47 28
80 48 68
80 49 92
80 50 5
80 51 15
80 52 37
80 53 87
80 54 65
80 55 65
80 56 75
80 57 88
80 58 22
80 59 7
80 60 98
80 61 56
80 62 78
80 63 36
80 64 96
80 65 72
80 66 20
80 67 64
80 68 76
80 69 36
80 70 74
80 71 23
80 72 91
80 73 88
80 74 65
80 75 54
80 76 81
80 77 66
80 78 41
80 79 40
80 81 96
80 82 92
80 83 23
80 84 66
80 85 51
80 86 39
80 87 56
80 88 47
80 89 69
80 90 24
80 91 8
80 92 24
80 93 93
80 94 54
80 95 31
80 96 66
80 97 3
80 98 54
80 99 14
80 100 26
81 0 1
81 1 45
81 2 15
81 3 70
81 4 79
81 5 66
81 6 24
81 7 48
81 8 28
81 9 44
81 10 26
81 11 44
81 12 16
81 13 83
81 14 77
81 15 99
81 16 20
81 17 52
81 18 81
81 19 79
81 20 44
81 21 95
81 22 48
81 23 15
81 24 51
81 25 69
81 26 28
81 27 7
81 28 24
81 29 74
81 30 89
81 31 64
81 32 77
81 33 70
81 34 77
81 35 65
81 36 96
81 37 54
81 38 48
81 39 48
81 40 61
81 41 1
81 42 78
81 43 68
81 44 40
81 45 44
81 46 56
81 47 33
81 48 67
81 49 90
81 50 20
81 51 74
81 52 63
81 53 71
81 54 29
81 55 97
81 56 61
81 57 22
81 58 92
81 59 57
81 60 26
81 61 28
81 62 17
81 63 25
81 64 99
81 65 25
81 66 29
81 67 53
81 68 7
81 69 45
81 70 94
81 71 32
81 72 77
81 73 5
81 74 61
81 75 71
81 76 73
81 77 29
81 78 68
81 79 55
81 80 18
81 82 47
81 83 22
81 84 49
81 85 27
81 86 59
81 87 5
81 88 25
81 89 39
81 90 29
81 91 85
81 92 16
81 93 70
81 94 12
81 95 44
81 96 13
81 97 17
81 98 75
81 99 53
81 100 73
82 0 23
82 1 67
82 2 53
82 3 94
82 4 97
82 5 84
82 6 22
82 7 62
82 8 11
82 9 32
82 10 62
82 11 98
82 12 10
82 13 83
82 14 43
82 15 69
82 16 34
82 17 37
82 18 88
82 19 35
82 20 61
82 21 25
82 22 58
82 23 75
82 24 14
82 25 36
82 26 13
82 27 78
82 28 37
82 29 35
82 30 83
82 31 96
82 32 87
82 33 23
82 34 61
82 35 26
82 36 53
82 37 23
82 38 78
82 39 36
82 40 94
82 41 15
82 42 58
82 43 50
82 44 33
82 45 29
82 46 48
82 47 60
82 48 72
82 49 51
82 50 32
82 51 88
82 52 24
82 53 87
82 54 69
82 55 97
82 56 93
82 57 36
82 58 95
82 59 84
82 60 11
82 61 78
82 62 94
82 63 16
82 64 51
82 65 2
82 66 57
82 67 99
82 68 10
82 69 76
82 70 98
82 71 76
82 72 31
82 73 34
82 74 12
82 75 58
82 76 91
82 77 65
82 78 14
82 79 31
82 80 11
82 81 82
82 83 8
82 84 99
82 85 83
82 86 64
82 87 79
82 88 57
82 89 93
82 90 72
82 91 88
82 92 12
82 93 99
82 94 43
82 95 56
82 96 71
82 97 90
82 98 86
82 99 42
82 100 31
83 0 36
83 1 52
83 2 9
83 3 65
83 4 85
83 5 68
83 6 72
83 7 92
83 8 36
83 9 83
83 10 38
83 11 90
83 12 10
83 13 95
83 14 83
83 15 57
83 16 73
83 17 24
83 18 31
83 19 39
83 20 22
83 21 21
83 22 79
83 23 6
83 24 7
83 25 39
83 26 15
83 27 83
83 28 72
83 29 70
83 30 98
83 31 62
83 32 37
83 33 96
83 34 23
83 35 52
83 36 55
83 37 31
83 38 57
83 39 88
83 40 72
83 41 64
83 42 9
83 43 99
83 44 53
83 45 29
83 46 12
83 47 81
83 48 36
83 49 31
83 50 62
83 51 62
83 52 14
83 53 23
83 54 35
83 55 26
83 56 32
83 57 16
83 58 76
83 59 78
83 60 22
83 61 76
83 62 31
83 63 21
83 64 30
83 65 64
83 66 83
83 67 59
83 68 68
83 69 73
83 70 70
83 71 82
83 72 73
83 73 34
83 74 94
83 75 6
83 76 36
83 77 17
83 78 21
83 79 68
83 80 60
83 81 34
83 82 1
83 84 29
83 85 52
83 86 10
83 87 81
83 88 37
83 89 13
83 90 65
83 91 38
83 92 68
83 93 45
83 94 97
83 95 55
83 96 94
83 97 80
83 98 79
83 99 74
83 100 5
84 0 30
84 1 83
84 2 2
84 3 93
84 4 68
84 5 17
84 6 76
84 7 70
84 8 84
84 9 82
84 10 92
84 11 87
84 12 47
84 13 60
84 14 59
84 15 13
84 16 66
84 17 66
84 18 50
84 19 81
84 20 23
84 21 53
84 22 60
84 23 82
84 24 52
84 25 10
84 26 22
84 27 60
84 28 66
84 29 70
84 30 19
84 31 42
84 32 82
84 33 9
84 34 98
84 35 14
84 36 78
84 37 17
84 38 20
84 39 63
84 40 47
84 41 62
84 42 29
84 43 79
84 44 59
84 45 26
84 46 88
84 47 20
84 48 32
84 49 59
84 50 59
84 51 72
84 52 77
84 53 73
84 54 62
84 55 30
84 56 7
84 57 23
84 58 72
84 59 24
84 60 72
84 61 20
84 62 17
84 63 49
84 64 9
84 65 83
84 66 15
84 67 56
84 68 87
84 69 41
84 70 83
84 71 65
84 72 38
84 73 87
84 74 35
84 75 26
84 76 11
84 77 58
84 78 46
84 79 18
84 80 2
84 81 2
84 82 69
84 83 50
84 85 25
84 86 91
84 87 33
84 88 77
84 89 30
84 90 25
84 91 20
84 92 78
84 93 21
84 94 15
84 95 30
84 96 51
84 97 47
84 98 94
84 99 99
84 100 33
85 0 73
85 1 17
85 2 10
85 3 33
85 4 85
85 5 91
85 6 74
85 7 21
85 8 80
85 9 54
85 10 11
85 11 80
85 12 38
85 13 42
85 14 77
85 15 53
85 16 26
85 17 83
85 18 98
85 19 41
85 20 63
85 21 89
85 22 25
85 23 27
85 24 4
85 25 47
85 26 97
85 27 26
85 28 17
85 29 13
85 30 29
85 31 7
85 32 68
85 33 68
85 34 93
85 35 85
85 36 24
85 37 84
85 38 54
85 39 29
85 40 1
85 41 16
85 42 33
85 43 2
85 44 32
85 45 36
85 46 83
85 47 6
85 48 4
85 49 86
85 50 61
85 51 56
85 52 65
85 53 79
85 54 51
85 55 21
85 56 95
85 57 88
85 58 86
85 59 78
85 60 74
85 61 17
85 62 82
85 63 72
85 64 19
85 65 31
85 66 84
85 67 11
85 68 16
85 69 58
85 70 25
85 71 20
85 72 89
85 73 40
85 74 93
85 75 14
85 76 16
85 77 19
85 78 53
85 79 2
85 80 91
85 81 72
85 82 76
85 83 50
85 84 82
85 86 54
85 87 71
85 88 94
85 89 85
85 90 41
85 91 20
85 92 90
85 93 7
85 94 57
85 95 26
85 96 93
85 97 9
85 98 84
85 99 90
85 100 9
86 0 4
86 1 22
86 2 47
86 3 7
86 4 35
86 5 41
86 6 78
86 7 62
86 8 70
86 9 63
86 10 37
86 11 67
86 12 11
86 13 38
86 14 77
86 15 9
86 16 16
86 17 52
86 18 72
86 19 61
86 20 54
86 21 47
86 22 53
86 23 6
86 24 87
86 25 70
86 26 53
86 27 47
86 28 64
86 29 35
86 30 12
86 31 29
86 32 35
86 33 74
86 34 19
86 35 74
86 36 36
86 37 18
86 38 13
86 39 16
86 40 98
86 41 47
86 42 12
86 43 41
86 44 41
86 45 71
86 46 6
86 47 28
86 48 98
86 49 79
86 50 27
86 51 27
86 52 27
86 53 6
86 54 17
86 55 25
86 56 92
86 57 36
86 58 13
86 59 20
86 60 97
86 61 95
86 62 54
86 63 71
86 64 79
86 65 97
86 66 46
86 67 69
86 68 83
86 69 73
86 70 33
86 71 87
86 72 22
86 73 46
86 74 63
86 75 69
86 76 20
86 77 3
86 78 89
86 79 66
86 80 82
86 81 14
86 82 45
86 83 74
86 84 23
86 85 20
86 87 76
86 88 5
86 89 83
86 90 71
86 91 3
86 92 28
86 93 23
86 94 76
86 95 29
86 96 13
86 97 96
86 98 21
86 99 40
86 100 31
87 0 68
87 1 64
87 2 73
87 3 16
87 4 29
87 5 5
87 6 24
87 7 51
87 8 29
87 9 73
87 10 60
87 11 90
87 12 59
87 13 86
87 14 60
87 15 99
87 16 50
87 17 98
87 18 19
87 19 28
87 20 20
87 21 21
87 22 42
87 23 36
87 24 82
87 25 23
87 26 85
87 27 19
87 28 31
87 29 47
87 30 90
87 31 93
87 32 53
87 33 29
87 34 93
87 35 96
87 36 68
87 37 91
87 38 13
87 39 6
87 40 95
87 41 96
87 42 59
87 43 51
87 44 50
87 45 8
87 46 60
87 47 9
87 48 72
87 49 38
87 50 91
87 51 50
87 52 18
87 53 46
87 54 40
87 55 3
87 56 81
87 57 87
87 58 84
87 59 57
87 60 99
87 61 98
87 62 3
87 63 16
87 64 92
87 65 1
87 66 67
87 67 51
87 68 83
87 69 70
87 70 98
87 71 28
87 72 19
87 73 43
87 74 82
87 75 68
87 76 1
87 77 54
87 78 65
87 79 77
87 80 34
87 81 63
87 82 56
87 83 8
87 84 4
87 85 97
87 86 25
87 88 95
87 89 93
87 90 52
87 91 44
87 92 44
87 93 84
87 94 78
87 95 84
87 96 10
87 97 91
87 98 51
87 99 70
87 100 5
88 0 55
88 1 84
88 2 7
88 3 93
88 4 57
88 5 3
88 6 63
88 7 13
88 8 93
88 9 70
88 10 64
88 11 42
88 12 10
88 13 50
88 14 82
88 15 60
88 16 39
88 17 78
88 18 35
88 19 79
88 20 35
88 21 63
88 22 35
88 23 56
88 24 97
88 25 70
88 26 75
88 27 73
88 28 89
88 29 37
88 30 8
88 31 10
88 32 39
88 33 18
88 34 47
88 35 32
88 36 39
88 37 61
88 38 95
88 39 10
88 40 83
88 41 73
88 42 80
88 43 89
88 44 63
88 45 12
88 46 61
88 47 19
88 48 43
88 49 44
88 50 55
88 51 5
88 52 88
88 53 71
88 54 93
88 55 40
88 56 4
88 57 11
88 58 35
88 59 10
88 60 41
88 61 98
88 62 69
88 63 13
88 64 52
88 65 97
88 66 19
88 67 7
88 68 20
88 69 79
88 70 16
88 71 1
88 72 36
88 73 39
88 74 71
88 75 2
88 76 50
88 77 25
88 78 94
88 79 60
88 80 15
88 81 83
88 82 71
88 83 98
88 84 48
88 85 87
88 86 44
88 87 66
88 89 80
88 90 59
88 91 52
88 92 81
88 93 7
88 94 69
88 95 64
88 96 57
88 97 56
88 98 11
88 99 30
88 100 48
89 0 33
89 1 97
89 2 47
89 3 78
89 4 4
89 5 80
89 6 76
89 7 74
89 8 39
89 9 57
89 10 17
89 11 86
89 12 92
89 13 22
89 14 33
89 15 78
89 16 57
89 17 54
89 18 67
89 19 41
89 20 55
89 21 67
89 22 19
89 23 24
89 24 38
89 25 7
89 26 69
89 27 19
89 28 96
89 29 85
89 30 20
89 31 94
89 32 89
89 33 44
89 34 62
89 35 88
89 36 90
89 37 74
89 38 66
89 39 32
89 40 62
89 41 64
89 42 70
89 43 87
89 44 99
89 45 56
89 46 26
89 47 89
89 48 64
89 49 58
89 50 58
89 51 24
89 52 51
89 53 27
89 54 56
89 55 37
89 56 97
89 57 69
89 58 9
89 59 85
89 60 60
89 61 2
89 62 79
89 63 13
89 64 19
89 65 40
89 66 40
89 67 47
89 68 22
89 69 67
89 70 22
89 71 96
89 72 29
89 73 16
89 74 68
89 75 63
89 76 28
89 77 25
89 78 73
89 79 7
89 80 71
89 81 40
89 82 26
89 83 65
89 84 59
89 85 67
89 86 38
89 87 61
89 88 80
89 90 59
89 91 80
89 92 67
89 93 1
89 94 27
89 95 58
89 96 71
89 97 81
89 98 38
89 99 30
89 100 97
90 0 33
90 1 74
90 2 67
90 3 94
90 4 29
90 5 72
90 6 42
90 7 39
90 8 62
90 9 88
90 10 47
90 11 2
90 12 9
90 13 5
90 14 15
90 15 49
90 16 17
90 17 36
90 18 95
90 19 2
90 20 98
90 21 87
90 22 30
90 23 74
90 24 23
90 25 56
90 26 17
90 27 21
90 28 70
90 29 18
90 30 54
90 31 23
90 32 25
90 33 13
90 34 88
90 35 10
90 36 63
90 37 28
90 38 90
90 39 4
90 40 2
90 41 8
90 42 76
90 43 99
90 44 13
90 45 32
90 46 35
90 47 89
90 48 64
90 49 22
90 50 31
90 51 22
90 52 11
90 53 2
90 54 40
90 55 45
90 56 1
90 57 24
90 58 12
90 59 99
90 60 60
90 61 18
90 62 24
90 63 53
90 64 91
90 65 31
90 66 5
90 67 29
90 68 3
90 69 28
90 70 83
90 71 33
90 72 17
90 73 63
90 74 53
90 75 23
90 76 14
90 77 87
90 78 75
90 79 1
90 80 73
90 81 12
90 82 89
90 83 8
90 84 91
90 85 11
90 86 53
90 87 92
90 88 24
90 89 42
90 91 70
90 92 18
90 93 10
90 94 20
90 95 82
90 96 83
90 97 29
90 98 75
90 99 69
90 100 59
91 0 65
91 1 46
91 2 58
91 3 79
91 4 39
91 5 30
91 6 91
91 7 89
91 8 20
91 9 64
91 10 34
91 11 37
91 12 43
91 13 83
91 14 89
91 15 36
91 16 43
91 17 74
91 18 4
91 19 70
91 20 20
91 21 28
91 22 4
91 23 63
91 24 4
91 25 17
91 26 67
91 27 73
91 28 69
91 29 35
91 30 76
91 31 94
91 32 12
91 33 48
91 34 79
91 35 23
91 36 76
91 37 51
91 38 25
91 39 92
91 40 8
91 41 32
91 42 37
91 43 62
91 44 40
91 45 40
91 46 4
91 47 7
91 48 8
91 49 38
91 50 31
91 51 24
91 52 70
91 53 79
91 54 28
91 55 11
91 56 17
91 57 70
91 58 16
91 59 9
91 60 20
91 61 88
91 62 56
91 63 18
91 64 76
91 65 30
91 66 81
91 67 96
91 68 52
91 69 29
91 70 68
91 71 9
91 72 67
91 73 5
91 74 31
91 75 3
91 76 58
91 77 95
91 78 76
91 79 3
91 80 77
91 81 44
91 82 62
91 83 5
91 84 52
91 85 31
91 86 25
91 87 99
91 88 70
91 89 71
91 90 20
91 92 31
91 93 54
91 94 41
91 95 6
91 96 28
91 97 73
91 98 91
91 99 40
91 100 79
92 0 71
92 1 41
92 2 3
92 3 52
92 4 93
92 5 58
92 6 99
92 7 1
92 8 42
92 9 52
92 10 26
92 11 71
92 12 66
92 13 91
92 14 63
92 15 8
92 16 49
92 17 68
92 18 65
92 19 29
92 20 69
92 21 3
92 22 49
92 23 13
92 24 77
92 25 4
92 26 70
92 27 71
92 28 42
92 29 21
92 30 62
92 31 71
92 32 30
92 33 32
92 34 13
92 35 99
92 36 64
92 37 97
92 38 91
92 39 55
92 40 31
92 41 49
92 42 83
92 43 42
92 44 31
92 45 75
92 46 49
92 47 42
92 48 17
92 49 10
92 50 66
92 51 50
92 52 39
92 53 67
92 54 61
92 55 58
92 56 92
92 57 23
92 58 52
92 59 27
92 60 21
92 61 59
92 62 71
92 63 89
92 64 71
92 65 56
92 66 56
92 67 3
92 68 4
92 69 2
92 70 2
92 71 14
92 72 16
92 73 8
92 74 11
92 75 59
92 76 61
92 77 45
92 78 58
92 79 84
92 80 34
92 81 62
92 82 50
92 83 30
92 84 19
92 85 61
92 86 92
92 87 62
92 88 57
92 89 13
92 90 78
92 91 71
92 93 20
92 94 46
92 95 3
92 96 50
92 97 18
92 98 8
92 99 16
92 100 60
93 0 18
93 1 69
93 2 5
93 3 79
93 4 31
93 5 66
93 6 37
93 7 52
93 8 66
93 9 58
93 10 12
93 11 43
93 12 66
93 13 26
93 14 59
93 15 30
93 16 19
93 17 68
93 18 21
93 19 76
93 20 22
93 21 94
93 22 47
93 23 86
93 24 58
93 25 57
93 26 2
93 27 43
93 28 57
93 29 44
93 30 3
93 31 82
93 32 94
93 33 16
93 34 55
93 35 3
93 36 94
93 37 30
93 38 24
93 39 27
93 40 96
93 41 71
93 42 12
93 43 25
93 44 64
93 45 89
93 46 28
93 47 79
93 48 3
93 49 9
93 50 30
93 51 21
93 52 46
93 53 14
93 54 67
93 55 60
93 56 60
93 57 35
93 58 92
93 59 54
93 60 84
93 61 13
93 62 89
93 63 16
93 64 28
93 65 22
93 66 56
93 67 72
93 68 89
93 69 26
93 70 29
93 71 53
93 72 89
93 73 9
93 74 72
93 75 4
93 76 70
93 77 30
93 78 12
93 79 22
93 80 38
93 81 59
93 82 76
93 83 83
93 84 45
93 85 31
93 86 51
93 87 59
93 88 62
93 89 13
93 90 82
93 91 14
93 92 99
93 94 5
93 95 46
93 96 22
93 97 28
93 98 23
93 99 33
93 100 55
94 0 34
94 1 75
94 2 47
94 3 25
94 4 6
94 5 49
94 6 99
94 7 17
94 8 21
94 9 30
94 10 88
94 11 62
94 12 27
94 13 1
94 14 75
94 15 20
94 16 40
94 17 88
94 18 30
94 19 86
94 20 49
94 21 28
94 22 21
94 23 93
94 24 30
94 25 67
94 26 14
94 27 70
94 28 17
94 29 96
94 30 28
94 31 66
94 32 58
94 33 6
94 34 76
94 35 74
94 36 72
94 37 30
94 38 72
94 39 7
94 40 65
94 41 41
94 42 73
94 43 47
94 44 72
94 45 64
94 46 25
94 47 6
94 48 10
94 49 18
94 50 11
94 51 8
94 52 44
94 53 26
94 54 65
94 55 18
94 56 57
94 57 56
94 58 1
94 59 94
94 60 8
94 61 17
94 62 21
94 63 64
94 64 22
94 65 41
94 66 8
94 67 50
94 68 63
94 69 51
94 70 60
94 71 96
94 72 43
94 73 6
94 74 22
94 75 47
94 76 14
94 77 14
94 78 98
94 79 23
94 80 70
94 81 78
94 82 94
94 83 88
94 84 76
94 85 11
94 86 42
94 87 59
94 88 51
94 89 65
94 90 18
94 91 66
94 92 51
94 93 76
94 95 43
94 96 3
94 97 25
94 98 37
94 99 20
94 100 43
95 0 35
95 1 46
95 2 69
95 3 87
95 4 69
95 5 20
95 6 52
95 7 42
95 8 7
95 9 48
95 10 45
95 11 37
95 12 26
95 13 91
95 14 72
95 15 82
95 16 57
95 17 43
95 18 79
95 19 22
95 20 13
95 21 60
95 22 45
95 23 76
95 24 77
95 25 12
95 26 91
95 27 95
95 28 81
95 29 26
95 30 51
95 31 19
95 32 93
95 33 9
95 34 1
95 35 46
95 36 34
95 37 85
95 38 13
95 39 14
95 40 47
95 41 37
95 42 53
95 43 19
95 44 40
95 45 59
95 46 70
95 47 5
95 48 22
95 49 44
95 50 52
95 51 94
95 52 58
95 53 40
95 54 4
95 55 68
95 56 88
95 57 47
95 58 27
95 59 12
95 60 13
95 61 33
95 62 85
95 63 18
95 64 88
95 65 26
95 66 55
95 67 21
95 68 73
95 69 26
95 70 68
95 71 32
95 72 2
95 73 27
95 74 56
95 75 79
95 76 8
95 77 85
95 78 46
95 79 78
95 80 45
95 81 49
95 82 80
95 83 1
95 84 48
95 85 98
95 86 74
95 87 49
95 88 94
95 89 88
95 90 57
95 91 15
95 92 11
95 93 86
95 94 42
95 96 33
95 97 43
95 98 26
95 99 71
95 100 50
96 0 59
96 1 49
96 2 41
96 3 13
96 4 27
96 5 27
96 6 48
96 7 1
96 8 56
96 9 29
96 10 67
96 11 11
96 12 25
96 13 91
96 14 18
96 15 35
96 16 19
96 17 57
96 18 93
96 19 68
96 20 22
96 21 86
96 22 74
96 23 57
96 24 87
96 25 19
96 26 36
96 27 50
96 28 15
96 29 86
96 30 15
96 31 44
96 32 32
96 33 65
96 34 31
96 35 65
96 36 58
96 37 86
96 38 9
96 39 44
96 40 67
96 41 9
96 42 79
96 43 63
96 44 17
96 45 68
96 46 36
96 47 80
96 48 97
96 49 94
96 50 52
96 51 26
96 52 75
96 53 12
96 54 16
96 55 21
96 56 53
96 57 84
96 58 23
96 59 13
96 60 77
96 61 57
96 62 70
96 63 63
96 64 76
96 65 83
96 66 32
96 67 24
96 68 86
96 69 70
96 70 12
96 71 27
96 72 73
96 73 84
96 74 51
96 75 59
96 76 96
96 77 58
96 78 15
96 79 20
96 80 70
96 81 99
96 82 67
96 83 31
96 84 54
96 85 40
96 86 19
96 87 47
96 88 6
96 89 18
96 90 35
96 91 38
96 92 22
96 93 17
96 94 99
96 95 52
96 97 89
96 98 68
96 99 22
96 100 73
97 0 39
97 1 38
97 2 47
97 3 40
97 4 50
97 5 33
97 6 5
97 7 44
97 8 9
97 9 8
97 10 97
97 11 12
97 12 40
97 13 68
97 14 41
97 15 2
97 16 75
97 17 1
97 18 43
97 19 47
97 20 90
97 21 76
97 22 50
97 23 50
97 24 64
97 25 14
97 26 98
97 27 46
97 28 74
97 29 75
97 30 70
97 31 96
97 32 38
97 33 47
97 34 93
97 35 81
97 36 89
97 37 29
97 38 85
97 39 52
97 40 83
97 41 39
97 42 35
97 43 57
97 44 28
97 45 31
97 46 62
97 47 40
97 48 50
97 49 88
97 50 25
97 51 60
97 52 78
97 53 80
97 54 4
97 55 82
97 56 82
97 57 79
97 58 81
97 59 60
97 60 50
97 61 25
97 62 10
97 63 66
97 64 73
97 65 52
97 66 14
97 67 75
97 68 1
97 69 2
97 70 61
97 71 53
97 72 77
97 73 8
97 74 23
97 75 58
97 76 45
97 77 50
97 78 95
97 79 62
97 80 43
97 81 22
97 82 81
97 83 23
97 84 7
97 85 68
97 86 15
97 87 7
97 88 68
97 89 44
97 90 22
97 91 36
97 92 26
97 93 78
97 94 67
97 95 57
97 96 64
97 98 42
97 99 80
97 100 34
98 0 50
98 1 31
98 2 98
98 3 78
98 4 51
98 5 83
98 6 71
98 7 71
98 8 82
98 9 61
98 10 5
98 11 44
98 12 53
98 13 38
98 14 42
98 15 87
98 16 71
98 17 83
98 18 98
98 19 90
98 20 27
98 21 65
98 22 52
98 23 75
98 24 95
98 25 3
98 26 81
98 27 5
98 28 55
98 29 61
98 30 98
98 31 81
98 32 32
98 33 92
98 34 29
98 35 46
98 36 86
98 37 45
98 38 16
98 39 64
98 40 51
98 41 45
98 42 62
98 43 70
98 44 90
98 45 10
98 46 36
98 47 36
98 48 86
98 49 91
98 50 15
98 51 70
98 52 62
98 53 25
98 54 66
98 55 79
98 56 66
98 57 12
98 58 54
98 59 76
98 60 24
98 61 15
98 62 30
98 63 11
98 64 40
98 65 55
98 66 33
98 67 23
98 68 47
98 69 4
98 70 62
98 71 9
98 72 47
98 73 66
98 74 15
98 75 27
98 76 12
98 77 47
98 78 60
98 79 5
98 80 68
98 81 69
98 82 20
98 83 13
98 84 21
98 85 19
98 86 59
98 87 96
98 88 68
98 89 85
98 90 33
98 91 71
98 92 89
98 93 53
98 94 56
98 95 64
98 96 89
98 97 14
98 99 48
98 100 22
99 0 35
99 1 33
99 2 61
99 3 28
99 4 90
99 5 14
99 6 21
99 7 48
99 8 96
99 9 28
99 10 27
99 11 78
99 12 51
99 13 74
99 14 5
99 15 13
99 16 50
99 17 86
99 18 37
99 19 3
99 20 62
99 21 47
99 22 73
99 23 78
99 24 10
99 25 16
99 26 25
99 27 77
99 28 40
99 29 81
99 30 1
99 31 92
99 32 60
99 33 4
99 34 20
99 35 99
99 36 57
99 37 4
99 38 95
99 39 14
99 40 80
99 41 90
99 42 44
99 43 27
99 44 77
99 45 16
99 46 13
99 47 73
99 48 52
99 49 56
99 50 47
99 51 68
99 52 49
99 53 90
99 54 45
99 55 42
99 56 44
99 57 99
99 58 83
99 59 14
99 60 43
99 61 36
99 62 63
99 63 62
99 64 30
99 65 17
99 66 1
99 67 99
99 68 36
99 69 65
99 70 69
99 71 92
99 72 11
99 73 85
99 74 52
99 75 73
99 76 80
99 77 4
99 78 66
99 79 16
99 80 33
99 81 71
99 82 56
99 83 71
99 84 59
99 85 38
99 86 82
99 87 2
99 88 29
99 89 70
99 90 18
99 91 14
99 92 14
99 93 43
99 94 31
99 95 47
99 96 99
99 97 39
99 98 75
99 100 55
100 0 45
100 1 42
100 2 82
100 3 23
100 4 64
100 5 98
100 6 18
100 7 56
100 8 87
100 9 12
100 10 57
100 11 28
100 12 58
100 13 5
100 14 35
100 15 12
100 16 21
100 17 21
100 18 83
100 19 1
100 20 21
100 21 90
100 22 46
100 23 26
100 24 92
100 25 98
100 26 94
100 27 12
100 28 53
100 29 73
100 30 14
100 31 35
100 32 10
100 33 93
100 34 54
100 35 1
100 36 89
100 37 55
100 38 23
100 39 85
100 40 25
100 41 50
100 42 14
100 43 98
100 44 46
100 45 70
100 46 25
100 47 15
100 48 38
100 49 52
100 50 64
100 51 22
100 52 96
100 53 38
100 54 6
100 55 28
100 56 69
100 57 64
100 58 87
100 59 59
100 60 69
100 61 69
100 62 69
100 63 87
100 64 95
100 65 52
100 66 28
100 67 84
100 68 8
100 69 48
100 70 41
100 71 57
100 72 96
100 73 34
100 74 29
100 75 95
100 76 6
100 77 68
100 78 10
100 79 9
100 80 41
100 81 56
100 82 70
100 83 14
100 84 7
100 85 75
100 86 91
100 87 82
100 88 55
100 89 82
100 90 27
100 91 8
100 92 71
100 93 28
100 94 34
100 95 70
100 96 49
100 97 7
100 98 64
100 99 63