100 2
4
28
14
43
26
38
65
10
78
12
48
8
64
93
15
57
52
42
95
10
50
9
7
63
26
80
60
16
40
1
60
89
26
5
44
32
34
13
19
37
83
72
42
29
7
62
5
50
80
40
66
45
96
37
38
44
60
42
60
45
92
76
65
57
22
1
61
8
39
67
27
24
37
27
81
31
97
37
90
38
52
31
65
15
88
35
14
91
6
89
82
39
24
40
14
36
11
17
86
88
0 1 3
0 2 62
0 3 15
0 4 22
0 5 11
0 6 19
0 7 28
0 8 73
0 9 37
0 10 69
0 11 71
0 12 1
0 13 15
0 14 26
0 15 36
0 16 94
0 17 98
0 18 92
0 19 21
0 20 27
0 21 46
0 22 76
0 23 98
0 24 12
0 25 36
0 26 17
0 27 34
0 28 58
0 29 52
0 30 11
0 31 60
0 32 79
0 33 30
0 34 38
0 35 42
0 36 95
0 37 99
0 38 36
0 39 30
0 40 11
0 41 99
0 42 8
0 43 26
0 44 37
0 45 9
0 46 43
0 47 33
0 48 85
0 49 38
0 50 84
0 51 36
0 52 34
0 53 20
0 54 24
0 55 19
0 56 83
0 57 24
0 58 66
0 59 91
0 60 92
0 61 25
0 62 86
0 63 90
0 64 83
0 65 90
0 66 11
0 67 12
0 68 22
0 69 69
0 70 69
0 71 98
0 72 50
0 73 43
0 74 69
0 75 52
0 76 15
0 77 24
0 78 20
0 79 26
0 80 9
0 81 59
0 82 77
0 83 53
0 84 20
0 85 67
0 86 66
0 87 40
0 88 69
0 89 7
0 90 6
0 91 43
0 92 43
0 93 37
0 94 10
0 95 95
0 96 49
0 97 67
0 98 26
0 99 25
0 100 67
1 0 84
1 2 18
1 3 17
1 4 26
1 5 52
1 6 78
1 7 59
1 8 9
1 9 63
1 10 84
1 11 92
1 12 95
1 13 42
1 14 37
1 15 21
1 16 25
1 17 91
1 18 3
1 19 58
1 20 25
1 21 99
1 22 89
1 23 70
1 24 46
1 25 30
1 26 51
1 27 53
1 28 34
1 29 21
1 30 8
1 31 4
1 32 12
1 33 78
1 34 8
1 35 67
1 36 36
1 37 37
1 38 59
1 39 42
1 40 12
1 41 99
1 42 18
1 43 38
1 44 16
1 45 75
1 46 81
1 47 82
1 48 78
1 49 5
1 50 99
1 51 32
1 52 46
1 53 40
1 54 35
1 55 32
1 56 77
1 57 70
1 58 62
1 59 42
1 60 50
1 61 83
1 62 92
1 63 79
1 64 82
1 65 33
1 66 57
1 67 89
1 68 67
1 69 63
1 70 37
1 71 93
1 72 47
1 73 20
1 74 98
1 75 81
1 76 88
1 77 15
1 78 73
1 79 37
1 80 98
1 81 97
1 82 29
1 83 99
1 84 50
1 85 81
1 86 85
1 87 46
1 88 24
1 89 53
1 90 93
1 91 1
1 92 28
1 93 78
1 94 74
1 95 12
1 96 20
1 97 46
1 98 72
1 99 58
1 100 48
2 0 39
2 1 72
2 3 73
2 4 59
2 5 16
2 6 87
2 7 80
2 8 69
2 9 7
2 10 66
2 11 36
2 12 14
2 13 14
2 14 39
2 15 12
2 16 24
2 17 91
2 18 3
2 19 13
2 20 2
2 21 90
2 22 36
2 23 25
2 24 93
2 25 16
2 26 70
2 27 85
2 28 26
2 29 54
2 30 77
2 31 66
2 32 90
2 33 18
2 34 93
2 35 28
2 36 5
2 37 59
2 38 39
2 39 86
2 40 12
2 41 1
2 42 92
2 43 87
2 44 74
2 45 12
2 46 98
2 47 9
2 48 61
2 49 98
2 50 51
2 51 32
2 52 90
2 53 27
2 54 87
2 55 31
2 56 16
2 57 93
2 58 28
2 59 1
2 60 78
2 61 22
2 62 94
2 63 95
2 64 78
2 65 34
2 66 80
2 67 37
2 68 14
2 69 51
2 70 97
2 71 39
2 72 45
2 73 17
2 74 44
2 75 11
2 76 44
2 77 11
2 78 97
2 79 18
2 80 52
2 81 39
2 82 99
2 83 53
2 84 68
2 85 83
2 86 72
2 87 67
2 88 15
2 89 26
2 90 24
2 91 58
2 92 48
2 93 98
2 94 87
2 95 33
2 96 44
2 97 95
2 98 99
2 99 24
2 100 9
3 0 5
3 1 71
3 2 44
3 4 18
3 5 5
3 6 17
3 7 24
3 8 20
3 9 40
3 10 59
3 11 57
3 12 75
3 13 12
3 14 45
3 15 4
3 16 43
3 17 47
3 18 36
3 19 89
3 20 50
3 21 80
3 22 44
3 23 20
3 24 55
3 25 17
3 26 50
3 27 56
3 28 99
3 29 62
3 30 19
3 31 90
3 32 50
3 33 33
3 34 97
3 35 56
3 36 49
3 37 68
3 38 2
3 39 46
3 40 48
3 41 78
3 42 50
3 43 48
3 44 95
3 45 83
3 46 32
3 47 24
3 48 7
3 49 46
3 50 52
3 51 54
3 52 9
3 53 43
3 54 35
3 55 28
3 56 83
3 57 31
3 58 80
3 59 51
3 60 90
3 61 86
3 62 51
3 63 76
3 64 68
3 65 86
3 66 46
3 67 46
3 68 31
3 69 33
3 70 38
3 71 18
3 72 95
3 73 34
3 74 41
3 75 76
3 76 63
3 77 38
3 78 25
3 79 6
3 80 87
3 81 59
3 82 63
3 83 98
3 84 18
3 85 21
3 86 94
3 87 65
3 88 10
3 89 54
3 90 75
3 91 35
3 92 25
3 93 82
3 94 37
3 95 77
3 96 28
3 97 69
3 98 74
3 99 95
3 100 8
4 0 75
4 1 7
4 2 23
4 3 78
4 5 87
4 6 68
4 7 94
4 8 83
4 9 79
4 10 8
4 11 76
4 12 87
4 13 44
4 14 97
4 15 16
4 16 21
4 17 67
4 18 8
4 19 8
4 20 53
4 21 36
4 22 51
4 23 67
4 24 63
4 25 5
4 26 85
4 27 77
4 28 59
4 29 76
4 30 8
4 31 66
4 32 35
4 33 76
4 34 82
4 35 71
4 36 42
4 37 22
4 38 27
4 39 10
4 40 69
4 41 88
4 42 73
4 43 96
4 44 87
4 45 37
4 46 72
4 47 48
4 48 65
4 49 92
4 50 7
4 51 74
4 52 65
4 53 23
4 54 81
4 55 43
4 56 13
4 57 88
4 58 68
4 59 72
4 60 56
4 61 53
4 62 29
4 63 33
4 64 42
4 65 70
4 66 83
4 67 29
4 68 23
4 69 41
4 70 53
4 71 11
4 72 4
4 73 43
4 74 95
4 75 51
4 76 87
4 77 26
4 78 45
4 79 74
4 80 14
4 81 14
4 82 71
4 83 6
4 84 8
4 85 46
4 86 21
4 87 20
4 88 13
4 89 34
4 90 24
4 91 42
4 92 55
4 93 41
4 94 20
4 95 71
4 96 10
4 97 67
4 98 50
4 99 91
4 100 53
5 0 77
5 1 61
5 2 29
5 3 88
5 4 28
5 6 96
5 7 86
5 8 16
5 9 76
5 10 33
5 11 50
5 12 18
5 13 71
5 14 8
5 15 65
5 16 4
5 17 78
5 18 48
5 19 43
5 20 18
5 21 25
5 22 24
5 23 49
5 24 28
5 25 6
5 26 72
5 27 16
5 28 32
5 29 37
5 30 79
5 31 17
5 32 3
5 33 67
5 34 91
5 35 95
5 36 85
5 37 93
5 38 76
5 39 76
5 40 15
5 41 3
5 42 55
5 43 40
5 44 88
5 45 67
5 46 97
5 47 26
5 48 29
5 49 69
5 50 15
5 51 54
5 52 1
5 53 28
5 54 75
5 55 46
5 56 7
5 57 10
5 58 54
5 59 25
5 60 16
5 61 13
5 62 49
5 63 22
5 64 38
5 65 84
5 66 96
5 67 41
5 68 10
5 69 5
5 70 88
5 71 25
5 72 77
5 73 76
5 74 36
5 75 76
5 76 20
5 77 61
5 78 76
5 79 95
5 80 15
5 81 92
5 82 54
5 83 37
5 84 47
5 85 26
5 86 65
5 87 8
5 88 33
5 89 14
5 90 86
5 91 43
5 92 84
5 93 2
5 94 68
5 95 11
5 96 21
5 97 89
5 98 69
5 99 62
5 100 25
6 0 93
6 1 51
6 2 41
6 3 8
6 4 60
6 5 1
6 7 40
6 8 67
6 9 63
6 10 64
6 11 82
6 12 16
6 13 3
6 14 95
6 15 51
6 16 51
6 17 11
6 18 78
6 19 61
6 20 57
6 21 65
6 22 67
6 23 78
6 24 59
6 25 3
6 26 85
6 27 50
6 28 47
6 29 82
6 30 96
6 31 45
6 32 50
6 33 1
6 34 83
6 35 1
6 36 13
6 37 40
6 38 16
6 39 98
6 40 36
6 41 55
6 42 51
6 43 74
6 44 48
6 45 73
6 46 75
6 47 11
6 48 53
6 49 12
6 50 22
6 51 70
6 52 91
6 53 47
6 54 74
6 55 18
6 56 22
6 57 27
6 58 59
6 59 93
6 60 99
6 61 66
6 62 90
6 63 61
6 64 59
6 65 55
6 66 95
6 67 57
6 68 91
6 69 97
6 70 93
6 71 84
6 72 92
6 73 24
6 74 66
6 75 42
6 76 38
6 77 22
6 78 67
6 79 82
6 80 7
6 81 5
6 82 41
6 83 6
6 84 16
6 85 47
6 86 69
6 87 42
6 88 13
6 89 57
6 90 24
6 91 78
6 92 60
6 93 67
6 94 25
6 95 94
6 96 28
6 97 98
6 98 2
6 99 94
6 100 77
7 0 33
7 1 88
7 2 17
7 3 82
7 4 23
7 5 28
7 6 40
7 8 94
7 9 68
7 10 86
7 11 16
7 12 39
7 13 64
7 14 1
7 15 21
7 16 9
7 17 31
7 18 50
7 19 39
7 20 57
7 21 68
7 22 7
7 23 4
7 24 28
7 25 43
7 26 60
7 27 40
7 28 41
7 29 30
7 30 25
7 31 87
7 32 72
7 33 68
7 34 70
7 35 15
7 36 72
7 37 4
7 38 99
7 39 97
7 40 51
7 41 7
7 42 38
7 43 69
7 44 73
7 45 85
7 46 99
7 47 80
7 48 60
7 49 60
7 50 68
7 51 23
7 52 8
7 53 29
7 54 68
7 55 67
7 56 46
7 57 34
7 58 51
7 59 91
7 60 83
7 61 25
7 62 79
7 63 15
7 64 46
7 65 30
7 66 3
7 67 17
7 68 45
7 69 72
7 70 29
7 71 56
7 72 53
7 73 1
7 74 42
7 75 55
7 76 51
7 77 68
7 78 68
7 79 28
7 80 69
7 81 61
7 82 35
7 83 44
7 84 78
7 85 66
7 86 91
7 87 63
7 88 48
7 89 72
7 90 98
7 91 99
7 92 2
7 93 3
7 94 94
7 95 69
7 96 28
7 97 51
7 98 44
7 99 27
7 100 20
8 0 42
8 1 45
8 2 10
8 3 85
8 4 1
8 5 22
8 6 47
8 7 41
8 9 93
8 10 15
8 11 12
8 12 74
8 13 5
8 14 38
8 15 62
8 16 62
8 17 63
8 18 16
8 19 65
8 20 66
8 21 71
8 22 15
8 23 66
8 24 15
8 25 29
8 26 84
8 27 7
8 28 99
8 29 40
8 30 54
8 31 12
8 32 99
8 33 28
8 34 67
8 35 22
8 36 51
8 37 43
8 38 88
8 39 82
8 40 13
8 41 22
8 42 17
8 43 47
8 44 82
8 45 99
8 46 66
8 47 56
8 48 4
8 49 30
8 50 50
8 51 75
8 52 43
8 53 38
8 54 41
8 55 55
8 56 43
8 57 2
8 58 93
8 59 90
8 60 16
8 61 56
8 62 94
8 63 14
8 64 8
8 65 64
8 66 17
8 67 41
8 68 47
8 69 26
8 70 98
8 71 48
8 72 99
8 73 11
8 74 7
8 75 1
8 76 42
8 77 50
8 78 92
8 79 19
8 80 37
8 81 7
8 82 45
8 83 72
8 84 7
8 85 48
8 86 24
8 87 34
8 88 62
8 89 28
8 90 67
8 91 46
8 92 71
8 93 16
8 94 90
8 95 32
8 96 59
8 97 74
8 98 33
8 99 10
8 100 35
9 0 28
9 1 30
9 2 40
9 3 83
9 4 52
9 5 46
9 6 95
9 7 71
9 8 38
9 10 64
9 11 35
9 12 87
9 13 15
9 14 31
9 15 70
9 16 90
9 17 36
9 18 4
9 19 76
9 20 63
9 21 45
9 22 2
9 23 39
9 24 53
9 25 6
9 26 75
9 27 26
9 28 51
9 29 78
9 30 53
9 31 90
9 32 85
9 33 43
9 34 42
9 35 76
9 36 41
9 37 4
9 38 82
9 39 94
9 40 80
9 41 35
9 42 88
9 43 60
9 44 25
9 45 64
9 46 60
9 47 75
9 48 65
9 49 29
9 50 92
9 51 23
9 52 9
9 53 59
9 54 19
9 55 65
9 56 29
9 57 71
9 58 64
9 59 50
9 60 8
9 61 55
9 62 56
9 63 42
9 64 92
9 65 19
9 66 6
9 67 38
9 68 22
9 69 78
9 70 51
9 71 60
9 72 55
9 73 28
9 74 76
9 75 64
9 76 82
9 77 9
9 78 39
9 79 41
9 80 13
9 81 46
9 82 46
9 83 73
9 84 28
9 85 96
9 86 17
9 87 63
9 88 16
9 89 48
9 90 89
9 91 99
9 92 34
9 93 94
9 94 54
9 95 62
9 96 7
9 97 94
9 98 51
9 99 1
9 100 19
10 0 52
10 1 36
10 2 33
10 3 11
10 4 38
10 5 3
10 6 70
10 7 82
10 8 88
10 9 45
10 11 33
10 12 52
10 13 78
10 14 16
10 15 69
10 16 52
10 17 92
10 18 79
10 19 59
10 20 14
10 21 19
10 22 36
10 23 57
10 24 41
10 25 21
10 26 42
10 27 95
10 28 12
10 29 41
10 30 96
10 31 76
10 32 61
10 33 34
10 34 99
10 35 28
10 36 38
10 37 24
10 38 40
10 39 32
10 40 83
10 41 78
10 42 26
10 43 55
10 44 2
10 45 98
10 46 68
10 47 3
10 48 69
10 49 13
10 50 87
10 51 59
10 52 95
10 53 65
10 54 82
10 55 68
10 56 42
10 57 83
10 58 33
10 59 16
10 60 27
10 61 22
10 62 74
10 63 91
10 64 39
10 65 44
10 66 90
10 67 30
10 68 79
10 69 33
10 70 15
10 71 92
10 72 4
10 73 90
10 74 14
10 75 13
10 76 56
10 77 88
10 78 70
10 79 91
10 80 94
10 81 22
10 82 35
10 83 49
10 84 9
10 85 12
10 86 42
10 87 31
10 88 19
10 89 79
10 90 14
10 91 3
10 92 51
10 93 21
10 94 97
10 95 97
10 96 19
10 97 88
10 98 87
10 99 63
10 100 42
11 0 13
11 1 76
11 2 47
11 3 1
11 4 90
11 5 85
11 6 23
11 7 99
11 8 95
11 9 94
11 10 53
11 12 59
11 13 92
11 14 71
11 15 16
11 16 73
11 17 42
11 18 36
11 19 76
11 20 44
11 21 35
11 22 68
11 23 34
11 24 61
11 25 56
11 26 78
11 27 3
11 28 95
11 29 2
11 30 98
11 31 38
11 32 5
11 33 75
11 34 78
11 35 42
11 36 34
11 37 17
11 38 52
11 39 55
11 40 15
11 41 99
11 42 76
11 43 64
11 44 18
11 45 59
11 46 98
11 47 54
11 48 81
11 49 10
11 50 16
11 51 91
11 52 4
11 53 52
11 54 30
11 55 37
11 56 6
11 57 4
11 58 53
11 59 1
11 60 37
11 61 49
11 62 68
11 63 72
11 64 5
11 65 4
11 66 89
11 67 37
11 68 12
11 69 30
11 70 64
11 71 1
11 72 27
11 73 12
11 74 8
11 75 73
11 76 83
11 77 67
11 78 45
11 79 24
11 80 87
11 81 34
11 82 28
11 83 43
11 84 29
11 85 42
11 86 96
11 87 63
11 88 3
11 89 5
11 90 32
11 91 39
11 92 76
11 93 2
11 94 76
11 95 33
11 96 10
11 97 87
11 98 28
11 99 46
11 100 61
12 0 12
12 1 78
12 2 78
12 3 33
12 4 21
12 5 39
12 6 89
12 7 75
12 8 21
12 9 36
12 10 34
12 11 56
12 13 86
12 14 78
12 15 68
12 16 37
12 17 31
12 18 61
12 19 66
12 20 36
12 21 82
12 22 74
12 23 96
12 24 24
12 25 95
12 26 20
12 27 64
12 28 60
12 29 58
12 30 77
12 31 99
12 32 89
12 33 35
12 34 8
12 35 73
12 36 4
12 37 61
12 38 76
12 39 63
12 40 63
12 41 86
12 42 60
12 43 78
12 44 98
12 45 21
12 46 92
12 47 46
12 48 59
12 49 34
12 50 66
12 51 91
12 52 61
12 53 80
12 54 18
12 55 84
12 56 48
12 57 91
12 58 13
12 59 53
12 60 37
12 61 96
12 62 92
12 63 94
12 64 53
12 65 86
12 66 57
12 67 95
12 68 14
12 69 8
12 70 63
12 71 31
12 72 31
12 73 33
12 74 12
12 75 12
12 76 19
12 77 17
12 78 78
12 79 41
12 80 28
12 81 56
12 82 61
12 83 15
12 84 63
12 85 30
12 86 94
12 87 29
12 88 29
12 89 11
12 90 71
12 91 81
12 92 1
12 93 33
12 94 13
12 95 5
12 96 31
12 97 28
12 98 35
12 99 1
12 100 10
13 0 23
13 1 78
13 2 51
13 3 87
13 4 77
13 5 64
13 6 36
13 7 51
13 8 14
13 9 24
13 10 1
13 11 22
13 12 84
13 14 81
13 15 93
13 16 13
13 17 47
13 18 83
13 19 78
13 20 26
13 21 86
13 22 2
13 23 33
13 24 88
13 25 50
13 26 52
13 27 71
13 28 66
13 29 75
13 30 51
13 31 73
13 32 59
13 33 86
13 34 71
13 35 56
13 36 42
13 37 3
13 38 2
13 39 60
13 40 95
13 41 54
13 42 34
13 43 45
13 44 37
13 45 23
13 46 91
13 47 76
13 48 32
13 49 94
13 50 48
13 51 3
13 52 3
13 53 36
13 54 91
13 55 56
13 56 47
13 57 94
13 58 94
13 59 45
13 60 3
13 61 84
13 62 55
13 63 11
13 64 42
13 65 13
13 66 25
13 67 9
13 68 98
13 69 46
13 70 65
13 71 21
13 72 79
13 73 77
13 74 81
13 75 12
13 76 68
13 77 2
13 78 2
13 79 94
13 80 18
13 81 15
13 82 33
13 83 78
13 84 89
13 85 24
13 86 90
13 87 79
13 88 52
13 89 8
13 90 38
13 91 63
13 92 32
13 93 39
13 94 30
13 95 93
13 96 64
13 97 7
13 98 95
13 99 17
13 100 56
14 0 62
14 1 9
14 2 14
14 3 38
14 4 88
14 5 1
14 6 66
14 7 3
14 8 72
14 9 49
14 10 19
14 11 32
14 12 76
14 13 29
14 15 79
14 16 15
14 17 30
14 18 15
14 19 44
14 20 76
14 21 94
14 22 38
14 23 62
14 24 24
14 25 36
14 26 44
14 27 6
14 28 58
14 29 54
14 30 46
14 31 36
14 32 8
14 33 14
14 34 7
14 35 96
14 36 16
14 37 3
14 38 46
14 39 10
14 40 73
14 41 85
14 42 84
14 43 58
14 44 63
14 45 90
14 46 23
14 47 19
14 48 10
14 49 74
14 50 97
14 51 58
14 52 80
14 53 37
14 54 1
14 55 90
14 56 4
14 57 41
14 58 56
14 59 88
14 60 67
14 61 92
14 62 46
14 63 63
14 64 18
14 65 31
14 66 72
14 67 44
14 68 99
14 69 23
14 70 84
14 71 31
14 72 58
14 73 54
14 74 70
14 75 66
14 76 2
14 77 18
14 78 1
14 79 34
14 80 99
14 81 28
14 82 12
14 83 87
14 84 45
14 85 92
14 86 42
14 87 19
14 88 56
14 89 64
14 90 34
14 91 94
14 92 44
14 93 41
14 94 48
14 95 33
14 96 4
14 97 63
14 98 59
14 99 30
14 100 93
15 0 50
15 1 39
15 2 87
15 3 36
15 4 34
15 5 58
15 6 52
15 7 87
15 8 47
15 9 6
15 10 22
15 11 61
15 12 37
15 13 27
15 14 1
15 16 64
15 17 38
15 18 95
15 19 54
15 20 26
15 21 60
15 22 67
15 23 83
15 24 11
15 25 36
15 26 27
15 27 12
15 28 58
15 29 3
15 30 2
15 31 90
15 32 28
15 33 61
15 34 36
15 35 10
15 36 59
15 37 94
15 38 2
15 39 29
15 40 16
15 41 85
15 42 65
15 43 6
15 44 13
15 45 25
15 46 45
15 47 93
15 48 20
15 49 18
15 50 91
15 51 70
15 52 9
15 53 85
15 54 98
15 55 69
15 56 60
15 57 13
15 58 22
15 59 3
15 60 39
15 61 93
15 62 49
15 63 90
15 64 92
15 65 19
15 66 5
15 67 90
15 68 33
15 69 99
15 70 15
15 71 48
15 72 36
15 73 19
15 74 4
15 75 11
15 76 22
15 77 92
15 78 98
15 79 12
15 80 25
15 81 62
15 82 37
15 83 81
15 84 50
15 85 49
15 86 88
15 87 26
15 88 69
15 89 75
15 90 68
15 91 9
15 92 72
15 93 94
15 94 36
15 95 89
15 96 10
15 97 95
15 98 27
15 99 79
15 100 18
16 0 24
16 1 29
16 2 52
16 3 23
16 4 12
16 5 22
16 6 35
16 7 76
16 8 27
16 9 50
16 10 25
16 11 90
16 12 75
16 13 42
16 14 92
16 15 79
16 17 40
16 18 47
16 19 28
16 20 93
16 21 60
16 22 17
16 23 93
16 24 80
16 25 35
16 26 47
16 27 35
16 28 52
16 29 74
16 30 78
16 31 62
16 32 91
16 33 64
16 34 30
16 35 41
16 36 16
16 37 99
16 38 67
16 39 30
16 40 46
16 41 69
16 42 65
16 43 5
16 44 50
16 45 92
16 46 95
16 47 9
16 48 94
16 49 48
16 50 53
16 51 80
16 52 61
16 53 63
16 54 17
16 55 51
16 56 40
16 57 45
16 58 46
16 59 48
16 60 65
16 61 80
16 62 7
16 63 69
16 64 88
16 65 81
16 66 70
16 67 62
16 68 6
16 69 11
16 70 68
16 71 95
16 72 74
16 73 45
16 74 43
16 75 72
16 76 64
16 77 68
16 78 3
16 79 25
16 80 67
16 81 90
16 82 18
16 83 7
16 84 17
16 85 10
16 86 36
16 87 61
16 88 72
16 89 22
16 90 5
16 91 98
16 92 15
16 93 79
16 94 31
16 95 65
16 96 75
16 97 59
16 98 53
16 99 19
16 100 10
17 0 79
17 1 76
17 2 9
17 3 66
17 4 54
17 5 31
17 6 81
17 7 85
17 8 30
17 9 43
17 10 47
17 11 83
17 12 67
17 13 96
17 14 38
17 15 82
17 16 27
17 18 7
17 19 55
17 20 95
17 21 9
17 22 78
17 23 39
17 24 45
17 25 69
17 26 43
17 27 27
17 28 61
17 29 88
17 30 86
17 31 29
17 32 76
17 33 70
17 34 53
17 35 83
17 36 96
17 37 82
17 38 22
17 39 70
17 40 4
17 41 76
17 42 34
17 43 89
17 44 98
17 45 26
17 46 39
17 47 48
17 48 25
17 49 47
17 50 49
17 51 9
17 52 54
17 53 36
17 54 79
17 55 35
17 56 43
17 57 54
17 58 91
17 59 63
17 60 99
17 61 45
17 62 96
17 63 90
17 64 85
17 65 20
17 66 28
17 67 42
17 68 42
17 69 11
17 70 70
17 71 41
17 72 16
17 73 17
17 74 30
17 75 40
17 76 92
17 77 94
17 78 96
17 79 8
17 80 47
17 81 84
17 82 41
17 83 6
17 84 73
17 85 38
17 86 39
17 87 98
17 88 99
17 89 54
17 90 37
17 91 36
17 92 2
17 93 86
17 94 96
17 95 87
17 96 43
17 97 89
17 98 68
17 99 28
17 100 72
18 0 71
18 1 95
18 2 54
18 3 89
18 4 83
18 5 2
18 6 42
18 7 91
18 8 16
18 9 68
18 10 42
18 11 5
18 12 84
18 13 11
18 14 25
18 15 49
18 16 90
18 17 34
18 19 8
18 20 42
18 21 23
18 22 76
18 23 7
18 24 97
18 25 77
18 26 68
18 27 89
18 28 70
18 29 67
18 30 33
18 31 25
18 32 11
18 33 38
18 34 99
18 35 6
18 36 3
18 37 24
18 38 18
18 39 85
18 40 96
18 41 44
18 42 25
18 43 93
18 44 28
18 45 56
18 46 47
18 47 16
18 48 26
18 49 24
18 50 3
18 51 95
18 52 53
18 53 17
18 54 69
18 55 96
18 56 86
18 57 86
18 58 65
18 59 85
18 60 51
18 61 80
18 62 36
18 63 92
18 64 87
18 65 7
18 66 31
18 67 70
18 68 11
18 69 84
18 70 81
18 71 91
18 72 60
18 73 54
18 74 44
18 75 20
18 76 16
18 77 19
18 78 2
18 79 54
18 80 56
18 81 80
18 82 32
18 83 55
18 84 15
18 85 74
18 86 82
18 87 67
18 88 53
18 89 15
18 90 65
18 91 84
18 92 47
18 93 31
18 94 25
18 95 55
18 96 12
18 97 35
18 98 53
18 99 79
18 100 52
19 0 8
19 1 80
19 2 90
19 3 64
19 4 77
19 5 27
19 6 6
19 7 37
19 8 77
19 9 93
19 10 6
19 11 27
19 12 10
19 13 10
19 14 53
19 15 21
19 16 76
19 17 59
19 18 61
19 20 72
19 21 15
19 22 56
19 23 15
19 24 18
19 25 35
19 26 62
19 27 17
19 28 32
19 29 50
19 30 60
19 31 62
19 32 31
19 33 45
19 34 69
19 35 39
19 36 38
19 37 38
19 38 73
19 39 95
19 40 94
19 41 81
19 42 16
19 43 77
19 44 15
19 45 48
19 46 11
19 47 39
19 48 6
19 49 76
19 50 26
19 51 61
19 52 31
19 53 96
19 54 88
19 55 11
19 56 47
19 57 42
19 58 17
19 59 54
19 60 43
19 61 10
19 62 89
19 63 49
19 64 77
19 65 61
19 66 30
19 67 33
19 68 79
19 69 24
19 70 80
19 71 4
19 72 20
19 73 49
19 74 63
19 75 83
19 76 20
19 77 48
19 78 22
19 79 74
19 80 79
19 81 67
19 82 27
19 83 53
19 84 56
19 85 68
19 86 37
19 87 85
19 88 22
19 89 33
19 90 29
19 91 10
19 92 42
19 93 70
19 94 40
19 95 24
19 96 11
19 97 64
19 98 64
19 99 87
19 100 80
20 0 64
20 1 21
20 2 23
20 3 98
20 4 75
20 5 39
20 6 60
20 7 75
20 8 57
20 9 63
20 10 17
20 11 92
20 12 85
20 13 87
20 14 34
20 15 56
20 16 40
20 17 67
20 18 91
20 19 20
20 21 27
20 22 74
20 23 78
20 24 45
20 25 76
20 26 35
20 27 94
20 28 28
20 29 81
20 30 41
20 31 71
20 32 8
20 33 3
20 34 3
20 35 80
20 36 80
20 37 69
20 38 33
20 39 14
20 40 64
20 41 30
20 42 13
20 43 47
20 44 8
20 45 94
20 46 41
20 47 57
20 48 34
20 49 16
20 50 8
20 51 81
20 52 18
20 53 58
20 54 62
20 55 26
20 56 45
20 57 60
20 58 80
20 59 98
20 60 27
20 61 39
20 62 22
20 63 68
20 64 18
20 65 26
20 66 24
20 67 67
20 68 58
20 69 86
20 70 7
20 71 83
20 72 47
20 73 42
20 74 47
20 75 13
20 76 74
20 77 1
20 78 20
20 79 69
20 80 43
20 81 39
20 82 56
20 83 51
20 84 69
20 85 24
20 86 8
20 87 17
20 88 3
20 89 14
20 90 98
20 91 96
20 92 51
20 93 90
20 94 30
20 95 58
20 96 25
20 97 3
20 98 4
20 99 35
20 100 80
21 0 4
21 1 39
21 2 45
21 3 46
21 4 94
21 5 92
21 6 68
21 7 70
21 8 75
21 9 86
21 10 85
21 11 25
21 12 1
21 13 15
21 14 6
21 15 49
21 16 90
21 17 95
21 18 14
21 19 93
21 20 49
21 22 63
21 23 29
21 24 72
21 25 15
21 26 80
21 27 85
21 28 60
21 29 69
21 30 66
21 31 99
21 32 60
21 33 70
21 34 61
21 35 70
21 36 86
21 37 8
21 38 45
21 39 4
21 40 32
21 41 26
21 42 85
21 43 64
21 44 96
21 45 45
21 46 96
21 47 57
21 48 23
21 49 94
21 50 71
21 51 6
21 52 85
21 53 92
21 54 20
21 55 39
21 56 53
21 57 83
21 58 20
21 59 86
21 60 80
21 61 2
21 62 15
21 63 93
21 64 80
21 65 14
21 66 54
21 67 44
21 68 79
21 69 81
21 70 24
21 71 63
21 72 14
21 73 98
21 74 76
21 75 39
21 76 98
21 77 7
21 78 79
21 79 69
21 80 66
21 81 77
21 82 97
21 83 77
21 84 3
21 85 96
21 86 46
21 87 89
21 88 97
21 89 51
21 90 86
21 91 9
21 92 85
21 93 37
21 94 99
21 95 10
21 96 71
21 97 59
21 98 26
21 99 36
21 100 33
22 0 20
22 1 25
22 2 44
22 3 83
22 4 84
22 5 8
22 6 37
22 7 33
22 8 99
22 9 83
22 10 67
22 11 21
22 12 28
22 13 60
22 14 38
22 15 72
22 16 81
22 17 81
22 18 15
22 19 4
22 20 70
22 21 91
22 23 61
22 24 48
22 25 32
22 26 88
22 27 80
22 28 82
22 29 7
22 30 92
22 31 86
22 32 70
22 33 83
22 34 14
22 35 17
22 36 19
22 37 7
22 38 77
22 39 75
22 40 54
22 41 6
22 42 98
22 43 22
22 44 55
22 45 96
22 46 27
22 47 46
22 48 67
22 49 54
22 50 20
22 51 14
22 52 31
22 53 29
22 54 47
22 55 16
22 56 61
22 57 31
22 58 85
22 59 53
22 60 73
22 61 81
22 62 65
22 63 42
22 64 13
22 65 14
22 66 61
22 67 74
22 68 1
22 69 93
22 70 35
22 71 41
22 72 44
22 73 85
22 74 21
22 75 16
22 76 85
22 77 69
22 78 37
22 79 94
22 80 12
22 81 5
22 82 1
22 83 14
22 84 17
22 85 85
22 86 84
22 87 89
22 88 62
22 89 97
22 90 4
22 91 82
22 92 24
22 93 21
22 94 96
22 95 61
22 96 61
22 97 75
22 98 93
22 99 96
22 100 35
23 0 41
23 1 21
23 2 93
23 3 26
23 4 53
23 5 29
23 6 5
23 7 80
23 8 65
23 9 43
23 10 46
23 11 17
23 12 43
23 13 10
23 14 13
23 15 69
23 16 50
23 17 84
23 18 50
23 19 99
23 20 32
23 21 40
23 22 45
23 24 87
23 25 44
23 26 68
23 27 7
23 28 83
23 29 59
23 30 99
23 31 81
23 32 67
23 33 40
23 34 14
23 35 82
23 36 86
23 37 11
23 38 2
23 39 25
23 40 89
23 41 51
23 42 86
23 43 72
23 44 5
23 45 8
23 46 24
23 47 6
23 48 58
23 49 60
23 50 47
23 51 55
23 52 60
23 53 92
23 54 55
23 55 1
23 56 90
23 57 38
23 58 29
23 59 62
23 60 6
23 61 26
23 62 43
23 63 38
23 64 11
23 65 3
23 66 87
23 67 76
23 68 58
23 69 41
23 70 42
23 71 69
23 72 96
23 73 90
23 74 2
23 75 78
23 76 45
23 77 59
23 78 5
23 79 78
23 80 26
23 81 89
23 82 52
23 83 19
23 84 60
23 85 73
23 86 9
23 87 15
23 88 81
23 89 39
23 90 30
23 91 70
23 92 74
23 93 70
23 94 32
23 95 15
23 96 16
23 97 23
23 98 36
23 99 91
23 100 35
24 0 67
24 1 31
24 2 48
24 3 55
24 4 98
24 5 80
24 6 88
24 7 4
24 8 92
24 9 4
24 10 54
24 11 69
24 12 69
24 13 74
24 14 56
24 15 50
24 16 50
24 17 71
24 18 72
24 19 40
24 20 76
24 21 11
24 22 29
24 23 44
24 25 9
24 26 52
24 27 90
24 28 90
24 29 83
24 30 83
24 31 47
24 32 27
24 33 32
24 34 38
24 35 27
24 36 85
24 37 19
24 38 54
24 39 45
24 40 99
24 41 84
24 42 40
24 43 50
24 44 71
24 45 18
24 46 94
24 47 72
24 48 62
24 49 11
24 50 16
24 51 98
24 52 81
24 53 21
24 54 40
24 55 34
24 56 36
24 57 69
24 58 68
24 59 35
24 60 29
24 61 14
24 62 82
24 63 97
24 64 48
24 65 25
24 66 64
24 67 92
24 68 56
24 69 76
24 70 36
24 71 50
24 72 54
24 73 59
24 74 77
24 75 26
24 76 25
24 77 42
24 78 87
24 79 42
24 80 38
24 81 32
24 82 61
24 83 56
24 84 42
24 85 56
24 86 79
24 87 67
24 88 16
24 89 3
24 90 37
24 91 33
24 92 3
24 93 12
24 94 5
24 95 63
24 96 26
24 97 93
24 98 68
24 99 52
24 100 88
25 0 7
25 1 90
25 2 42
25 3 6
25 4 99
25 5 21
25 6 42
25 7 2
25 8 39
25 9 19
25 10 54
25 11 74
25 12 31
25 13 27
25 14 31
25 15 94
25 16 2
25 17 79
25 18 5
25 19 67
25 20 44
25 21 83
25 22 83
25 23 86
25 24 95
25 26 14
25 27 41
25 28 41
25 29 69
25 30 62
25 31 4
25 32 42
25 33 52
25 34 63
25 35 67
25 36 76
25 37 58
25 38 96
25 39 26
25 40 21
25 41 33
25 42 56
25 43 54
25 44 57
25 45 30
25 46 94
25 47 4
25 48 81
25 49 79
25 50 47
25 51 46
25 52 67
25 53 10
25 54 68
25 55 42
25 56 76
25 57 16
25 58 26
25 59 98
25 60 5
25 61 13
25 62 14
25 63 81
25 64 37
25 65 99
25 66 92
25 67 80
25 68 7
25 69 93
25 70 34
25 71 54
25 72 79
25 73 57
25 74 85
25 75 59
25 76 23
25 77 77
25 78 15
25 79 93
25 80 80
25 81 83
25 82 34
25 83 47
25 84 55
25 85 99
25 86 83
25 87 44
25 88 81
25 89 55
25 90 41
25 91 17
25 92 82
25 93 66
25 94 19
25 95 32
25 96 26
25 97 88
25 98 24
25 99 2
25 100 35
26 0 25
26 1 53
26 2 8
26 3 23
26 4 35
26 5 97
26 6 20
26 7 53
26 8 14
26 9 69
26 10 29
26 11 38
26 12 42
26 13 47
26 14 15
26 15 23
26 16 25
26 17 17
26 18 39
26 19 92
26 20 20
26 21 97
26 22 29
26 23 64
26 24 47
26 25 84
26 27 8
26 28 97
26 29 47
26 30 27
26 31 55
26 32 62
26 33 12
26 34 64
26 35 49
26 36 1
26 37 61
26 38 53
26 39 99
26 40 68
26 41 34
26 42 55
26 43 60
26 44 46
26 45 11
26 46 44
26 47 22
26 48 32
26 49 68
26 50 41
26 51 36
26 52 94
26 53 95
26 54 31
26 55 28
26 56 95
26 57 97
26 58 61
26 59 64
26 60 48
26 61 64
26 62 23
26 63 51
26 64 46
26 65 94
26 66 9
26 67 94
26 68 34
26 69 56
26 70 6
26 71 95
26 72 30
26 73 26
26 74 81
26 75 22
26 76 32
26 77 29
26 78 29
26 79 15
26 80 76
26 81 21
26 82 49
26 83 26
26 84 95
26 85 90
26 86 39
26 87 72
26 88 51
26 89 42
26 90 20
26 91 72
26 92 83
26 93 50
26 94 30
26 95 8
26 96 11
26 97 68
26 98 66
26 99 89
26 100 97
27 0 21
27 1 90
27 2 27
27 3 51
27 4 36
27 5 54
27 6 80
27 7 36
27 8 71
27 9 96
27 10 10
27 11 65
27 12 17
27 13 28
27 14 68
27 15 92
27 16 56
27 17 90
27 18 60
27 19 18
27 20 14
27 21 82
27 22 51
27 23 77
27 24 28
27 25 76
27 26 77
27 28 2
27 29 26
27 30 21
27 31 77
27 32 60
27 33 44
27 34 91
27 35 82
27 36 67
27 37 64
27 38 55
27 39 77
27 40 5
27 41 6
27 42 89
27 43 23
27 44 39
27 45 11
27 46 98
27 47 27
27 48 71
27 49 62
27 50 39
27 51 95
27 52 80
27 53 88
27 54 19
27 55 47
27 56 91
27 57 26
27 58 90
27 59 17
27 60 18
27 61 4
27 62 69
27 63 19
27 64 45
27 65 50
27 66 58
27 67 64
27 68 37
27 69 51
27 70 49
27 71 4
27 72 48
27 73 30
27 74 29
27 75 16
27 76 9
27 77 13
27 78 37
27 79 53
27 80 41
27 81 81
27 82 13
27 83 87
27 84 27
27 85 85
27 86 52
27 87 69
27 88 22
27 89 97
27 90 41
27 91 90
27 92 49
27 93 36
27 94 36
27 95 58
27 96 74
27 97 35
27 98 70
27 99 89
27 100 63
28 0 78
28 1 4
28 2 70
28 3 37
28 4 90
28 5 60
28 6 33
28 7 11
28 8 49
28 9 43
28 10 57
28 11 66
28 12 14
28 13 33
28 14 91
28 15 92
28 16 65
28 17 24
28 18 35
28 19 70
28 20 1
28 21 76
28 22 53
28 23 66
28 24 54
28 25 94
28 26 66
28 27 85
28 29 45
28 30 69
28 31 91
28 32 97
28 33 58
28 34 59
28 35 42
28 36 98
28 37 96
28 38 16
28 39 93
28 40 87
28 41 84
28 42 49
28 43 37
28 44 46
28 45 12
28 46 34
28 47 87
28 48 62
28 49 62
28 50 21
28 51 35
28 52 30
28 53 40
28 54 1
28 55 16
28 56 19
28 57 63
28 58 8
28 59 83
28 60 65
28 61 83
28 62 41
28 63 93
28 64 76
28 65 30
28 66 4
28 67 38
28 68 21
28 69 23
28 70 87
28 71 42
28 72 54
28 73 66
28 74 10
28 75 10
28 76 28
28 77 25
28 78 56
28 79 51
28 80 42
28 81 34
28 82 61
28 83 13
28 84 28
28 85 6
28 86 82
28 87 33
28 88 16
28 89 73
28 90 27
28 91 23
28 92 51
28 93 42
28 94 8
28 95 57
28 96 66
28 97 49
28 98 73
28 99 13
28 100 53
29 0 11
29 1 54
29 2 80
29 3 71
29 4 19
29 5 9
29 6 89
29 7 65
29 8 11
29 9 37
29 10 39
29 11 65
29 12 24
29 13 79
29 14 29
29 15 63
29 16 37
29 17 58
29 18 91
29 19 38
29 20 86
29 21 99
29 22 39
29 23 79
29 24 91
29 25 58
29 26 52
29 27 23
29 28 54
29 30 13
29 31 72
29 32 12
29 33 82
29 34 1
29 35 25
29 36 73
29 37 92
29 38 58
29 39 62
29 40 31
29 41 6
29 42 12
29 43 89
29 44 67
29 45 28
29 46 43
29 47 77
29 48 36
29 49 83
29 50 78
29 51 7
29 52 43
29 53 33
29 54 24
29 55 53
29 56 71
29 57 46
29 58 99
29 59 42
29 60 14
29 61 2
29 62 48
29 63 5
29 64 6
29 65 62
29 66 72
29 67 11
29 68 11
29 69 49
29 70 75
29 71 48
29 72 46
29 73 33
29 74 28
29 75 47
29 76 57
29 77 77
29 78 14
29 79 4
29 80 8
29 81 77
29 82 94
29 83 90
29 84 81
29 85 36
29 86 88
29 87 67
29 88 12
29 89 62
29 90 86
29 91 21
29 92 9
29 93 24
29 94 4
29 95 65
29 96 85
29 97 68
29 98 38
29 99 39
29 100 84
30 0 91
30 1 83
30 2 29
30 3 51
30 4 48
30 5 29
30 6 87
30 7 25
30 8 47
30 9 86
30 10 33
30 11 42
30 12 46
30 13 41
30 14 14
30 15 47
30 16 35
30 17 14
30 18 16
30 19 10
30 20 48
30 21 51
30 22 55
30 23 82
30 24 76
30 25 52
30 26 56
30 27 94
30 28 51
30 29 3
30 31 90
30 32 22
30 33 91
30 34 25
30 35 37
30 36 67
30 37 95
30 38 15
30 39 36
30 40 13
30 41 28
30 42 35
30 43 15
30 44 17
30 45 3
30 46 48
30 47 37
30 48 75
30 49 49
30 50 73
30 51 99
30 52 55
30 53 9
30 54 90
30 55 34
30 56 96
30 57 12
30 58 48
30 59 47
30 60 46
30 61 7
30 62 16
30 63 97
30 64 21
30 65 52
30 66 35
30 67 94
30 68 82
30 69 95
30 70 42
30 71 96
30 72 21
30 73 35
30 74 38
30 75 19
30 76 3
30 77 60
30 78 63
30 79 66
30 80 38
30 81 45
30 82 34
30 83 80
30 84 72
30 85 36
30 86 56
30 87 31
30 88 84
30 89 1
30 90 4
30 91 75
30 92 78
30 93 30
30 94 13
30 95 82
30 96 62
30 97 10
30 98 59
30 99 58
30 100 53
31 0 3
31 1 79
31 2 18
31 3 9
31 4 22
31 5 71
31 6 65
31 7 88
31 8 93
31 9 42
31 10 85
31 11 18
31 12 97
31 13 72
31 14 50
31 15 81
31 16 34
31 17 71
31 18 1
31 19 48
31 20 82
31 21 55
31 22 48
31 23 9
31 24 81
31 25 16
31 26 29
31 27 24
31 28 76
31 29 41
31 30 28
31 32 73
31 33 3
31 34 47
31 35 7
31 36 10
31 37 84
31 38 41
31 39 60
31 40 70
31 41 79
31 42 28
31 43 38
31 44 41
31 45 77
31 46 66
31 47 93
31 48 16
31 49 59
31 50 11
31 51 76
31 52 95
31 53 45
31 54 60
31 55 55
31 56 76
31 57 35
31 58 33
31 59 87
31 60 70
31 61 88
31 62 67
31 63 5
31 64 28
31 65 64
31 66 33
31 67 88
31 68 77
31 69 65
31 70 35
31 71 28
31 72 90
31 73 60
31 74 74
31 75 52
31 76 32
31 77 17
31 78 52
31 79 7
31 80 72
31 81 7
31 82 38
31 83 62
31 84 65
31 85 72
31 86 88
31 87 55
31 88 76
31 89 83
31 90 1
31 91 17
31 92 75
31 93 74
31 94 68
31 95 80
31 96 56
31 97 17
31 98 82
31 99 36
31 100 61
32 0 2
32 1 77
32 2 37
32 3 41
32 4 54
32 5 78
32 6 86
32 7 8
32 8 79
32 9 64
32 10 38
32 11 5
32 12 99
32 13 56
32 14 98
32 15 39
32 16 51
32 17 44
32 18 30
32 19 85
32 20 69
32 21 31
32 22 47
32 23 18
32 24 20
32 25 53
32 26 41
32 27 99
32 28 46
32 29 3
32 30 54
32 31 73
32 33 59
32 34 96
32 35 19
32 36 72
32 37 40
32 38 26
32 39 2
32 40 88
32 41 62
32 42 94
32 43 10
32 44 64
32 45 7
32 46 93
32 47 85
32 48 30
32 49 58
32 50 27
32 51 33
32 52 55
32 53 45
32 54 31
32 55 92
32 56 80
32 57 7
32 58 94
32 59 84
32 60 58
32 61 35
32 62 94
32 63 81
32 64 54
32 65 36
32 66 23
32 67 11
32 68 77
32 69 14
32 70 64
32 71 45
32 72 54
32 73 59
32 74 63
32 75 14
32 76 30
32 77 71
32 78 49
32 79 37
32 80 47
32 81 99
32 82 70
32 83 60
32 84 58
32 85 24
32 86 79
32 87 60
32 88 30
32 89 14
32 90 26
32 91 87
32 92 18
32 93 46
32 94 94
32 95 99
32 96 51
32 97 48
32 98 25
32 99 81
32 100 84
33 0 31
33 1 35
33 2 34
33 3 19
33 4 1
33 5 79
33 6 63
33 7 72
33 8 6
33 9 2
33 10 50
33 11 7
33 12 1
33 13 26
33 14 85
33 15 85
33 16 18
33 17 6
33 18 93
33 19 25
33 20 2
33 21 93
33 22 10
33 23 3
33 24 85
33 25 88
33 26 80
33 27 15
33 28 5
33 29 22
33 30 69
33 31 21
33 32 27
33 34 24
33 35 27
33 36 93
33 37 70
33 38 34
33 39 95
33 40 35
33 41 50
33 42 18
33 43 3
33 44 28
33 45 54
33 46 88
33 47 31
33 48 95
33 49 53
33 50 75
33 51 67
33 52 95
33 53 5
33 54 94
33 55 81
33 56 44
33 57 17
33 58 78
33 59 80
33 60 78
33 61 68
33 62 47
33 63 33
33 64 22
33 65 65
33 66 16
33 67 74
33 68 59
33 69 56
33 70 80
33 71 59
33 72 3
33 73 6
33 74 81
33 75 1
33 76 93
33 77 67
33 78 16
33 79 66
33 80 98
33 81 23
33 82 61
33 83 8
33 84 35
33 85 7
33 86 73
33 87 51
33 88 25
33 89 25
33 90 46
33 91 79
33 92 85
33 93 20
33 94 51
33 95 8
33 96 38
33 97 5
33 98 35
33 99 93
33 100 71
34 0 5
34 1 16
34 2 21
34 3 11
34 4 34
34 5 20
34 6 74
34 7 8
34 8 76
34 9 80
34 10 94
34 11 64
34 12 22
34 13 80
34 14 40
34 15 66
34 16 9
34 17 33
34 18 1
34 19 50
34 20 91
34 21 96
34 22 20
34 23 44
34 24 56
34 25 76
34 26 91
34 27 18
34 28 17
34 29 2
34 30 46
34 31 9
34 32 36
34 33 55
34 35 5
34 36 81
34 37 19
34 38 51
34 39 27
34 40 24
34 41 52
34 42 8
34 43 69
34 44 50
34 45 83
34 46 30
34 47 99
34 48 65
34 49 33
34 50 7
34 51 18
34 52 92
34 53 26
34 54 98
34 55 31
34 56 50
34 57 16
34 58 55
34 59 30
34 60 68
34 61 17
34 62 49
34 63 18
34 64 19
34 65 26
34 66 2
34 67 31
34 68 21
34 69 43
34 70 78
34 71 84
34 72 25
34 73 95
34 74 15
34 75 27
34 76 72
34 77 42
34 78 39
34 79 92
34 80 14
34 81 80
34 82 27
34 83 26
34 84 85
34 85 55
34 86 8
34 87 98
34 88 90
34 89 61
34 90 66
34 91 45
34 92 97
34 93 31
34 94 84
34 95 20
34 96 75
34 97 35
34 98 60
34 99 28
34 100 51
35 0 24
35 1 54
35 2 10
35 3 93
35 4 43
35 5 38
35 6 60
35 7 3
35 8 15
35 9 76
35 10 79
35 11 75
35 12 29
35 13 61
35 14 64
35 15 11
35 16 62
35 17 27
35 18 27
35 19 99
35 20 62
35 21 22
35 22 36
35 23 26
35 24 81
35 25 13
35 26 5
35 27 26
35 28 4
35 29 81
35 30 26
35 31 25
35 32 28
35 33 26
35 34 22
35 36 12
35 37 86
35 38 10
35 39 14
35 40 66
35 41 27
35 42 90
35 43 46
35 44 68
35 45 25
35 46 52
35 47 76
35 48 33
35 49 23
35 50 90
35 51 60
35 52 76
35 53 72
35 54 95
35 55 47
35 56 15
35 57 95
35 58 28
35 59 14
35 60 39
35 61 21
35 62 74
35 63 89
35 64 93
35 65 54
35 66 25
35 67 5
35 68 88
35 69 57
35 70 61
35 71 43
35 72 73
35 73 97
35 74 26
35 75 86
35 76 99
35 77 32
35 78 60
35 79 52
35 80 51
35 81 66
35 82 70
35 83 38
35 84 29
35 85 78
35 86 50
35 87 39
35 88 93
35 89 2
35 90 92
35 91 52
35 92 59
35 93 57
35 94 33
35 95 46
35 96 50
35 97 27
35 98 53
35 99 96
35 100 60
36 0 92
36 1 59
36 2 18
36 3 78
36 4 63
36 5 26
36 6 16
36 7 43
36 8 46
36 9 17
36 10 77
36 11 13
36 12 26
36 13 58
36 14 17
36 15 11
36 16 22
36 17 35
36 18 64
36 19 32
36 20 74
36 21 11
36 22 91
36 23 12
36 24 36
36 25 80
36 26 96
36 27 40
36 28 92
36 29 89
36 30 57
36 31 70
36 32 17
36 33 62
36 34 62
36 35 8
36 37 93
36 38 35
36 39 3
36 40 10
36 41 70
36 42 30
36 43 16
36 44 90
36 45 79
36 46 18
36 47 28
36 48 84
36 49 36
36 50 77
36 51 56
36 52 21
36 53 42
36 54 72
36 55 4
36 56 27
36 57 7
36 58 14
36 59 4
36 60 76
36 61 17
36 62 43
36 63 14
36 64 20
36 65 14
36 66 89
36 67 29
36 68 36
36 69 25
36 70 49
36 71 21
36 72 50
36 73 34
36 74 5
36 75 61
36 76 36
36 77 15
36 78 46
36 79 99
36 80 28
36 81 19
36 82 29
36 83 6
36 84 85
36 85 92
36 86 10
36 87 67
36 88 11
36 89 67
36 90 91
36 91 70
36 92 16
36 93 8
36 94 33
36 95 50
36 96 84
36 97 90
36 98 24
36 99 94
36 100 67
37 0 83
37 1 18
37 2 37
37 3 50
37 4 5
37 5 98
37 6 1
37 7 51
37 8 92
37 9 17
37 10 96
37 11 2
37 12 2
37 13 15
37 14 92
37 15 57
37 16 62
37 17 80
37 18 68
37 19 26
37 20 57
37 21 19
37 22 70
37 23 85
37 24 76
37 25 88
37 26 71
37 27 70
37 28 82
37 29 36
37 30 30
37 31 94
37 32 37
37 33 38
37 34 15
37 35 6
37 36 83
37 38 71
37 39 62
37 40 28
37 41 8
37 42 14
37 43 23
37 44 10
37 45 73
37 46 65
37 47 96
37 48 57
37 49 66
37 50 90
37 51 99
37 52 56
37 53 29
37 54 23
37 55 57
37 56 35
37 57 80
37 58 78
37 59 44
37 60 10
37 61 98
37 62 52
37 63 62
37 64 93
37 65 28
37 66 62
37 67 36
37 68 60
37 69 96
37 70 62
37 71 25
37 72 98
37 73 54
37 74 63
37 75 49
37 76 22
37 77 13
37 78 88
37 79 71
37 80 51
37 81 66
37 82 29
37 83 78
37 84 69
37 85 60
37 86 2
37 87 53
37 88 17
37 89 17
37 90 62
37 91 66
37 92 17
37 93 10
37 94 4
37 95 87
37 96 14
37 97 16
37 98 58
37 99 20
37 100 58
38 0 94
38 1 86
38 2 7
38 3 10
38 4 28
38 5 89
38 6 44
38 7 55
38 8 54
38 9 6
38 10 25
38 11 93
38 12 48
38 13 17
38 14 58
38 15 35
38 16 7
38 17 56
38 18 47
38 19 94
38 20 1
38 21 8
38 22 4
38 23 73
38 24 72
38 25 13
38 26 45
38 27 45
38 28 2
38 29 14
38 30 47
38 31 83
38 32 60
38 33 79
38 34 16
38 35 18
38 36 2
38 37 49
38 39 21
38 40 94
38 41 17
38 42 22
38 43 28
38 44 77
38 45 45
38 46 28
38 47 62
38 48 45
38 49 40
38 50 90
38 51 16
38 52 64
38 53 84
38 54 98
38 55 81
38 56 29
38 57 20
38 58 88
38 59 50
38 60 37
38 61 79
38 62 34
38 63 71
38 64 3
38 65 3
38 66 1
38 67 69
38 68 24
38 69 38
38 70 3
38 71 85
38 72 82
38 73 14
38 74 85
38 75 33
38 76 1
38 77 34
38 78 53
38 79 44
38 80 87
38 81 61
38 82 67
38 83 98
38 84 55
38 85 86
38 86 92
38 87 4
38 88 54
38 89 92
38 90 52
38 91 13
38 92 36
38 93 1
38 94 6
38 95 62
38 96 70
38 97 24
38 98 17
38 99 79
38 100 94
39 0 84
39 1 99
39 2 12
39 3 36
39 4 19
39 5 31
39 6 69
39 7 82
39 8 90
39 9 82
39 10 86
39 11 98
39 12 37
39 13 20
39 14 54
39 15 75
39 16 46
39 17 26
39 18 19
39 19 13
39 20 38
39 21 29
39 22 30
39 23 62
39 24 53
39 25 96
39 26 39
39 27 84
39 28 27
39 29 81
39 30 46
39 31 91
39 32 96
39 33 44
39 34 86
39 35 30
39 36 4
39 37 93
39 38 51
39 40 2
39 41 45
39 42 2
39 43 99
39 44 14
39 45 66
39 46 48
39 47 66
39 48 95
39 49 2
39 50 20
39 51 45
39 52 77
39 53 85
39 54 41
39 55 7
39 56 87
39 57 94
39 58 33
39 59 37
39 60 34
39 61 62
39 62 73
39 63 48
39 64 93
39 65 61
39 66 98
39 67 2
39 68 47
39 69 54
39 70 27
39 71 14
39 72 16
39 73 89
39 74 60
39 75 89
39 76 56
39 77 10
39 78 2
39 79 10
39 80 87
39 81 39
39 82 35
39 83 22
39 84 76
39 85 70
39 86 46
39 87 72
39 88 19
39 89 74
39 90 56
39 91 96
39 92 86
39 93 44
39 94 59
39 95 90
39 96 18
39 97 26
39 98 30
39 99 82
39 100 9
40 0 15
40 1 31
40 2 91
40 3 33
40 4 66
40 5 42
40 6 13
40 7 24
40 8 43
40 9 75
40 10 23
40 11 63
40 12 51
40 13 78
40 14 25
40 15 7
40 16 61
40 17 40
40 18 40
40 19 22
40 20 9
40 21 99
40 22 57
40 23 6
40 24 33
40 25 31
40 26 94
40 27 80
40 28 65
40 29 95
40 30 96
40 31 80
40 32 92
40 33 74
40 34 7
40 35 62
40 36 2
40 37 64
40 38 29
40 39 66
40 41 67
40 42 8
40 43 82
40 44 79
40 45 77
40 46 56
40 47 62
40 48 4
40 49 25
40 50 18
40 51 73
40 52 45
40 53 53
40 54 57
40 55 43
40 56 64
40 57 96
40 58 81
40 59 16
40 60 88
40 61 85
40 62 68
40 63 64
40 64 60
40 65 4
40 66 44
40 67 93
40 68 98
40 69 58
40 70 39
40 71 58
40 72 70
40 73 42
40 74 30
40 75 38
40 76 32
40 77 34
40 78 8
40 79 18
40 80 28
40 81 30
40 82 45
40 83 11
40 84 71
40 85 98
40 86 9
40 87 47
40 88 70
40 89 12
40 90 3
40 91 47
40 92 62
40 93 62
40 94 46
40 95 28
40 96 22
40 97 39
40 98 60
40 99 4
40 100 40
41 0 52
41 1 21
41 2 63
41 3 84
41 4 29
41 5 8
41 6 13
41 7 40
41 8 95
41 9 16
41 10 88
41 11 50
41 12 33
41 13 31
41 14 35
41 15 54
41 16 82
41 17 10
41 18 28
41 19 72
41 20 69
41 21 97
41 22 4
41 23 10
41 24 70
41 25 26
41 26 20
41 27 57
41 28 36
41 29 78
41 30 37
41 31 47
41 32 47
41 33 22
41 34 14
41 35 59
41 36 53
41 37 7
41 38 2
41 39 49
41 40 19
41 42 83
41 43 28
41 44 85
41 45 17
41 46 46
41 47 20
41 48 52
41 49 42
41 50 88
41 51 14
41 52 12
41 53 58
41 54 89
41 55 2
41 56 32
41 57 99
41 58 8
41 59 49
41 60 66
41 61 18
41 62 93
41 63 77
41 64 86
41 65 40
41 66 80
41 67 71
41 68 14
41 69 70
41 70 27
41 71 86
41 72 97
41 73 74
41 74 21
41 75 84
41 76 97
41 77 67
41 78 97
41 79 92
41 80 68
41 81 35
41 82 8
41 83 34
41 84 73
41 85 95
41 86 60
41 87 51
41 88 30
41 89 12
41 90 71
41 91 20
41 92 28
41 93 96
41 94 59
41 95 58
41 96 19
41 97 40
41 98 74
41 99 72
41 100 97
42 0 70
42 1 36
42 2 35
42 3 29
42 4 53
42 5 41
42 6 74
42 7 78
42 8 72
42 9 94
42 10 33
42 11 62
42 12 68
42 13 78
42 14 27
42 15 43
42 16 31
42 17 23
42 18 82
42 19 8
42 20 23
42 21 84
42 22 16
42 23 78
42 24 36
42 25 84
42 26 24
42 27 83
42 28 89
42 29 77
42 30 77
42 31 34
42 32 83
42 33 93
42 34 50
42 35 94
42 36 83
42 37 89
42 38 15
42 39 16
42 40 91
42 41 56
42 43 98
42 44 57
42 45 91
42 46 66
42 47 13
42 48 16
42 49 61
42 50 94
42 51 16
42 52 95
42 53 2
42 54 91
42 55 87
42 56 73
42 57 74
42 58 3
42 59 73
42 60 46
42 61 3
42 62 76
42 63 33
42 64 86
42 65 67
42 66 45
42 67 17
42 68 35
42 69 23
42 70 35
42 71 93
42 72 74
42 73 33
42 74 57
42 75 56
42 76 50
42 77 26
42 78 62
42 79 78
42 80 35
42 81 60
42 82 44
42 83 56
42 84 19
42 85 68
42 86 80
42 87 45
42 88 73
42 89 6
42 90 80
42 91 64
42 92 61
42 93 7
42 94 90
42 95 2
42 96 9
42 97 96
42 98 73
42 99 99
42 100 90
43 0 56
43 1 76
43 2 62
43 3 83
43 4 72
43 5 44
43 6 33
43 7 29
43 8 80
43 9 14
43 10 15
43 11 13
43 12 84
43 13 95
43 14 45
43 15 11
43 16 13
43 17 65
43 18 81
43 19 60
43 20 53
43 21 24
43 22 60
43 23 95
43 24 41
43 25 60
43 26 26
43 27 80
43 28 54
43 29 23
43 30 44
43 31 57
43 32 95
43 33 45
43 34 44
43 35 89
43 36 85
43 37 7
43 38 96
43 39 85
43 40 47
43 41 64
43 42 28
43 44 57
43 45 7
43 46 87
43 47 22
43 48 59
43 49 78
43 50 90
43 51 28
43 52 83
43 53 12
43 54 18
43 55 37
43 56 65
43 57 61
43 58 2
43 59 87
43 60 31
43 61 92
43 62 93
43 63 1
43 64 53
43 65 36
43 66 92
43 67 9
43 68 9
43 69 45
43 70 69
43 71 25
43 72 18
43 73 79
43 74 3
43 75 61
43 76 30
43 77 50
43 78 16
43 79 84
43 80 24
43 81 55
43 82 83
43 83 13
43 84 3
43 85 32
43 86 62
43 87 41
43 88 93
43 89 45
43 90 58
43 91 35
43 92 25
43 93 63
43 94 96
43 95 66
43 96 80
43 97 23
43 98 11
43 99 17
43 100 74
44 0 74
44 1 53
44 2 86
44 3 44
44 4 60
44 5 15
44 6 68
44 7 40
44 8 51
44 9 37
44 10 70
44 11 72
44 12 86
44 13 21
44 14 57
44 15 81
44 16 56
44 17 93
44 18 86
44 19 63
44 20 28
44 21 35
44 22 81
44 23 81
44 24 70
44 25 59
44 26 78
44 27 4
44 28 89
44 29 78
44 30 87
44 31 89
44 32 20
44 33 89
44 34 23
44 35 50
44 36 52
44 37 5
44 38 85
44 39 63
44 40 49
44 41 55
44 42 39
44 43 34
44 45 99
44 46 66
44 47 83
44 48 18
44 49 36
44 50 62
44 51 25
44 52 17
44 53 11
44 54 56
44 55 6
44 56 15
44 57 33
44 58 70
44 59 43
44 60 47
44 61 67
44 62 16
44 63 48
44 64 6
44 65 28
44 66 9
44 67 21
44 68 65
44 69 66
44 70 45
44 71 90
44 72 83
44 73 41
44 74 29
44 75 64
44 76 92
44 77 24
44 78 90
44 79 14
44 80 34
44 81 46
44 82 5
44 83 46
44 84 72
44 85 49
44 86 8
44 87 48
44 88 77
44 89 88
44 90 75
44 91 82
44 92 57
44 93 52
44 94 95
44 95 65
44 96 63
44 97 47
44 98 20
44 99 94
44 100 57
45 0 81
45 1 41
45 2 51
45 3 44
45 4 40
45 5 20
45 6 14
45 7 39
45 8 13
45 9 97
45 10 69
45 11 4
45 12 89
45 13 96
45 14 55
45 15 34
45 16 61
45 17 86
45 18 84
45 19 82
45 20 82
45 21 32
45 22 41
45 23 13
45 24 32
45 25 73
45 26 81
45 27 32
45 28 35
45 29 44
45 30 99
45 31 18
45 32 24
45 33 3
45 34 25
45 35 69
45 36 43
45 37 62
45 38 86
45 39 7
45 40 94
45 41 11
45 42 88
45 43 48
45 44 13
45 46 98
45 47 44
45 48 22
45 49 72
45 50 10
45 51 70
45 52 26
45 53 33
45 54 79
45 55 78
45 56 12
45 57 28
45 58 12
45 59 37
45 60 95
45 61 35
45 62 94
45 63 1
45 64 38
45 65 13
45 66 31
45 67 99
45 68 72
45 69 79
45 70 36
45 71 53
45 72 19
45 73 54
45 74 18
45 75 13
45 76 50
45 77 14
45 78 20
45 79 18
45 80 25
45 81 87
45 82 88
45 83 97
45 84 31
45 85 80
45 86 27
45 87 91
45 88 17
45 89 66
45 90 19
45 91 12
45 92 39
45 93 30
45 94 29
45 95 69
45 96 70
45 97 71
45 98 26
45 99 33
45 100 54
46 0 81
46 1 77
46 2 18
46 3 32
46 4 2
46 5 21
46 6 23
46 7 50
46 8 95
46 9 78
46 10 98
46 11 31
46 12 68
46 13 13
46 14 10
46 15 46
46 16 41
46 17 71
46 18 24
46 19 81
46 20 2
46 21 59
46 22 93
46 23 79
46 24 3
46 25 74
46 26 77
46 27 12
46 28 87
46 29 55
46 30 17
46 31 29
46 32 88
46 33 74
46 34 52
46 35 50
46 36 52
46 37 92
46 38 9
46 39 43
46 40 55
46 41 97
46 42 14
46 43 48
46 44 37
46 45 11
46 47 69
46 48 69
46 49 42
46 50 8
46 51 32
46 52 27
46 53 36
46 54 51
46 55 64
46 56 16
46 57 34
46 58 18
46 59 87
46 60 91
46 61 95
46 62 3
46 63 47
46 64 55
46 65 51
46 66 33
46 67 89
46 68 12
46 69 21
46 70 2
46 71 75
46 72 89
46 73 56
46 74 55
46 75 26
46 76 73
46 77 93
46 78 39
46 79 80
46 80 27
46 81 82
46 82 42
46 83 40
46 84 93
46 85 40
46 86 79
46 87 13
46 88 4
46 89 36
46 90 24
46 91 70
46 92 89
46 93 86
46 94 64
46 95 22
46 96 27
46 97 20
46 98 91
46 99 40
46 100 94
47 0 89
47 1 86
47 2 25
47 3 82
47 4 84
47 5 20
47 6 84
47 7 41
47 8 54
47 9 65
47 10 15
47 11 92
47 12 74
47 13 23
47 14 31
47 15 3
47 16 54
47 17 98
47 18 31
47 19 31
47 20 11
47 21 3
47 22 76
47 23 37
47 24 64
47 25 61
47 26 63
47 27 18
47 28 25
47 29 11
47 30 2
47 31 68
47 32 54
47 33 1
47 34 10
47 35 81
47 36 93
47 37 65
47 38 57
47 39 26
47 40 47
47 41 92
47 42 70
47 43 33
47 44 85
47 45 64
47 46 98
47 48 8
47 49 77
47 50 25
47 51 42
47 52 23
47 53 89
47 54 74
47 55 5
47 56 98
47 57 13
47 58 22
47 59 5
47 60 37
47 61 63
47 62 18
47 63 94
47 64 90
47 65 55
47 66 72
47 67 83
47 68 4
47 69 20
47 70 96
47 71 15
47 72 37
47 73 64
47 74 6
47 75 39
47 76 41
47 77 2
47 78 32
47 79 15
47 80 91
47 81 99
47 82 87
47 83 20
47 84 69
47 85 96
47 86 93
47 87 41
47 88 96
47 89 96
47 90 91
47 91 52
47 92 22
47 93 85
47 94 25
47 95 46
47 96 15
47 97 1
47 98 21
47 99 32
47 100 22
48 0 69
48 1 4
48 2 80
48 3 88
48 4 35
48 5 73
48 6 38
48 7 49
48 8 24
48 9 7
48 10 67
48 11 54
48 12 62
48 13 70
48 14 41
48 15 92
48 16 63
48 17 83
48 18 66
48 19 47
48 20 73
48 21 33
48 22 73
48 23 78
48 24 87
48 25 93
48 26 55
48 27 11
48 28 25
48 29 61
48 30 67
48 31 76
48 32 46
48 33 6
48 34 99
48 35 20
48 36 56
48 37 85
48 38 55
48 39 86
48 40 29
48 41 26
48 42 16
48 43 54
48 44 20
48 45 36
48 46 15
48 47 42
48 49 88
48 50 19
48 51 85
48 52 8
48 53 57
48 54 52
48 55 70
48 56 96
48 57 51
48 58 48
48 59 16
48 60 4
48 61 92
48 62 29
48 63 17
48 64 22
48 65 53
48 66 46
48 67 25
48 68 98
48 69 86
48 70 33
48 71 97
48 72 97
48 73 54
48 74 75
48 75 9
48 76 12
48 77 69
48 78 14
48 79 65
48 80 60
48 81 35
48 82 64
48 83 97
48 84 26
48 85 49
48 86 81
48 87 54
48 88 51
48 89 85
48 90 17
48 91 12
48 92 43
48 93 22
48 94 89
48 95 39
48 96 17
48 97 34
48 98 25
48 99 52
48 100 9
49 0 9
49 1 12
49 2 14
49 3 3
49 4 44
49 5 54
49 6 49
49 7 23
49 8 40
49 9 83
49 10 96
49 11 12
49 12 99
49 13 61
49 14 3
49 15 74
49 16 40
49 17 56
49 18 34
49 19 18
49 20 96
49 21 38
49 22 7
49 23 28
49 24 66
49 25 60
49 26 79
49 27 17
49 28 37
49 29 40
49 30 11
49 31 16
49 32 73
49 33 37
49 34 32
49 35 73
49 36 24
49 37 15
49 38 55
49 39 15
49 40 78
49 41 70
49 42 4
49 43 31
49 44 50
49 45 65
49 46 66
49 47 82
49 48 70
49 50 29
49 51 87
49 52 65
49 53 82
49 54 57
49 55 75
49 56 66
49 57 90
49 58 26
49 59 27
49 60 32
49 61 52
49 62 90
49 63 28
49 64 71
49 65 22
49 66 5
49 67 59
49 68 22
49 69 61
49 70 85
49 71 60
49 72 89
49 73 31
49 74 57
49 75 97
49 76 25
49 77 83
49 78 34
49 79 36
49 80 35
49 81 10
49 82 36
49 83 11
49 84 27
49 85 62
49 86 32
49 87 97
49 88 38
49 89 76
49 90 51
49 91 7
49 92 59
49 93 80
49 94 57
49 95 67
49 96 43
49 97 77
49 98 49
49 99 83
49 100 55
50 0 83
50 1 35
50 2 3
50 3 93
50 4 47
50 5 15
50 6 71
50 7 91
50 8 1
50 9 3
50 10 28
50 11 10
50 12 17
50 13 85
50 14 53
50 15 33
50 16 79
50 17 34
50 18 16
50 19 39
50 20 39
50 21 23
50 22 33
50 23 78
50 24 53
50 25 90
50 26 18
50 27 59
50 28 66
50 29 82
50 30 28
50 31 77
50 32 24
50 33 84
50 34 95
50 35 96
50 36 34
50 37 91
50 38 59
50 39 79
50 40 67
50 41 74
50 42 36
50 43 37
50 44 54
50 45 16
50 46 29
50 47 24
50 48 7
50 49 64
50 51 47
50 52 91
50 53 75
50 54 68
50 55 2
50 56 15
50 57 17
50 58 58
50 59 9
50 60 52
50 61 38
50 62 97
50 63 21
50 64 83
50 65 9
50 66 98
50 67 11
50 68 10
50 69 13
50 70 18
50 71 97
50 72 48
50 73 19
50 74 83
50 75 33
50 76 43
50 77 75
50 78 99
50 79 21
50 80 16
50 81 69
50 82 71
50 83 86
50 84 14
50 85 69
50 86 23
50 87 13
50 88 68
50 89 58
50 90 88
50 91 6
50 92 58
50 93 82
50 94 67
50 95 12
50 96 44
50 97 70
50 98 41
50 99 99
50 100 83
51 0 52
51 1 5
51 2 34
51 3 91
51 4 69
51 5 48
51 6 42
51 7 29
51 8 4
51 9 67
51 10 28
51 11 21
51 12 81
51 13 61
51 14 79
51 15 39
51 16 27
51 17 22
51 18 25
51 19 61
51 20 90
51 21 15
51 22 19
51 23 62
51 24 32
51 25 1
51 26 60
51 27 53
51 28 37
51 29 24
51 30 78
51 31 44
51 32 83
51 33 52
51 34 65
51 35 62
51 36 25
51 37 68
51 38 60
51 39 30
51 40 72
51 41 42
51 42 28
51 43 37
51 44 55
51 45 61
51 46 32
51 47 88
51 48 28
51 49 27
51 50 26
51 52 21
51 53 70
51 54 90
51 55 84
51 56 77
51 57 6
51 58 39
51 59 56
51 60 93
51 61 47
51 62 30
51 63 59
51 64 9
51 65 69
51 66 69
51 67 72
51 68 98
51 69 32
51 70 5
51 71 93
51 72 61
51 73 73
51 74 74
51 75 15
51 76 25
51 77 9
51 78 99
51 79 76
51 80 4
51 81 55
51 82 47
51 83 81
51 84 36
51 85 60
51 86 50
51 87 74
51 88 77
51 89 9
51 90 40
51 91 69
51 92 53
51 93 57
51 94 87
51 95 30
51 96 35
51 97 61
51 98 5
51 99 42
51 100 11
52 0 45
52 1 69
52 2 21
52 3 84
52 4 26
52 5 2
52 6 73
52 7 47
52 8 78
52 9 70
52 10 22
52 11 58
52 12 25
52 13 49
52 14 28
52 15 11
52 16 42
52 17 65
52 18 88
52 19 55
52 20 88
52 21 94
52 22 65
52 23 84
52 24 44
52 25 1
52 26 94
52 27 66
52 28 5
52 29 42
52 30 84
52 31 8
52 32 53
52 33 63
52 34 41
52 35 67
52 36 10
52 37 71
52 38 4
52 39 20
52 40 50
52 41 91
52 42 29
52 43 76
52 44 60
52 45 1
52 46 46
52 47 36
52 48 28
52 49 40
52 50 76
52 51 99
52 53 87
52 54 60
52 55 40
52 56 50
52 57 96
52 58 68
52 59 1
52 60 18
52 61 5
52 62 86
52 63 9
52 64 58
52 65 22
52 66 25
52 67 27
52 68 62
52 69 28
52 70 31
52 71 78
52 72 88
52 73 8
52 74 55
52 75 54
52 76 76
52 77 84
52 78 52
52 79 46
52 80 61
52 81 83
52 82 36
52 83 13
52 84 62
52 85 62
52 86 27
52 87 3
52 88 80
52 89 24
52 90 92
52 91 93
52 92 15
52 93 57
52 94 78
52 95 61
52 96 19
52 97 91
52 98 65
52 99 47
52 100 21
53 0 27
53 1 51
53 2 62
53 3 27
53 4 54
53 5 45
53 6 81
53 7 21
53 8 48
53 9 21
53 10 61
53 11 29
53 12 29
53 13 75
53 14 18
53 15 94
53 16 81
53 17 76
53 18 97
53 19 82
53 20 60
53 21 94
53 22 70
53 23 12
53 24 29
53 25 74
53 26 67
53 27 27
53 28 49
53 29 89
53 30 86
53 31 21
53 32 13
53 33 16
53 34 24
53 35 73
53 36 60
53 37 76
53 38 15
53 39 35
53 40 83
53 41 95
53 42 24
53 43 46
53 44 74
53 45 45
53 46 49
53 47 45
53 48 53
53 49 40
53 50 42
53 51 84
53 52 33
53 54 16
53 55 56
53 56 80
53 57 73
53 58 9
53 59 68
53 60 52
53 61 4
53 62 47
53 63 52
53 64 68
53 65 7
53 66 88
53 67 41
53 68 28
53 69 53
53 70 58
53 71 2
53 72 68
53 73 26
53 74 6
53 75 60
53 76 31
53 77 27
53 78 89
53 79 40
53 80 98
53 81 88
53 82 51
53 83 57
53 84 95
53 85 71
53 86 41
53 87 89
53 88 18
53 89 62
53 90 89
53 91 8
53 92 3
53 93 12
53 94 86
53 95 30
53 96 74
53 97 67
53 98 5
53 99 88
53 100 46
54 0 12
54 1 51
54 2 10
54 3 68
54 4 15
54 5 42
54 6 8
54 7 15
54 8 96
54 9 82
54 10 93
54 11 62
54 12 19
54 13 80
54 14 24
54 15 79
54 16 48
54 17 2
54 18 12
54 19 50
54 20 65
54 21 85
54 22 34
54 23 94
54 24 14
54 25 2
54 26 97
54 27 95
54 28 90
54 29 76
54 30 60
54 31 17
54 32 14
54 33 26
54 34 18
54 35 71
54 36 79
54 37 23
54 38 5
54 39 88
54 40 1
54 41 31
54 42 40
54 43 76
54 44 28
54 45 5
54 46 31
54 47 62
54 48 90
54 49 83
54 50 5
54 51 45
54 52 14
54 53 41
54 55 99
54 56 57
54 57 40
54 58 19
54 59 70
54 60 12
54 61 64
54 62 2
54 63 89
54 64 18
54 65 70
54 66 12
54 67 26
54 68 59
54 69 54
54 70 61
54 71 14
54 72 16
54 73 71
54 74 37
54 75 68
54 76 92
54 77 90
54 78 63
54 79 32
54 80 11
54 81 73
54 82 31
54 83 86
54 84 4
54 85 36
54 86 97
54 87 90
54 88 66
54 89 45
54 90 82
54 91 4
54 92 46
54 93 17
54 94 66
54 95 67
54 96 8
54 97 87
54 98 67
54 99 10
54 100 55
55 0 91
55 1 12
55 2 33
55 3 96
55 4 20
55 5 49
55 6 84
55 7 29
55 8 85
55 9 61
55 10 86
55 11 96
55 12 21
55 13 67
55 14 53
55 15 62
55 16 63
55 17 30
55 18 47
55 19 93
55 20 43
55 21 69
55 22 83
55 23 73
55 24 17
55 25 14
55 26 28
55 27 10
55 28 62
55 29 70
55 30 85
55 31 71
55 32 31
55 33 83
55 34 90
55 35 4
55 36 13
55 37 31
55 38 88
55 39 29
55 40 18
55 41 99
55 42 81
55 43 60
55 44 30
55 45 39
55 46 14
55 47 3
55 48 25
55 49 21
55 50 9
55 51 86
55 52 29
55 53 94
55 54 54
55 56 5
55 57 17
55 58 4
55 59 99
55 60 73
55 61 88
55 62 39
55 63 22
55 64 45
55 65 86
55 66 83
55 67 6
55 68 33
55 69 74
55 70 14
55 71 74
55 72 75
55 73 6
55 74 46
55 75 74
55 76 85
55 77 99
55 78 4
55 79 54
55 80 95
55 81 62
55 82 34
55 83 90
55 84 31
55 85 9
55 86 33
55 87 61
55 88 84
55 89 7
55 90 58
55 91 39
55 92 53
55 93 59
55 94 79
55 95 68
55 96 32
55 97 79
55 98 29
55 99 19
55 100 15
56 0 98
56 1 79
56 2 30
56 3 29
56 4 50
56 5 48
56 6 2
56 7 65
56 8 87
56 9 46
56 10 17
56 11 73
56 12 72
56 13 49
56 14 70
56 15 78
56 16 66
56 17 79
56 18 12
56 19 2
56 20 37
56 21 86
56 22 78
56 23 4
56 24 45
56 25 21
56 26 70
56 27 40
56 28 92
56 29 72
56 30 69
56 31 44
56 32 40
56 33 27
56 34 1
56 35 68
56 36 1
56 37 71
56 38 27
56 39 92
56 40 88
56 41 64
56 42 87
56 43 82
56 44 54
56 45 92
56 46 56
56 47 34
56 48 28
56 49 75
56 50 90
56 51 13
56 52 43
56 53 62
56 54 36
56 55 51
56 57 72
56 58 99
56 59 78
56 60 16
56 61 96
56 62 9
56 63 53
56 64 87
56 65 45
56 66 94
56 67 85
56 68 94
56 69 24
56 70 33
56 71 42
56 72 55
56 73 79
56 74 68
56 75 30
56 76 40
56 77 46
56 78 5
56 79 87
56 80 72
56 81 4
56 82 21
56 83 76
56 84 70
56 85 77
56 86 59
56 87 66
56 88 10
56 89 33
56 90 43
56 91 91
56 92 73
56 93 86
56 94 86
56 95 44
56 96 8
56 97 56
56 98 18
56 99 3
56 100 45
57 0 73
57 1 3
57 2 11
57 3 6
57 4 61
57 5 40
57 6 85
57 7 41
57 8 29
57 9 36
57 10 66
57 11 27
57 12 10
57 13 23
57 14 62
57 15 79
57 16 38
57 17 93
57 18 2
57 19 55
57 20 28
57 21 8
57 22 64
57 23 47
57 24 53
57 25 76
57 26 10
57 27 66
57 28 32
57 29 21
57 30 87
57 31 80
57 32 88
57 33 94
57 34 28
57 35 65
57 36 74
57 37 5
57 38 40
57 39 16
57 40 62
57 41 65
57 42 39
57 43 10
57 44 73
57 45 8
57 46 56
57 47 45
57 48 29
57 49 93
57 50 76
57 51 5
57 52 80
57 53 99
57 54 87
57 55 6
57 56 41
57 58 33
57 59 17
57 60 59
57 61 15
57 62 38
57 63 95
57 64 21
57 65 43
57 66 33
57 67 63
57 68 43
57 69 26
57 70 59
57 71 23
57 72 82
57 73 91
57 74 86
57 75 15
57 76 28
57 77 46
57 78 78
57 79 64
57 80 31
57 81 69
57 82 2
57 83 66
57 84 14
57 85 76
57 86 3
57 87 52
57 88 47
57 89 78
57 90 51
57 91 88
57 92 1
57 93 52
57 94 41
57 95 66
57 96 82
57 97 15
57 98 31
57 99 14
57 100 74
58 0 38
58 1 66
58 2 24
58 3 68
58 4 25
58 5 20
58 6 3
58 7 4
58 8 58
58 9 47
58 10 5
58 11 84
58 12 84
58 13 85
58 14 90
58 15 14
58 16 1
58 17 22
58 18 56
58 19 53
58 20 90
58 21 64
58 22 25
58 23 9
58 24 20
58 25 86
58 26 82
58 27 39
58 28 5
58 29 36
58 30 52
58 31 30
58 32 61
58 33 17
58 34 81
58 35 6
58 36 15
58 37 90
58 38 75
58 39 19
58 40 92
58 41 38
58 42 36
58 43 54
58 44 87
58 45 25
58 46 43
58 47 39
58 48 53
58 49 8
58 50 12
58 51 40
58 52 91
58 53 31
58 54 2
58 55 65
58 56 80
58 57 89
58 59 52
58 60 43
58 61 61
58 62 72
58 63 13
58 64 18
58 65 63
58 66 85
58 67 13
58 68 76
58 69 75
58 70 23
58 71 23
58 72 6
58 73 7
58 74 55
58 75 88
58 76 86
58 77 99
58 78 29
58 79 91
58 80 73
58 81 35
58 82 83
58 83 39
58 84 89
58 85 80
58 86 16
58 87 65
58 88 17
58 89 49
58 90 16
58 91 81
58 92 97
58 93 51
58 94 94
58 95 67
58 96 96
58 97 52
58 98 90
58 99 81
58 100 32
59 0 34
59 1 82
59 2 4
59 3 34
59 4 81
59 5 77
59 6 52
59 7 40
59 8 59
59 9 30
59 10 55
59 11 56
59 12 82
59 13 25
59 14 8
59 15 39
59 16 28
59 17 17
59 18 65
59 19 44
59 20 39
59 21 74
59 22 21
59 23 80
59 24 63
59 25 71
59 26 8
59 27 77
59 28 75
59 29 86
59 30 98
59 31 71
59 32 91
59 33 45
59 34 3
59 35 62
59 36 92
59 37 35
59 38 8
59 39 25
59 40 19
59 41 99
59 42 59
59 43 65
59 44 64
59 45 1
59 46 75
59 47 38
59 48 79
59 49 31
59 50 57
59 51 42
59 52 79
59 53 12
59 54 32
59 55 29
59 56 9
59 57 59
59 58 9
59 60 12
59 61 41
59 62 85
59 63 83
59 64 29
59 65 63
59 66 23
59 67 22
59 68 82
59 69 31
59 70 62
59 71 32
59 72 93
59 73 52
59 74 31
59 75 25
59 76 19
59 77 69
59 78 17
59 79 48
59 80 82
59 81 91
59 82 25
59 83 8
59 84 60
59 85 84
59 86 89
59 87 85
59 88 45
59 89 82
59 90 79
59 91 46
59 92 75
59 93 40
59 94 55
59 95 17
59 96 27
59 97 69
59 98 96
59 99 12
59 100 91
60 0 40
60 1 66
60 2 42
60 3 4
60 4 76
60 5 32
60 6 90
60 7 68
60 8 90
60 9 57
60 10 64
60 11 48
60 12 13
60 13 94
60 14 38
60 15 18
60 16 82
60 17 69
60 18 35
60 19 4
60 20 63
60 21 5
60 22 31
60 23 83
60 24 46
60 25 70
60 26 15
60 27 84
60 28 6
60 29 54
60 30 49
60 31 45
60 32 47
60 33 64
60 34 92
60 35 85
60 36 78
60 37 74
60 38 16
60 39 11
60 40 39
60 41 68
60 42 34
60 43 21
60 44 58
60 45 64
60 46 42
60 47 3
60 48 54
60 49 7
60 50 49
60 51 74
60 52 55
60 53 77
60 54 35
60 55 32
60 56 84
60 57 97
60 58 2
60 59 92
60 61 33
60 62 29
60 63 89
60 64 48
60 65 56
60 66 26
60 67 60
60 68 75
60 69 68
60 70 89
60 71 57
60 72 60
60 73 50
60 74 25
60 75 85
60 76 23
60 77 25
60 78 24
60 79 74
60 80 34
60 81 52
60 82 15
60 83 45
60 84 89
60 85 94
60 86 59
60 87 2
60 88 49
60 89 35
60 90 49
60 91 9
60 92 99
60 93 93
60 94 22
60 95 67
60 96 61
60 97 37
60 98 72
60 99 23
60 100 72
61 0 73
61 1 99
61 2 16
61 3 49
61 4 34
61 5 44
61 6 6
61 7 11
61 8 51
61 9 61
61 10 49
61 11 6
61 12 75
61 13 3
61 14 87
61 15 41
61 16 57
61 17 55
61 18 79
61 19 4
61 20 75
61 21 60
61 22 41
61 23 69
61 24 3
61 25 32
61 26 35
61 27 2
61 28 13
61 29 59
61 30 44
61 31 23
61 32 83
61 33 93
61 34 73
61 35 7
61 36 48
61 37 35
61 38 42
61 39 42
61 40 65
61 41 74
61 42 83
61 43 42
61 44 37
61 45 56
61 46 51
61 47 16
61 48 86
61 49 97
61 50 30
61 51 80
61 52 93
61 53 71
61 54 90
61 55 69
61 56 34
61 57 15
61 58 97
61 59 86
61 60 2
61 62 91
61 63 50
61 64 5
61 65 28
61 66 94
61 67 3
61 68 97
61 69 30
61 70 49
61 71 64
61 72 48
61 73 40
61 74 1
61 75 77
61 76 70
61 77 50
61 78 73
61 79 79
61 80 95
61 81 57
61 82 9
61 83 58
61 84 31
61 85 44
61 86 75
61 87 94
61 88 37
61 89 78
61 90 30
61 91 31
61 92 92
61 93 59
61 94 72
61 95 26
61 96 96
61 97 99
61 98 87
61 99 99
61 100 53
62 0 8
62 1 12
62 2 60
62 3 96
62 4 65
62 5 10
62 6 22
62 7 14
62 8 24
62 9 65
62 10 4
62 11 43
62 12 85
62 13 65
62 14 56
62 15 5
62 16 76
62 17 80
62 18 88
62 19 76
62 20 42
62 21 78
62 22 76
62 23 14
62 24 13
62 25 27
62 26 14
62 27 58
62 28 4
62 29 4
62 30 91
62 31 7
62 32 86
62 33 98
62 34 64
62 35 60
62 36 7
62 37 99
62 38 76
62 39 20
62 40 52
62 41 27
62 42 9
62 43 65
62 44 87
62 45 37
62 46 95
62 47 45
62 48 21
62 49 56
62 50 64
62 51 55
62 52 17
62 53 62
62 54 87
62 55 68
62 56 56
62 57 80
62 58 55
62 59 71
62 60 6
62 61 41
62 63 38
62 64 15
62 65 45
62 66 82
62 67 12
62 68 24
62 69 17
62 70 92
62 71 81
62 72 46
62 73 49
62 74 1
62 75 10
62 76 28
62 77 91
62 78 71
62 79 50
62 80 19
62 81 96
62 82 80
62 83 68
62 84 82
62 85 17
62 86 38
62 87 57
62 88 39
62 89 18
62 90 81
62 91 60
62 92 72
62 93 45
62 94 23
62 95 56
62 96 11
62 97 73
62 98 82
62 99 43
62 100 15
63 0 76
63 1 16
63 2 18
63 3 76
63 4 9
63 5 18
63 6 29
63 7 99
63 8 59
63 9 39
63 10 17
63 11 14
63 12 72
63 13 56
63 14 82
63 15 70
63 16 23
63 17 43
63 18 25
63 19 59
63 20 67
63 21 94
63 22 95
63 23 66
63 24 35
63 25 2
63 26 85
63 27 39
63 28 95
63 29 88
63 30 97
63 31 38
63 32 24
63 33 17
63 34 89
63 35 66
63 36 20
63 37 66
63 38 44
63 39 57
63 40 61
63 41 81
63 42 43
63 43 38
63 44 49
63 45 37
63 46 12
63 47 64
63 48 18
63 49 53
63 50 63
63 51 54
63 52 48
63 53 89
63 54 63
63 55 83
63 56 53
63 57 36
63 58 79
63 59 3
63 60 11
63 61 96
63 62 21
63 64 4
63 65 48
63 66 44
63 67 1
63 68 65
63 69 78
63 70 93
63 71 92
63 72 61
63 73 73
63 74 10
63 75 35
63 76 15
63 77 12
63 78 96
63 79 8
63 80 15
63 81 24
63 82 5
63 83 31
63 84 79
63 85 86
63 86 8
63 87 61
63 88 18
63 89 83
63 90 18
63 91 72
63 92 56
63 93 91
63 94 77
63 95 68
63 96 81
63 97 81
63 98 8
63 99 34
63 100 93
64 0 50
64 1 21
64 2 3
64 3 17
64 4 14
64 5 61
64 6 60
64 7 96
64 8 7
64 9 11
64 10 66
64 11 68
64 12 22
64 13 69
64 14 29
64 15 49
64 16 45
64 17 18
64 18 84
64 19 98
64 20 48
64 21 37
64 22 36
64 23 92
64 24 61
64 25 42
64 26 53
64 27 30
64 28 23
64 29 51
64 30 44
64 31 96
64 32 4
64 33 42
64 34 82
64 35 26
64 36 45
64 37 13
64 38 71
64 39 70
64 40 35
64 41 84
64 42 27
64 43 1
64 44 57
64 45 85
64 46 85
64 47 75
64 48 18
64 49 10
64 50 14
64 51 12
64 52 46
64 53 73
64 54 15
64 55 92
64 56 32
64 57 58
64 58 20
64 59 95
64 60 32
64 61 79
64 62 19
64 63 6
64 65 57
64 66 7
64 67 41
64 68 15
64 69 14
64 70 31
64 71 32
64 72 13
64 73 89
64 74 69
64 75 77
64 76 67
64 77 87
64 78 79
64 79 24
64 80 14
64 81 93
64 82 57
64 83 77
64 84 60
64 85 11
64 86 51
64 87 98
64 88 90
64 89 70
64 90 77
64 91 79
64 92 64
64 93 14
64 94 83
64 95 70
64 96 79
64 97 23
64 98 64
64 99 42
64 100 99
65 0 46
65 1 52
65 2 25
65 3 17
65 4 86
65 5 64
65 6 28
65 7 78
65 8 18
65 9 70
65 10 75
65 11 77
65 12 5
65 13 93
65 14 97
65 15 28
65 16 45
65 17 98
65 18 3
65 19 30
65 20 77
65 21 95
65 22 94
65 23 33
65 24 92
65 25 37
65 26 21
65 27 5
65 28 83
65 29 31
65 30 32
65 31 16
65 32 77
65 33 8
65 34 62
65 35 30
65 36 33
65 37 70
65 38 79
65 39 28
65 40 41
65 41 1
65 42 6
65 43 77
65 44 25
65 45 43
65 46 79
65 47 44
65 48 8
65 49 49
65 50 36
65 51 19
65 52 35
65 53 13
65 54 41
65 55 43
65 56 62
65 57 76
65 58 50
65 59 41
65 60 76
65 61 22
65 62 47
65 63 26
65 64 75
65 66 94
65 67 94
65 68 54
65 69 80
65 70 30
65 71 31
65 72 94
65 73 24
65 74 11
65 75 32
65 76 46
65 77 50
65 78 21
65 79 25
65 80 56
65 81 16
65 82 88
65 83 77
65 84 78
65 85 50
65 86 27
65 87 60
65 88 3
65 89 62
65 90 22
65 91 43
65 92 95
65 93 90
65 94 84
65 95 91
65 96 46
65 97 82
65 98 37
65 99 28
65 100 74
66 0 8
66 1 82
66 2 72
66 3 48
66 4 46
66 5 99
66 6 53
66 7 29
66 8 6
66 9 58
66 10 65
66 11 46
66 12 64
66 13 89
66 14 36
66 15 42
66 16 64
66 17 71
66 18 3
66 19 66
66 20 82
66 21 81
66 22 29
66 23 7
66 24 69
66 25 99
66 26 16
66 27 68
66 28 66
66 29 8
66 30 14
66 31 14
66 32 33
66 33 77
66 34 11
66 35 6
66 36 86
66 37 5
66 38 44
66 39 92
66 40 80
66 41 7
66 42 13
66 43 53
66 44 47
66 45 58
66 46 65
66 47 85
66 48 39
66 49 45
66 50 16
66 51 77
66 52 3
66 53 26
66 54 50
66 55 50
66 56 16
66 57 40
66 58 68
66 59 15
66 60 20
66 61 9
66 62 1
66 63 75
66 64 94
66 65 33
66 67 52
66 68 19
66 69 35
66 70 55
66 71 25
66 72 95
66 73 50
66 74 85
66 75 65
66 76 20
66 77 75
66 78 88
66 79 71
66 80 48
66 81 81
66 82 59
66 83 88
66 84 83
66 85 10
66 86 83
66 87 71
66 88 76
66 89 61
66 90 74
66 91 26
66 92 29
66 93 23
66 94 32
66 95 57
66 96 8
66 97 18
66 98 2
66 99 63
66 100 69
67 0 71
67 1 63
67 2 26
67 3 67
67 4 11
67 5 41
67 6 95
67 7 90
67 8 8
67 9 96
67 10 89
67 11 31
67 12 46
67 13 32
67 14 34
67 15 34
67 16 85
67 17 74
67 18 72
67 19 71
67 20 27
67 21 64
67 22 32
67 23 37
67 24 43
67 25 70
67 26 88
67 27 14
67 28 51
67 29 29
67 30 71
67 31 54
67 32 75
67 33 11
67 34 29
67 35 6
67 36 74
67 37 52
67 38 57
67 39 52
67 40 34
67 41 81
67 42 46
67 43 57
67 44 78
67 45 46
67 46 64
67 47 46
67 48 76
67 49 63
67 50 63
67 51 77
67 52 30
67 53 17
67 54 79
67 55 92
67 56 2
67 57 75
67 58 86
67 59 78
67 60 12
67 61 98
67 62 73
67 63 38
67 64 24
67 65 57
67 66 23
67 68 4
67 69 52
67 70 93
67 71 84
67 72 81
67 73 40
67 74 41
67 75 71
67 76 9
67 77 43
67 78 4
67 79 31
67 80 40
67 81 85
67 82 13
67 83 8
67 84 61
67 85 42
67 86 22
67 87 73
67 88 50
67 89 64
67 90 44
67 91 31
67 92 60
67 93 64
67 94 60
67 95 11
67 96 28
67 97 14
67 98 65
67 99 73
67 100 57
68 0 78
68 1 85
68 2 86
68 3 36
68 4 59
68 5 25
68 6 77
68 7 3
68 8 7
68 9 79
68 10 77
68 11 7
68 12 52
68 13 67
68 14 9
68 15 57
68 16 35
68 17 48
68 18 67
68 19 58
68 20 85
68 21 94
68 22 45
68 23 9
68 24 2
68 25 73
68 26 11
68 27 5
68 28 4
68 29 69
68 30 25
68 31 2
68 32 12
68 33 64
68 34 30
68 35 1
68 36 39
68 37 43
68 38 53
68 39 25
68 40 30
68 41 92
68 42 69
68 43 6
68 44 5
68 45 87
68 46 94
68 47 20
68 48 59
68 49 23
68 50 88
68 51 86
68 52 73
68 53 34
68 54 5
68 55 32
68 56 38
68 57 15
68 58 17
68 59 34
68 60 97
68 61 2
68 62 84
68 63 76
68 64 81
68 65 76
68 66 70
68 67 66
68 69 29
68 70 62
68 71 97
68 72 70
68 73 83
68 74 99
68 75 7
68 76 87
68 77 39
68 78 97
68 79 73
68 80 16
68 81 51
68 82 56
68 83 94
68 84 89
68 85 24
68 86 77
68 87 21
68 88 91
68 89 46
68 90 21
68 91 92
68 92 17
68 93 96
68 94 59
68 95 17
68 96 62
68 97 43
68 98 53
68 99 90
68 100 12
69 0 41
69 1 56
69 2 34
69 3 12
69 4 69
69 5 58
69 6 44
69 7 51
69 8 43
69 9 69
69 10 12
69 11 31
69 12 19
69 13 3
69 14 25
69 15 42
69 16 97
69 17 73
69 18 84
69 19 17
69 20 41
69 21 32
69 22 77
69 23 80
69 24 18
69 25 59
69 26 30
69 27 34
69 28 43
69 29 95
69 30 31
69 31 13
69 32 88
69 33 97
69 34 33
69 35 34
69 36 75
69 37 65
69 38 62
69 39 15
69 40 74
69 41 14
69 42 74
69 43 4
69 44 74
69 45 61
69 46 38
69 47 48
69 48 26
69 49 20
69 50 2
69 51 93
69 52 81
69 53 1
69 54 81
69 55 46
69 56 69
69 57 5
69 58 20
69 59 60
69 60 3
69 61 64
69 62 95
69 63 28
69 64 31
69 65 74
69 66 90
69 67 65
69 68 75
69 70 27
69 71 9
69 72 26
69 73 88
69 74 84
69 75 8
69 76 32
69 77 45
69 78 56
69 79 43
69 80 3
69 81 98
69 82 4
69 83 70
69 84 4
69 85 38
69 86 18
69 87 18
69 88 50
69 89 48
69 90 20
69 91 24
69 92 94
69 93 66
69 94 78
69 95 78
69 96 84
69 97 14
69 98 16
69 99 8
69 100 52
70 0 68
70 1 57
70 2 95
70 3 58
70 4 30
70 5 49
70 6 20
70 7 81
70 8 50
70 9 12
70 10 98
70 11 53
70 12 67
70 13 78
70 14 43
70 15 99
70 16 19
70 17 44
70 18 22
70 19 60
70 20 74
70 21 27
70 22 82
70 23 50
70 24 83
70 25 54
70 26 80
70 27 84
70 28 91
70 29 3
70 30 14
70 31 7
70 32 95
70 33 57
70 34 21
70 35 95
70 36 76
70 37 88
70 38 76
70 39 32
70 40 53
70 41 6
70 42 53
70 43 45
70 44 82
70 45 38
70 46 7
70 47 11
70 48 25
70 49 55
70 50 98
70 51 93
70 52 27
70 53 89
70 54 52
70 55 32
70 56 16
70 57 31
70 58 18
70 59 7
70 60 22
70 61 5
70 62 25
70 63 57
70 64 71
70 65 5
70 66 77
70 67 76
70 68 46
70 69 27
70 71 62
70 72 56
70 73 5
70 74 97
70 75 24
70 76 8
70 77 79
70 78 27
70 79 74
70 80 22
70 81 56
70 82 39
70 83 70
70 84 72
70 85 22
70 86 84
70 87 2
70 88 17
70 89 76
70 90 87
70 91 95
70 92 51
70 93 86
70 94 42
70 95 41
70 96 56
70 97 4
70 98 10
70 99 35
70 100 5
71 0 15
71 1 6
71 2 25
71 3 47
71 4 82
71 5 44
71 6 46
71 7 51
71 8 32
71 9 17
71 10 60
71 11 2
71 12 4
71 13 75
71 14 93
71 15 67
71 16 54
71 17 43
71 18 44
71 19 50
71 20 41
71 21 4
71 22 74
71 23 8
71 24 95
71 25 17
71 26 80
71 27 49
71 28 1
71 29 94
71 30 23
71 31 30
71 32 51
71 33 35
71 34 9
71 35 41
71 36 95
71 37 60
71 38 99
71 39 58
71 40 7
71 41 88
71 42 88
71 43 17
71 44 83
71 45 75
71 46 3
71 47 32
71 48 37
71 49 36
71 50 45
71 51 49
71 52 45
71 53 19
71 54 93
71 55 41
71 56 75
71 57 79
71 58 15
71 59 13
71 60 8
71 61 73
71 62 99
71 63 67
71 64 80
71 65 20
71 66 20
71 67 24
71 68 58
71 69 71
71 70 14
71 72 24
71 73 23
71 74 35
71 75 53
71 76 30
71 77 4
71 78 71
71 79 63
71 80 49
71 81 23
71 82 90
71 83 77
71 84 45
71 85 49
71 86 8
71 87 60
71 88 24
71 89 95
71 90 83
71 91 82
71 92 66
71 93 44
71 94 37
71 95 13
71 96 22
71 97 54
71 98 98
71 99 52
71 100 55
72 0 46
72 1 56
72 2 33
72 3 45
72 4 28
72 5 47
72 6 1
72 7 32
72 8 79
72 9 37
72 10 25
72 11 53
72 12 44
72 13 3
72 14 36
72 15 48
72 16 29
72 17 84
72 18 19
72 19 19
72 20 88
72 21 85
72 22 61
72 23 70
72 24 16
72 25 57
72 26 1
72 27 90
72 28 17
72 29 15
72 30 26
72 31 2
72 32 18
72 33 9
72 34 92
72 35 91
72 36 53
72 37 97
72 38 58
72 39 70
72 40 26
72 41 23
72 42 8
72 43 31
72 44 38
72 45 28
72 46 89
72 47 85
72 48 83
72 49 49
72 50 37
72 51 16
72 52 5
72 53 77
72 54 43
72 55 97
72 56 68
72 57 36
72 58 98
72 59 53
72 60 95
72 61 41
72 62 22
72 63 3
72 64 46
72 65 51
72 66 73
72 67 30
72 68 9
72 69 45
72 70 85
72 71 52
72 73 65
72 74 39
72 75 15
72 76 92
72 77 98
72 78 1
72 79 82
72 80 51
72 81 55
72 82 24
72 83 2
72 84 18
72 85 71
72 86 75
72 87 17
72 88 34
72 89 65
72 90 79
72 91 52
72 92 43
72 93 44
72 94 59
72 95 11
72 96 90
72 97 92
72 98 65
72 99 62
72 100 56
73 0 20
73 1 35
73 2 73
73 3 60
73 4 81
73 5 7
73 6 70
73 7 82
73 8 36
73 9 24
73 10 16
73 11 96
73 12 74
73 13 9
73 14 31
73 15 54
73 16 38
73 17 52
73 18 76
73 19 27
73 20 27
73 21 98
73 22 40
73 23 51
73 24 11
73 25 7
73 26 29
73 27 22
73 28 1
73 29 83
73 30 45
73 31 72
73 32 80
73 33 3
73 34 70
73 35 14
73 36 75
73 37 60
73 38 65
73 39 44
73 40 6
73 41 69
73 42 88
73 43 15
73 44 24
73 45 27
73 46 89
73 47 68
73 48 85
73 49 66
73 50 35
73 51 99
73 52 38
73 53 19
73 54 9
73 55 52
73 56 38
73 57 28
73 58 22
73 59 16
73 60 45
73 61 34
73 62 22
73 63 32
73 64 76
73 65 80
73 66 25
73 67 36
73 68 90
73 69 67
73 70 31
73 71 76
73 72 95
73 74 51
73 75 63
73 76 57
73 77 74
73 78 79
73 79 66
73 80 62
73 81 95
73 82 27
73 83 63
73 84 4
73 85 53
73 86 19
73 87 94
73 88 80
73 89 94
73 90 11
73 91 37
73 92 75
73 93 90
73 94 72
73 95 31
73 96 13
73 97 79
73 98 97
73 99 68
73 100 35
74 0 48
74 1 23
74 2 30
74 3 75
74 4 40
74 5 13
74 6 28
74 7 35
74 8 26
74 9 67
74 10 75
74 11 12
74 12 75
74 13 68
74 14 55
74 15 74
74 16 40
74 17 83
74 18 91
74 19 27
74 20 55
74 21 63
74 22 64
74 23 76
74 24 21
74 25 61
74 26 28
74 27 60
74 28 16
74 29 40
74 30 12
74 31 52
74 32 35
74 33 86
74 34 67
74 35 67
74 36 39
74 37 7
74 38 59
74 39 83
74 40 98
74 41 70
74 42 36
74 43 42
74 44 61
74 45 48
74 46 39
74 47 67
74 48 19
74 49 85
74 50 49
74 51 23
74 52 23
74 53 94
74 54 22
74 55 43
74 56 65
74 57 81
74 58 83
74 59 3
74 60 73
74 61 85
74 62 27
74 63 68
74 64 68
74 65 95
74 66 63
74 67 62
74 68 12
74 69 24
74 70 57
74 71 51
74 72 25
74 73 11
74 75 74
74 76 31
74 77 46
74 78 61
74 79 21
74 80 58
74 81 29
74 82 63
74 83 55
74 84 8
74 85 43
74 86 21
74 87 53
74 88 37
74 89 10
74 90 72
74 91 52
74 92 76
74 93 25
74 94 84
74 95 73
74 96 57
74 97 57
74 98 91
74 99 68
74 100 31
75 0 55
75 1 55
75 2 28
75 3 48
75 4 6
75 5 77
75 6 4
75 7 44
75 8 55
75 9 50
75 10 25
75 11 7
75 12 27
75 13 7
75 14 71
75 15 57
75 16 66
75 17 38
75 18 87
75 19 9
75 20 45
75 21 81
75 22 8
75 23 25
75 24 74
75 25 53
75 26 6
75 27 55
75 28 24
75 29 23
75 30 31
75 31 83
75 32 61
75 33 26
75 34 1
75 35 4
75 36 76
75 37 75
75 38 98
75 39 69
75 40 40
75 41 83
75 42 17
75 43 33
75 44 89
75 45 54
75 46 23
75 47 55
75 48 70
75 49 60
75 50 49
75 51 41
75 52 11
75 53 28
75 54 79
75 55 41
75 56 48
75 57 8
75 58 90
75 59 1
75 60 45
75 61 20
75 62 4
75 63 83
75 64 44
75 65 7
75 66 19
75 67 8
75 68 82
75 69 3
75 70 74
75 71 69
75 72 65
75 73 15
75 74 9
75 76 47
75 77 49
75 78 20
75 79 3
75 80 94
75 81 3
75 82 92
75 83 34
75 84 61
75 85 17
75 86 21
75 87 54
75 88 77
75 89 74
75 90 50
75 91 91
75 92 4
75 93 52
75 94 10
75 95 47
75 96 32
75 97 26
75 98 79
75 99 72
75 100 79
76 0 21
76 1 18
76 2 83
76 3 9
76 4 19
76 5 33
76 6 82
76 7 74
76 8 60
76 9 56
76 10 44
76 11 91
76 12 79
76 13 78
76 14 69
76 15 80
76 16 72
76 17 10
76 18 20
76 19 49
76 20 84
76 21 46
76 22 30
76 23 75
76 24 21
76 25 39
76 26 34
76 27 14
76 28 15
76 29 69
76 30 30
76 31 41
76 32 33
76 33 61
76 34 86
76 35 1
76 36 9
76 37 50
76 38 4
76 39 77
76 40 75
76 41 14
76 42 27
76 43 80
76 44 46
76 45 53
76 46 29
76 47 83
76 48 6
76 49 5
76 50 72
76 51 66
76 52 90
76 53 92
76 54 64
76 55 50
76 56 11
76 57 64
76 58 54
76 59 82
76 60 80
76 61 26
76 62 59
76 63 88
76 64 87
76 65 44
76 66 87
76 67 36
76 68 30
76 69 19
76 70 93
76 71 25
76 72 44
76 73 86
76 74 47
76 75 48
76 77 7
76 78 99
76 79 70
76 80 78
76 81 15
76 82 39
76 83 25
76 84 95
76 85 22
76 86 37
76 87 34
76 88 64
76 89 13
76 90 13
76 91 17
76 92 81
76 93 62
76 94 99
76 95 62
76 96 62
76 97 27
76 98 69
76 99 13
76 100 90
77 0 30
77 1 82
77 2 53
77 3 99
77 4 22
77 5 23
77 6 15
77 7 91
77 8 12
77 9 83
77 10 80
77 11 68
77 12 78
77 13 19
77 14 3
77 15 3
77 16 46
77 17 40
77 18 32
77 19 22
77 20 52
77 21 15
77 22 98
77 23 32
77 24 94
77 25 45
77 26 23
77 27 23
77 28 5
77 29 64
77 30 1
77 31 45
77 32 66
77 33 12
77 34 13
77 35 1
77 36 3
77 37 87
77 38 60
77 39 22
77 40 82
77 41 83
77 42 78
77 43 65
77 44 69
77 45 9
77 46 69
77 47 86
77 48 95
77 49 48
77 50 7
77 51 37
77 52 36
77 53 42
77 54 27
77 55 64
77 56 64
77 57 3
77 58 67
77 59 4
77 60 35
77 61 63
77 62 91
77 63 24
77 64 99
77 65 8
77 66 50
77 67 44
77 68 2
77 69 16
77 70 28
77 71 54
77 72 28
77 73 16
77 74 65
77 75 77
77 76 41
77 78 73
77 79 84
77 80 24
77 81 83
77 82 91
77 83 63
77 84 54
77 85 25
77 86 92
77 87 73
77 88 51
77 89 28
77 90 90
77 91 78
77 92 54
77 93 67
77 94 2
77 95 75
77 96 64
77 97 86
77 98 63
77 99 39
77 100 33
78 0 36
78 1 18
78 2 13
78 3 73
78 4 77
78 5 94
78 6 73
78 7 70
78 8 86
78 9 69
78 10 95
78 11 64
78 12 10
78 13 94
78 14 19
78 15 14
78 16 66
78 17 58
78 18 98
78 19 88
78 20 39
78 21 36
78 22 67
78 23 13
78 24 86
78 25 70
78 26 19
78 27 62
78 28 83
78 29 12
78 30 82
78 31 97
78 32 79
78 33 19
78 34 30
78 35 6
78 36 68
78 37 68
78 38 17
78 39 78
78 40 65
78 41 3
78 42 74
78 43 36
78 44 3
78 45 89
78 46 65
78 47 85
78 48 89
78 49 57
78 50 8
78 51 90
78 52 63
78 53 79
78 54 46
78 55 85
78 56 15
78 57 56
78 58 72
78 59 20
78 60 86
78 61 17
78 62 20
78 63 6
78 64 51
78 65 14
78 66 43
78 67 67
78 68 66
78 69 5
78 70 30
78 71 71
78 72 36
78 73 92
78 74 55
78 75 7
78 76 79
78 77 1
78 79 85
78 80 85
78 81 87
78 82 55
78 83 26
78 84 87
78 85 94
78 86 7
78 87 95
78 88 62
78 89 16
78 90 14
78 91 54
78 92 34
78 93 60
78 94 25
78 95 42
78 96 74
78 97 58
78 98 31
78 99 17
78 100 63
79 0 9
79 1 5
79 2 10
79 3 7
79 4 32
79 5 75
79 6 65
79 7 41
79 8 46
79 9 64
79 10 28
79 11 1
79 12 68
79 13 96
79 14 78
79 15 44
79 16 60
79 17 61
79 18 45
79 19 90
79 20 1
79 21 50
79 22 60
79 23 99
79 24 29
79 25 2
79 26 65
79 27 21
79 28 72
79 29 47
79 30 62
79 31 27
79 32 76
79 33 93
79 34 27
79 35 69
79 36 20
79 37 80
79 38 19
79 39 70
79 40 65
79 41 90
79 42 12
79 43 73
79 44 76
79 45 94
79 46 56
79 47 63
79 48 53
79 49 71
79 50 8
79 51 68
79 52 81
79 53 76
79 54 27
79 55 96
79 56 90
79 57 73
79 58 18
79 59 61
79 60 64
79 61 49
79 62 45
79 63 36
79 64 22
79 65 28
79 66 51
79 67 51
79 68 69
79 69 83
79 70 20
79 71 44
79 72 96
79 73 89
79 74 92
79 75 57
79 76 35
79 77 14
79 78 54
79 80 81
79 81 23
79 82 36
79 83 69
79 84 97
79 85 75
79 86 34
79 87 72
79 88 71
79 89 2
79 90 79
79 91 8
79 92 24
79 93 4
79 94 99
79 95 35
79 96 83
79 97 70
79 98 57
79 99 87
79 100 58
80 0 77
80 1 66
80 2 92
80 3 72
80 4 73
80 5 87
80 6 50
80 7 82
80 8 8
80 9 77
80 10 97
80 11 47
80 12 90
80 13 49
80 14 34
80 15 20
80 16 74
80 17 67
80 18 49
80 19 91
80 20 43
80 21 94
80 22 17
80 23 28
80 24 42
80 25 72
80 26 7
80 27 15
80 28 38
80 29 2
80 30 84
80 31 79
80 32 12
80 33 83
80 34 52
80 35 44
80 36 74
80 37 89
80 38 89
80 39 31
80 40 93
80 41 66
80 42 30
80 43 4
80 44 96
80 45 82
80 46 71
80 47 73
80 48 71
80 49 7
80 50 6
80 51 47
80 52 79
80 53 19
80 54 97
80 55 69
80 56 49
80 57 41
80 58 74
80 59 70
80 60 40
80 61 86
80 62 93
80 63 70
80 64 43
80 65 87
80 66 83
80 67 73
80 68 17
80 69 44
80 70 64
80 71 41
80 72 23
80 73 61
80 74 75
80 75 5
80 76 24
80 77 93
80 78 21
80 79 12
80 81 88
80 82 85
80 83 71
80 84 55
80 85 78
80 86 12
80 87 43
80 88 36
80 89 36
80 90 44
80 91 34
80 92 44
80 93 26
80 94 97
80 95 99
80 96 3
80 97 47
80 98 14
80 99 96
80 100 47
81 0 1
81 1 45
81 2 42
81 3 67
81 4 23
81 5 41
81 6 2
81 7 32
81 8 4
81 9 74
81 10 11
81 11 33
81 12 10
81 13 27
81 14 25
81 15 99
81 16 65
81 17 48
81 18 31
81 19 86
81 20 49
81 21 81
81 22 46
81 23 28
81 24 55
81 25 43
81 26 10
81 27 62
81 28 54
81 29 75
81 30 44
81 31 68
81 32 45
81 33 3
81 34 84
81 35 16
81 36 37
81 37 87
81 38 22
81 39 34
81 40 63
81 41 75
81 42 87
81 43 40
81 44 8
81 45 77
81 46 71
81 47 53
81 48 57
81 49 17
81 50 14
81 51 27
81 52 79
81 53 59
81 54 17
81 55 95
81 56 42
81 57 22
81 58 94
81 59 4
81 60 61
81 61 37
81 62 57
81 63 10
81 64 91
81 65 36
81 66 20
81 67 5
81 68 63
81 69 30
81 70 28
81 71 55
81 72 49
81 73 75
81 74 44
81 75 63
81 76 60
81 77 24
81 78 29
81 79 58
81 80 52
81 82 45
81 83 4
81 84 69
81 85 32
81 86 48
81 87 96
81 88 25
81 89 11
81 90 96
81 91 10
81 92 6
81 93 42
81 94 79
81 95 94
81 96 39
81 97 50
81 98 95
81 99 22
81 100 79
82 0 16
82 1 33
82 2 34
82 3 68
82 4 23
82 5 51
82 6 2
82 7 55
82 8 2
82 9 97
82 10 86
82 11 22
82 12 95
82 13 58
82 14 71
82 15 73
82 16 19
82 17 64
82 18 21
82 19 59
82 20 80
82 21 4
82 22 64
82 23 29
82 24 79
82 25 18
82 26 65
82 27 61
82 28 70
82 29 66
82 30 67
82 31 54
82 32 10
82 33 77
82 34 73
82 35 91
82 36 13
82 37 82
82 38 59
82 39 27
82 40 54
82 41 12
82 42 94
82 43 3
82 44 88
82 45 7
82 46 59
82 47 49
82 48 59
82 49 20
82 50 78
82 51 47
82 52 96
82 53 40
82 54 82
82 55 79
82 56 58
82 57 37
82 58 93
82 59 94
82 60 97
82 61 23
82 62 24
82 63 38
82 64 62
82 65 3
82 66 63
82 67 90
82 68 98
82 69 77
82 70 41
82 71 23
82 72 11
82 73 70
82 74 25
82 75 4
82 76 25
82 77 75
82 78 8
82 79 50
82 80 5
82 81 50
82 83 54
82 84 80
82 85 12
82 86 3
82 87 40
82 88 17
82 89 36
82 90 44
82 91 49
82 92 37
82 93 96
82 94 39
82 95 84
82 96 86
82 97 72
82 98 85
82 99 69
82 100 83
83 0 11
83 1 42
83 2 88
83 3 86
83 4 40
83 5 29
83 6 92
83 7 48
83 8 92
83 9 46
83 10 97
83 11 60
83 12 56
83 13 7
83 14 65
83 15 12
83 16 59
83 17 49
83 18 55
83 19 42
83 20 3
83 21 31
83 22 76
83 23 64
83 24 96
83 25 61
83 26 53
83 27 28
83 28 87
83 29 41
83 30 42
83 31 37
83 32 84
83 33 26
83 34 50
83 35 70
83 36 4
83 37 55
83 38 15
83 39 78
83 40 40
83 41 97
83 42 99
83 43 69
83 44 97
83 45 61
83 46 33
83 47 57
83 48 72
83 49 86
83 50 30
83 51 18
83 52 3
83 53 71
83 54 51
83 55 81
83 56 42
83 57 70
83 58 42
83 59 71
83 60 57
83 61 21
83 62 67
83 63 56
83 64 23
83 65 46
83 66 45
83 67 28
83 68 68
83 69 72
83 70 31
83 71 79
83 72 33
83 73 39
83 74 48
83 75 22
83 76 57
83 77 74
83 78 13
83 79 21
83 80 8
83 81 23
83 82 85
83 84 42
83 85 50
83 86 36
83 87 99
83 88 60
83 89 67
83 90 21
83 91 34
83 92 66
83 93 28
83 94 59
83 95 10
83 96 5
83 97 15
83 98 26
83 99 87
83 100 59
84 0 54
84 1 66
84 2 51
84 3 5
84 4 15
84 5 4
84 6 46
84 7 45
84 8 71
84 9 72
84 10 98
84 11 13
84 12 83
84 13 18
84 14 7
84 15 45
84 16 32
84 17 59
84 18 33
84 19 90
84 20 48
84 21 65
84 22 42
84 23 59
84 24 17
84 25 31
84 26 46
84 27 85
84 28 79
84 29 90
84 30 2
84 31 64
84 32 37
84 33 80
84 34 67
84 35 55
84 36 19
84 37 16
84 38 25
84 39 82
84 40 94
84 41 51
84 42 9
84 43 51
84 44 21
84 45 86
84 46 93
84 47 37
84 48 84
84 49 36
84 50 11
84 51 55
84 52 51
84 53 96
84 54 42
84 55 38
84 56 89
84 57 24
84 58 37
84 59 84
84 60 75
84 61 98
84 62 81
84 63 72
84 64 38
84 65 15
84 66 36
84 67 95
84 68 56
84 69 67
84 70 62
84 71 61
84 72 27
84 73 51
84 74 63
84 75 28
84 76 95
84 77 29
84 78 4
84 79 6
84 80 79
84 81 97
84 82 18
84 83 77
84 85 82
84 86 3
84 87 9
84 88 23
84 89 93
84 90 90
84 91 6
84 92 99
84 93 47
84 94 26
84 95 18
84 96 3
84 97 17
84 98 45
84 99 94
84 100 13
85 0 85
85 1 8
85 2 86
85 3 2
85 4 83
85 5 27
85 6 67
85 7 84
85 8 32
85 9 19
85 10 5
85 11 31
85 12 81
85 13 41
85 14 58
85 15 29
85 16 42
85 17 24
85 18 84
85 19 45
85 20 83
85 21 37
85 22 27
85 23 94
85 24 38
85 25 75
85 26 97
85 27 44
85 28 98
85 29 85
85 30 95
85 31 25
85 32 87
85 33 82
85 34 91
85 35 1
85 36 91
85 37 62
85 38 80
85 39 17
85 40 10
85 41 87
85 42 11
85 43 62
85 44 2
85 45 54
85 46 59
85 47 19
85 48 72
85 49 22
85 50 15
85 51 99
85 52 44
85 53 86
85 54 70
85 55 83
85 56 59
85 57 16
85 58 93
85 59 87
85 60 44
85 61 89
85 62 78
85 63 22
85 64 98
85 65 90
85 66 69
85 67 69
85 68 86
85 69 51
85 70 86
85 71 40
85 72 13
85 73 33
85 74 71
85 75 22
85 76 97
85 77 99
85 78 4
85 79 93
85 80 56
85 81 24
85 82 19
85 83 70
85 84 42
85 86 49
85 87 29
85 88 95
85 89 35
85 90 62
85 91 1
85 92 48
85 93 9
85 94 67
85 95 74
85 96 26
85 97 19
85 98 80
85 99 33
85 100 57
86 0 51
86 1 71
86 2 39
86 3 2
86 4 16
86 5 98
86 6 46
86 7 82
86 8 45
86 9 49
86 10 60
86 11 16
86 12 90
86 13 22
86 14 3
86 15 4
86 16 74
86 17 62
86 18 58
86 19 4
86 20 98
86 21 33
86 22 58
86 23 58
86 24 1
86 25 80
86 26 97
86 27 72
86 28 74
86 29 55
86 30 18
86 31 2
86 32 76
86 33 57
86 34 84
86 35 68
86 36 69
86 37 40
86 38 75
86 39 45
86 40 72
86 41 87
86 42 91
86 43 76
86 44 68
86 45 59
86 46 41
86 47 84
86 48 80
86 49 48
86 50 16
86 51 38
86 52 77
86 53 24
86 54 57
86 55 99
86 56 47
86 57 94
86 58 54
86 59 35
86 60 56
86 61 29
86 62 30
86 63 51
86 64 6
86 65 87
86 66 21
86 67 62
86 68 5
86 69 11
86 70 8
86 71 68
86 72 99
86 73 44
86 74 74
86 75 90
86 76 24
86 77 61
86 78 33
86 79 88
86 80 82
86 81 82
86 82 68
86 83 26
86 84 31
86 85 57
86 87 93
86 88 74
86 89 48
86 90 56
86 91 55
86 92 5
86 93 1
86 94 30
86 95 14
86 96 92
86 97 6
86 98 49
86 99 69
86 100 11
87 0 77
87 1 23
87 2 26
87 3 62
87 4 27
87 5 10
87 6 31
87 7 16
87 8 2
87 9 23
87 10 88
87 11 45
87 12 92
87 13 80
87 14 62
87 15 59
87 16 22
87 17 90
87 18 2
87 19 51
87 20 4
87 21 54
87 22 98
87 23 45
87 24 67
87 25 98
87 26 9
87 27 9
87 28 59
87 29 83
87 30 35
87 31 93
87 32 68
87 33 43
87 34 76
87 35 14
87 36 39
87 37 19
87 38 36
87 39 65
87 40 82
87 41 96
87 42 15
87 43 40
87 44 33
87 45 19
87 46 12
87 47 51
87 48 93
87 49 43
87 50 75
87 51 26
87 52 14
87 53 62
87 54 96
87 55 64
87 56 40
87 57 48
87 58 11
87 59 20
87 60 63
87 61 97
87 62 83
87 63 23
87 64 43
87 65 81
87 66 33
87 67 77
87 68 65
87 69 76
87 70 77
87 71 33
87 72 35
87 73 14
87 74 81
87 75 60
87 76 79
87 77 56
87 78 47
87 79 28
87 80 92
87 81 36
87 82 33
87 83 52
87 84 59
87 85 58
87 86 46
87 88 39
87 89 90
87 90 39
87 91 1
87 92 63
87 93 11
87 94 22
87 95 29
87 96 34
87 97 36
87 98 96
87 99 57
87 100 63
88 0 62
88 1 99
88 2 67
88 3 29
88 4 59
88 5 4
88 6 11
88 7 75
88 8 65
88 9 15
88 10 45
88 11 11
88 12 72
88 13 46
88 14 33
88 15 75
88 16 76
88 17 82
88 18 43
88 19 61
88 20 8
88 21 99
88 22 89
88 23 7
88 24 54
88 25 50
88 26 70
88 27 93
88 28 28
88 29 92
88 30 3
88 31 7
88 32 84
88 33 79
88 34 69
88 35 72
88 36 60
88 37 11
88 38 45
88 39 72
88 40 73
88 41 49
88 42 48
88 43 18
88 44 96
88 45 9
88 46 94
88 47 95
88 48 67
88 49 39
88 50 89
88 51 83
88 52 79
88 53 18
88 54 56
88 55 42
88 56 64
88 57 5
88 58 68
88 59 47
88 60 75
88 61 52
88 62 37
88 63 28
88 64 41
88 65 83
88 66 60
88 67 17
88 68 21
88 69 82
88 70 90
88 71 34
88 72 72
88 73 46
88 74 75
88 75 27
88 76 18
88 77 90
88 78 51
88 79 82
88 80 7
88 81 54
88 82 96
88 83 66
88 84 11
88 85 32
88 86 76
88 87 23
88 89 43
88 90 74
88 91 71
88 92 13
88 93 68
88 94 36
88 95 38
88 96 39
88 97 82
88 98 5
88 99 61
88 100 21
89 0 18
89 1 55
89 2 80
89 3 37
89 4 72
89 5 34
89 6 84
89 7 29
89 8 90
89 9 73
89 10 52
89 11 65
89 12 82
89 13 56
89 14 78
89 15 16
89 16 47
89 17 32
89 18 51
89 19 75
89 20 78
89 21 36
89 22 74
89 23 66
89 24 98
89 25 45
89 26 4
89 27 58
89 28 27
89 29 94
89 30 89
89 31 87
89 32 78
89 33 26
89 34 99
89 35 66
89 36 41
89 37 82
89 38 65
89 39 6
89 40 94
89 41 24
89 42 49
89 43 78
89 44 99
89 45 3
89 46 88
89 47 82
89 48 77
89 49 97
89 50 49
89 51 57
89 52 82
89 53 27
89 54 36
89 55 56
89 56 1
89 57 81
89 58 26
89 59 61
89 60 17
89 61 87
89 62 87
89 63 77
89 64 98
89 65 4
89 66 86
89 67 30
89 68 54
89 69 29
89 70 92
89 71 48
89 72 75
89 73 25
89 74 78
89 75 20
89 76 35
89 77 16
89 78 2
89 79 28
89 80 79
89 81 29
89 82 61
89 83 84
89 84 92
89 85 40
89 86 48
89 87 84
89 88 91
89 90 8
89 91 93
89 92 11
89 93 27
89 94 15
89 95 88
89 96 65
89 97 2
89 98 6
89 99 79
89 100 31
90 0 85
90 1 70
90 2 96
90 3 53
90 4 48
90 5 83
90 6 69
90 7 52
90 8 66
90 9 79
90 10 3
90 11 40
90 12 80
90 13 82
90 14 82
90 15 6
90 16 61
90 17 10
90 18 68
90 19 94
90 20 77
90 21 8
90 22 85
90 23 29
90 24 45
90 25 88
90 26 61
90 27 98
90 28 93
90 29 71
90 30 73
90 31 55
90 32 6
90 33 21
90 34 87
90 35 37
90 36 99
90 37 28
90 38 28
90 39 75
90 40 40
90 41 69
90 42 82
90 43 52
90 44 70
90 45 75
90 46 94
90 47 39
90 48 77
90 49 42
90 50 46
90 51 34
90 52 52
90 53 49
90 54 9
90 55 79
90 56 25
90 57 3
90 58 67
90 59 41
90 60 7
90 61 63
90 62 36
90 63 98
90 64 51
90 65 92
90 66 5
90 67 74
90 68 73
90 69 12
90 70 83
90 71 14
90 72 2
90 73 20
90 74 42
90 75 80
90 76 69
90 77 14
90 78 33
90 79 7
90 80 14
90 81 7
90 82 13
90 83 58
90 84 47
90 85 46
90 86 7
90 87 86
90 88 6
90 89 56
90 91 11
90 92 82
90 93 40
90 94 34
90 95 31
90 96 60
90 97 84
90 98 52
90 99 98
90 100 15
91 0 50
91 1 78
91 2 78
91 3 78
91 4 13
91 5 37
91 6 42
91 7 63
91 8 3
91 9 50
91 10 57
91 11 87
91 12 11
91 13 9
91 14 8
91 15 52
91 16 84
91 17 61
91 18 66
91 19 9
91 20 12
91 21 63
91 22 68
91 23 3
91 24 17
91 25 11
91 26 11
91 27 95
91 28 51
91 29 33
91 30 99
91 31 25
91 32 76
91 33 61
91 34 60
91 35 59
91 36 79
91 37 43
91 38 90
91 39 1
91 40 20
91 41 54
91 42 98
91 43 30
91 44 60
91 45 99
91 46 35
91 47 84
91 48 14
91 49 90
91 50 97
91 51 12
91 52 86
91 53 2
91 54 68
91 55 58
91 56 3
91 57 2
91 58 62
91 59 64
91 60 95
91 61 50
91 62 3
91 63 27
91 64 77
91 65 27
91 66 55
91 67 73
91 68 88
91 69 89
91 70 38
91 71 92
91 72 54
91 73 71
91 74 72
91 75 32
91 76 54
91 77 91
91 78 54
91 79 27
91 80 80
91 81 13
91 82 3
91 83 57
91 84 38
91 85 45
91 86 70
91 87 83
91 88 14
91 89 12
91 90 6
91 92 94
91 93 54
91 94 58
91 95 79
91 96 27
91 97 42
91 98 85
91 99 90
91 100 97
92 0 32
92 1 50
92 2 12
92 3 88
92 4 61
92 5 32
92 6 75
92 7 3
92 8 67
92 9 76
92 10 44
92 11 53
92 12 94
92 13 35
92 14 13
92 15 19
92 16 11
92 17 36
92 18 92
92 19 6
92 20 86
92 21 21
92 22 25
92 23 94
92 24 81
92 25 9
92 26 69
92 27 73
92 28 30
92 29 44
92 30 95
92 31 91
92 32 2
92 33 87
92 34 13
92 35 75
92 36 57
92 37 88
92 38 69
92 39 30
92 40 41
92 41 49
92 42 73
92 43 93
92 44 29
92 45 18
92 46 15
92 47 8
92 48 98
92 49 75
92 50 32
92 51 30
92 52 3
92 53 27
92 54 86
92 55 25
92 56 26
92 57 82
92 58 37
92 59 40
92 60 2
92 61 59
92 62 84
92 63 40
92 64 84
92 65 35
92 66 89
92 67 1
92 68 85
92 69 80
92 70 15
92 71 29
92 72 74
92 73 72
92 74 79
92 75 69
92 76 64
92 77 65
92 78 68
92 79 23
92 80 74
92 81 3
92 82 66
92 83 97
92 84 32
92 85 22
92 86 13
92 87 93
92 88 38
92 89 8
92 90 17
92 91 60
92 93 31
92 94 61
92 95 99
92 96 62
92 97 68
92 98 69
92 99 85
92 100 45
93 0 87
93 1 59
93 2 79
93 3 9
93 4 59
93 5 39
93 6 86
93 7 68
93 8 55
93 9 60
93 10 92
93 11 41
93 12 40
93 13 90
93 14 92
93 15 89
93 16 42
93 17 47
93 18 88
93 19 56
93 20 51
93 21 38
93 22 56
93 23 79
93 24 66
93 25 69
93 26 83
93 27 41
93 28 78
93 29 77
93 30 17
93 31 69
93 32 48
93 33 25
93 34 18
93 35 10
93 36 67
93 37 15
93 38 60
93 39 95
93 40 31
93 41 27
93 42 25
93 43 88
93 44 90
93 45 55
93 46 86
93 47 50
93 48 44
93 49 41
93 50 58
93 51 66
93 52 81
93 53 27
93 54 38
93 55 90
93 56 64
93 57 38
93 58 87
93 59 89
93 60 87
93 61 57
93 62 40
93 63 76
93 64 92
93 65 78
93 66 2
93 67 51
93 68 90
93 69 67
93 70 27
93 71 35
93 72 6
93 73 28
93 74 52
93 75 88
93 76 3
93 77 17
93 78 46
93 79 33
93 80 55
93 81 82
93 82 18
93 83 96
93 84 22
93 85 94
93 86 24
93 87 79
93 88 8
93 89 52
93 90 54
93 91 10
93 92 79
93 94 71
93 95 98
93 96 65
93 97 89
93 98 66
93 99 95
93 100 20
94 0 33
94 1 10
94 2 3
94 3 90
94 4 54
94 5 80
94 6 66
94 7 33
94 8 71
94 9 44
94 10 65
94 11 66
94 12 75
94 13 12
94 14 53
94 15 58
94 16 1
94 17 64
94 18 21
94 19 52
94 20 32
94 21 4
94 22 94
94 23 54
94 24 1
94 25 71
94 26 19
94 27 18
94 28 69
94 29 5
94 30 87
94 31 64
94 32 11
94 33 98
94 34 45
94 35 39
94 36 29
94 37 76
94 38 12
94 39 7
94 40 79
94 41 40
94 42 56
94 43 73
94 44 52
94 45 77
94 46 80
94 47 75
94 48 61
94 49 76
94 50 67
94 51 94
94 52 66
94 53 44
94 54 43
94 55 50
94 56 38
94 57 16
94 58 39
94 59 42
94 60 23
94 61 31
94 62 79
94 63 36
94 64 39
94 65 31
94 66 11
94 67 70
94 68 41
94 69 63
94 70 21
94 71 33
94 72 65
94 73 36
94 74 22
94 75 14
94 76 62
94 77 89
94 78 29
94 79 13
94 80 90
94 81 8
94 82 60
94 83 73
94 84 56
94 85 70
94 86 91
94 87 7
94 88 13
94 89 84
94 90 26
94 91 34
94 92 44
94 93 95
94 95 20
94 96 47
94 97 13
94 98 80
94 99 5
94 100 32
95 0 77
95 1 51
95 2 25
95 3 70
95 4 3
95 5 19
95 6 11
95 7 37
95 8 1
95 9 40
95 10 98
95 11 54
95 12 36
95 13 34
95 14 63
95 15 65
95 16 79
95 17 95
95 18 36
95 19 48
95 20 73
95 21 99
95 22 47
95 23 68
95 24 2
95 25 11
95 26 54
95 27 50
95 28 34
95 29 18
95 30 50
95 31 3
95 32 22
95 33 41
95 34 96
95 35 42
95 36 58
95 37 34
95 38 14
95 39 83
95 40 7
95 41 86
95 42 46
95 43 67
95 44 5
95 45 90
95 46 72
95 47 34
95 48 65
95 49 33
95 50 94
95 51 14
95 52 26
95 53 63
95 54 2
95 55 79
95 56 81
95 57 9
95 58 24
95 59 18
95 60 44
95 61 59
95 62 54
95 63 5
95 64 34
95 65 55
95 66 92
95 67 48
95 68 15
95 69 94
95 70 5
95 71 2
95 72 74
95 73 78
95 74 67
95 75 5
95 76 8
95 77 72
95 78 22
95 79 66
95 80 85
95 81 47
95 82 1
95 83 29
95 84 75
95 85 65
95 86 64
95 87 91
95 88 36
95 89 1
95 90 41
95 91 85
95 92 27
95 93 28
95 94 88
95 96 33
95 97 97
95 98 78
95 99 72
95 100 32
96 0 11
96 1 19
96 2 67
96 3 95
96 4 10
96 5 85
96 6 16
96 7 73
96 8 39
96 9 76
96 10 98
96 11 96
96 12 13
96 13 41
96 14 15
96 15 27
96 16 6
96 17 70
96 18 49
96 19 98
96 20 11
96 21 52
96 22 58
96 23 21
96 24 48
96 25 95
96 26 76
96 27 72
96 28 1
96 29 98
96 30 47
96 31 26
96 32 67
96 33 43
96 34 56
96 35 33
96 36 2
96 37 38
96 38 88
96 39 19
96 40 15
96 41 77
96 42 41
96 43 5
96 44 43
96 45 55
96 46 77
96 47 93
96 48 47
96 49 70
96 50 39
96 51 39
96 52 81
96 53 98
96 54 33
96 55 83
96 56 53
96 57 88
96 58 86
96 59 60
96 60 1
96 61 41
96 62 35
96 63 79
96 64 93
96 65 8
96 66 14
96 67 76
96 68 12
96 69 8
96 70 37
96 71 98
96 72 51
96 73 88
96 74 67
96 75 62
96 76 45
96 77 5
96 78 39
96 79 13
96 80 68
96 81 18
96 82 30
96 83 50
96 84 32
96 85 80
96 86 44
96 87 56
96 88 71
96 89 24
96 90 48
96 91 42
96 92 82
96 93 42
96 94 50
96 95 51
96 97 76
96 98 36
96 99 31
96 100 42
97 0 67
97 1 31
97 2 56
97 3 44
97 4 74
97 5 71
97 6 88
97 7 2
97 8 80
97 9 76
97 10 91
97 11 15
97 12 16
97 13 66
97 14 68
97 15 47
97 16 72
97 17 15
97 18 25
97 19 90
97 20 94
97 21 70
97 22 48
97 23 85
97 24 77
97 25 83
97 26 31
97 27 42
97 28 81
97 29 68
97 30 54
97 31 86
97 32 71
97 33 95
97 34 20
97 35 31
97 36 15
97 37 60
97 38 97
97 39 11
97 40 78
97 41 12
97 42 92
97 43 17
97 44 19
97 45 16
97 46 78
97 47 33
97 48 82
97 49 56
97 50 17
97 51 97
97 52 15
97 53 68
97 54 79
97 55 7
97 56 6
97 57 2
97 58 64
97 59 78
97 60 15
97 61 58
97 62 32
97 63 80
97 64 64
97 65 63
97 66 70
97 67 58
97 68 92
97 69 17
97 70 57
97 71 6
97 72 50
97 73 81
97 74 80
97 75 99
97 76 84
97 77 99
97 78 71
97 79 94
97 80 85
97 81 86
97 82 33
97 83 14
97 84 99
97 85 18
97 86 79
97 87 79
97 88 80
97 89 5
97 90 20
97 91 56
97 92 53
97 93 47
97 94 12
97 95 72
97 96 41
97 98 22
97 99 20
97 100 7
98 0 99
98 1 78
98 2 58
98 3 52
98 4 9
98 5 19
98 6 99
98 7 3
98 8 95
98 9 49
98 10 15
98 11 73
98 12 70
98 13 1
98 14 71
98 15 28
98 16 36
98 17 52
98 18 9
98 19 3
98 20 48
98 21 6
98 22 47
98 23 58
98 24 37
98 25 10
98 26 73
98 27 34
98 28 65
98 29 30
98 30 8
98 31 25
98 32 9
98 33 14
98 34 72
98 35 18
98 36 86
98 37 28
98 38 42
98 39 19
98 40 78
98 41 98
98 42 95
98 43 45
98 44 76
98 45 65
98 46 67
98 47 15
98 48 39
98 49 58
98 50 14
98 51 7
98 52 76
98 53 88
98 54 23
98 55 39
98 56 34
98 57 99
98 58 49
98 59 69
98 60 27
98 61 49
98 62 96
98 63 45
98 64 91
98 65 85
98 66 43
98 67 90
98 68 86
98 69 34
98 70 62
98 71 14
98 72 69
98 73 33
98 74 56
98 75 97
98 76 44
98 77 60
98 78 36
98 79 84
98 80 32
98 81 39
98 82 52
98 83 87
98 84 50
98 85 81
98 86 27
98 87 62
98 88 1
98 89 2
98 90 5
98 91 9
98 92 81
98 93 15
98 94 84
98 95 4
98 96 7
98 97 66
98 99 4
98 100 59
99 0 68
99 1 73
99 2 34
99 3 90
99 4 75
99 5 10
99 6 92
99 7 58
99 8 52
99 9 44
99 10 21
99 11 3
99 12 44
99 13 80
99 14 16
99 15 21
99 16 20
99 17 68
99 18 24
99 19 81
99 20 31
99 21 31
99 22 98
99 23 55
99 24 43
99 25 46
99 26 21
99 27 47
99 28 90
99 29 91
99 30 60
99 31 71
99 32 47
99 33 19
99 34 51
99 35 83
99 36 61
99 37 77
99 38 68
99 39 74
99 40 8
99 41 19
99 42 23
99 43 20
99 44 7
99 45 85
99 46 36
99 47 26
99 48 10
99 49 80
99 50 12
99 51 93
99 52 80
99 53 49
99 54 67
99 55 82
99 56 22
99 57 25
99 58 74
99 59 41
99 60 4
99 61 35
99 62 4
99 63 63
99 64 95
99 65 85
99 66 28
99 67 66
99 68 44
99 69 8
99 70 65
99 71 76
99 72 7
99 73 27
99 74 26
99 75 86
99 76 43
99 77 75
99 78 44
99 79 90
99 80 69
99 81 27
99 82 28
99 83 36
99 84 96
99 85 66
99 86 42
99 87 13
99 88 26
99 89 63
99 90 13
99 91 78
99 92 67
99 93 29
99 94 84
99 95 14
99 96 53
99 97 59
99 98 59
99 100 75
100 0 51
100 1 42
100 2 55
100 3 98
100 4 5
100 5 84
100 6 67
100 7 65
100 8 40
100 9 40
100 10 12
100 11 49
100 12 84
100 13 5
100 14 56
100 15 44
100 16 16
100 17 22
100 18 65
100 19 19
100 20 8
100 21 36
100 22 68
100 23 21
100 24 16
100 25 93
100 26 84
100 27 63
100 28 67
100 29 2
100 30 17
100 31 68
100 32 53
100 33 4
100 34 85
100 35 87
100 36 41
100 37 60
100 38 57
100 39 32
100 40 83
100 41 90
100 42 26
100 43 14
100 44 6
100 45 3
100 46 93
100 47 77
100 48 60
100 49 52
100 50 64
100 51 78
100 52 38
100 53 9
100 54 84
100 55 10
100 56 11
100 57 76
100 58 63
100 59 90
100 60 4
100 61 32
100 62 17
100 63 55
100 64 51
100 65 14
100 66 98
100 67 68
100 68 75
100 69 9
100 70 67
100 71 73
100 72 66
100 73 43
100 74 75
100 75 80
100 76 81
100 77 91
100 78 70
100 79 86
100 80 89
100 81 31
100 82 21
100 83 93
100 84 86
100 85 53
100 86 51
100 87 23
100 88 37
100 89 46
100 90 54
100 91 17
100 92 95
100 93 65
100 94 86
100 95 56
100 96 55
100 97 91
100 98 60
100 99 51