100 2
71
32
98
12
90
42
1
46
5
9
37
2
47
66
94
97
29
93
99
61
16
3
45
27
61
76
11
26
37
7
16
69
27
52
21
53
56
72
67
99
45
1
52
21
45
13
64
93
58
24
59
94
91
67
33
34
42
46
91
58
72
7
39
23
88
38
99
72
57
42
87
30
25
44
55
41
63
42
15
24
2
2
60
71
88
28
83
76
8
35
76
13
39
7
1
95
42
43
31
60
0 1 19
0 2 56
0 3 75
0 4 67
0 5 26
0 6 2
0 7 65
0 8 36
0 9 55
0 10 25
0 11 99
0 12 78
0 13 43
0 14 5
0 15 51
0 16 19
0 17 28
0 18 13
0 19 8
0 20 66
0 21 32
0 22 69
0 23 32
0 24 12
0 25 75
0 26 19
0 27 74
0 28 32
0 29 45
0 30 95
0 31 44
0 32 35
0 33 46
0 34 97
0 35 62
0 36 17
0 37 28
0 38 1
0 39 11
0 40 69
0 41 96
0 42 12
0 43 97
0 44 58
0 45 45
0 46 31
0 47 91
0 48 53
0 49 30
0 50 69
0 51 3
0 52 41
0 53 60
0 54 81
0 55 92
0 56 26
0 57 5
0 58 74
0 59 90
0 60 4
0 61 55
0 62 9
0 63 95
0 64 19
0 65 8
0 66 29
0 67 95
0 68 83
0 69 43
0 70 49
0 71 53
0 72 52
0 73 70
0 74 80
0 75 9
0 76 98
0 77 26
0 78 91
0 79 70
0 80 97
0 81 64
0 82 6
0 83 31
0 84 20
0 85 92
0 86 57
0 87 58
0 88 11
0 89 29
0 90 65
0 91 67
0 92 71
0 93 60
0 94 81
0 95 38
0 96 52
0 97 85
0 98 64
0 99 27
0 100 54
1 0 6
1 2 17
1 3 23
1 4 40
1 5 56
1 6 29
1 7 92
1 8 95
1 9 83
1 10 87
1 11 12
1 12 5
1 13 8
1 14 58
1 15 84
1 16 63
1 17 30
1 18 65
1 19 72
1 20 47
1 21 59
1 22 19
1 23 33
1 24 94
1 25 97
1 26 53
1 27 95
1 28 17
1 29 34
1 30 4
1 31 23
1 32 31
1 33 26
1 34 1
1 35 50
1 36 54
1 37 63
1 38 52
1 39 86
1 40 63
1 41 89
1 42 71
1 43 68
1 44 67
1 45 45
1 46 17
1 47 56
1 48 23
1 49 80
1 50 47
1 51 39
1 52 50
1 53 30
1 54 23
1 55 92
1 56 68
1 57 31
1 58 51
1 59 94
1 60 44
1 61 83
1 62 53
1 63 63
1 64 63
1 65 5
1 66 92
1 67 20
1 68 3
1 69 52
1 70 47
1 71 34
1 72 49
1 73 26
1 74 92
1 75 7
1 76 26
1 77 30
1 78 17
1 79 90
1 80 40
1 81 33
1 82 44
1 83 45
1 84 61
1 85 91
1 86 93
1 87 12
1 88 3
1 89 53
1 90 94
1 91 20
1 92 88
1 93 55
1 94 77
1 95 53
1 96 13
1 97 62
1 98 69
1 99 54
1 100 34
2 0 47
2 1 82
2 3 49
2 4 26
2 5 75
2 6 55
2 7 76
2 8 20
2 9 95
2 10 64
2 11 51
2 12 65
2 13 63
2 14 52
2 15 50
2 16 99
2 17 55
2 18 21
2 19 73
2 20 26
2 21 25
2 22 18
2 23 37
2 24 82
2 25 18
2 26 10
2 27 84
2 28 66
2 29 33
2 30 54
2 31 16
2 32 17
2 33 13
2 34 22
2 35 87
2 36 75
2 37 4
2 38 9
2 39 20
2 40 63
2 41 29
2 42 8
2 43 12
2 44 87
2 45 5
2 46 5
2 47 97
2 48 5
2 49 82
2 50 59
2 51 51
2 52 75
2 53 6
2 54 91
2 55 24
2 56 24
2 57 37
2 58 13
2 59 17
2 60 4
2 61 80
2 62 46
2 63 61
2 64 48
2 65 16
2 66 77
2 67 72
2 68 12
2 69 31
2 70 8
2 71 16
2 72 22
2 73 92
2 74 7
2 75 54
2 76 28
2 77 2
2 78 9
2 79 57
2 80 51
2 81 32
2 82 79
2 83 8
2 84 60
2 85 19
2 86 34
2 87 84
2 88 40
2 89 29
2 90 35
2 91 86
2 92 93
2 93 53
2 94 24
2 95 51
2 96 16
2 97 65
2 98 93
2 99 97
2 100 5
3 0 57
3 1 43
3 2 37
3 4 2
3 5 3
3 6 89
3 7 78
3 8 59
3 9 83
3 10 73
3 11 24
3 12 1
3 13 71
3 14 30
3 15 18
3 16 71
3 17 86
3 18 29
3 19 14
3 20 3
3 21 34
3 22 31
3 23 25
3 24 68
3 25 25
3 26 97
3 27 46
3 28 28
3 29 38
3 30 97
3 31 71
3 32 68
3 33 79
3 34 10
3 35 44
3 36 40
3 37 37
3 38 87
3 39 32
3 40 90
3 41 74
3 42 98
3 43 89
3 44 41
3 45 8
3 46 82
3 47 92
3 48 58
3 49 89
3 50 87
3 51 23
3 52 82
3 53 21
3 54 73
3 55 1
3 56 72
3 57 57
3 58 56
3 59 37
3 60 17
3 61 1
3 62 90
3 63 12
3 64 33
3 65 13
3 66 40
3 67 51
3 68 57
3 69 95
3 70 2
3 71 10
3 72 60
3 73 6
3 74 75
3 75 14
3 76 32
3 77 41
3 78 66
3 79 85
3 80 33
3 81 99
3 82 30
3 83 88
3 84 40
3 85 79
3 86 24
3 87 89
3 88 44
3 89 9
3 90 55
3 91 98
3 92 49
3 93 84
3 94 36
3 95 32
3 96 59
3 97 54
3 98 60
3 99 56
3 100 94
4 0 34
4 1 85
4 2 80
4 3 69
4 5 39
4 6 64
4 7 3
4 8 30
4 9 98
4 10 84
4 11 67
4 12 56
4 13 50
4 14 63
4 15 24
4 16 24
4 17 99
4 18 16
4 19 3
4 20 22
4 21 39
4 22 36
4 23 15
4 24 29
4 25 11
4 26 31
4 27 98
4 28 71
4 29 81
4 30 71
4 31 79
4 32 28
4 33 14
4 34 57
4 35 41
4 36 44
4 37 21
4 38 44
4 39 75
4 40 56
4 41 36
4 42 55
4 43 8
4 44 79
4 45 28
4 46 24
4 47 83
4 48 66
4 49 73
4 50 55
4 51 61
4 52 47
4 53 32
4 54 55
4 55 68
4 56 44
4 57 88
4 58 22
4 59 84
4 60 73
4 61 57
4 62 12
4 63 43
4 64 66
4 65 64
4 66 54
4 67 1
4 68 15
4 69 91
4 70 32
4 71 48
4 72 72
4 73 13
4 74 68
4 75 74
4 76 35
4 77 67
4 78 4
4 79 98
4 80 21
4 81 71
4 82 2
4 83 4
4 84 75
4 85 40
4 86 35
4 87 83
4 88 36
4 89 44
4 90 32
4 91 38
4 92 45
4 93 85
4 94 53
4 95 87
4 96 58
4 97 69
4 98 20
4 99 81
4 100 45
5 0 21
5 1 15
5 2 9
5 3 18
5 4 5
5 6 99
5 7 4
5 8 79
5 9 6
5 10 7
5 11 76
5 12 22
5 13 77
5 14 17
5 15 37
5 16 96
5 17 87
5 18 26
5 19 66
5 20 17
5 21 28
5 22 51
5 23 9
5 24 40
5 25 88
5 26 6
5 27 83
5 28 32
5 29 8
5 30 17
5 31 47
5 32 42
5 33 77
5 34 85
5 35 17
5 36 58
5 37 51
5 38 88
5 39 80
5 40 56
5 41 78
5 42 59
5 43 57
5 44 23
5 45 98
5 46 20
5 47 2
5 48 61
5 49 54
5 50 25
5 51 14
5 52 48
5 53 12
5 54 12
5 55 57
5 56 78
5 57 73
5 58 5
5 59 50
5 60 35
5 61 44
5 62 66
5 63 69
5 64 6
5 65 48
5 66 61
5 67 4
5 68 16
5 69 10
5 70 16
5 71 19
5 72 52
5 73 31
5 74 24
5 75 67
5 76 32
5 77 25
5 78 99
5 79 27
5 80 10
5 81 21
5 82 5
5 83 42
5 84 31
5 85 12
5 86 27
5 87 22
5 88 6
5 89 15
5 90 68
5 91 9
5 92 6
5 93 73
5 94 62
5 95 75
5 96 28
5 97 99
5 98 74
5 99 72
5 100 89
6 0 39
6 1 47
6 2 66
6 3 22
6 4 79
6 5 17
6 7 10
6 8 50
6 9 99
6 10 77
6 11 28
6 12 62
6 13 10
6 14 45
6 15 84
6 16 87
6 17 63
6 18 67
6 19 82
6 20 12
6 21 48
6 22 20
6 23 6
6 24 24
6 25 90
6 26 28
6 27 96
6 28 32
6 29 60
6 30 38
6 31 37
6 32 32
6 33 28
6 34 80
6 35 37
6 36 74
6 37 61
6 38 41
6 39 61
6 40 6
6 41 53
6 42 49
6 43 73
6 44 28
6 45 65
6 46 14
6 47 82
6 48 41
6 49 89
6 50 36
6 51 13
6 52 97
6 53 60
6 54 6
6 55 70
6 56 83
6 57 15
6 58 92
6 59 63
6 60 80
6 61 26
6 62 74
6 63 90
6 64 52
6 65 56
6 66 65
6 67 37
6 68 6
6 69 43
6 70 84
6 71 11
6 72 43
6 73 54
6 74 23
6 75 14
6 76 26
6 77 60
6 78 40
6 79 47
6 80 88
6 81 47
6 82 88
6 83 45
6 84 73
6 85 97
6 86 41
6 87 3
6 88 14
6 89 4
6 90 45
6 91 50
6 92 11
6 93 7
6 94 73
6 95 25
6 96 22
6 97 98
6 98 77
6 99 52
6 100 41
7 0 69
7 1 12
7 2 77
7 3 28
7 4 60
7 5 71
7 6 53
7 8 84
7 9 52
7 10 10
7 11 22
7 12 73
7 13 48
7 14 67
7 15 40
7 16 12
7 17 60
7 18 66
7 19 57
7 20 94
7 21 97
7 22 11
7 23 66
7 24 45
7 25 17
7 26 39
7 27 73
7 28 93
7 29 5
7 30 14
7 31 74
7 32 54
7 33 84
7 34 55
7 35 11
7 36 35
7 37 96
7 38 7
7 39 85
7 40 21
7 41 63
7 42 19
7 43 67
7 44 53
7 45 44
7 46 15
7 47 84
7 48 36
7 49 52
7 50 56
7 51 2
7 52 40
7 53 67
7 54 13
7 55 89
7 56 62
7 57 47
7 58 44
7 59 13
7 60 57
7 61 25
7 62 74
7 63 92
7 64 75
7 65 39
7 66 63
7 67 77
7 68 22
7 69 78
7 70 70
7 71 7
7 72 28
7 73 68
7 74 66
7 75 31
7 76 90
7 77 84
7 78 96
7 79 94
7 80 6
7 81 32
7 82 27
7 83 37
7 84 57
7 85 53
7 86 64
7 87 67
7 88 64
7 89 71
7 90 38
7 91 82
7 92 34
7 93 73
7 94 59
7 95 50
7 96 66
7 97 81
7 98 63
7 99 94
7 100 85
8 0 61
8 1 12
8 2 76
8 3 11
8 4 95
8 5 80
8 6 91
8 7 47
8 9 57
8 10 83
8 11 66
8 12 11
8 13 54
8 14 51
8 15 22
8 16 42
8 17 67
8 18 95
8 19 97
8 20 56
8 21 98
8 22 48
8 23 86
8 24 10
8 25 17
8 26 61
8 27 68
8 28 56
8 29 57
8 30 43
8 31 87
8 32 8
8 33 23
8 34 37
8 35 80
8 36 53
8 37 98
8 38 75
8 39 57
8 40 67
8 41 93
8 42 31
8 43 3
8 44 69
8 45 52
8 46 48
8 47 44
8 48 74
8 49 68
8 50 63
8 51 85
8 52 14
8 53 27
8 54 15
8 55 63
8 56 31
8 57 88
8 58 9
8 59 93
8 60 22
8 61 76
8 62 7
8 63 64
8 64 40
8 65 47
8 66 32
8 67 74
8 68 93
8 69 93
8 70 89
8 71 99
8 72 33
8 73 71
8 74 67
8 75 24
8 76 82
8 77 80
8 78 45
8 79 89
8 80 48
8 81 35
8 82 83
8 83 90
8 84 40
8 85 25
8 86 9
8 87 21
8 88 47
8 89 93
8 90 55
8 91 30
8 92 41
8 93 62
8 94 15
8 95 34
8 96 29
8 97 99
8 98 24
8 99 20
8 100 20
9 0 55
9 1 91
9 2 52
9 3 95
9 4 53
9 5 9
9 6 26
9 7 58
9 8 84
9 10 16
9 11 78
9 12 66
9 13 43
9 14 10
9 15 75
9 16 9
9 17 17
9 18 2
9 19 31
9 20 85
9 21 17
9 22 32
9 23 41
9 24 56
9 25 90
9 26 14
9 27 30
9 28 59
9 29 1
9 30 22
9 31 44
9 32 54
9 33 37
9 34 38
9 35 56
9 36 77
9 37 22
9 38 49
9 39 31
9 40 21
9 41 43
9 42 29
9 43 57
9 44 36
9 45 36
9 46 1
9 47 24
9 48 9
9 49 29
9 50 82
9 51 10
9 52 36
9 53 23
9 54 76
9 55 73
9 56 29
9 57 82
9 58 70
9 59 54
9 60 88
9 61 7
9 62 85
9 63 99
9 64 17
9 65 77
9 66 7
9 67 67
9 68 81
9 69 38
9 70 65
9 71 20
9 72 88
9 73 58
9 74 7
9 75 23
9 76 36
9 77 95
9 78 57
9 79 41
9 80 50
9 81 31
9 82 46
9 83 87
9 84 75
9 85 1
9 86 11
9 87 48
9 88 60
9 89 1
9 90 50
9 91 39
9 92 57
9 93 47
9 94 95
9 95 5
9 96 67
9 97 32
9 98 60
9 99 97
9 100 76
10 0 19
10 1 67
10 2 37
10 3 75
10 4 56
10 5 86
10 6 73
10 7 28
10 8 65
10 9 83
10 11 40
10 12 78
10 13 65
10 14 30
10 15 61
10 16 28
10 17 20
10 18 51
10 19 42
10 20 20
10 21 40
10 22 67
10 23 58
10 24 25
10 25 25
10 26 29
10 27 7
10 28 89
10 29 2
10 30 2
10 31 48
10 32 13
10 33 92
10 34 20
10 35 6
10 36 95
10 37 21
10 38 67
10 39 27
10 40 14
10 41 32
10 42 1
10 43 70
10 44 84
10 45 19
10 46 28
10 47 1
10 48 64
10 49 67
10 50 10
10 51 67
10 52 10
10 53 82
10 54 21
10 55 31
10 56 83
10 57 4
10 58 43
10 59 96
10 60 60
10 61 90
10 62 41
10 63 7
10 64 28
10 65 52
10 66 44
10 67 38
10 68 26
10 69 90
10 70 40
10 71 20
10 72 79
10 73 59
10 74 55
10 75 26
10 76 32
10 77 48
10 78 33
10 79 12
10 80 58
10 81 78
10 82 71
10 83 12
10 84 79
10 85 59
10 86 43
10 87 90
10 88 55
10 89 96
10 90 83
10 91 76
10 92 52
10 93 14
10 94 32
10 95 57
10 96 19
10 97 81
10 98 35
10 99 69
10 100 99
11 0 97
11 1 61
11 2 29
11 3 75
11 4 8
11 5 9
11 6 73
11 7 37
11 8 69
11 9 2
11 10 47
11 12 86
11 13 72
11 14 52
11 15 42
11 16 18
11 17 12
11 18 89
11 19 99
11 20 63
11 21 64
11 22 96
11 23 89
11 24 71
11 25 78
11 26 3
11 27 37
11 28 13
11 29 63
11 30 13
11 31 53
11 32 69
11 33 38
11 34 4
11 35 95
11 36 38
11 37 94
11 38 82
11 39 91
11 40 15
11 41 43
11 42 15
11 43 1
11 44 49
11 45 84
11 46 90
11 47 2
11 48 62
11 49 69
11 50 77
11 51 26
11 52 30
11 53 52
11 54 65
11 55 12
11 56 46
11 57 59
11 58 71
11 59 98
11 60 21
11 61 91
11 62 88
11 63 11
11 64 94
11 65 24
11 66 44
11 67 9
11 68 84
11 69 71
11 70 90
11 71 60
11 72 35
11 73 4
11 74 42
11 75 70
11 76 18
11 77 1
11 78 1
11 79 77
11 80 32
11 81 87
11 82 74
11 83 59
11 84 10
11 85 42
11 86 30
11 87 96
11 88 28
11 89 40
11 90 35
11 91 1
11 92 73
11 93 73
11 94 79
11 95 41
11 96 53
11 97 5
11 98 61
11 99 16
11 100 99
12 0 88
12 1 24
12 2 78
12 3 60
12 4 17
12 5 26
12 6 39
12 7 50
12 8 38
12 9 24
12 10 86
12 11 94
12 13 23
12 14 63
12 15 35
12 16 59
12 17 24
12 18 31
12 19 98
12 20 14
12 21 2
12 22 41
12 23 33
12 24 46
12 25 53
12 26 8
12 27 45
12 28 66
12 29 25
12 30 32
12 31 59
12 32 24
12 33 58
12 34 55
12 35 27
12 36 27
12 37 71
12 38 22
12 39 85
12 40 89
12 41 97
12 42 31
12 43 74
12 44 92
12 45 27
12 46 26
12 47 22
12 48 67
12 49 96
12 50 41
12 51 14
12 52 89
12 53 12
12 54 27
12 55 35
12 56 87
12 57 30
12 58 85
12 59 74
12 60 22
12 61 80
12 62 53
12 63 36
12 64 78
12 65 14
12 66 35
12 67 47
12 68 80
12 69 94
12 70 37
12 71 52
12 72 50
12 73 66
12 74 8
12 75 55
12 76 45
12 77 99
12 78 6
12 79 71
12 80 48
12 81 43
12 82 95
12 83 17
12 84 23
12 85 65
12 86 96
12 87 14
12 88 5
12 89 49
12 90 63
12 91 82
12 92 13
12 93 64
12 94 86
12 95 72
12 96 9
12 97 88
12 98 7
12 99 87
12 100 86
13 0 19
13 1 47
13 2 27
13 3 93
13 4 73
13 5 79
13 6 41
13 7 47
13 8 62
13 9 9
13 10 67
13 11 71
13 12 6
13 14 94
13 15 32
13 16 79
13 17 94
13 18 49
13 19 57
13 20 17
13 21 99
13 22 91
13 23 60
13 24 20
13 25 66
13 26 22
13 27 39
13 28 9
13 29 55
13 30 20
13 31 9
13 32 61
13 33 89
13 34 41
13 35 71
13 36 2
13 37 58
13 38 16
13 39 95
13 40 59
13 41 25
13 42 87
13 43 1
13 44 61
13 45 61
13 46 77
13 47 49
13 48 74
13 49 94
13 50 53
13 51 99
13 52 64
13 53 79
13 54 31
13 55 21
13 56 58
13 57 89
13 58 97
13 59 61
13 60 48
13 61 96
13 62 85
13 63 10
13 64 36
13 65 93
13 66 50
13 67 70
13 68 95
13 69 51
13 70 71
13 71 61
13 72 37
13 73 82
13 74 27
13 75 69
13 76 49
13 77 8
13 78 17
13 79 12
13 80 35
13 81 52
13 82 66
13 83 74
13 84 98
13 85 45
13 86 92
13 87 17
13 88 86
13 89 78
13 90 94
13 91 8
13 92 77
13 93 18
13 94 37
13 95 69
13 96 84
13 97 23
13 98 77
13 99 55
13 100 53
14 0 79
14 1 82
14 2 63
14 3 32
14 4 87
14 5 24
14 6 71
14 7 1
14 8 80
14 9 33
14 10 42
14 11 14
14 12 10
14 13 8
14 15 48
14 16 95
14 17 57
14 18 25
14 19 12
14 20 63
14 21 11
14 22 70
14 23 83
14 24 95
14 25 97
14 26 52
14 27 78
14 28 31
14 29 60
14 30 41
14 31 33
14 32 52
14 33 85
14 34 97
14 35 50
14 36 64
14 37 15
14 38 72
14 39 33
14 40 32
14 41 38
14 42 42
14 43 18
14 44 2
14 45 22
14 46 85
14 47 45
14 48 61
14 49 24
14 50 30
14 51 1
14 52 22
14 53 43
14 54 64
14 55 18
14 56 36
14 57 92
14 58 14
14 59 34
14 60 91
14 61 15
14 62 55
14 63 11
14 64 97
14 65 26
14 66 74
14 67 57
14 68 27
14 69 41
14 70 86
14 71 31
14 72 4
14 73 19
14 74 22
14 75 49
14 76 65
14 77 91
14 78 66
14 79 33
14 80 51
14 81 21
14 82 31
14 83 79
14 84 63
14 85 12
14 86 87
14 87 73
14 88 52
14 89 19
14 90 67
14 91 68
14 92 90
14 93 72
14 94 60
14 95 7
14 96 47
14 97 38
14 98 11
14 99 87
14 100 69
15 0 63
15 1 91
15 2 75
15 3 73
15 4 55
15 5 85
15 6 37
15 7 65
15 8 77
15 9 28
15 10 15
15 11 67
15 12 1
15 13 97
15 14 45
15 16 17
15 17 96
15 18 30
15 19 81
15 20 71
15 21 32
15 22 74
15 23 77
15 24 90
15 25 45
15 26 5
15 27 40
15 28 74
15 29 41
15 30 15
15 31 21
15 32 55
15 33 86
15 34 95
15 35 54
15 36 41
15 37 73
15 38 37
15 39 35
15 40 65
15 41 83
15 42 95
15 43 91
15 44 97
15 45 36
15 46 37
15 47 25
15 48 44
15 49 39
15 50 13
15 51 83
15 52 94
15 53 35
15 54 66
15 55 34
15 56 12
15 57 92
15 58 48
15 59 34
15 60 11
15 61 96
15 62 73
15 63 99
15 64 45
15 65 78
15 66 24
15 67 82
15 68 83
15 69 82
15 70 6
15 71 64
15 72 5
15 73 63
15 74 43
15 75 9
15 76 71
15 77 86
15 78 70
15 79 96
15 80 90
15 81 72
15 82 39
15 83 74
15 84 69
15 85 85
15 86 31
15 87 83
15 88 98
15 89 7
15 90 62
15 91 79
15 92 6
15 93 4
15 94 83
15 95 18
15 96 80
15 97 78
15 98 98
15 99 52
15 100 4
16 0 90
16 1 72
16 2 8
16 3 14
16 4 47
16 5 64
16 6 51
16 7 92
16 8 26
16 9 31
16 10 35
16 11 5
16 12 10
16 13 65
16 14 86
16 15 61
16 17 48
16 18 81
16 19 45
16 20 26
16 21 26
16 22 1
16 23 85
16 24 8
16 25 48
16 26 10
16 27 57
16 28 97
16 29 50
16 30 18
16 31 54
16 32 47
16 33 89
16 34 74
16 35 2
16 36 2
16 37 77
16 38 86
16 39 76
16 40 24
16 41 50
16 42 25
16 43 31
16 44 63
16 45 8
16 46 49
16 47 43
16 48 71
16 49 32
16 50 86
16 51 22
16 52 46
16 53 68
16 54 31
16 55 12
16 56 75
16 57 57
16 58 85
16 59 88
16 60 18
16 61 19
16 62 30
16 63 23
16 64 16
16 65 98
16 66 67
16 67 52
16 68 72
16 69 84
16 70 19
16 71 53
16 72 4
16 73 65
16 74 18
16 75 42
16 76 40
16 77 14
16 78 12
16 79 68
16 80 77
16 81 5
16 82 2
16 83 94
16 84 39
16 85 66
16 86 98
16 87 63
16 88 10
16 89 88
16 90 91
16 91 67
16 92 64
16 93 66
16 94 49
16 95 13
16 96 51
16 97 72
16 98 42
16 99 84
16 100 4
17 0 96
17 1 59
17 2 66
17 3 53
17 4 88
17 5 23
17 6 15
17 7 51
17 8 2
17 9 2
17 10 48
17 11 14
17 12 68
17 13 58
17 14 76
17 15 25
17 16 45
17 18 40
17 19 69
17 20 82
17 21 71
17 22 24
17 23 84
17 24 35
17 25 29
17 26 54
17 27 86
17 28 90
17 29 85
17 30 44
17 31 32
17 32 46
17 33 87
17 34 52
17 35 45
17 36 53
17 37 54
17 38 95
17 39 24
17 40 64
17 41 92
17 42 29
17 43 12
17 44 20
17 45 34
17 46 28
17 47 81
17 48 14
17 49 40
17 50 91
17 51 72
17 52 27
17 53 41
17 54 23
17 55 35
17 56 21
17 57 10
17 58 22
17 59 93
17 60 56
17 61 75
17 62 25
17 63 26
17 64 31
17 65 3
17 66 25
17 67 29
17 68 57
17 69 36
17 70 47
17 71 82
17 72 23
17 73 43
17 74 55
17 75 65
17 76 79
17 77 96
17 78 67
17 79 48
17 80 24
17 81 94
17 82 88
17 83 58
17 84 81
17 85 82
17 86 81
17 87 79
17 88 63
17 89 83
17 90 77
17 91 38
17 92 16
17 93 96
17 94 62
17 95 18
17 96 17
17 97 40
17 98 96
17 99 54
17 100 6
18 0 32
18 1 8
18 2 87
18 3 12
18 4 79
18 5 81
18 6 91
18 7 77
18 8 52
18 9 40
18 10 89
18 11 35
18 12 21
18 13 19
18 14 14
18 15 23
18 16 71
18 17 88
18 19 71
18 20 21
18 21 33
18 22 88
18 23 88
18 24 99
18 25 70
18 26 59
18 27 96
18 28 6
18 29 44
18 30 60
18 31 47
18 32 38
18 33 54
18 34 77
18 35 18
18 36 38
18 37 90
18 38 94
18 39 96
18 40 17
18 41 68
18 42 56
18 43 36
18 44 63
18 45 31
18 46 63
18 47 79
18 48 50
18 49 59
18 50 68
18 51 5
18 52 65
18 53 11
18 54 41
18 55 33
18 56 87
18 57 48
18 58 35
18 59 53
18 60 15
18 61 91
18 62 77
18 63 29
18 64 23
18 65 24
18 66 33
18 67 95
18 68 22
18 69 93
18 70 77
18 71 8
18 72 95
18 73 62
18 74 38
18 75 51
18 76 14
18 77 90
18 78 80
18 79 30
18 80 85
18 81 21
18 82 79
18 83 39
18 84 4
18 85 52
18 86 83
18 87 27
18 88 21
18 89 31
18 90 4
18 91 11
18 92 19
18 93 32
18 94 75
18 95 19
18 96 36
18 97 68
18 98 67
18 99 33
18 100 5
19 0 80
19 1 9
19 2 56
19 3 15
19 4 50
19 5 84
19 6 83
19 7 75
19 8 81
19 9 17
19 10 34
19 11 41
19 12 83
19 13 58
19 14 73
19 15 3
19 16 77
19 17 14
19 18 42
19 20 57
19 21 41
19 22 47
19 23 3
19 24 11
19 25 37
19 26 27
19 27 4
19 28 65
19 29 85
19 30 47
19 31 35
19 32 95
19 33 4
19 34 27
19 35 24
19 36 35
19 37 62
19 38 23
19 39 73
19 40 86
19 41 35
19 42 23
19 43 47
19 44 65
19 45 23
19 46 49
19 47 26
19 48 16
19 49 45
19 50 35
19 51 64
19 52 69
19 53 11
19 54 25
19 55 96
19 56 72
19 57 70
19 58 98
19 59 94
19 60 20
19 61 26
19 62 36
19 63 3
19 64 91
19 65 68
19 66 93
19 67 68
19 68 36
19 69 27
19 70 74
19 71 70
19 72 48
19 73 71
19 74 80
19 75 22
19 76 58
19 77 90
19 78 48
19 79 73
19 80 67
19 81 11
19 82 53
19 83 51
19 84 10
19 85 19
19 86 53
19 87 9
19 88 10
19 89 16
19 90 25
19 91 65
19 92 50
19 93 59
19 94 91
19 95 28
19 96 5
19 97 64
19 98 17
19 99 41
19 100 58
20 0 63
20 1 6
20 2 28
20 3 61
20 4 80
20 5 94
20 6 79
20 7 34
20 8 98
20 9 98
20 10 24
20 11 84
20 12 63
20 13 65
20 14 59
20 15 54
20 16 35
20 17 37
20 18 20
20 19 28
20 21 73
20 22 81
20 23 20
20 24 49
20 25 24
20 26 65
20 27 5
20 28 66
20 29 18
20 30 35
20 31 15
20 32 56
20 33 53
20 34 22
20 35 9
20 36 89
20 37 47
20 38 54
20 39 91
20 40 98
20 41 83
20 42 66
20 43 69
20 44 34
20 45 45
20 46 87
20 47 57
20 48 44
20 49 89
20 50 67
20 51 37
20 52 5
20 53 13
20 54 81
20 55 58
20 56 16
20 57 7
20 58 46
20 59 64
20 60 61
20 61 52
20 62 12
20 63 43
20 64 74
20 65 56
20 66 15
20 67 26
20 68 18
20 69 56
20 70 11
20 71 76
20 72 5
20 73 46
20 74 3
20 75 29
20 76 73
20 77 91
20 78 23
20 79 98
20 80 51
20 81 12
20 82 33
20 83 39
20 84 6
20 85 89
20 86 34
20 87 13
20 88 95
20 89 73
20 90 64
20 91 94
20 92 53
20 93 94
20 94 42
20 95 36
20 96 64
20 97 13
20 98 37
20 99 77
20 100 55
21 0 27
21 1 86
21 2 10
21 3 53
21 4 66
21 5 44
21 6 54
21 7 41
21 8 17
21 9 61
21 10 42
21 11 93
21 12 69
21 13 89
21 14 32
21 15 22
21 16 31
21 17 37
21 18 4
21 19 25
21 20 46
21 22 54
21 23 57
21 24 95
21 25 7
21 26 66
21 27 73
21 28 40
21 29 88
21 30 61
21 31 79
21 32 29
21 33 67
21 34 87
21 35 42
21 36 72
21 37 34
21 38 95
21 39 32
21 40 76
21 41 60
21 42 41
21 43 71
21 44 10
21 45 1
21 46 77
21 47 6
21 48 91
21 49 33
21 50 40
21 51 81
21 52 13
21 53 20
21 54 26
21 55 22
21 56 56
21 57 49
21 58 83
21 59 18
21 60 20
21 61 84
21 62 59
21 63 40
21 64 40
21 65 6
21 66 82
21 67 48
21 68 87
21 69 65
21 70 36
21 71 91
21 72 9
21 73 16
21 74 29
21 75 27
21 76 40
21 77 24
21 78 96
21 79 55
21 80 82
21 81 40
21 82 18
21 83 32
21 84 91
21 85 84
21 86 16
21 87 41
21 88 67
21 89 22
21 90 98
21 91 57
21 92 37
21 93 64
21 94 73
21 95 38
21 96 27
21 97 65
21 98 33
21 99 17
21 100 9
22 0 71
22 1 72
22 2 69
22 3 88
22 4 13
22 5 44
22 6 34
22 7 95
22 8 84
22 9 90
22 10 44
22 11 7
22 12 50
22 13 15
22 14 97
22 15 72
22 16 93
22 17 35
22 18 5
22 19 68
22 20 51
22 21 57
22 23 94
22 24 39
22 25 51
22 26 45
22 27 63
22 28 21
22 29 62
22 30 25
22 31 31
22 32 56
22 33 36
22 34 43
22 35 25
22 36 97
22 37 36
22 38 43
22 39 79
22 40 86
22 41 98
22 42 53
22 43 74
22 44 86
22 45 82
22 46 27
22 47 51
22 48 87
22 49 82
22 50 6
22 51 98
22 52 30
22 53 87
22 54 22
22 55 52
22 56 75
22 57 19
22 58 82
22 59 18
22 60 27
22 61 11
22 62 14
22 63 26
22 64 58
22 65 66
22 66 45
22 67 28
22 68 42
22 69 18
22 70 41
22 71 72
22 72 65
22 73 34
22 74 85
22 75 24
22 76 64
22 77 86
22 78 84
22 79 53
22 80 33
22 81 53
22 82 78
22 83 95
22 84 73
22 85 17
22 86 86
22 87 32
22 88 55
22 89 69
22 90 90
22 91 6
22 92 57
22 93 55
22 94 12
22 95 19
22 96 22
22 97 62
22 98 68
22 99 78
22 100 77
23 0 98
23 1 47
23 2 26
23 3 94
23 4 71
23 5 11
23 6 80
23 7 7
23 8 39
23 9 64
23 10 2
23 11 57
23 12 72
23 13 25
23 14 81
23 15 6
23 16 83
23 17 2
23 18 70
23 19 47
23 20 71
23 21 27
23 22 52
23 24 44
23 25 18
23 26 84
23 27 12
23 28 30
23 29 59
23 30 88
23 31 95
23 32 86
23 33 97
23 34 40
23 35 70
23 36 16
23 37 30
23 38 51
23 39 88
23 40 3
23 41 27
23 42 14
23 43 16
23 44 77
23 45 85
23 46 96
23 47 49
23 48 34
23 49 48
23 50 76
23 51 80
23 52 9
23 53 4
23 54 32
23 55 56
23 56 55
23 57 89
23 58 43
23 59 97
23 60 54
23 61 74
23 62 99
23 63 89
23 64 68
23 65 26
23 66 21
23 67 96
23 68 46
23 69 62
23 70 17
23 71 96
23 72 52
23 73 46
23 74 14
23 75 54
23 76 47
23 77 12
23 78 72
23 79 5
23 80 7
23 81 84
23 82 1
23 83 61
23 84 12
23 85 38
23 86 51
23 87 52
23 88 59
23 89 28
23 90 41
23 91 81
23 92 90
23 93 49
23 94 12
23 95 14
23 96 29
23 97 2
23 98 74
23 99 7
23 100 32
24 0 5
24 1 90
24 2 47
24 3 19
24 4 89
24 5 83
24 6 48
24 7 65
24 8 27
24 9 94
24 10 62
24 11 6
24 12 77
24 13 60
24 14 61
24 15 60
24 16 30
24 17 7
24 18 21
24 19 73
24 20 86
24 21 43
24 22 21
24 23 98
24 25 38
24 26 47
24 27 65
24 28 94
24 29 28
24 30 23
24 31 68
24 32 94
24 33 49
24 34 93
24 35 1
24 36 87
24 37 33
24 38 64
24 39 76
24 40 64
24 41 21
24 42 98
24 43 91
24 44 77
24 45 21
24 46 99
24 47 70
24 48 72
24 49 65
24 50 46
24 51 29
24 52 26
24 53 60
24 54 87
24 55 42
24 56 38
24 57 80
24 58 8
24 59 54
24 60 73
24 61 36
24 62 88
24 63 73
24 64 93
24 65 41
24 66 68
24 67 95
24 68 87
24 69 1
24 70 34
24 71 84
24 72 87
24 73 14
24 74 70
24 75 29
24 76 49
24 77 32
24 78 75
24 79 80
24 80 2
24 81 11
24 82 76
24 83 15
24 84 84
24 85 88
24 86 65
24 87 33
24 88 42
24 89 19
24 90 67
24 91 67
24 92 1
24 93 53
24 94 52
24 95 78
24 96 32
24 97 57
24 98 13
24 99 68
24 100 92
25 0 36
25 1 46
25 2 26
25 3 69
25 4 71
25 5 30
25 6 70
25 7 23
25 8 29
25 9 7
25 10 41
25 11 14
25 12 87
25 13 16
25 14 21
25 15 98
25 16 50
25 17 81
25 18 14
25 19 90
25 20 29
25 21 29
25 22 69
25 23 47
25 24 50
25 26 93
25 27 49
25 28 33
25 29 63
25 30 72
25 31 13
25 32 11
25 33 17
25 34 95
25 35 53
25 36 40
25 37 7
25 38 24
25 39 69
25 40 15
25 41 47
25 42 59
25 43 69
25 44 57
25 45 70
25 46 36
25 47 72
25 48 68
25 49 78
25 50 84
25 51 30
25 52 43
25 53 65
25 54 15
25 55 1
25 56 19
25 57 78
25 58 52
25 59 96
25 60 68
25 61 64
25 62 96
25 63 88
25 64 93
25 65 28
25 66 3
25 67 68
25 68 38
25 69 54
25 70 71
25 71 84
25 72 3
25 73 40
25 74 57
25 75 66
25 76 69
25 77 59
25 78 58
25 79 61
25 80 12
25 81 74
25 82 79
25 83 77
25 84 28
25 85 87
25 86 66
25 87 22
25 88 49
25 89 41
25 90 52
25 91 68
25 92 49
25 93 92
25 94 2
25 95 75
25 96 39
25 97 62
25 98 16
25 99 92
25 100 23
26 0 26
26 1 7
26 2 25
26 3 76
26 4 98
26 5 77
26 6 35
26 7 8
26 8 16
26 9 70
26 10 38
26 11 21
26 12 82
26 13 4
26 14 76
26 15 17
26 16 9
26 17 65
26 18 43
26 19 5
26 20 3
26 21 49
26 22 79
26 23 84
26 24 16
26 25 88
26 27 25
26 28 65
26 29 98
26 30 61
26 31 20
26 32 48
26 33 1
26 34 1
26 35 58
26 36 78
26 37 17
26 38 68
26 39 44
26 40 68
26 41 53
26 42 14
26 43 85
26 44 67
26 45 13
26 46 83
26 47 26
26 48 48
26 49 95
26 50 52
26 51 18
26 52 60
26 53 55
26 54 32
26 55 80
26 56 36
26 57 53
26 58 62
26 59 4
26 60 51
26 61 63
26 62 88
26 63 2
26 64 45
26 65 41
26 66 10
26 67 5
26 68 82
26 69 36
26 70 74
26 71 3
26 72 71
26 73 64
26 74 45
26 75 68
26 76 67
26 77 95
26 78 50
26 79 92
26 80 16
26 81 85
26 82 55
26 83 77
26 84 16
26 85 9
26 86 44
26 87 32
26 88 36
26 89 98
26 90 41
26 91 49
26 92 65
26 93 37
26 94 2
26 95 13
26 96 5
26 97 12
26 98 41
26 99 7
26 100 22
27 0 55
27 1 88
27 2 18
27 3 2
27 4 77
27 5 19
27 6 56
27 7 30
27 8 71
27 9 44
27 10 27
27 11 88
27 12 59
27 13 39
27 14 59
27 15 92
27 16 8
27 17 66
27 18 80
27 19 31
27 20 85
27 21 49
27 22 63
27 23 1
27 24 92
27 25 96
27 26 38
27 28 50
27 29 31
27 30 22
27 31 29
27 32 61
27 33 61
27 34 57
27 35 68
27 36 96
27 37 68
27 38 22
27 39 78
27 40 12
27 41 70
27 42 43
27 43 33
27 44 23
27 45 1
27 46 69
27 47 39
27 48 45
27 49 61
27 50 92
27 51 36
27 52 34
27 53 85
27 54 34
27 55 48
27 56 44
27 57 30
27 58 42
27 59 35
27 60 68
27 61 13
27 62 93
27 63 98
27 64 12
27 65 59
27 66 19
27 67 43
27 68 94
27 69 6
27 70 94
27 71 63
27 72 58
27 73 23
27 74 42
27 75 71
27 76 42
27 77 23
27 78 81
27 79 97
27 80 93
27 81 61
27 82 73
27 83 67
27 84 32
27 85 85
27 86 64
27 87 10
27 88 53
27 89 38
27 90 21
27 91 66
27 92 21
27 93 27
27 94 96
27 95 5
27 96 32
27 97 30
27 98 39
27 99 59
27 100 69
28 0 35
28 1 97
28 2 68
28 3 38
28 4 33
28 5 33
28 6 8
28 7 56
28 8 2
28 9 92
28 10 79
28 11 72
28 12 7
28 13 38
28 14 66
28 15 83
28 16 77
28 17 83
28 18 51
28 19 56
28 20 84
28 21 78
28 22 25
28 23 77
28 24 87
28 25 90
28 26 53
28 27 32
28 29 67
28 30 30
28 31 5
28 32 5
28 33 4
28 34 39
28 35 93
28 36 95
28 37 51
28 38 91
28 39 49
28 40 77
28 41 37
28 42 75
28 43 60
28 44 32
28 45 43
28 46 18
28 47 96
28 48 64
28 49 16
28 50 42
28 51 45
28 52 54
28 53 94
28 54 72
28 55 86
28 56 66
28 57 96
28 58 84
28 59 53
28 60 83
28 61 29
28 62 68
28 63 7
28 64 57
28 65 27
28 66 7
28 67 71
28 68 40
28 69 67
28 70 15
28 71 21
28 72 56
28 73 43
28 74 12
28 75 16
28 76 53
28 77 44
28 78 10
28 79 31
28 80 97
28 81 55
28 82 38
28 83 74
28 84 8
28 85 59
28 86 62
28 87 37
28 88 52
28 89 76
28 90 53
28 91 69
28 92 25
28 93 1
28 94 86
28 95 63
28 96 51
28 97 66
28 98 20
28 99 91
28 100 4
29 0 63
29 1 30
29 2 41
29 3 38
29 4 41
29 5 60
29 6 74
29 7 96
29 8 79
29 9 42
29 10 32
29 11 53
29 12 12
29 13 92
29 14 86
29 15 38
29 16 2
29 17 94
29 18 92
29 19 89
29 20 65
29 21 67
29 22 33
29 23 89
29 24 76
29 25 39
29 26 64
29 27 57
29 28 82
29 30 34
29 31 92
29 32 98
29 33 61
29 34 30
29 35 74
29 36 63
29 37 15
29 38 29
29 39 6
29 40 7
29 41 35
29 42 76
29 43 13
29 44 94
29 45 34
29 46 34
29 47 30
29 48 71
29 49 8
29 50 17
29 51 38
29 52 86
29 53 45
29 54 65
29 55 43
29 56 62
29 57 95
29 58 32
29 59 24
29 60 73
29 61 61
29 62 27
29 63 79
29 64 23
29 65 68
29 66 2
29 67 62
29 68 64
29 69 37
29 70 33
29 71 44
29 72 81
29 73 55
29 74 33
29 75 39
29 76 1
29 77 34
29 78 41
29 79 18
29 80 23
29 81 23
29 82 28
29 83 14
29 84 76
29 85 87
29 86 23
29 87 29
29 88 82
29 89 5
29 90 70
29 91 61
29 92 32
29 93 2
29 94 28
29 95 8
29 96 49
29 97 75
29 98 63
29 99 47
29 100 72
30 0 33
30 1 32
30 2 70
30 3 2
30 4 48
30 5 95
30 6 80
30 7 99
30 8 75
30 9 29
30 10 58
30 11 77
30 12 31
30 13 48
30 14 82
30 15 29
30 16 89
30 17 14
30 18 72
30 19 46
30 20 20
30 21 71
30 22 5
30 23 25
30 24 18
30 25 79
30 26 29
30 27 17
30 28 75
30 29 36
30 31 27
30 32 56
30 33 96
30 34 76
30 35 58
30 36 32
30 37 91
30 38 68
30 39 45
30 40 98
30 41 76
30 42 46
30 43 49
30 44 36
30 45 6
30 46 72
30 47 17
30 48 90
30 49 47
30 50 16
30 51 22
30 52 7
30 53 18
30 54 55
30 55 10
30 56 14
30 57 13
30 58 73
30 59 84
30 60 63
30 61 69
30 62 9
30 63 26
30 64 75
30 65 9
30 66 95
30 67 30
30 68 21
30 69 54
30 70 85
30 71 58
30 72 85
30 73 41
30 74 7
30 75 82
30 76 18
30 77 98
30 78 38
30 79 64
30 80 89
30 81 86
30 82 31
30 83 47
30 84 85
30 85 27
30 86 24
30 87 88
30 88 82
30 89 99
30 90 14
30 91 64
30 92 52
30 93 81
30 94 39
30 95 38
30 96 17
30 97 71
30 98 56
30 99 28
30 100 63
31 0 54
31 1 33
31 2 35
31 3 32
31 4 8
31 5 45
31 6 68
31 7 97
31 8 46
31 9 5
31 10 1
31 11 46
31 12 52
31 13 90
31 14 7
31 15 26
31 16 60
31 17 11
31 18 70
31 19 5
31 20 35
31 21 12
31 22 30
31 23 7
31 24 65
31 25 13
31 26 94
31 27 97
31 28 98
31 29 92
31 30 1
31 32 45
31 33 7
31 34 92
31 35 68
31 36 76
31 37 27
31 38 48
31 39 34
31 40 24
31 41 93
31 42 92
31 43 14
31 44 93
31 45 21
31 46 84
31 47 35
31 48 51
31 49 51
31 50 91
31 51 5
31 52 4
31 53 47
31 54 36
31 55 81
31 56 86
31 57 75
31 58 65
31 59 80
31 60 78
31 61 33
31 62 43
31 63 6
31 64 16
31 65 24
31 66 61
31 67 73
31 68 29
31 69 59
31 70 28
31 71 9
31 72 94
31 73 9
31 74 28
31 75 24
31 76 88
31 77 88
31 78 21
31 79 37
31 80 84
31 81 6
31 82 1
31 83 27
31 84 30
31 85 68
31 86 9
31 87 14
31 88 66
31 89 87
31 90 81
31 91 38
31 92 16
31 93 55
31 94 3
31 95 5
31 96 93
31 97 67
31 98 90
31 99 85
31 100 29
32 0 21
32 1 93
32 2 24
32 3 33
32 4 95
32 5 13
32 6 46
32 7 8
32 8 3
32 9 12
32 10 69
32 11 83
32 12 45
32 13 14
32 14 33
32 15 85
32 16 95
32 17 95
32 18 71
32 19 69
32 20 41
32 21 98
32 22 33
32 23 36
32 24 58
32 25 34
32 26 56
32 27 43
32 28 43
32 29 65
32 30 45
32 31 34
32 33 29
32 34 28
32 35 94
32 36 94
32 37 53
32 38 27
32 39 56
32 40 62
32 41 21
32 42 25
32 43 56
32 44 66
32 45 47
32 46 69
32 47 15
32 48 25
32 49 62
32 50 47
32 51 47
32 52 23
32 53 46
32 54 50
32 55 34
32 56 84
32 57 86
32 58 39
32 59 52
32 60 55
32 61 17
32 62 21
32 63 46
32 64 52
32 65 69
32 66 20
32 67 25
32 68 35
32 69 56
32 70 99
32 71 40
32 72 27
32 73 44
32 74 77
32 75 96
32 76 52
32 77 81
32 78 84
32 79 82
32 80 68
32 81 23
32 82 53
32 83 89
32 84 14
32 85 11
32 86 38
32 87 18
32 88 62
32 89 25
32 90 60
32 91 12
32 92 39
32 93 93
32 94 82
32 95 88
32 96 45
32 97 31
32 98 73
32 99 47
32 100 61
33 0 64
33 1 93
33 2 93
33 3 28
33 4 50
33 5 39
33 6 80
33 7 59
33 8 72
33 9 7
33 10 41
33 11 4
33 12 2
33 13 7
33 14 18
33 15 87
33 16 82
33 17 85
33 18 36
33 19 76
33 20 10
33 21 1
33 22 22
33 23 90
33 24 64
33 25 42
33 26 44
33 27 21
33 28 1
33 29 18
33 30 14
33 31 2
33 32 64
33 34 71
33 35 50
33 36 81
33 37 16
33 38 86
33 39 67
33 40 18
33 41 19
33 42 34
33 43 66
33 44 23
33 45 30
33 46 7
33 47 13
33 48 84
33 49 90
33 50 87
33 51 3
33 52 87
33 53 30
33 54 60
33 55 37
33 56 90
33 57 17
33 58 83
33 59 67
33 60 29
33 61 81
33 62 8
33 63 12
33 64 25
33 65 56
33 66 25
33 67 61
33 68 4
33 69 91
33 70 98
33 71 17
33 72 5
33 73 21
33 74 69
33 75 28
33 76 33
33 77 25
33 78 15
33 79 83
33 80 85
33 81 71
33 82 12
33 83 30
33 84 35
33 85 24
33 86 82
33 87 59
33 88 18
33 89 63
33 90 96
33 91 83
33 92 73
33 93 42
33 94 54
33 95 8
33 96 93
33 97 11
33 98 27
33 99 27
33 100 32
34 0 11
34 1 82
34 2 9
34 3 87
34 4 54
34 5 18
34 6 36
34 7 53
34 8 48
34 9 40
34 10 6
34 11 22
34 12 78
34 13 3
34 14 24
34 15 18
34 16 25
34 17 84
34 18 10
34 19 72
34 20 21
34 21 61
34 22 74
34 23 25
34 24 57
34 25 69
34 26 71
34 27 86
34 28 68
34 29 2
34 30 88
34 31 52
34 32 16
34 33 52
34 35 86
34 36 69
34 37 25
34 38 95
34 39 51
34 40 11
34 41 28
34 42 75
34 43 65
34 44 35
34 45 58
34 46 46
34 47 44
34 48 30
34 49 14
34 50 91
34 51 54
34 52 21
34 53 10
34 54 57
34 55 27
34 56 41
34 57 44
34 58 60
34 59 77
34 60 44
34 61 74
34 62 26
34 63 85
34 64 28
34 65 87
34 66 97
34 67 48
34 68 30
34 69 58
34 70 32
34 71 81
34 72 11
34 73 20
34 74 15
34 75 8
34 76 2
34 77 14
34 78 77
34 79 61
34 80 23
34 81 37
34 82 53
34 83 47
34 84 48
34 85 96
34 86 64
34 87 12
34 88 80
34 89 54
34 90 27
34 91 13
34 92 51
34 93 63
34 94 85
34 95 27
34 96 35
34 97 3
34 98 20
34 99 24
34 100 20
35 0 91
35 1 28
35 2 21
35 3 53
35 4 16
35 5 46
35 6 31
35 7 23
35 8 40
35 9 65
35 10 55
35 11 99
35 12 80
35 13 38
35 14 35
35 15 39
35 16 35
35 17 77
35 18 8
35 19 44
35 20 33
35 21 99
35 22 53
35 23 57
35 24 4
35 25 93
35 26 65
35 27 8
35 28 69
35 29 45
35 30 94
35 31 17
35 32 33
35 33 71
35 34 33
35 36 52
35 37 64
35 38 82
35 39 24
35 40 18
35 41 54
35 42 91
35 43 48
35 44 80
35 45 19
35 46 56
35 47 25
35 48 69
35 49 58
35 50 50
35 51 46
35 52 7
35 53 47
35 54 47
35 55 52
35 56 99
35 57 29
35 58 6
35 59 12
35 60 14
35 61 5
35 62 9
35 63 89
35 64 36
35 65 42
35 66 39
35 67 39
35 68 88
35 69 94
35 70 56
35 71 96
35 72 95
35 73 5
35 74 68
35 75 72
35 76 34
35 77 23
35 78 56
35 79 30
35 80 65
35 81 16
35 82 34
35 83 76
35 84 5
35 85 29
35 86 71
35 87 24
35 88 68
35 89 20
35 90 91
35 91 32
35 92 53
35 93 27
35 94 13
35 95 29
35 96 88
35 97 92
35 98 43
35 99 85
35 100 91
36 0 34
36 1 89
36 2 8
36 3 57
36 4 31
36 5 35
36 6 6
36 7 52
36 8 43
36 9 47
36 10 80
36 11 72
36 12 23
36 13 53
36 14 68
36 15 38
36 16 44
36 17 85
36 18 31
36 19 15
36 20 45
36 21 33
36 22 74
36 23 45
36 24 56
36 25 21
36 26 22
36 27 26
36 28 28
36 29 83
36 30 58
36 31 63
36 32 65
36 33 49
36 34 8
36 35 71
36 37 92
36 38 11
36 39 10
36 40 99
36 41 73
36 42 75
36 43 18
36 44 23
36 45 9
36 46 85
36 47 82
36 48 19
36 49 60
36 50 2
36 51 47
36 52 36
36 53 87
36 54 28
36 55 31
36 56 20
36 57 68
36 58 12
36 59 61
36 60 13
36 61 57
36 62 78
36 63 61
36 64 23
36 65 59
36 66 25
36 67 59
36 68 19
36 69 55
36 70 49
36 71 23
36 72 99
36 73 63
36 74 9
36 75 71
36 76 27
36 77 69
36 78 85
36 79 54
36 80 92
36 81 5
36 82 92
36 83 78
36 84 24
36 85 64
36 86 48
36 87 8
36 88 40
36 89 80
36 90 67
36 91 32
36 92 70
36 93 73
36 94 14
36 95 14
36 96 53
36 97 18
36 98 21
36 99 87
36 100 80
37 0 34
37 1 89
37 2 76
37 3 83
37 4 51
37 5 27
37 6 85
37 7 67
37 8 27
37 9 71
37 10 80
37 11 57
37 12 61
37 13 82
37 14 54
37 15 14
37 16 66
37 17 19
37 18 60
37 19 43
37 20 55
37 21 26
37 22 3
37 23 93
37 24 7
37 25 24
37 26 80
37 27 25
37 28 97
37 29 74
37 30 41
37 31 56
37 32 80
37 33 4
37 34 2
37 35 5
37 36 82
37 38 19
37 39 66
37 40 84
37 41 76
37 42 94
37 43 81
37 44 47
37 45 88
37 46 79
37 47 9
37 48 68
37 49 64
37 50 68
37 51 17
37 52 49
37 53 75
37 54 78
37 55 65
37 56 36
37 57 80
37 58 12
37 59 46
37 60 7
37 61 98
37 62 93
37 63 49
37 64 31
37 65 9
37 66 56
37 67 54
37 68 70
37 69 63
37 70 2
37 71 38
37 72 82
37 73 21
37 74 63
37 75 90
37 76 65
37 77 73
37 78 3
37 79 94
37 80 96
37 81 72
37 82 17
37 83 99
37 84 20
37 85 77
37 86 30
37 87 83
37 88 94
37 89 87
37 90 56
37 91 43
37 92 53
37 93 2
37 94 41
37 95 98
37 96 94
37 97 69
37 98 8
37 99 21
37 100 6
38 0 79
38 1 6
38 2 30
38 3 30
38 4 98
38 5 70
38 6 62
38 7 74
38 8 21
38 9 7
38 10 93
38 11 75
38 12 88
38 13 28
38 14 27
38 15 10
38 16 64
38 17 42
38 18 34
38 19 74
38 20 33
38 21 55
38 22 34
38 23 88
38 24 71
38 25 51
38 26 84
38 27 7
38 28 80
38 29 20
38 30 83
38 31 15
38 32 22
38 33 47
38 34 39
38 35 29
38 36 59
38 37 51
38 39 20
38 40 17
38 41 20
38 42 91
38 43 10
38 44 35
38 45 28
38 46 65
38 47 25
38 48 31
38 49 79
38 50 47
38 51 34
38 52 46
38 53 68
38 54 29
38 55 61
38 56 30
38 57 51
38 58 59
38 59 29
38 60 19
38 61 22
38 62 23
38 63 65
38 64 38
38 65 70
38 66 93
38 67 54
38 68 62
38 69 33
38 70 82
38 71 32
38 72 13
38 73 98
38 74 13
38 75 83
38 76 3
38 77 59
38 78 44
38 79 25
38 80 84
38 81 26
38 82 63
38 83 86
38 84 51
38 85 50
38 86 25
38 87 34
38 88 75
38 89 28
38 90 97
38 91 23
38 92 53
38 93 89
38 94 42
38 95 90
38 96 27
38 97 98
38 98 62
38 99 1
38 100 24
39 0 46
39 1 34
39 2 88
39 3 77
39 4 35
39 5 40
39 6 19
39 7 7
39 8 44
39 9 5
39 10 4
39 11 38
39 12 23
39 13 25
39 14 91
39 15 43
39 16 11
39 17 33
39 18 66
39 19 80
39 20 81
39 21 82
39 22 1
39 23 75
39 24 32
39 25 55
39 26 16
39 27 63
39 28 42
39 29 45
39 30 67
39 31 70
39 32 89
39 33 84
39 34 54
39 35 59
39 36 38
39 37 46
39 38 88
39 40 58
39 41 51
39 42 36
39 43 3
39 44 97
39 45 91
39 46 22
39 47 10
39 48 64
39 49 91
39 50 71
39 51 38
39 52 49
39 53 8
39 54 3
39 55 69
39 56 58
39 57 96
39 58 16
39 59 98
39 60 79
39 61 72
39 62 48
39 63 95
39 64 75
39 65 27
39 66 68
39 67 70
39 68 6
39 69 36
39 70 95
39 71 23
39 72 59
39 73 87
39 74 89
39 75 18
39 76 43
39 77 39
39 78 70
39 79 19
39 80 6
39 81 50
39 82 82
39 83 20
39 84 10
39 85 10
39 86 20
39 87 24
39 88 11
39 89 92
39 90 42
39 91 76
39 92 2
39 93 42
39 94 14
39 95 79
39 96 89
39 97 53
39 98 4
39 99 9
39 100 86
40 0 72
40 1 9
40 2 87
40 3 84
40 4 39
40 5 77
40 6 45
40 7 92
40 8 57
40 9 84
40 10 32
40 11 72
40 12 23
40 13 50
40 14 9
40 15 62
40 16 11
40 17 43
40 18 22
40 19 21
40 20 91
40 21 42
40 22 51
40 23 43
40 24 37
40 25 39
40 26 53
40 27 10
40 28 5
40 29 87
40 30 93
40 31 76
40 32 31
40 33 6
40 34 66
40 35 9
40 36 27
40 37 33
40 38 7
40 39 85
40 41 20
40 42 29
40 43 68
40 44 22
40 45 91
40 46 89
40 47 46
40 48 88
40 49 8
40 50 13
40 51 60
40 52 13
40 53 36
40 54 7
40 55 66
40 56 29
40 57 28
40 58 84
40 59 59
40 60 87
40 61 12
40 62 32
40 63 66
40 64 60
40 65 56
40 66 30
40 67 48
40 68 33
40 69 23
40 70 54
40 71 9
40 72 31
40 73 23
40 74 61
40 75 70
40 76 97
40 77 20
40 78 97
40 79 40
40 80 40
40 81 44
40 82 17
40 83 30
40 84 53
40 85 52
40 86 28
40 87 39
40 88 86
40 89 40
40 90 91
40 91 20
40 92 31
40 93 64
40 94 30
40 95 80
40 96 57
40 97 6
40 98 70
40 99 78
40 100 50
41 0 93
41 1 25
41 2 77
41 3 84
41 4 14
41 5 85
41 6 29
41 7 96
41 8 95
41 9 46
41 10 18
41 11 78
41 12 15
41 13 45
41 14 39
41 15 73
41 16 14
41 17 18
41 18 79
41 19 48
41 20 62
41 21 4
41 22 9
41 23 18
41 24 19
41 25 2
41 26 28
41 27 87
41 28 78
41 29 70
41 30 97
41 31 89
41 32 91
41 33 80
41 34 55
41 35 71
41 36 93
41 37 14
41 38 20
41 39 87
41 40 58
41 42 93
41 43 52
41 44 9
41 45 64
41 46 57
41 47 49
41 48 39
41 49 81
41 50 58
41 51 61
41 52 47
41 53 18
41 54 1
41 55 65
41 56 6
41 57 55
41 58 89
41 59 33
41 60 85
41 61 81
41 62 75
41 63 2
41 64 33
41 65 49
41 66 94
41 67 85
41 68 40
41 69 63
41 70 60
41 71 67
41 72 73
41 73 67
41 74 3
41 75 31
41 76 94
41 77 19
41 78 31
41 79 16
41 80 94
41 81 8
41 82 50
41 83 42
41 84 48
41 85 11
41 86 47
41 87 19
41 88 96
41 89 98
41 90 77
41 91 65
41 92 23
41 93 31
41 94 11
41 95 5
41 96 74
41 97 83
41 98 1
41 99 6
41 100 92
42 0 73
42 1 8
42 2 46
42 3 29
42 4 78
42 5 45
42 6 8
42 7 68
42 8 27
42 9 84
42 10 75
42 11 38
42 12 32
42 13 16
42 14 85
42 15 68
42 16 73
42 17 24
42 18 85
42 19 67
42 20 47
42 21 60
42 22 21
42 23 59
42 24 64
42 25 23
42 26 39
42 27 52
42 28 14
42 29 32
42 30 80
42 31 11
42 32 80
42 33 18
42 34 65
42 35 57
42 36 22
42 37 14
42 38 54
42 39 99
42 40 1
42 41 57
42 43 28
42 44 75
42 45 43
42 46 90
42 47 15
42 48 78
42 49 65
42 50 82
42 51 85
42 52 57
42 53 12
42 54 74
42 55 71
42 56 21
42 57 26
42 58 81
42 59 42
42 60 23
42 61 84
42 62 21
42 63 98
42 64 14
42 65 31
42 66 81
42 67 88
42 68 22
42 69 40
42 70 39
42 71 83
42 72 31
42 73 94
42 74 26
42 75 23
42 76 86
42 77 86
42 78 93
42 79 21
42 80 55
42 81 26
42 82 98
42 83 48
42 84 10
42 85 24
42 86 47
42 87 8
42 88 90
42 89 95
42 90 27
42 91 94
42 92 1
42 93 48
42 94 14
42 95 33
42 96 81
42 97 45
42 98 41
42 99 14
42 100 81
43 0 14
43 1 96
43 2 50
43 3 11
43 4 22
43 5 28
43 6 77
43 7 70
43 8 14
43 9 62
43 10 40
43 11 54
43 12 76
43 13 11
43 14 85
43 15 15
43 16 71
43 17 48
43 18 6
43 19 71
43 20 99
43 21 62
43 22 69
43 23 66
43 24 90
43 25 33
43 26 24
43 27 53
43 28 72
43 29 98
43 30 36
43 31 87
43 32 86
43 33 12
43 34 98
43 35 25
43 36 80
43 37 45
43 38 66
43 39 33
43 40 42
43 41 90
43 42 98
43 44 43
43 45 84
43 46 20
43 47 72
43 48 72
43 49 97
43 50 70
43 51 54
43 52 91
43 53 88
43 54 83
43 55 40
43 56 15
43 57 33
43 58 59
43 59 75
43 60 52
43 61 46
43 62 53
43 63 11
43 64 69
43 65 78
43 66 93
43 67 75
43 68 32
43 69 21
43 70 98
43 71 95
43 72 41
43 73 29
43 74 11
43 75 48
43 76 16
43 77 12
43 78 22
43 79 67
43 80 79
43 81 14
43 82 79
43 83 81
43 84 57
43 85 7
43 86 8
43 87 81
43 88 61
43 89 26
43 90 67
43 91 63
43 92 67
43 93 88
43 94 22
43 95 1
43 96 63
43 97 99
43 98 20
43 99 97
43 100 13
44 0 74
44 1 65
44 2 60
44 3 10
44 4 7
44 5 58
44 6 42
44 7 44
44 8 29
44 9 78
44 10 15
44 11 33
44 12 36
44 13 32
44 14 57
44 15 20
44 16 16
44 17 18
44 18 31
44 19 85
44 20 13
44 21 90
44 22 34
44 23 33
44 24 85
44 25 82
44 26 51
44 27 14
44 28 84
44 29 75
44 30 52
44 31 31
44 32 68
44 33 10
44 34 23
44 35 87
44 36 55
44 37 3
44 38 27
44 39 74
44 40 29
44 41 92
44 42 49
44 43 38
44 45 44
44 46 20
44 47 86
44 48 68
44 49 17
44 50 1
44 51 27
44 52 32
44 53 35
44 54 36
44 55 2
44 56 71
44 57 65
44 58 79
44 59 8
44 60 56
44 61 75
44 62 14
44 63 53
44 64 98
44 65 20
44 66 6
44 67 49
44 68 18
44 69 26
44 70 30
44 71 36
44 72 89
44 73 51
44 74 34
44 75 32
44 76 80
44 77 89
44 78 7
44 79 15
44 80 24
44 81 7
44 82 36
44 83 78
44 84 81
44 85 84
44 86 71
44 87 77
44 88 62
44 89 24
44 90 47
44 91 19
44 92 10
44 93 51
44 94 93
44 95 27
44 96 41
44 97 1
44 98 37
44 99 69
44 100 61
45 0 98
45 1 33
45 2 84
45 3 4
45 4 72
45 5 1
45 6 91
45 7 62
45 8 95
45 9 32
45 10 73
45 11 31
45 12 39
45 13 31
45 14 58
45 15 90
45 16 75
45 17 78
45 18 27
45 19 42
45 20 57
45 21 82
45 22 48
45 23 30
45 24 9
45 25 88
45 26 15
45 27 72
45 28 77
45 29 67
45 30 64
45 31 39
45 32 19
45 33 66
45 34 64
45 35 50
45 36 20
45 37 5
45 38 28
45 39 53
45 40 40
45 41 24
45 42 99
45 43 20
45 44 63
45 46 81
45 47 43
45 48 24
45 49 24
45 50 70
45 51 77
45 52 25
45 53 72
45 54 62
45 55 92
45 56 50
45 57 19
45 58 96
45 59 7
45 60 10
45 61 20
45 62 51
45 63 54
45 64 53
45 65 64
45 66 7
45 67 67
45 68 47
45 69 45
45 70 97
45 71 85
45 72 27
45 73 94
45 74 30
45 75 91
45 76 6
45 77 35
45 78 70
45 79 60
45 80 60
45 81 68
45 82 58
45 83 51
45 84 8
45 85 91
45 86 1
45 87 33
45 88 85
45 89 86
45 90 43
45 91 26
45 92 42
45 93 51
45 94 9
45 95 34
45 96 90
45 97 99
45 98 71
45 99 87
45 100 4
46 0 70
46 1 85
46 2 46
46 3 19
46 4 56
46 5 26
46 6 5
46 7 68
46 8 35
46 9 82
46 10 34
46 11 94
46 12 40
46 13 13
46 14 90
46 15 45
46 16 6
46 17 47
46 18 89
46 19 55
46 20 86
46 21 25
46 22 90
46 23 71
46 24 91
46 25 63
46 26 84
46 27 39
46 28 46
46 29 96
46 30 1
46 31 25
46 32 83
46 33 52
46 34 43
46 35 80
46 36 37
46 37 40
46 38 12
46 39 24
46 40 88
46 41 45
46 42 70
46 43 22
46 44 82
46 45 47
46 47 80
46 48 84
46 49 96
46 50 7
46 51 33
46 52 65
46 53 13
46 54 92
46 55 74
46 56 85
46 57 13
46 58 60
46 59 42
46 60 96
46 61 86
46 62 32
46 63 60
46 64 34
46 65 2
46 66 28
46 67 58
46 68 75
46 69 68
46 70 91
46 71 32
46 72 49
46 73 27
46 74 68
46 75 28
46 76 67
46 77 42
46 78 53
46 79 50
46 80 33
46 81 73
46 82 19
46 83 47
46 84 43
46 85 79
46 86 97
46 87 96
46 88 84
46 89 42
46 90 10
46 91 8
46 92 46
46 93 3
46 94 5
46 95 43
46 96 48
46 97 78
46 98 54
46 99 82
46 100 6
47 0 30
47 1 36
47 2 79
47 3 7
47 4 21
47 5 44
47 6 38
47 7 17
47 8 98
47 9 33
47 10 30
47 11 92
47 12 80
47 13 58
47 14 30
47 15 76
47 16 63
47 17 39
47 18 22
47 19 44
47 20 32
47 21 34
47 22 61
47 23 64
47 24 18
47 25 2
47 26 91
47 27 3
47 28 82
47 29 18
47 30 77
47 31 90
47 32 14
47 33 76
47 34 65
47 35 4
47 36 92
47 37 39
47 38 42
47 39 33
47 40 43
47 41 74
47 42 84
47 43 87
47 44 6
47 45 62
47 46 73
47 48 45
47 49 84
47 50 60
47 51 82
47 52 74
47 53 55
47 54 56
47 55 47
47 56 87
47 57 70
47 58 24
47 59 92
47 60 57
47 61 16
47 62 27
47 63 11
47 64 89
47 65 47
47 66 44
47 67 68
47 68 59
47 69 59
47 70 3
47 71 38
47 72 28
47 73 83
47 74 75
47 75 2
47 76 10
47 77 65
47 78 88
47 79 8
47 80 3
47 81 53
47 82 77
47 83 19
47 84 60
47 85 57
47 86 9
47 87 45
47 88 24
47 89 93
47 90 90
47 91 70
47 92 98
47 93 43
47 94 38
47 95 23
47 96 44
47 97 57
47 98 59
47 99 23
47 100 23
48 0 26
48 1 68
48 2 69
48 3 46
48 4 21
48 5 90
48 6 66
48 7 41
48 8 41
48 9 98
48 10 16
48 11 85
48 12 93
48 13 43
48 14 33
48 15 81
48 16 47
48 17 59
48 18 68
48 19 91
48 20 73
48 21 40
48 22 87
48 23 40
48 24 33
48 25 91
48 26 7
48 27 79
48 28 74
48 29 12
48 30 69
48 31 97
48 32 35
48 33 83
48 34 28
48 35 34
48 36 71
48 37 49
48 38 69
48 39 19
48 40 60
48 41 62
48 42 88
48 43 55
48 44 20
48 45 3
48 46 35
48 47 94
48 49 38
48 50 1
48 51 14
48 52 38
48 53 74
48 54 87
48 55 33
48 56 55
48 57 46
48 58 85
48 59 74
48 60 21
48 61 10
48 62 48
48 63 95
48 64 29
48 65 46
48 66 51
48 67 1
48 68 10
48 69 82
48 70 85
48 71 90
48 72 43
48 73 16
48 74 71
48 75 65
48 76 14
48 77 47
48 78 8
48 79 33
48 80 48
48 81 20
48 82 33
48 83 97
48 84 3
48 85 11
48 86 31
48 87 43
48 88 97
48 89 10
48 90 42
48 91 39
48 92 65
48 93 40
48 94 63
48 95 99
48 96 45
48 97 44
48 98 42
48 99 34
48 100 29
49 0 99
49 1 48
49 2 52
49 3 23
49 4 25
49 5 31
49 6 92
49 7 2
49 8 63
49 9 1
49 10 73
49 11 84
49 12 33
49 13 9
49 14 53
49 15 66
49 16 90
49 17 78
49 18 4
49 19 80
49 20 74
49 21 58
49 22 16
49 23 53
49 24 75
49 25 59
49 26 14
49 27 35
49 28 37
49 29 94
49 30 40
49 31 81
49 32 92
49 33 17
49 34 17
49 35 6
49 36 52
49 37 70
49 38 7
49 39 87
49 40 9
49 41 9
49 42 85
49 43 2
49 44 88
49 45 62
49 46 30
49 47 45
49 48 64
49 50 92
49 51 3
49 52 4
49 53 29
49 54 2
49 55 3
49 56 13
49 57 78
49 58 92
49 59 30
49 60 11
49 61 60
49 62 41
49 63 78
49 64 50
49 65 23
49 66 80
49 67 54
49 68 70
49 69 3
49 70 13
49 71 22
49 72 78
49 73 18
49 74 90
49 75 82
49 76 69
49 77 48
49 78 47
49 79 26
49 80 81
49 81 83
49 82 58
49 83 3
49 84 84
49 85 32
49 86 26
49 87 85
49 88 53
49 89 40
49 90 32
49 91 59
49 92 36
49 93 97
49 94 59
49 95 96
49 96 3
49 97 9
49 98 36
49 99 11
49 100 44
50 0 18
50 1 36
50 2 90
50 3 9
50 4 43
50 5 46
50 6 28
50 7 40
50 8 69
50 9 43
50 10 56
50 11 53
50 12 13
50 13 75
50 14 29
50 15 63
50 16 12
50 17 75
50 18 25
50 19 55
50 20 35
50 21 32
50 22 60
50 23 39
50 24 8
50 25 48
50 26 8
50 27 21
50 28 44
50 29 2
50 30 44
50 31 36
50 32 30
50 33 39
50 34 41
50 35 96
50 36 95
50 37 35
50 38 16
50 39 74
50 40 39
50 41 24
50 42 24
50 43 30
50 44 77
50 45 18
50 46 83
50 47 28
50 48 25
50 49 49
50 51 64
50 52 3
50 53 15
50 54 89
50 55 71
50 56 13
50 57 95
50 58 12
50 59 73
50 60 3
50 61 50
50 62 46
50 63 24
50 64 52
50 65 33
50 66 24
50 67 27
50 68 95
50 69 41
50 70 23
50 71 7
50 72 13
50 73 22
50 74 92
50 75 28
50 76 26
50 77 16
50 78 49
50 79 74
50 80 50
50 81 58
50 82 97
50 83 52
50 84 35
50 85 65
50 86 40
50 87 69
50 88 15
50 89 11
50 90 59
50 91 47
50 92 65
50 93 21
50 94 76
50 95 86
50 96 36
50 97 32
50 98 51
50 99 84
50 100 52
51 0 27
51 1 90
51 2 28
51 3 49
51 4 60
51 5 71
51 6 83
51 7 22
51 8 65
51 9 73
51 10 30
51 11 77
51 12 66
51 13 87
51 14 22
51 15 17
51 16 15
51 17 82
51 18 44
51 19 8
51 20 93
51 21 10
51 22 24
51 23 42
51 24 73
51 25 70
51 26 16
51 27 79
51 28 16
51 29 81
51 30 39
51 31 47
51 32 1
51 33 47
51 34 6
51 35 10
51 36 58
51 37 2
51 38 28
51 39 84
51 40 77
51 41 14
51 42 26
51 43 35
51 44 62
51 45 85
51 46 69
51 47 82
51 48 1
51 49 91
51 50 85
51 52 26
51 53 91
51 54 75
51 55 64
51 56 55
51 57 6
51 58 94
51 59 99
51 60 46
51 61 96
51 62 90
51 63 29
51 64 96
51 65 15
51 66 7
51 67 52
51 68 70
51 69 94
51 70 81
51 71 81
51 72 78
51 73 91
51 74 83
51 75 62
51 76 79
51 77 20
51 78 10
51 79 67
51 80 25
51 81 24
51 82 30
51 83 57
51 84 1
51 85 50
51 86 12
51 87 4
51 88 2
51 89 1
51 90 37
51 91 59
51 92 90
51 93 2
51 94 43
51 95 82
51 96 58
51 97 88
51 98 15
51 99 54
51 100 93
52 0 89
52 1 84
52 2 48
52 3 53
52 4 84
52 5 68
52 6 41
52 7 19
52 8 37
52 9 76
52 10 43
52 11 12
52 12 43
52 13 74
52 14 28
52 15 53
52 16 59
52 17 89
52 18 90
52 19 20
52 20 51
52 21 27
52 22 37
52 23 18
52 24 62
52 25 84
52 26 24
52 27 31
52 28 90
52 29 4
52 30 27
52 31 69
52 32 26
52 33 62
52 34 36
52 35 47
52 36 8
52 37 31
52 38 56
52 39 27
52 40 35
52 41 90
52 42 81
52 43 94
52 44 25
52 45 16
52 46 72
52 47 23
52 48 91
52 49 19
52 50 65
52 51 27
52 53 23
52 54 67
52 55 28
52 56 15
52 57 98
52 58 31
52 59 78
52 60 1
52 61 72
52 62 21
52 63 65
52 64 1
52 65 96
52 66 79
52 67 4
52 68 51
52 69 69
52 70 4
52 71 22
52 72 27
52 73 61
52 74 58
52 75 55
52 76 87
52 77 48
52 78 14
52 79 78
52 80 45
52 81 67
52 82 52
52 83 59
52 84 89
52 85 33
52 86 58
52 87 81
52 88 36
52 89 57
52 90 96
52 91 74
52 92 77
52 93 71
52 94 91
52 95 73
52 96 93
52 97 83
52 98 30
52 99 87
52 100 10
53 0 13
53 1 74
53 2 1
53 3 40
53 4 6
53 5 37
53 6 45
53 7 26
53 8 39
53 9 13
53 10 40
53 11 99
53 12 38
53 13 64
53 14 76
53 15 64
53 16 72
53 17 53
53 18 90
53 19 5
53 20 74
53 21 39
53 22 14
53 23 62
53 24 39
53 25 79
53 26 79
53 27 16
53 28 94
53 29 81
53 30 55
53 31 94
53 32 44
53 33 33
53 34 49
53 35 17
53 36 88
53 37 90
53 38 18
53 39 44
53 40 74
53 41 62
53 42 9
53 43 18
53 44 57
53 45 56
53 46 47
53 47 36
53 48 59
53 49 97
53 50 70
53 51 40
53 52 49
53 54 49
53 55 87
53 56 93
53 57 45
53 58 12
53 59 8
53 60 74
53 61 38
53 62 63
53 63 61
53 64 55
53 65 12
53 66 3
53 67 2
53 68 57
53 69 82
53 70 41
53 71 90
53 72 28
53 73 74
53 74 98
53 75 16
53 76 53
53 77 22
53 78 39
53 79 25
53 80 40
53 81 68
53 82 81
53 83 11
53 84 56
53 85 66
53 86 72
53 87 76
53 88 8
53 89 60
53 90 3
53 91 59
53 92 51
53 93 25
53 94 26
53 95 81
53 96 83
53 97 89
53 98 32
53 99 9
53 100 85
54 0 83
54 1 29
54 2 60
54 3 76
54 4 38
54 5 65
54 6 90
54 7 42
54 8 88
54 9 65
54 10 88
54 11 66
54 12 38
54 13 47
54 14 36
54 15 92
54 16 74
54 17 49
54 18 18
54 19 30
54 20 77
54 21 34
54 22 75
54 23 4
54 24 57
54 25 74
54 26 11
54 27 93
54 28 56
54 29 48
54 30 18
54 31 22
54 32 14
54 33 87
54 34 13
54 35 41
54 36 24
54 37 21
54 38 9
54 39 56
54 40 48
54 41 38
54 42 77
54 43 26
54 44 10
54 45 3
54 46 51
54 47 65
54 48 57
54 49 3
54 50 32
54 51 99
54 52 94
54 53 76
54 55 82
54 56 69
54 57 90
54 58 17
54 59 24
54 60 14
54 61 97
54 62 59
54 63 54
54 64 89
54 65 81
54 66 99
54 67 96
54 68 70
54 69 31
54 70 24
54 71 3
54 72 20
54 73 9
54 74 17
54 75 23
54 76 24
54 77 53
54 78 10
54 79 85
54 80 68
54 81 94
54 82 12
54 83 62
54 84 28
54 85 66
54 86 1
54 87 45
54 88 15
54 89 44
54 90 7
54 91 10
54 92 61
54 93 84
54 94 14
54 95 50
54 96 77
54 97 45
54 98 27
54 99 19
54 100 64
55 0 15
55 1 75
55 2 33
55 3 32
55 4 23
55 5 43
55 6 95
55 7 8
55 8 64
55 9 6
55 10 57
55 11 94
55 12 47
55 13 67
55 14 38
55 15 7
55 16 69
55 17 79
55 18 95
55 19 72
55 20 73
55 21 47
55 22 78
55 23 33
55 24 38
55 25 94
55 26 58
55 27 67
55 28 62
55 29 14
55 30 90
55 31 37
55 32 86
55 33 23
55 34 13
55 35 79
55 36 46
55 37 65
55 38 98
55 39 32
55 40 98
55 41 98
55 42 52
55 43 35
55 44 51
55 45 87
55 46 45
55 47 2
55 48 76
55 49 31
55 50 19
55 51 49
55 52 89
55 53 8
55 54 77
55 56 26
55 57 46
55 58 86
55 59 30
55 60 37
55 61 37
55 62 17
55 63 56
55 64 27
55 65 66
55 66 6
55 67 99
55 68 62
55 69 59
55 70 81
55 71 48
55 72 87
55 73 24
55 74 40
55 75 52
55 76 62
55 77 72
55 78 97
55 79 52
55 80 10
55 81 85
55 82 10
55 83 43
55 84 76
55 85 76
55 86 80
55 87 91
55 88 1
55 89 80
55 90 76
55 91 76
55 92 49
55 93 78
55 94 67
55 95 8
55 96 96
55 97 20
55 98 71
55 99 21
55 100 28
56 0 78
56 1 38
56 2 40
56 3 86
56 4 34
56 5 46
56 6 34
56 7 42
56 8 86
56 9 19
56 10 61
56 11 55
56 12 43
56 13 60
56 14 98
56 15 57
56 16 61
56 17 95
56 18 31
56 19 24
56 20 26
56 21 9
56 22 56
56 23 32
56 24 10
56 25 65
56 26 79
56 27 41
56 28 76
56 29 54
56 30 42
56 31 92
56 32 27
56 33 48
56 34 67
56 35 50
56 36 8
56 37 72
56 38 86
56 39 64
56 40 31
56 41 62
56 42 1
56 43 22
56 44 55
56 45 72
56 46 54
56 47 12
56 48 10
56 49 74
56 50 39
56 51 72
56 52 72
56 53 23
56 54 65
56 55 2
56 57 21
56 58 40
56 59 9
56 60 12
56 61 41
56 62 67
56 63 55
56 64 63
56 65 79
56 66 89
56 67 88
56 68 4
56 69 10
56 70 99
56 71 32
56 72 23
56 73 1
56 74 80
56 75 26
56 76 81
56 77 54
56 78 39
56 79 13
56 80 58
56 81 61
56 82 68
56 83 21
56 84 27
56 85 94
56 86 75
56 87 46
56 88 75
56 89 96
56 90 46
56 91 98
56 92 85
56 93 83
56 94 99
56 95 90
56 96 44
56 97 88
56 98 48
56 99 62
56 100 7
57 0 33
57 1 40
57 2 88
57 3 70
57 4 86
57 5 97
57 6 19
57 7 7
57 8 35
57 9 91
57 10 33
57 11 1
57 12 84
57 13 52
57 14 88
57 15 5
57 16 95
57 17 90
57 18 94
57 19 36
57 20 13
57 21 26
57 22 41
57 23 53
57 24 89
57 25 31
57 26 87
57 27 9
57 28 3
57 29 61
57 30 62
57 31 32
57 32 41
57 33 99
57 34 43
57 35 77
57 36 14
57 37 21
57 38 10
57 39 74
57 40 14
57 41 43
57 42 64
57 43 47
57 44 74
57 45 88
57 46 40
57 47 98
57 48 8
57 49 9
57 50 9
57 51 14
57 52 78
57 53 31
57 54 41
57 55 95
57 56 19
57 58 6
57 59 56
57 60 89
57 61 42
57 62 62
57 63 2
57 64 79
57 65 90
57 66 23
57 67 60
57 68 15
57 69 10
57 70 89
57 71 89
57 72 34
57 73 33
57 74 94
57 75 90
57 76 9
57 77 56
57 78 14
57 79 51
57 80 17
57 81 18
57 82 15
57 83 24
57 84 91
57 85 62
57 86 80
57 87 85
57 88 50
57 89 87
57 90 92
57 91 32
57 92 80
57 93 15
57 94 82
57 95 60
57 96 27
57 97 50
57 98 9
57 99 72
57 100 72
58 0 80
58 1 58
58 2 77
58 3 63
58 4 37
58 5 88
58 6 46
58 7 26
58 8 97
58 9 18
58 10 32
58 11 33
58 12 33
58 13 13
58 14 99
58 15 31
58 16 71
58 17 52
58 18 42
58 19 25
58 20 22
58 21 9
58 22 54
58 23 6
58 24 10
58 25 62
58 26 18
58 27 29
58 28 73
58 29 18
58 30 52
58 31 96
58 32 84
58 33 74
58 34 87
58 35 77
58 36 99
58 37 63
58 38 51
58 39 4
58 40 29
58 41 43
58 42 98
58 43 39
58 44 30
58 45 51
58 46 97
58 47 18
58 48 61
58 49 10
58 50 60
58 51 99
58 52 70
58 53 87
58 54 78
58 55 41
58 56 26
58 57 59
58 59 12
58 60 21
58 61 7
58 62 86
58 63 61
58 64 66
58 65 6
58 66 69
58 67 19
58 68 94
58 69 14
58 70 20
58 71 53
58 72 87
58 73 28
58 74 46
58 75 95
58 76 56
58 77 55
58 78 45
58 79 39
58 80 21
58 81 70
58 82 8
58 83 74
58 84 94
58 85 2
58 86 85
58 87 34
58 88 74
58 89 36
58 90 10
58 91 88
58 92 23
58 93 13
58 94 24
58 95 78
58 96 41
58 97 26
58 98 72
58 99 69
58 100 80
59 0 4
59 1 84
59 2 15
59 3 51
59 4 31
59 5 67
59 6 18
59 7 58
59 8 86
59 9 58
59 10 1
59 11 70
59 12 69
59 13 69
59 14 87
59 15 46
59 16 53
59 17 77
59 18 10
59 19 89
59 20 15
59 21 3
59 22 97
59 23 85
59 24 38
59 25 97
59 26 30
59 27 41
59 28 15
59 29 97
59 30 97
59 31 90
59 32 50
59 33 87
59 34 44
59 35 12
59 36 87
59 37 93
59 38 94
59 39 13
59 40 13
59 41 54
59 42 52
59 43 63
59 44 42
59 45 22
59 46 94
59 47 66
59 48 17
59 49 21
59 50 51
59 51 73
59 52 84
59 53 69
59 54 6
59 55 43
59 56 9
59 57 92
59 58 28
59 60 50
59 61 79
59 62 51
59 63 70
59 64 74
59 65 54
59 66 38
59 67 61
59 68 96
59 69 90
59 70 59
59 71 52
59 72 3
59 73 28
59 74 20
59 75 36
59 76 62
59 77 5
59 78 56
59 79 10
59 80 54
59 81 37
59 82 80
59 83 28
59 84 45
59 85 52
59 86 99
59 87 78
59 88 48
59 89 37
59 90 2
59 91 21
59 92 45
59 93 46
59 94 12
59 95 16
59 96 72
59 97 72
59 98 14
59 99 91
59 100 93
60 0 82
60 1 42
60 2 56
60 3 30
60 4 66
60 5 10
60 6 42
60 7 7
60 8 56
60 9 60
60 10 59
60 11 66
60 12 96
60 13 14
60 14 3
60 15 57
60 16 32
60 17 19
60 18 5
60 19 6
60 20 12
60 21 96
60 22 93
60 23 15
60 24 34
60 25 88
60 26 92
60 27 19
60 28 3
60 29 16
60 30 95
60 31 81
60 32 6
60 33 54
60 34 29
60 35 21
60 36 63
60 37 65
60 38 18
60 39 5
60 40 55
60 41 12
60 42 20
60 43 39
60 44 10
60 45 84
60 46 38
60 47 38
60 48 47
60 49 99
60 50 95
60 51 3
60 52 50
60 53 48
60 54 48
60 55 39
60 56 20
60 57 57
60 58 13
60 59 17
60 61 74
60 62 84
60 63 4
60 64 83
60 65 48
60 66 62
60 67 17
60 68 24
60 69 19
60 70 30
60 71 50
60 72 8
60 73 67
60 74 70
60 75 63
60 76 11
60 77 19
60 78 49
60 79 16
60 80 10
60 81 40
60 82 15
60 83 33
60 84 97
60 85 96
60 86 37
60 87 89
60 88 61
60 89 57
60 90 44
60 91 84
60 92 95
60 93 19
60 94 87
60 95 4
60 96 48
60 97 94
60 98 90
60 99 26
60 100 54
61 0 96
61 1 87
61 2 22
61 3 14
61 4 91
61 5 73
61 6 63
61 7 89
61 8 17
61 9 67
61 10 47
61 11 65
61 12 47
61 13 98
61 14 99
61 15 91
61 16 18
61 17 62
61 18 24
61 19 60
61 20 80
61 21 83
61 22 16
61 23 43
61 24 52
61 25 61
61 26 67
61 27 4
61 28 58
61 29 82
61 30 26
61 31 97
61 32 20
61 33 23
61 34 64
61 35 27
61 36 24
61 37 43
61 38 56
61 39 45
61 40 51
61 41 56
61 42 69
61 43 15
61 44 69
61 45 18
61 46 21
61 47 62
61 48 24
61 49 11
61 50 82
61 51 35
61 52 80
61 53 99
61 54 35
61 55 58
61 56 95
61 57 66
61 58 41
61 59 76
61 60 59
61 62 42
61 63 7
61 64 87
61 65 81
61 66 51
61 67 9
61 68 44
61 69 70
61 70 40
61 71 60
61 72 74
61 73 33
61 74 94
61 75 67
61 76 85
61 77 96
61 78 19
61 79 51
61 80 87
61 81 36
61 82 18
61 83 90
61 84 92
61 85 41
61 86 44
61 87 65
61 88 39
61 89 15
61 90 9
61 91 15
61 92 98
61 93 13
61 94 80
61 95 82
61 96 21
61 97 15
61 98 66
61 99 65
61 100 66
62 0 69
62 1 7
62 2 78
62 3 24
62 4 76
62 5 90
62 6 20
62 7 51
62 8 7
62 9 40
62 10 51
62 11 52
62 12 67
62 13 31
62 14 9
62 15 14
62 16 81
62 17 65
62 18 45
62 19 18
62 20 1
62 21 14
62 22 19
62 23 48
62 24 18
62 25 25
62 26 45
62 27 88
62 28 62
62 29 96
62 30 85
62 31 87
62 32 62
62 33 19
62 34 70
62 35 41
62 36 93
62 37 79
62 38 30
62 39 19
62 40 81
62 41 3
62 42 38
62 43 58
62 44 79
62 45 59
62 46 4
62 47 26
62 48 62
62 49 87
62 50 17
62 51 37
62 52 84
62 53 84
62 54 25
62 55 14
62 56 51
62 57 13
62 58 97
62 59 7
62 60 82
62 61 93
62 63 50
62 64 76
62 65 19
62 66 65
62 67 88
62 68 95
62 69 16
62 70 32
62 71 7
62 72 36
62 73 62
62 74 32
62 75 52
62 76 96
62 77 14
62 78 74
62 79 39
62 80 36
62 81 49
62 82 55
62 83 9
62 84 74
62 85 9
62 86 75
62 87 96
62 88 32
62 89 62
62 90 28
62 91 90
62 92 25
62 93 7
62 94 38
62 95 68
62 96 48
62 97 67
62 98 87
62 99 15
62 100 47
63 0 9
63 1 43
63 2 94
63 3 66
63 4 24
63 5 42
63 6 10
63 7 57
63 8 52
63 9 27
63 10 74
63 11 92
63 12 72
63 13 86
63 14 85
63 15 36
63 16 8
63 17 64
63 18 4
63 19 74
63 20 18
63 21 11
63 22 25
63 23 99
63 24 14
63 25 6
63 26 86
63 27 59
63 28 23
63 29 51
63 30 35
63 31 88
63 32 44
63 33 77
63 34 11
63 35 29
63 36 20
63 37 38
63 38 60
63 39 86
63 40 7
63 41 27
63 42 47
63 43 23
63 44 91
63 45 45
63 46 66
63 47 63
63 48 42
63 49 92
63 50 92
63 51 27
63 52 80
63 53 60
63 54 20
63 55 18
63 56 90
63 57 24
63 58 54
63 59 38
63 60 94
63 61 73
63 62 4
63 64 31
63 65 86
63 66 86
63 67 50
63 68 93
63 69 97
63 70 74
63 71 43
63 72 52
63 73 21
63 74 80
63 75 43
63 76 33
63 77 36
63 78 24
63 79 21
63 80 54
63 81 87
63 82 64
63 83 45
63 84 75
63 85 23
63 86 73
63 87 24
63 88 53
63 89 94
63 90 36
63 91 29
63 92 63
63 93 91
63 94 43
63 95 52
63 96 38
63 97 87
63 98 32
63 99 6
63 100 11
64 0 99
64 1 21
64 2 91
64 3 50
64 4 99
64 5 68
64 6 25
64 7 13
64 8 95
64 9 97
64 10 40
64 11 99
64 12 71
64 13 19
64 14 28
64 15 94
64 16 36
64 17 50
64 18 19
64 19 65
64 20 74
64 21 91
64 22 88
64 23 50
64 24 89
64 25 38
64 26 84
64 27 31
64 28 35
64 29 86
64 30 56
64 31 72
64 32 28
64 33 75
64 34 32
64 35 63
64 36 77
64 37 3
64 38 99
64 39 57
64 40 31
64 41 41
64 42 29
64 43 95
64 44 97
64 45 20
64 46 44
64 47 53
64 48 15
64 49 45
64 50 44
64 51 15
64 52 76
64 53 28
64 54 72
64 55 88
64 56 47
64 57 63
64 58 73
64 59 30
64 60 24
64 61 63
64 62 79
64 63 37
64 65 25
64 66 24
64 67 46
64 68 80
64 69 42
64 70 75
64 71 46
64 72 64
64 73 74
64 74 11
64 75 83
64 76 72
64 77 44
64 78 85
64 79 33
64 80 30
64 81 93
64 82 44
64 83 84
64 84 89
64 85 13
64 86 83
64 87 33
64 88 73
64 89 41
64 90 8
64 91 52
64 92 14
64 93 46
64 94 35
64 95 13
64 96 64
64 97 48
64 98 58
64 99 37
64 100 67
65 0 4
65 1 73
65 2 66
65 3 53
65 4 77
65 5 68
65 6 54
65 7 65
65 8 68
65 9 37
65 10 69
65 11 65
65 12 9
65 13 81
65 14 94
65 15 2
65 16 66
65 17 33
65 18 79
65 19 43
65 20 96
65 21 43
65 22 67
65 23 3
65 24 35
65 25 39
65 26 48
65 27 93
65 28 24
65 29 28
65 30 67
65 31 79
65 32 55
65 33 38
65 34 95
65 35 39
65 36 49
65 37 75
65 38 36
65 39 99
65 40 66
65 41 35
65 42 92
65 43 76
65 44 75
65 45 52
65 46 84
65 47 66
65 48 98
65 49 1
65 50 97
65 51 68
65 52 70
65 53 73
65 54 38
65 55 87
65 56 43
65 57 27
65 58 64
65 59 16
65 60 84
65 61 14
65 62 93
65 63 26
65 64 97
65 66 26
65 67 4
65 68 1
65 69 42
65 70 78
65 71 17
65 72 77
65 73 2
65 74 2
65 75 66
65 76 39
65 77 4
65 78 30
65 79 2
65 80 49
65 81 2
65 82 85
65 83 12
65 84 22
65 85 94
65 86 68
65 87 85
65 88 94
65 89 29
65 90 82
65 91 96
65 92 14
65 93 40
65 94 38
65 95 98
65 96 19
65 97 28
65 98 77
65 99 79
65 100 3
66 0 96
66 1 78
66 2 50
66 3 49
66 4 55
66 5 65
66 6 47
66 7 69
66 8 12
66 9 11
66 10 96
66 11 12
66 12 42
66 13 46
66 14 52
66 15 12
66 16 13
66 17 1
66 18 25
66 19 54
66 20 59
66 21 3
66 22 37
66 23 8
66 24 25
66 25 27
66 26 32
66 27 47
66 28 74
66 29 97
66 30 75
66 31 26
66 32 7
66 33 92
66 34 20
66 35 51
66 36 51
66 37 48
66 38 31
66 39 36
66 40 90
66 41 78
66 42 45
66 43 96
66 44 99
66 45 75
66 46 54
66 47 80
66 48 57
66 49 2
66 50 14
66 51 25
66 52 39
66 53 53
66 54 18
66 55 31
66 56 21
66 57 39
66 58 33
66 59 69
66 60 29
66 61 40
66 62 45
66 63 46
66 64 57
66 65 48
66 67 57
66 68 42
66 69 55
66 70 77
66 71 67
66 72 13
66 73 38
66 74 9
66 75 65
66 76 12
66 77 96
66 78 54
66 79 90
66 80 3
66 81 85
66 82 41
66 83 76
66 84 42
66 85 65
66 86 4
66 87 43
66 88 71
66 89 42
66 90 12
66 91 93
66 92 16
66 93 26
66 94 30
66 95 2
66 96 94
66 97 39
66 98 64
66 99 47
66 100 34
67 0 55
67 1 51
67 2 57
67 3 97
67 4 22
67 5 26
67 6 71
67 7 64
67 8 45
67 9 59
67 10 1
67 11 43
67 12 38
67 13 72
67 14 45
67 15 94
67 16 1
67 17 14
67 18 61
67 19 32
67 20 63
67 21 17
67 22 92
67 23 41
67 24 60
67 25 52
67 26 85
67 27 78
67 28 77
67 29 98
67 30 60
67 31 54
67 32 44
67 33 17
67 34 72
67 35 28
67 36 7
67 37 94
67 38 91
67 39 58
67 40 18
67 41 86
67 42 45
67 43 81
67 44 32
67 45 54
67 46 16
67 47 32
67 48 45
67 49 65
67 50 43
67 51 43
67 52 97
67 53 31
67 54 54
67 55 80
67 56 37
67 57 14
67 58 81
67 59 59
67 60 31
67 61 51
67 62 78
67 63 75
67 64 74
67 65 29
67 66 4
67 68 88
67 69 83
67 70 98
67 71 8
67 72 85
67 73 69
67 74 40
67 75 8
67 76 48
67 77 15
67 78 45
67 79 15
67 80 22
67 81 27
67 82 34
67 83 69
67 84 53
67 85 97
67 86 37
67 87 67
67 88 37
67 89 71
67 90 28
67 91 14
67 92 2
67 93 78
67 94 23
67 95 55
67 96 8
67 97 71
67 98 25
67 99 36
67 100 21
68 0 99
68 1 73
68 2 67
68 3 51
68 4 93
68 5 10
68 6 15
68 7 14
68 8 83
68 9 52
68 10 88
68 11 75
68 12 85
68 13 52
68 14 51
68 15 75
68 16 3
68 17 10
68 18 38
68 19 21
68 20 84
68 21 78
68 22 31
68 23 91
68 24 41
68 25 56
68 26 95
68 27 37
68 28 29
68 29 46
68 30 47
68 31 29
68 32 14
68 33 85
68 34 47
68 35 87
68 36 16
68 37 26
68 38 45
68 39 61
68 40 51
68 41 32
68 42 69
68 43 27
68 44 36
68 45 15
68 46 18
68 47 64
68 48 77
68 49 39
68 50 91
68 51 61
68 52 23
68 53 78
68 54 68
68 55 80
68 56 44
68 57 23
68 58 39
68 59 34
68 60 71
68 61 9
68 62 9
68 63 20
68 64 30
68 65 32
68 66 63
68 67 26
68 69 73
68 70 83
68 71 93
68 72 43
68 73 29
68 74 59
68 75 10
68 76 15
68 77 81
68 78 5
68 79 15
68 80 93
68 81 11
68 82 87
68 83 72
68 84 74
68 85 84
68 86 59
68 87 15
68 88 37
68 89 87
68 90 52
68 91 67
68 92 39
68 93 21
68 94 81
68 95 21
68 96 59
68 97 95
68 98 63
68 99 47
68 100 20
69 0 74
69 1 1
69 2 82
69 3 13
69 4 58
69 5 3
69 6 23
69 7 71
69 8 96
69 9 62
69 10 23
69 11 10
69 12 74
69 13 4
69 14 83
69 15 54
69 16 83
69 17 3
69 18 38
69 19 42
69 20 62
69 21 36
69 22 21
69 23 96
69 24 67
69 25 1
69 26 67
69 27 27
69 28 86
69 29 74
69 30 98
69 31 56
69 32 24
69 33 37
69 34 73
69 35 80
69 36 4
69 37 73
69 38 2
69 39 26
69 40 65
69 41 70
69 42 32
69 43 21
69 44 60
69 45 55
69 46 50
69 47 96
69 48 78
69 49 97
69 50 33
69 51 82
69 52 3
69 53 56
69 54 46
69 55 8
69 56 47
69 57 99
69 58 16
69 59 75
69 60 33
69 61 7
69 62 16
69 63 25
69 64 56
69 65 63
69 66 52
69 67 15
69 68 21
69 70 30
69 71 2
69 72 24
69 73 66
69 74 98
69 75 62
69 76 89
69 77 48
69 78 51
69 79 98
69 80 66
69 81 19
69 82 90
69 83 45
69 84 36
69 85 16
69 86 82
69 87 74
69 88 4
69 89 57
69 90 91
69 91 18
69 92 35
69 93 87
69 94 54
69 95 11
69 96 58
69 97 7
69 98 21
69 99 67
69 100 92
70 0 62
70 1 97
70 2 87
70 3 30
70 4 38
70 5 34
70 6 13
70 7 53
70 8 26
70 9 42
70 10 26
70 11 21
70 12 87
70 13 87
70 14 21
70 15 12
70 16 89
70 17 25
70 18 24
70 19 49
70 20 95
70 21 46
70 22 40
70 23 18
70 24 8
70 25 31
70 26 48
70 27 54
70 28 47
70 29 60
70 30 31
70 31 82
70 32 20
70 33 21
70 34 50
70 35 91
70 36 99
70 37 67
70 38 86
70 39 86
70 40 67
70 41 38
70 42 62
70 43 44
70 44 34
70 45 44
70 46 94
70 47 80
70 48 44
70 49 1
70 50 34
70 51 77
70 52 20
70 53 4
70 54 97
70 55 51
70 56 23
70 57 4
70 58 74
70 59 85
70 60 60
70 61 27
70 62 29
70 63 94
70 64 42
70 65 67
70 66 56
70 67 80
70 68 18
70 69 67
70 71 53
70 72 50
70 73 85
70 74 40
70 75 44
70 76 98
70 77 13
70 78 98
70 79 43
70 80 44
70 81 31
70 82 89
70 83 22
70 84 53
70 85 89
70 86 99
70 87 65
70 88 87
70 89 79
70 90 21
70 91 22
70 92 46
70 93 28
70 94 41
70 95 68
70 96 18
70 97 65
70 98 35
70 99 3
70 100 72
71 0 85
71 1 81
71 2 80
71 3 20
71 4 81
71 5 1
71 6 27
71 7 95
71 8 43
71 9 32
71 10 18
71 11 52
71 12 11
71 13 60
71 14 12
71 15 4
71 16 14
71 17 75
71 18 95
71 19 78
71 20 36
71 21 8
71 22 52
71 23 95
71 24 4
71 25 34
71 26 51
71 27 9
71 28 55
71 29 88
71 30 83
71 31 56
71 32 28
71 33 91
71 34 27
71 35 62
71 36 92
71 37 20
71 38 61
71 39 81
71 40 35
71 41 7
71 42 76
71 43 63
71 44 21
71 45 48
71 46 56
71 47 33
71 48 52
71 49 92
71 50 65
71 51 38
71 52 40
71 53 53
71 54 93
71 55 91
71 56 26
71 57 17
71 58 94
71 59 16
71 60 44
71 61 53
71 62 1
71 63 49
71 64 80
71 65 18
71 66 72
71 67 82
71 68 81
71 69 53
71 70 62
71 72 66
71 73 30
71 74 30
71 75 44
71 76 17
71 77 5
71 78 78
71 79 89
71 80 43
71 81 74
71 82 29
71 83 58
71 84 43
71 85 94
71 86 1
71 87 24
71 88 42
71 89 96
71 90 16
71 91 49
71 92 26
71 93 58
71 94 13
71 95 9
71 96 25
71 97 51
71 98 87
71 99 81
71 100 53
72 0 95
72 1 44
72 2 74
72 3 48
72 4 43
72 5 28
72 6 80
72 7 19
72 8 54
72 9 67
72 10 25
72 11 38
72 12 79
72 13 61
72 14 80
72 15 41
72 16 68
72 17 72
72 18 54
72 19 67
72 20 84
72 21 70
72 22 99
72 23 25
72 24 69
72 25 23
72 26 3
72 27 67
72 28 25
72 29 89
72 30 84
72 31 84
72 32 72
72 33 53
72 34 28
72 35 94
72 36 91
72 37 47
72 38 24
72 39 80
72 40 73
72 41 62
72 42 55
72 43 8
72 44 42
72 45 9
72 46 28
72 47 2
72 48 44
72 49 48
72 50 73
72 51 77
72 52 4
72 53 12
72 54 86
72 55 92
72 56 92
72 57 52
72 58 29
72 59 20
72 60 32
72 61 96
72 62 65
72 63 43
72 64 34
72 65 27
72 66 19
72 67 16
72 68 25
72 69 17
72 70 6
72 71 8
72 73 45
72 74 91
72 75 73
72 76 65
72 77 91
72 78 1
72 79 40
72 80 30
72 81 56
72 82 33
72 83 19
72 84 82
72 85 72
72 86 29
72 87 24
72 88 25
72 89 71
72 90 73
72 91 85
72 92 43
72 93 83
72 94 73
72 95 47
72 96 51
72 97 25
72 98 41
72 99 44
72 100 64
73 0 50
73 1 74
73 2 71
73 3 10
73 4 16
73 5 94
73 6 44
73 7 54
73 8 29
73 9 31
73 10 26
73 11 75
73 12 83
73 13 47
73 14 66
73 15 11
73 16 83
73 17 30
73 18 10
73 19 78
73 20 99
73 21 44
73 22 8
73 23 53
73 24 84
73 25 47
73 26 59
73 27 69
73 28 81
73 29 39
73 30 2
73 31 95
73 32 35
73 33 88
73 34 68
73 35 8
73 36 59
73 37 83
73 38 70
73 39 92
73 40 12
73 41 20
73 42 99
73 43 92
73 44 67
73 45 54
73 46 37
73 47 60
73 48 39
73 49 66
73 50 42
73 51 75
73 52 3
73 53 29
73 54 91
73 55 2
73 56 65
73 57 63
73 58 3
73 59 39
73 60 89
73 61 85
73 62 69
73 63 57
73 64 61
73 65 5
73 66 41
73 67 30
73 68 60
73 69 19
73 70 29
73 71 58
73 72 44
73 74 3
73 75 20
73 76 46
73 77 67
73 78 54
73 79 28
73 80 73
73 81 80
73 82 9
73 83 64
73 84 78
73 85 23
73 86 73
73 87 83
73 88 10
73 89 99
73 90 78
73 91 64
73 92 85
73 93 8
73 94 1
73 95 39
73 96 94
73 97 69
73 98 19
73 99 78
73 100 21
74 0 83
74 1 92
74 2 95
74 3 52
74 4 26
74 5 45
74 6 15
74 7 6
74 8 38
74 9 30
74 10 45
74 11 63
74 12 70
74 13 15
74 14 94
74 15 78
74 16 4
74 17 98
74 18 38
74 19 40
74 20 93
74 21 4
74 22 3
74 23 91
74 24 3
74 25 17
74 26 61
74 27 2
74 28 87
74 29 92
74 30 99
74 31 96
74 32 26
74 33 1
74 34 70
74 35 38
74 36 56
74 37 54
74 38 24
74 39 74
74 40 6
74 41 27
74 42 4
74 43 74
74 44 49
74 45 71
74 46 32
74 47 95
74 48 36
74 49 40
74 50 72
74 51 58
74 52 60
74 53 32
74 54 65
74 55 77
74 56 58
74 57 62
74 58 95
74 59 60
74 60 97
74 61 54
74 62 90
74 63 26
74 64 85
74 65 19
74 66 75
74 67 37
74 68 23
74 69 10
74 70 86
74 71 52
74 72 72
74 73 35
74 75 28
74 76 13
74 77 29
74 78 84
74 79 20
74 80 7
74 81 21
74 82 66
74 83 93
74 84 4
74 85 85
74 86 87
74 87 59
74 88 3
74 89 20
74 90 82
74 91 85
74 92 32
74 93 93
74 94 36
74 95 65
74 96 61
74 97 81
74 98 17
74 99 8
74 100 22
75 0 90
75 1 99
75 2 81
75 3 28
75 4 4
75 5 17
75 6 2
75 7 64
75 8 36
75 9 96
75 10 84
75 11 21
75 12 51
75 13 24
75 14 30
75 15 72
75 16 56
75 17 77
75 18 37
75 19 13
75 20 37
75 21 98
75 22 58
75 23 67
75 24 89
75 25 19
75 26 92
75 27 22
75 28 24
75 29 29
75 30 4
75 31 59
75 32 49
75 33 98
75 34 44
75 35 10
75 36 15
75 37 28
75 38 72
75 39 48
75 40 23
75 41 21
75 42 87
75 43 27
75 44 19
75 45 74
75 46 22
75 47 6
75 48 85
75 49 85
75 50 58
75 51 28
75 52 86
75 53 11
75 54 28
75 55 40
75 56 11
75 57 72
75 58 96
75 59 57
75 60 98
75 61 85
75 62 72
75 63 26
75 64 54
75 65 65
75 66 89
75 67 65
75 68 94
75 69 18
75 70 43
75 71 95
75 72 85
75 73 23
75 74 64
75 76 26
75 77 6
75 78 47
75 79 16
75 80 57
75 81 4
75 82 44
75 83 75
75 84 86
75 85 60
75 86 43
75 87 4
75 88 84
75 89 88
75 90 61
75 91 79
75 92 41
75 93 97
75 94 8
75 95 55
75 96 51
75 97 43
75 98 42
75 99 76
75 100 13
76 0 89
76 1 25
76 2 42
76 3 51
76 4 18
76 5 38
76 6 52
76 7 61
76 8 97
76 9 74
76 10 44
76 11 43
76 12 43
76 13 1
76 14 84
76 15 28
76 16 16
76 17 90
76 18 26
76 19 56
76 20 62
76 21 13
76 22 64
76 23 87
76 24 69
76 25 31
76 26 37
76 27 27
76 28 93
76 29 68
76 30 77
76 31 25
76 32 92
76 33 38
76 34 95
76 35 49
76 36 9
76 37 84
76 38 67
76 39 62
76 40 89
76 41 34
76 42 92
76 43 64
76 44 65
76 45 73
76 46 15
76 47 21
76 48 87
76 49 3
76 50 76
76 51 4
76 52 18
76 53 32
76 54 97
76 55 32
76 56 19
76 57 12
76 58 88
76 59 25
76 60 2
76 61 71
76 62 55
76 63 94
76 64 50
76 65 5
76 66 44
76 67 80
76 68 55
76 69 31
76 70 7
76 71 37
76 72 67
76 73 86
76 74 55
76 75 81
76 77 90
76 78 57
76 79 95
76 80 76
76 81 40
76 82 20
76 83 28
76 84 89
76 85 56
76 86 98
76 87 63
76 88 54
76 89 47
76 90 21
76 91 28
76 92 39
76 93 84
76 94 85
76 95 65
76 96 37
76 97 79
76 98 41
76 99 4
76 100 63
77 0 82
77 1 66
77 2 91
77 3 12
77 4 91
77 5 96
77 6 72
77 7 53
77 8 45
77 9 86
77 10 5
77 11 93
77 12 44
77 13 55
77 14 4
77 15 31
77 16 8
77 17 65
77 18 73
77 19 21
77 20 74
77 21 3
77 22 99
77 23 95
77 24 92
77 25 76
77 26 56
77 27 9
77 28 33
77 29 72
77 30 3
77 31 2
77 32 47
77 33 32
77 34 54
77 35 75
77 36 80
77 37 68
77 38 15
77 39 92
77 40 90
77 41 5
77 42 80
77 43 18
77 44 87
77 45 79
77 46 44
77 47 60
77 48 61
77 49 61
77 50 81
77 51 25
77 52 81
77 53 48
77 54 66
77 55 42
77 56 34
77 57 94
77 58 61
77 59 46
77 60 36
77 61 64
77 62 86
77 63 40
77 64 37
77 65 49
77 66 92
77 67 53
77 68 17
77 69 13
77 70 31
77 71 95
77 72 10
77 73 54
77 74 23
77 75 47
77 76 95
77 78 62
77 79 76
77 80 3
77 81 43
77 82 47
77 83 12
77 84 17
77 85 41
77 86 21
77 87 88
77 88 28
77 89 88
77 90 32
77 91 40
77 92 58
77 93 47
77 94 58
77 95 35
77 96 56
77 97 67
77 98 65
77 99 20
77 100 45
78 0 52
78 1 18
78 2 80
78 3 24
78 4 45
78 5 92
78 6 89
78 7 60
78 8 36
78 9 77
78 10 2
78 11 21
78 12 60
78 13 63
78 14 66
78 15 96
78 16 70
78 17 99
78 18 59
78 19 28
78 20 4
78 21 90
78 22 2
78 23 61
78 24 45
78 25 6
78 26 82
78 27 8
78 28 18
78 29 87
78 30 15
78 31 75
78 32 42
78 33 29
78 34 36
78 35 36
78 36 91
78 37 8
78 38 33
78 39 28
78 40 11
78 41 69
78 42 66
78 43 85
78 44 4
78 45 91
78 46 76
78 47 73
78 48 38
78 49 54
78 50 49
78 51 72
78 52 95
78 53 23
78 54 89
78 55 38
78 56 3
78 57 89
78 58 67
78 59 2
78 60 96
78 61 95
78 62 35
78 63 56
78 64 77
78 65 28
78 66 97
78 67 20
78 68 57
78 69 81
78 70 38
78 71 36
78 72 28
78 73 64
78 74 2
78 75 46
78 76 44
78 77 27
78 79 8
78 80 72
78 81 78
78 82 24
78 83 41
78 84 15
78 85 52
78 86 56
78 87 71
78 88 91
78 89 6
78 90 6
78 91 3
78 92 28
78 93 13
78 94 69
78 95 3
78 96 66
78 97 8
78 98 74
78 99 88
78 100 12
79 0 36
79 1 33
79 2 26
79 3 24
79 4 50
79 5 42
79 6 50
79 7 25
79 8 85
79 9 90
79 10 89
79 11 78
79 12 37
79 13 56
79 14 35
79 15 7
79 16 88
79 17 4
79 18 86
79 19 75
79 20 12
79 21 81
79 22 48
79 23 69
79 24 4
79 25 15
79 26 43
79 27 37
79 28 9
79 29 46
79 30 82
79 31 79
79 32 9
79 33 19
79 34 13
79 35 16
79 36 77
79 37 86
79 38 86
79 39 5
79 40 22
79 41 92
79 42 20
79 43 57
79 44 67
79 45 60
79 46 51
79 47 79
79 48 94
79 49 73
79 50 62
79 51 5
79 52 48
79 53 5
79 54 70
79 55 89
79 56 85
79 57 28
79 58 7
79 59 53
79 60 23
79 61 25
79 62 8
79 63 46
79 64 57
79 65 35
79 66 77
79 67 81
79 68 13
79 69 16
79 70 94
79 71 76
79 72 5
79 73 1
79 74 53
79 75 21
79 76 20
79 77 30
79 78 22
79 80 90
79 81 39
79 82 86
79 83 48
79 84 34
79 85 23
79 86 62
79 87 52
79 88 62
79 89 83
79 90 35
79 91 44
79 92 28
79 93 42
79 94 40
79 95 10
79 96 47
79 97 61
79 98 81
79 99 9
79 100 64
80 0 99
80 1 47
80 2 58
80 3 86
80 4 83
80 5 57
80 6 15
80 7 34
80 8 10
80 9 33
80 10 68
80 11 30
80 12 94
80 13 66
80 14 72
80 15 28
80 16 40
80 17 73
80 18 41
80 19 62
80 20 37
80 21 96
80 22 88
80 23 36
80 24 64
80 25 96
80 26 97
80 27 87
80 28 1
80 29 71
80 30 66
80 31 18
80 32 96
80 33 31
80 34 17
80 35 81
80 36 51
80 37 1
80 38 47
80 39 89
80 40 7
80 41 97
80 42 70
80 43 36
80 44 85
80 45 64
80 46 73
80 47 7
80 48 37
80 49 51
80 50 87
80 51 92
80 52 29
80 53 89
80 54 15
80 55 62
80 56 34
80 57 16
80 58 13
80 59 77
80 60 98
80 61 58
80 62 92
80 63 88
80 64 51
80 65 68
80 66 81
80 67 15
80 68 48
80 69 30
80 70 32
80 71 96
80 72 13
80 73 19
80 74 62
80 75 41
80 76 19
80 77 53
80 78 37
80 79 60
80 81 57
80 82 27
80 83 89
80 84 31
80 85 30
80 86 96
80 87 63
80 88 31
80 89 99
80 90 73
80 91 3
80 92 9
80 93 26
80 94 22
80 95 46
80 96 68
80 97 99
80 98 47
80 99 51
80 100 31
81 0 55
81 1 17
81 2 12
81 3 92
81 4 20
81 5 1
81 6 35
81 7 41
81 8 8
81 9 44
81 10 39
81 11 53
81 12 70
81 13 6
81 14 51
81 15 54
81 16 36
81 17 46
81 18 67
81 19 82
81 20 69
81 21 10
81 22 90
81 23 71
81 24 66
81 25 46
81 26 9
81 27 83
81 28 98
81 29 4
81 30 37
81 31 80
81 32 28
81 33 39
81 34 15
81 35 61
81 36 87
81 37 42
81 38 43
81 39 18
81 40 46
81 41 70
81 42 92
81 43 42
81 44 27
81 45 41
81 46 7
81 47 1
81 48 79
81 49 31
81 50 47
81 51 73
81 52 7
81 53 89
81 54 55
81 55 49
81 56 59
81 57 84
81 58 59
81 59 21
81 60 63
81 61 50
81 62 52
81 63 47
81 64 6
81 65 15
81 66 32
81 67 24
81 68 66
81 69 84
81 70 46
81 71 22
81 72 79
81 73 96
81 74 53
81 75 4
81 76 98
81 77 12
81 78 18
81 79 77
81 80 79
81 82 25
81 83 12
81 84 35
81 85 61
81 86 42
81 87 28
81 88 79
81 89 86
81 90 42
81 91 59
81 92 46
81 93 8
81 94 80
81 95 76
81 96 36
81 97 41
81 98 52
81 99 59
81 100 11
82 0 75
82 1 14
82 2 87
82 3 17
82 4 19
82 5 87
82 6 91
82 7 70
82 8 16
82 9 87
82 10 91
82 11 70
82 12 69
82 13 80
82 14 78
82 15 47
82 16 47
82 17 34
82 18 38
82 19 36
82 20 64
82 21 64
82 22 49
82 23 49
82 24 87
82 25 35
82 26 85
82 27 34
82 28 62
82 29 3
82 30 22
82 31 94
82 32 31
82 33 35
82 34 43
82 35 72
82 36 27
82 37 16
82 38 30
82 39 13
82 40 5
82 41 90
82 42 69
82 43 4
82 44 28
82 45 58
82 46 47
82 47 33
82 48 44
82 49 30
82 50 4
82 51 7
82 52 64
82 53 68
82 54 45
82 55 52
82 56 75
82 57 38
82 58 56
82 59 1
82 60 81
82 61 20
82 62 3
82 63 95
82 64 49
82 65 49
82 66 30
82 67 32
82 68 56
82 69 41
82 70 45
82 71 31
82 72 45
82 73 98
82 74 94
82 75 65
82 76 80
82 77 90
82 78 68
82 79 6
82 80 83
82 81 32
82 83 44
82 84 87
82 85 36
82 86 6
82 87 37
82 88 76
82 89 14
82 90 91
82 91 90
82 92 68
82 93 49
82 94 72
82 95 81
82 96 13
82 97 89
82 98 76
82 99 57
82 100 85
83 0 42
83 1 99
83 2 77
83 3 98
83 4 6
83 5 53
83 6 3
83 7 77
83 8 23
83 9 44
83 10 58
83 11 98
83 12 99
83 13 21
83 14 64
83 15 68
83 16 24
83 17 36
83 18 87
83 19 88
83 20 83
83 21 37
83 22 75
83 23 60
83 24 99
83 25 46
83 26 64
83 27 97
83 28 40
83 29 61
83 30 93
83 31 23
83 32 28
83 33 33
83 34 92
83 35 71
83 36 40
83 37 41
83 38 46
83 39 63
83 40 23
83 41 52
83 42 76
83 43 53
83 44 31
83 45 87
83 46 17
83 47 71
83 48 82
83 49 53
83 50 12
83 51 39
83 52 42
83 53 52
83 54 42
83 55 12
83 56 75
83 57 72
83 58 6
83 59 85
83 60 76
83 61 62
83 62 24
83 63 84
83 64 38
83 65 90
83 66 60
83 67 46
83 68 86
83 69 99
83 70 54
83 71 41
83 72 83
83 73 69
83 74 50
83 75 58
83 76 50
83 77 42
83 78 27
83 79 13
83 80 69
83 81 26
83 82 40
83 84 22
83 85 85
83 86 6
83 87 81
83 88 45
83 89 70
83 90 6
83 91 77
83 92 74
83 93 63
83 94 2
83 95 13
83 96 64
83 97 25
83 98 96
83 99 4
83 100 16
84 0 85
84 1 13
84 2 15
84 3 56
84 4 13
84 5 69
84 6 75
84 7 85
84 8 19
84 9 66
84 10 75
84 11 63
84 12 66
84 13 59
84 14 6
84 15 27
84 16 40
84 17 46
84 18 95
84 19 23
84 20 8
84 21 72
84 22 77
84 23 82
84 24 70
84 25 51
84 26 14
84 27 45
84 28 51
84 29 20
84 30 38
84 31 5
84 32 84
84 33 83
84 34 41
84 35 24
84 36 5
84 37 69
84 38 18
84 39 56
84 40 56
84 41 27
84 42 53
84 43 45
84 44 64
84 45 73
84 46 86
84 47 64
84 48 67
84 49 87
84 50 93
84 51 73
84 52 72
84 53 1
84 54 86
84 55 6
84 56 35
84 57 6
84 58 63
84 59 26
84 60 14
84 61 69
84 62 7
84 63 40
84 64 26
84 65 67
84 66 93
84 67 81
84 68 21
84 69 72
84 70 32
84 71 24
84 72 67
84 73 49
84 74 7
84 75 39
84 76 69
84 77 86
84 78 63
84 79 44
84 80 3
84 81 41
84 82 17
84 83 46
84 85 5
84 86 9
84 87 23
84 88 3
84 89 65
84 90 99
84 91 44
84 92 57
84 93 52
84 94 42
84 95 38
84 96 31
84 97 37
84 98 63
84 99 28
84 100 74
85 0 38
85 1 40
85 2 92
85 3 3
85 4 91
85 5 63
85 6 99
85 7 82
85 8 51
85 9 36
85 10 10
85 11 30
85 12 68
85 13 58
85 14 11
85 15 61
85 16 59
85 17 37
85 18 68
85 19 2
85 20 30
85 21 99
85 22 37
85 23 59
85 24 57
85 25 1
85 26 79
85 27 54
85 28 71
85 29 25
85 30 68
85 31 71
85 32 53
85 33 63
85 34 9
85 35 62
85 36 91
85 37 41
85 38 21
85 39 1
85 40 77
85 41 27
85 42 88
85 43 5
85 44 85
85 45 91
85 46 72
85 47 80
85 48 1
85 49 41
85 50 71
85 51 87
85 52 14
85 53 81
85 54 45
85 55 71
85 56 39
85 57 66
85 58 88
85 59 47
85 60 55
85 61 56
85 62 85
85 63 93
85 64 61
85 65 51
85 66 35
85 67 46
85 68 80
85 69 2
85 70 21
85 71 60
85 72 25
85 73 2
85 74 41
85 75 98
85 76 96
85 77 89
85 78 86
85 79 53
85 80 46
85 81 51
85 82 88
85 83 72
85 84 30
85 86 2
85 87 51
85 88 15
85 89 8
85 90 2
85 91 98
85 92 43
85 93 90
85 94 99
85 95 10
85 96 88
85 97 25
85 98 42
85 99 92
85 100 74
86 0 32
86 1 43
86 2 16
86 3 63
86 4 14
86 5 40
86 6 47
86 7 66
86 8 32
86 9 24
86 10 46
86 11 51
86 12 44
86 13 95
86 14 8
86 15 19
86 16 69
86 17 41
86 18 42
86 19 90
86 20 6
86 21 89
86 22 60
86 23 6
86 24 80
86 25 85
86 26 93
86 27 40
86 28 7
86 29 76
86 30 48
86 31 15
86 32 89
86 33 48
86 34 92
86 35 56
86 36 87
86 37 8
86 38 74
86 39 78
86 40 48
86 41 64
86 42 17
86 43 86
86 44 2
86 45 79
86 46 60
86 47 69
86 48 71
86 49 76
86 50 82
86 51 17
86 52 6
86 53 34
86 54 17
86 55 77
86 56 22
86 57 71
86 58 32
86 59 97
86 60 7
86 61 2
86 62 45
86 63 21
86 64 38
86 65 73
86 66 89
86 67 94
86 68 97
86 69 94
86 70 20
86 71 75
86 72 51
86 73 88
86 74 53
86 75 48
86 76 90
86 77 74
86 78 74
86 79 65
86 80 28
86 81 65
86 82 36
86 83 54
86 84 17
86 85 59
86 87 65
86 88 21
86 89 66
86 90 74
86 91 30
86 92 19
86 93 34
86 94 23
86 95 96
86 96 9
86 97 92
86 98 82
86 99 31
86 100 44
87 0 55
87 1 9
87 2 72
87 3 88
87 4 97
87 5 76
87 6 62
87 7 42
87 8 68
87 9 31
87 10 59
87 11 29
87 12 29
87 13 68
87 14 63
87 15 19
87 16 96
87 17 86
87 18 37
87 19 63
87 20 86
87 21 80
87 22 65
87 23 77
87 24 95
87 25 67
87 26 75
87 27 4
87 28 20
87 29 58
87 30 59
87 31 92
87 32 49
87 33 96
87 34 85
87 35 5
87 36 86
87 37 70
87 38 49
87 39 89
87 40 21
87 41 59
87 42 72
87 43 15
87 44 59
87 45 69
87 46 21
87 47 19
87 48 96
87 49 45
87 50 85
87 51 22
87 52 12
87 53 70
87 54 36
87 55 88
87 56 80
87 57 44
87 58 52
87 59 81
87 60 70
87 61 87
87 62 1
87 63 81
87 64 25
87 65 26
87 66 42
87 67 27
87 68 73
87 69 88
87 70 84
87 71 18
87 72 70
87 73 16
87 74 53
87 75 11
87 76 22
87 77 39
87 78 64
87 79 91
87 80 33
87 81 21
87 82 84
87 83 67
87 84 8
87 85 28
87 86 57
87 88 63
87 89 61
87 90 14
87 91 22
87 92 55
87 93 16
87 94 81
87 95 34
87 96 37
87 97 77
87 98 22
87 99 77
87 100 23
88 0 29
88 1 99
88 2 10
88 3 84
88 4 69
88 5 32
88 6 54
88 7 28
88 8 41
88 9 93
88 10 61
88 11 13
88 12 15
88 13 61
88 14 24
88 15 39
88 16 34
88 17 57
88 18 3
88 19 33
88 20 30
88 21 1
88 22 11
88 23 97
88 24 31
88 25 48
88 26 22
88 27 59
88 28 94
88 29 94
88 30 91
88 31 96
88 32 72
88 33 67
88 34 36
88 35 4
88 36 71
88 37 20
88 38 62
88 39 7
88 40 40
88 41 28
88 42 4
88 43 60
88 44 95
88 45 17
88 46 49
88 47 55
88 48 36
88 49 27
88 50 53
88 51 80
88 52 83
88 53 61
88 54 99
88 55 61
88 56 70
88 57 46
88 58 41
88 59 86
88 60 48
88 61 45
88 62 64
88 63 99
88 64 8
88 65 93
88 66 19
88 67 23
88 68 21
88 69 57
88 70 67
88 71 25
88 72 11
88 73 22
88 74 60
88 75 31
88 76 37
88 77 63
88 78 90
88 79 86
88 80 75
88 81 83
88 82 11
88 83 76
88 84 36
88 85 29
88 86 93
88 87 71
88 89 50
88 90 82
88 91 55
88 92 12
88 93 11
88 94 64
88 95 60
88 96 11
88 97 43
88 98 2
88 99 95
88 100 60
89 0 63
89 1 95
89 2 25
89 3 33
89 4 74
89 5 90
89 6 61
89 7 76
89 8 81
89 9 55
89 10 72
89 11 63
89 12 94
89 13 47
89 14 39
89 15 19
89 16 15
89 17 37
89 18 70
89 19 31
89 20 99
89 21 38
89 22 68
89 23 61
89 24 68
89 25 3
89 26 5
89 27 80
89 28 98
89 29 9
89 30 99
89 31 56
89 32 72
89 33 7
89 34 11
89 35 18
89 36 51
89 37 51
89 38 82
89 39 37
89 40 76
89 41 2
89 42 83
89 43 92
89 44 99
89 45 37
89 46 96
89 47 16
89 48 66
89 49 82
89 50 16
89 51 84
89 52 36
89 53 81
89 54 33
89 55 21
89 56 83
89 57 60
89 58 53
89 59 84
89 60 3
89 61 97
89 62 82
89 63 58
89 64 60
89 65 12
89 66 57
89 67 58
89 68 53
89 69 44
89 70 76
89 71 93
89 72 73
89 73 66
89 74 29
89 75 95
89 76 30
89 77 47
89 78 44
89 79 40
89 80 93
89 81 85
89 82 52
89 83 31
89 84 92
89 85 52
89 86 26
89 87 96
89 88 62
89 90 43
89 91 83
89 92 53
89 93 5
89 94 26
89 95 41
89 96 26
89 97 40
89 98 88
89 99 69
89 100 94
90 0 33
90 1 77
90 2 12
90 3 85
90 4 4
90 5 88
90 6 20
90 7 58
90 8 42
90 9 11
90 10 33
90 11 26
90 12 29
90 13 53
90 14 10
90 15 73
90 16 22
90 17 94
90 18 99
90 19 90
90 20 12
90 21 10
90 22 79
90 23 58
90 24 30
90 25 61
90 26 4
90 27 50
90 28 51
90 29 37
90 30 91
90 31 72
90 32 23
90 33 71
90 34 14
90 35 34
90 36 92
90 37 37
90 38 75
90 39 96
90 40 16
90 41 39
90 42 76
90 43 36
90 44 29
90 45 44
90 46 73
90 47 48
90 48 83
90 49 89
90 50 90
90 51 76
90 52 20
90 53 48
90 54 74
90 55 43
90 56 20
90 57 54
90 58 97
90 59 27
90 60 5
90 61 88
90 62 79
90 63 41
90 64 47
90 65 18
90 66 49
90 67 99
90 68 57
90 69 39
90 70 64
90 71 76
90 72 92
90 73 41
90 74 81
90 75 2
90 76 9
90 77 56
90 78 92
90 79 19
90 80 90
90 81 85
90 82 70
90 83 23
90 84 50
90 85 37
90 86 71
90 87 74
90 88 69
90 89 63
90 91 50
90 92 36
90 93 93
90 94 59
90 95 85
90 96 39
90 97 87
90 98 48
90 99 14
90 100 90
91 0 15
91 1 77
91 2 35
91 3 6
91 4 17
91 5 77
91 6 97
91 7 49
91 8 48
91 9 70
91 10 51
91 11 51
91 12 57
91 13 14
91 14 81
91 15 34
91 16 25
91 17 54
91 18 20
91 19 29
91 20 89
91 21 99
91 22 84
91 23 52
91 24 14
91 25 44
91 26 8
91 27 26
91 28 69
91 29 86
91 30 85
91 31 5
91 32 21
91 33 22
91 34 14
91 35 25
91 36 63
91 37 21
91 38 80
91 39 14
91 40 80
91 41 93
91 42 86
91 43 58
91 44 90
91 45 31
91 46 25
91 47 63
91 48 89
91 49 9
91 50 6
91 51 69
91 52 86
91 53 58
91 54 27
91 55 29
91 56 85
91 57 28
91 58 51
91 59 31
91 60 10
91 61 3
91 62 73
91 63 77
91 64 69
91 65 89
91 66 76
91 67 79
91 68 62
91 69 31
91 70 57
91 71 57
91 72 46
91 73 8
91 74 68
91 75 75
91 76 51
91 77 62
91 78 6
91 79 22
91 80 37
91 81 32
91 82 97
91 83 40
91 84 12
91 85 61
91 86 4
91 87 20
91 88 64
91 89 34
91 90 35
91 92 93
91 93 37
91 94 85
91 95 2
91 96 98
91 97 61
91 98 65
91 99 1
91 100 89
92 0 47
92 1 28
92 2 8
92 3 9
92 4 17
92 5 36
92 6 7
92 7 40
92 8 36
92 9 98
92 10 81
92 11 34
92 12 2
92 13 94
92 14 57
92 15 80
92 16 63
92 17 54
92 18 8
92 19 75
92 20 14
92 21 3
92 22 75
92 23 4
92 24 29
92 25 13
92 26 69
92 27 65
92 28 60
92 29 21
92 30 31
92 31 3
92 32 40
92 33 90
92 34 68
92 35 7
92 36 35
92 37 46
92 38 58
92 39 53
92 40 37
92 41 5
92 42 49
92 43 67
92 44 64
92 45 49
92 46 5
92 47 17
92 48 79
92 49 21
92 50 85
92 51 82
92 52 37
92 53 23
92 54 37
92 55 78
92 56 9
92 57 61
92 58 2
92 59 65
92 60 73
92 61 31
92 62 36
92 63 41
92 64 55
92 65 5
92 66 71
92 67 72
92 68 13
92 69 41
92 70 49
92 71 36
92 72 60
92 73 34
92 74 98
92 75 84
92 76 75
92 77 84
92 78 56
92 79 61
92 80 15
92 81 69
92 82 57
92 83 70
92 84 65
92 85 91
92 86 96
92 87 65
92 88 90
92 89 42
92 90 20
92 91 90
92 93 65
92 94 43
92 95 61
92 96 41
92 97 14
92 98 12
92 99 96
92 100 18
93 0 25
93 1 8
93 2 21
93 3 87
93 4 56
93 5 79
93 6 40
93 7 50
93 8 14
93 9 16
93 10 72
93 11 58
93 12 35
93 13 35
93 14 30
93 15 4
93 16 63
93 17 89
93 18 8
93 19 46
93 20 77
93 21 34
93 22 96
93 23 3
93 24 34
93 25 48
93 26 91
93 27 48
93 28 9
93 29 67
93 30 87
93 31 79
93 32 59
93 33 84
93 34 70
93 35 86
93 36 24
93 37 52
93 38 53
93 39 6
93 40 67
93 41 39
93 42 31
93 43 42
93 44 14
93 45 82
93 46 82
93 47 61
93 48 66
93 49 68
93 50 64
93 51 99
93 52 73
93 53 51
93 54 23
93 55 97
93 56 49
93 57 48
93 58 3
93 59 54
93 60 71
93 61 44
93 62 32
93 63 46
93 64 37
93 65 46
93 66 9
93 67 30
93 68 1
93 69 72
93 70 43
93 71 80
93 72 33
93 73 30
93 74 14
93 75 45
93 76 30
93 77 82
93 78 38
93 79 12
93 80 37
93 81 31
93 82 14
93 83 4
93 84 45
93 85 48
93 86 91
93 87 45
93 88 33
93 89 82
93 90 65
93 91 99
93 92 6
93 94 8
93 95 82
93 96 35
93 97 68
93 98 52
93 99 30
93 100 55
94 0 86
94 1 74
94 2 87
94 3 72
94 4 26
94 5 79
94 6 30
94 7 15
94 8 53
94 9 52
94 10 70
94 11 13
94 12 38
94 13 27
94 14 32
94 15 97
94 16 43
94 17 78
94 18 80
94 19 69
94 20 59
94 21 99
94 22 71
94 23 24
94 24 66
94 25 1
94 26 94
94 27 53
94 28 16
94 29 28
94 30 74
94 31 98
94 32 22
94 33 40
94 34 91
94 35 92
94 36 24
94 37 2
94 38 79
94 39 97
94 40 50
94 41 13
94 42 46
94 43 7
94 44 59
94 45 12
94 46 12
94 47 23
94 48 71
94 49 71
94 50 8
94 51 61
94 52 43
94 53 9
94 54 40
94 55 5
94 56 55
94 57 93
94 58 96
94 59 67
94 60 95
94 61 47
94 62 47
94 63 49
94 64 30
94 65 79
94 66 85
94 67 8
94 68 28
94 69 69
94 70 53
94 71 43
94 72 14
94 73 26
94 74 76
94 75 95
94 76 70
94 77 12
94 78 18
94 79 98
94 80 46
94 81 60
94 82 42
94 83 83
94 84 64
94 85 75
94 86 91
94 87 15
94 88 1
94 89 86
94 90 3
94 91 35
94 92 13
94 93 42
94 95 62
94 96 71
94 97 24
94 98 85
94 99 24
94 100 43
95 0 56
95 1 89
95 2 73
95 3 25
95 4 93
95 5 18
95 6 24
95 7 70
95 8 69
95 9 72
95 10 91
95 11 9
95 12 33
95 13 66
95 14 59
95 15 20
95 16 46
95 17 16
95 18 66
95 19 44
95 20 97
95 21 48
95 22 30
95 23 9
95 24 5
95 25 55
95 26 51
95 27 8
95 28 80
95 29 68
95 30 85
95 31 49
95 32 20
95 33 50
95 34 75
95 35 13
95 36 26
95 37 6
95 38 50
95 39 39
95 40 76
95 41 41
95 42 86
95 43 30
95 44 5
95 45 17
95 46 56
95 47 22
95 48 52
95 49 99
95 50 71
95 51 24
95 52 99
95 53 31
95 54 99
95 55 94
95 56 22
95 57 16
95 58 12
95 59 48
95 60 16
95 61 46
95 62 27
95 63 17
95 64 68
95 65 17
95 66 76
95 67 36
95 68 1
95 69 22
95 70 33
95 71 30
95 72 78
95 73 7
95 74 73
95 75 37
95 76 8
95 77 2
95 78 27
95 79 60
95 80 53
95 81 64
95 82 85
95 83 89
95 84 71
95 85 56
95 86 40
95 87 23
95 88 32
95 89 80
95 90 50
95 91 87
95 92 17
95 93 96
95 94 78
95 96 15
95 97 45
95 98 26
95 99 46
95 100 4
96 0 57
96 1 38
96 2 8
96 3 41
96 4 81
96 5 8
96 6 89
96 7 95
96 8 3
96 9 48
96 10 52
96 11 44
96 12 60
96 13 94
96 14 57
96 15 41
96 16 62
96 17 5
96 18 25
96 19 25
96 20 4
96 21 43
96 22 49
96 23 83
96 24 62
96 25 74
96 26 97
96 27 39
96 28 30
96 29 59
96 30 65
96 31 97
96 32 60
96 33 22
96 34 6
96 35 43
96 36 17
96 37 31
96 38 86
96 39 42
96 40 59
96 41 61
96 42 92
96 43 27
96 44 94
96 45 94
96 46 9
96 47 1
96 48 28
96 49 74
96 50 4
96 51 37
96 52 75
96 53 37
96 54 51
96 55 72
96 56 8
96 57 27
96 58 4
96 59 40
96 60 5
96 61 32
96 62 96
96 63 69
96 64 57
96 65 11
96 66 94
96 67 86
96 68 26
96 69 72
96 70 33
96 71 2
96 72 39
96 73 99
96 74 40
96 75 64
96 76 71
96 77 29
96 78 71
96 79 36
96 80 13
96 81 73
96 82 90
96 83 87
96 84 64
96 85 65
96 86 85
96 87 70
96 88 44
96 89 54
96 90 55
96 91 36
96 92 42
96 93 37
96 94 6
96 95 42
96 97 42
96 98 28
96 99 44
96 100 42
97 0 19
97 1 27
97 2 25
97 3 47
97 4 33
97 5 73
97 6 70
97 7 96
97 8 73
97 9 76
97 10 7
97 11 16
97 12 21
97 13 12
97 14 11
97 15 44
97 16 16
97 17 58
97 18 96
97 19 41
97 20 15
97 21 22
97 22 64
97 23 4
97 24 75
97 25 85
97 26 94
97 27 12
97 28 67
97 29 64
97 30 37
97 31 81
97 32 26
97 33 49
97 34 98
97 35 40
97 36 56
97 37 77
97 38 13
97 39 17
97 40 39
97 41 51
97 42 16
97 43 77
97 44 15
97 45 52
97 46 86
97 47 83
97 48 63
97 49 92
97 50 12
97 51 90
97 52 70
97 53 70
97 54 84
97 55 56
97 56 99
97 57 68
97 58 55
97 59 97
97 60 5
97 61 12
97 62 98
97 63 43
97 64 77
97 65 87
97 66 92
97 67 30
97 68 97
97 69 33
97 70 19
97 71 44
97 72 80
97 73 13
97 74 56
97 75 22
97 76 42
97 77 17
97 78 49
97 79 85
97 80 73
97 81 4
97 82 24
97 83 28
97 84 86
97 85 45
97 86 42
97 87 73
97 88 51
97 89 29
97 90 73
97 91 76
97 92 24
97 93 75
97 94 99
97 95 81
97 96 73
97 98 93
97 99 67
97 100 46
98 0 91
98 1 14
98 2 17
98 3 74
98 4 49
98 5 47
98 6 6
98 7 19
98 8 66
98 9 43
98 10 93
98 11 44
98 12 79
98 13 35
98 14 69
98 15 32
98 16 26
98 17 17
98 18 23
98 19 73
98 20 24
98 21 45
98 22 44
98 23 48
98 24 5
98 25 5
98 26 77
98 27 77
98 28 89
98 29 58
98 30 31
98 31 49
98 32 51
98 33 25
98 34 95
98 35 39
98 36 32
98 37 73
98 38 65
98 39 39
98 40 2
98 41 64
98 42 95
98 43 41
98 44 33
98 45 67
98 46 20
98 47 94
98 48 22
98 49 57
98 50 67
98 51 98
98 52 20
98 53 96
98 54 99
98 55 54
98 56 89
98 57 38
98 58 10
98 59 38
98 60 64
98 61 68
98 62 87
98 63 64
98 64 66
98 65 92
98 66 85
98 67 27
98 68 89
98 69 60
98 70 44
98 71 62
98 72 99
98 73 5
98 74 34
98 75 9
98 76 8
98 77 13
98 78 32
98 79 18
98 80 84
98 81 49
98 82 97
98 83 74
98 84 93
98 85 70
98 86 72
98 87 79
98 88 19
98 89 2
98 90 88
98 91 37
98 92 23
98 93 58
98 94 19
98 95 16
98 96 87
98 97 5
98 99 69
98 100 70
99 0 77
99 1 95
99 2 19
99 3 79
99 4 12
99 5 34
99 6 23
99 7 36
99 8 19
99 9 44
99 10 72
99 11 33
99 12 4
99 13 75
99 14 95
99 15 16
99 16 22
99 17 22
99 18 62
99 19 97
99 20 23
99 21 94
99 22 76
99 23 52
99 24 43
99 25 35
99 26 99
99 27 13
99 28 46
99 29 69
99 30 56
99 31 87
99 32 31
99 33 90
99 34 51
99 35 3
99 36 37
99 37 73
99 38 63
99 39 35
99 40 87
99 41 80
99 42 12
99 43 43
99 44 23
99 45 59
99 46 94
99 47 81
99 48 22
99 49 40
99 50 20
99 51 35
99 52 16
99 53 44
99 54 34
99 55 6
99 56 55
99 57 20
99 58 87
99 59 29
99 60 74
99 61 35
99 62 81
99 63 36
99 64 49
99 65 14
99 66 34
99 67 58
99 68 85
99 69 67
99 70 9
99 71 13
99 72 31
99 73 5
99 74 39
99 75 65
99 76 31
99 77 41
99 78 95
99 79 94
99 80 97
99 81 3
99 82 13
99 83 27
99 84 25
99 85 18
99 86 29
99 87 19
99 88 24
99 89 14
99 90 36
99 91 86
99 92 5
99 93 58
99 94 4
99 95 22
99 96 19
99 97 88
99 98 96
99 100 14
100 0 36
100 1 78
100 2 95
100 3 59
100 4 8
100 5 49
100 6 93
100 7 89
100 8 60
100 9 18
100 10 78
100 11 42
100 12 44
100 13 14
100 14 94
100 15 53
100 16 40
100 17 94
100 18 83
100 19 2
100 20 81
100 21 16
100 22 43
100 23 63
100 24 1
100 25 27
100 26 87
100 27 28
100 28 56
100 29 62
100 30 46
100 31 68
100 32 22
100 33 45
100 34 65
100 35 44
100 36 69
100 37 36
100 38 48
100 39 66
100 40 87
100 41 58
100 42 15
100 43 94
100 44 48
100 45 65
100 46 49
100 47 40
100 48 53
100 49 61
100 50 82
100 51 91
100 52 15
100 53 92
100 54 27
100 55 81
100 56 51
100 57 37
100 58 59
100 59 43
100 60 76
100 61 84
100 62 69
100 63 20
100 64 64
100 65 20
100 66 1
100 67 95
100 68 57
100 69 96
100 70 10
100 71 82
100 72 85
100 73 76
100 74 82
100 75 90
100 76 96
100 77 86
100 78 94
100 79 19
100 80 16
100 81 7
100 82 57
100 83 64
100 84 93
100 85 23
100 86 47
100 87 54
100 88 19
100 89 36
100 90 15
100 91 66
100 92 18
100 93 94
100 94 78
100 95 57
100 96 32
100 97 20
100 98 67
100 99 8