100 5
50
12
32
31
36
67
7
47
60
23
48
36
92
68
57
76
53
60
76
27
5
31
81
80
68
98
34
21
3
74
12
78
69
91
96
84
37
44
2
4
5
46
96
15
35
36
36
1
30
61
48
71
23
49
7
41
96
25
69
81
36
39
86
64
21
30
42
66
57
79
54
45
89
1
99
84
2
16
82
49
27
16
89
62
90
15
52
57
97
85
60
4
9
41
74
20
68
48
37
65
0 1 28
0 2 38
0 3 40
0 4 20
0 5 43
0 6 99
0 7 60
0 8 40
0 9 2
0 10 68
0 11 45
0 12 2
0 13 89
0 14 69
0 15 20
0 16 34
0 17 21
0 18 51
0 19 33
0 20 51
0 21 59
0 22 59
0 23 99
0 24 12
0 25 60
0 26 11
0 27 99
0 28 78
0 29 80
0 30 78
0 31 32
0 32 25
0 33 56
0 34 67
0 35 54
0 36 49
0 37 75
0 38 43
0 39 17
0 40 47
0 41 11
0 42 92
0 43 6
0 44 42
0 45 94
0 46 95
0 47 71
0 48 81
0 49 25
0 50 49
0 51 85
0 52 2
0 53 89
0 54 15
0 55 38
0 56 96
0 57 10
0 58 32
0 59 43
0 60 44
0 61 35
0 62 34
0 63 16
0 64 22
0 65 61
0 66 80
0 67 83
0 68 96
0 69 42
0 70 60
0 71 52
0 72 42
0 73 72
0 74 21
0 75 95
0 76 89
0 77 16
0 78 44
0 79 28
0 80 60
0 81 35
0 82 49
0 83 7
0 84 23
0 85 53
0 86 59
0 87 10
0 88 31
0 89 57
0 90 88
0 91 82
0 92 64
0 93 81
0 94 89
0 95 53
0 96 81
0 97 89
0 98 49
0 99 18
0 100 78
1 0 78
1 2 78
1 3 78
1 4 40
1 5 34
1 6 5
1 7 13
1 8 70
1 9 70
1 10 20
1 11 5
1 12 4
1 13 95
1 14 42
1 15 34
1 16 5
1 17 69
1 18 68
1 19 47
1 20 76
1 21 81
1 22 60
1 23 88
1 24 32
1 25 74
1 26 90
1 27 60
1 28 63
1 29 63
1 30 26
1 31 67
1 32 26
1 33 62
1 34 39
1 35 46
1 36 6
1 37 71
1 38 93
1 39 40
1 40 26
1 41 45
1 42 80
1 43 48
1 44 83
1 45 59
1 46 73
1 47 1
1 48 27
1 49 62
1 50 87
1 51 50
1 52 26
1 53 85
1 54 90
1 55 9
1 56 70
1 57 94
1 58 65
1 59 56
1 60 77
1 61 81
1 62 71
1 63 55
1 64 21
1 65 59
1 66 99
1 67 4
1 68 62
1 69 13
1 70 39
1 71 60
1 72 35
1 73 40
1 74 80
1 75 16
1 76 20
1 77 46
1 78 32
1 79 94
1 80 61
1 81 39
1 82 60
1 83 94
1 84 2
1 85 85
1 86 51
1 87 50
1 88 19
1 89 51
1 90 39
1 91 17
1 92 59
1 93 32
1 94 7
1 95 27
1 96 51
1 97 25
1 98 87
1 99 75
1 100 60
2 0 90
2 1 33
2 3 9
2 4 9
2 5 9
2 6 9
2 7 2
2 8 21
2 9 7
2 10 26
2 11 67
2 12 34
2 13 87
2 14 80
2 15 88
2 16 83
2 17 57
2 18 25
2 19 38
2 20 91
2 21 35
2 22 16
2 23 71
2 24 46
2 25 56
2 26 41
2 27 92
2 28 98
2 29 2
2 30 33
2 31 92
2 32 19
2 33 41
2 34 20
2 35 57
2 36 40
2 37 59
2 38 76
2 39 88
2 40 30
2 41 77
2 42 25
2 43 25
2 44 69
2 45 44
2 46 71
2 47 7
2 48 13
2 49 24
2 50 14
2 51 94
2 52 13
2 53 19
2 54 71
2 55 12
2 56 77
2 57 52
2 58 43
2 59 28
2 60 15
2 61 59
2 62 65
2 63 48
2 64 63
2 65 65
2 66 96
2 67 77
2 68 25
2 69 92
2 70 6
2 71 95
2 72 98
2 73 78
2 74 58
2 75 14
2 76 15
2 77 2
2 78 46
2 79 91
2 80 61
2 81 70
2 82 91
2 83 57
2 84 58
2 85 73
2 86 95
2 87 92
2 88 1
2 89 12
2 90 75
2 91 78
2 92 44
2 93 50
2 94 24
2 95 5
2 96 70
2 97 32
2 98 24
2 99 42
2 100 77
3 0 21
3 1 88
3 2 15
3 4 90
3 5 81
3 6 89
3 7 89
3 8 89
3 9 89
3 10 20
3 11 22
3 12 33
3 13 90
3 14 15
3 15 89
3 16 16
3 17 23
3 18 19
3 19 78
3 20 63
3 21 37
3 22 5
3 23 44
3 24 97
3 25 29
3 26 91
3 27 99
3 28 69
3 29 20
3 30 11
3 31 32
3 32 67
3 33 23
3 34 92
3 35 8
3 36 90
3 37 7
3 38 16
3 39 10
3 40 11
3 41 98
3 42 32
3 43 60
3 44 88
3 45 75
3 46 7
3 47 14
3 48 75
3 49 50
3 50 42
3 51 95
3 52 77
3 53 94
3 54 61
3 55 4
3 56 35
3 57 62
3 58 40
3 59 16
3 60 73
3 61 77
3 62 72
3 63 22
3 64 26
3 65 68
3 66 27
3 67 71
3 68 64
3 69 52
3 70 53
3 71 3
3 72 51
3 73 58
3 74 37
3 75 56
3 76 53
3 77 26
3 78 87
3 79 51
3 80 31
3 81 74
3 82 64
3 83 96
3 84 19
3 85 8
3 86 17
3 87 7
3 88 55
3 89 56
3 90 16
3 91 1
3 92 16
3 93 26
3 94 89
3 95 29
3 96 38
3 97 89
3 98 87
3 99 74
3 100 68
4 0 72
4 1 3
4 2 88
4 3 10
4 5 77
4 6 47
4 7 59
4 8 63
4 9 31
4 10 31
4 11 31
4 12 31
4 13 9
4 14 31
4 15 18
4 16 11
4 17 70
4 18 19
4 19 34
4 20 89
4 21 24
4 22 73
4 23 53
4 24 16
4 25 79
4 26 82
4 27 84
4 28 54
4 29 2
4 30 69
4 31 4
4 32 67
4 33 60
4 34 46
4 35 9
4 36 81
4 37 76
4 38 98
4 39 13
4 40 25
4 41 74
4 42 55
4 43 96
4 44 22
4 45 79
4 46 88
4 47 38
4 48 60
4 49 81
4 50 39
4 51 31
4 52 46
4 53 83
4 54 3
4 55 80
4 56 22
4 57 38
4 58 80
4 59 18
4 60 77
4 61 31
4 62 7
4 63 38
4 64 85
4 65 50
4 66 17
4 67 6
4 68 56
4 69 13
4 70 95
4 71 94
4 72 41
4 73 82
4 74 16
4 75 93
4 76 27
4 77 39
4 78 79
4 79 64
4 80 31
4 81 56
4 82 83
4 83 16
4 84 3
4 85 27
4 86 59
4 87 83
4 88 10
4 89 88
4 90 85
4 91 62
4 92 54
4 93 91
4 94 21
4 95 48
4 96 91
4 97 57
4 98 87
4 99 86
4 100 39
5 0 9
5 1 29
5 2 10
5 3 80
5 4 94
5 6 52
5 7 78
5 8 52
5 9 93
5 10 19
5 11 89
5 12 32
5 13 32
5 14 32
5 15 32
5 16 34
5 17 95
5 18 82
5 19 62
5 20 49
5 21 12
5 22 99
5 23 80
5 24 72
5 25 84
5 26 70
5 27 61
5 28 36
5 29 19
5 30 10
5 31 33
5 32 74
5 33 72
5 34 20
5 35 99
5 36 58
5 37 87
5 38 20
5 39 60
5 40 78
5 41 14
5 42 85
5 43 13
5 44 82
5 45 77
5 46 44
5 47 86
5 48 84
5 49 89
5 50 71
5 51 85
5 52 38
5 53 46
5 54 11
5 55 47
5 56 83
5 57 21
5 58 27
5 59 60
5 60 29
5 61 24
5 62 20
5 63 10
5 64 81
5 65 96
5 66 53
5 67 60
5 68 79
5 69 82
5 70 66
5 71 54
5 72 39
5 73 82
5 74 42
5 75 64
5 76 17
5 77 75
5 78 19
5 79 54
5 80 41
5 81 13
5 82 78
5 83 66
5 84 66
5 85 40
5 86 84
5 87 46
5 88 54
5 89 54
5 90 23
5 91 48
5 92 87
5 93 76
5 94 91
5 95 66
5 96 41
5 97 91
5 98 45
5 99 15
5 100 80
6 0 48
6 1 75
6 2 91
6 3 47
6 4 57
6 5 77
6 7 5
6 8 22
6 9 70
6 10 53
6 11 37
6 12 76
6 13 26
6 14 19
6 15 61
6 16 61
6 17 61
6 18 61
6 19 86
6 20 52
6 21 32
6 22 69
6 23 49
6 24 59
6 25 7
6 26 43
6 27 90
6 28 14
6 29 35
6 30 14
6 31 34
6 32 34
6 33 30
6 34 48
6 35 37
6 36 34
6 37 45
6 38 2
6 39 19
6 40 69
6 41 14
6 42 12
6 43 26
6 44 38
6 45 11
6 46 7
6 47 34
6 48 59
6 49 13
6 50 12
6 51 77
6 52 61
6 53 34
6 54 30
6 55 80
6 56 94
6 57 79
6 58 8
6 59 31
6 60 35
6 61 1
6 62 62
6 63 30
6 64 95
6 65 53
6 66 81
6 67 46
6 68 29
6 69 92
6 70 82
6 71 17
6 72 14
6 73 36
6 74 65
6 75 70
6 76 43
6 77 49
6 78 87
6 79 93
6 80 88
6 81 64
6 82 78
6 83 33
6 84 56
6 85 73
6 86 49
6 87 69
6 88 11
6 89 49
6 90 29
6 91 57
6 92 85
6 93 94
6 94 6
6 95 59
6 96 4
6 97 51
6 98 58
6 99 81
6 100 93
7 0 26
7 1 38
7 2 41
7 3 36
7 4 85
7 5 35
7 6 37
7 8 48
7 9 87
7 10 92
7 11 96
7 12 27
7 13 6
7 14 36
7 15 34
7 16 36
7 17 74
7 18 51
7 19 51
7 20 51
7 21 51
7 22 21
7 23 43
7 24 10
7 25 66
7 26 51
7 27 92
7 28 15
7 29 45
7 30 74
7 31 93
7 32 56
7 33 46
7 34 39
7 35 34
7 36 38
7 37 84
7 38 70
7 39 1
7 40 38
7 41 51
7 42 22
7 43 30
7 44 14
7 45 25
7 46 32
7 47 11
7 48 21
7 49 50
7 50 27
7 51 73
7 52 11
7 53 7
7 54 21
7 55 64
7 56 73
7 57 79
7 58 34
7 59 44
7 60 52
7 61 24
7 62 3
7 63 64
7 64 64
7 65 41
7 66 80
7 67 41
7 68 47
7 69 94
7 70 43
7 71 31
7 72 14
7 73 49
7 74 30
7 75 63
7 76 74
7 77 46
7 78 42
7 79 25
7 80 57
7 81 43
7 82 22
7 83 79
7 84 78
7 85 78
7 86 13
7 87 46
7 88 78
7 89 75
7 90 69
7 91 27
7 92 54
7 93 84
7 94 54
7 95 3
7 96 50
7 97 16
7 98 12
7 99 22
7 100 75
8 0 44
8 1 56
8 2 8
8 3 14
8 4 60
8 5 31
8 6 77
8 7 94
8 9 5
8 10 47
8 11 58
8 12 70
8 13 14
8 14 99
8 15 63
8 16 23
8 17 36
8 18 80
8 19 87
8 20 76
8 21 94
8 22 94
8 23 94
8 24 94
8 25 54
8 26 96
8 27 89
8 28 78
8 29 4
8 30 59
8 31 98
8 32 72
8 33 1
8 34 1
8 35 60
8 36 91
8 37 45
8 38 47
8 39 96
8 40 66
8 41 51
8 42 51
8 43 98
8 44 41
8 45 62
8 46 50
8 47 12
8 48 86
8 49 10
8 50 93
8 51 28
8 52 29
8 53 83
8 54 59
8 55 19
8 56 1
8 57 59
8 58 29
8 59 78
8 60 40
8 61 17
8 62 90
8 63 86
8 64 57
8 65 42
8 66 44
8 67 44
8 68 88
8 69 70
8 70 39
8 71 16
8 72 47
8 73 39
8 74 83
8 75 47
8 76 10
8 77 12
8 78 57
8 79 3
8 80 87
8 81 79
8 82 20
8 83 41
8 84 4
8 85 52
8 86 92
8 87 45
8 88 34
8 89 81
8 90 24
8 91 66
8 92 62
8 93 5
8 94 34
8 95 19
8 96 97
8 97 63
8 98 25
8 99 65
8 100 2
9 0 36
9 1 32
9 2 39
9 3 82
9 4 88
9 5 26
9 6 97
9 7 6
9 8 23
9 10 14
9 11 82
9 12 60
9 13 23
9 14 17
9 15 32
9 16 40
9 17 73
9 18 4
9 19 12
9 20 65
9 21 30
9 22 94
9 23 99
9 24 81
9 25 81
9 26 81
9 27 81
9 28 4
9 29 73
9 30 94
9 31 85
9 32 69
9 33 16
9 34 85
9 35 91
9 36 7
9 37 22
9 38 85
9 39 30
9 40 1
9 41 47
9 42 55
9 43 75
9 44 73
9 45 43
9 46 27
9 47 8
9 48 69
9 49 31
9 50 39
9 51 33
9 52 83
9 53 69
9 54 59
9 55 29
9 56 83
9 57 71
9 58 86
9 59 27
9 60 48
9 61 23
9 62 25
9 63 33
9 64 34
9 65 54
9 66 4
9 67 6
9 68 4
9 69 59
9 70 87
9 71 41
9 72 57
9 73 92
9 74 40
9 75 51
9 76 41
9 77 66
9 78 7
9 79 42
9 80 46
9 81 18
9 82 47
9 83 59
9 84 63
9 85 79
9 86 43
9 87 82
9 88 16
9 89 13
9 90 68
9 91 76
9 92 32
9 93 10
9 94 67
9 95 68
9 96 37
9 97 75
9 98 9
9 99 14
9 100 59
10 0 35
10 1 3
10 2 85
10 3 92
10 4 97
10 5 54
10 6 61
10 7 68
10 8 6
10 9 35
10 11 86
10 12 25
10 13 95
10 14 56
10 15 64
10 16 50
10 17 51
10 18 46
10 19 13
10 20 69
10 21 23
10 22 99
10 23 31
10 24 73
10 25 7
10 26 80
10 27 32
10 28 32
10 29 32
10 30 32
10 31 3
10 32 21
10 33 49
10 34 86
10 35 62
10 36 31
10 37 97
10 38 47
10 39 55
10 40 70
10 41 37
10 42 89
10 43 34
10 44 31
10 45 55
10 46 97
10 47 61
10 48 40
10 49 67
10 50 84
10 51 26
10 52 82
10 53 88
10 54 12
10 55 35
10 56 51
10 57 92
10 58 38
10 59 6
10 60 73
10 61 59
10 62 23
10 63 74
10 64 87
10 65 62
10 66 50
10 67 93
10 68 72
10 69 73
10 70 52
10 71 68
10 72 62
10 73 78
10 74 25
10 75 54
10 76 65
10 77 23
10 78 39
10 79 2
10 80 57
10 81 67
10 82 20
10 83 65
10 84 88
10 85 98
10 86 87
10 87 63
10 88 53
10 89 6
10 90 96
10 91 22
10 92 46
10 93 53
10 94 94
10 95 80
10 96 19
10 97 71
10 98 73
10 99 85
10 100 83
11 0 31
11 1 35
11 2 80
11 3 8
11 4 95
11 5 22
11 6 74
11 7 47
11 8 22
11 9 10
11 10 1
11 12 40
11 13 33
11 14 63
11 15 59
11 16 72
11 17 2
11 18 69
11 19 23
11 20 86
11 21 69
11 22 63
11 23 92
11 24 63
11 25 54
11 26 67
11 27 67
11 28 67
11 29 42
11 30 14
11 31 14
11 32 14
11 33 14
11 34 34
11 35 30
11 36 46
11 37 64
11 38 23
11 39 38
11 40 53
11 41 7
11 42 98
11 43 52
11 44 7
11 45 95
11 46 35
11 47 41
11 48 71
11 49 41
11 50 89
11 51 85
11 52 87
11 53 5
11 54 19
11 55 4
11 56 70
11 57 5
11 58 19
11 59 60
11 60 13
11 61 11
11 62 26
11 63 49
11 64 48
11 65 62
11 66 47
11 67 16
11 68 35
11 69 43
11 70 45
11 71 82
11 72 42
11 73 1
11 74 54
11 75 35
11 76 79
11 77 16
11 78 93
11 79 83
11 80 35
11 81 45
11 82 66
11 83 24
11 84 15
11 85 39
11 86 98
11 87 65
11 88 90
11 89 92
11 90 69
11 91 10
11 92 92
11 93 78
11 94 10
11 95 47
11 96 64
11 97 9
11 98 76
11 99 80
11 100 91
12 0 92
12 1 74
12 2 97
12 3 14
12 4 85
12 5 12
12 6 98
12 7 71
12 8 86
12 9 43
12 10 23
12 11 35
12 13 73
12 14 39
12 15 26
12 16 4
12 17 86
12 18 58
12 19 31
12 20 81
12 21 31
12 22 79
12 23 43
12 24 32
12 25 2
12 26 65
12 27 71
12 28 67
12 29 44
12 30 86
12 31 42
12 32 96
12 33 26
12 34 26
12 35 26
12 36 26
12 37 65
12 38 98
12 39 54
12 40 18
12 41 89
12 42 63
12 43 19
12 44 28
12 45 61
12 46 30
12 47 43
12 48 31
12 49 56
12 50 32
12 51 89
12 52 31
12 53 43
12 54 26
12 55 59
12 56 73
12 57 17
12 58 86
12 59 57
12 60 3
12 61 69
12 62 68
12 63 57
12 64 90
12 65 15
12 66 12
12 67 64
12 68 60
12 69 67
12 70 34
12 71 36
12 72 46
12 73 82
12 74 32
12 75 63
12 76 51
12 77 97
12 78 5
12 79 53
12 80 37
12 81 64
12 82 11
12 83 55
12 84 94
12 85 73
12 86 82
12 87 1
12 88 41
12 89 37
12 90 54
12 91 28
12 92 43
12 93 41
12 94 32
12 95 50
12 96 82
12 97 55
12 98 62
12 99 11
12 100 62
13 0 7
13 1 74
13 2 68
13 3 12
13 4 83
13 5 35
13 6 73
13 7 63
13 8 31
13 9 1
13 10 9
13 11 51
13 12 30
13 14 42
13 15 67
13 16 30
13 17 66
13 18 91
13 19 16
13 20 46
13 21 70
13 22 9
13 23 87
13 24 26
13 25 98
13 26 36
13 27 4
13 28 57
13 29 35
13 30 92
13 31 90
13 32 79
13 33 1
13 34 5
13 35 2
13 36 43
13 37 43
13 38 43
13 39 43
13 40 39
13 41 34
13 42 42
13 43 9
13 44 73
13 45 32
13 46 47
13 47 52
13 48 85
13 49 34
13 50 2
13 51 41
13 52 96
13 53 40
13 54 12
13 55 67
13 56 45
13 57 68
13 58 81
13 59 74
13 60 93
13 61 80
13 62 71
13 63 11
13 64 70
13 65 51
13 66 62
13 67 29
13 68 14
13 69 72
13 70 40
13 71 90
13 72 23
13 73 5
13 74 30
13 75 52
13 76 10
13 77 21
13 78 83
13 79 64
13 80 43
13 81 92
13 82 35
13 83 44
13 84 46
13 85 74
13 86 32
13 87 12
13 88 47
13 89 40
13 90 82
13 91 65
13 92 74
13 93 85
13 94 97
13 95 55
13 96 75
13 97 33
13 98 80
13 99 97
13 100 20
14 0 24
14 1 69
14 2 54
14 3 3
14 4 21
14 5 43
14 6 35
14 7 70
14 8 39
14 9 15
14 10 49
14 11 55
14 12 55
14 13 30
14 15 79
14 16 78
14 17 18
14 18 50
14 19 62
14 20 41
14 21 97
14 22 59
14 23 96
14 24 46
14 25 78
14 26 55
14 27 12
14 28 97
14 29 74
14 30 39
14 31 36
14 32 46
14 33 89
14 34 51
14 35 75
14 36 4
14 37 54
14 38 69
14 39 44
14 40 44
14 41 44
14 42 44
14 43 38
14 44 53
14 45 4
14 46 65
14 47 97
14 48 28
14 49 17
14 50 64
14 51 50
14 52 29
14 53 21
14 54 44
14 55 85
14 56 24
14 57 13
14 58 95
14 59 33
14 60 10
14 61 90
14 62 4
14 63 53
14 64 8
14 65 6
14 66 64
14 67 87
14 68 28
14 69 43
14 70 26
14 71 33
14 72 4
14 73 62
14 74 36
14 75 94
14 76 65
14 77 35
14 78 56
14 79 88
14 80 63
14 81 14
14 82 28
14 83 73
14 84 65
14 85 53
14 86 84
14 87 22
14 88 73
14 89 21
14 90 33
14 91 62
14 92 38
14 93 46
14 94 45
14 95 54
14 96 58
14 97 73
14 98 32
14 99 19
14 100 2
15 0 64
15 1 28
15 2 27
15 3 92
15 4 30
15 5 20
15 6 87
15 7 82
15 8 60
15 9 53
15 10 42
15 11 74
15 12 32
15 13 84
15 14 29
15 16 93
15 17 54
15 18 9
15 19 48
15 20 21
15 21 61
15 22 90
15 23 87
15 24 40
15 25 2
15 26 93
15 27 43
15 28 25
15 29 19
15 30 84
15 31 25
15 32 32
15 33 1
15 34 8
15 35 74
15 36 98
15 37 62
15 38 23
15 39 65
15 40 91
15 41 29
15 42 75
15 43 75
15 44 75
15 45 75
15 46 87
15 47 42
15 48 56
15 49 17
15 50 51
15 51 26
15 52 81
15 53 51
15 54 98
15 55 90
15 56 54
15 57 11
15 58 51
15 59 28
15 60 43
15 61 27
15 62 91
15 63 98
15 64 7
15 65 96
15 66 22
15 67 22
15 68 6
15 69 23
15 70 56
15 71 74
15 72 26
15 73 70
15 74 28
15 75 69
15 76 51
15 77 71
15 78 25
15 79 83
15 80 30
15 81 21
15 82 27
15 83 14
15 84 14
15 85 37
15 86 50
15 87 17
15 88 34
15 89 83
15 90 96
15 91 40
15 92 24
15 93 4
15 94 72
15 95 12
15 96 43
15 97 24
15 98 55
15 99 56
15 100 83
16 0 39
16 1 6
16 2 41
16 3 52
16 4 49
16 5 18
16 6 41
16 7 77
16 8 6
16 9 26
16 10 64
16 11 35
16 12 96
16 13 33
16 14 52
16 15 45
16 17 44
16 18 47
16 19 30
16 20 20
16 21 77
16 22 51
16 23 27
16 24 74
16 25 1
16 26 7
16 27 98
16 28 32
16 29 38
16 30 26
16 31 55
16 32 56
16 33 98
16 34 23
16 35 53
16 36 47
16 37 81
16 38 38
16 39 3
16 40 26
16 41 83
16 42 90
16 43 19
16 44 13
16 45 32
16 46 32
16 47 32
16 48 32
16 49 28
16 50 3
16 51 80
16 52 72
16 53 49
16 54 86
16 55 93
16 56 75
16 57 29
16 58 43
16 59 38
16 60 35
16 61 90
16 62 62
16 63 1
16 64 62
16 65 5
16 66 81
16 67 10
16 68 57
16 69 28
16 70 42
16 71 39
16 72 44
16 73 55
16 74 8
16 75 58
16 76 75
16 77 14
16 78 62
16 79 81
16 80 24
16 81 26
16 82 90
16 83 14
16 84 14
16 85 2
16 86 56
16 87 3
16 88 6
16 89 75
16 90 68
16 91 86
16 92 91
16 93 91
16 94 97
16 95 52
16 96 34
16 97 5
16 98 6
16 99 77
16 100 38
17 0 40
17 1 54
17 2 42
17 3 54
17 4 28
17 5 25
17 6 36
17 7 92
17 8 48
17 9 94
17 10 60
17 11 81
17 12 97
17 13 25
17 14 65
17 15 16
17 16 91
17 18 57
17 19 5
17 20 92
17 21 61
17 22 37
17 23 30
17 24 30
17 25 1
17 26 6
17 27 39
17 28 2
17 29 39
17 30 87
17 31 50
17 32 70
17 33 76
17 34 9
17 35 23
17 36 76
17 37 63
17 38 80
17 39 84
17 40 90
17 41 4
17 42 5
17 43 79
17 44 95
17 45 8
17 46 21
17 47 32
17 48 81
17 49 81
17 50 81
17 51 81
17 52 52
17 53 42
17 54 51
17 55 84
17 56 22
17 57 73
17 58 92
17 59 21
17 60 97
17 61 99
17 62 49
17 63 63
17 64 39
17 65 46
17 66 48
17 67 13
17 68 51
17 69 96
17 70 28
17 71 8
17 72 83
17 73 97
17 74 14
17 75 77
17 76 4
17 77 85
17 78 26
17 79 73
17 80 3
17 81 88
17 82 27
17 83 70
17 84 34
17 85 37
17 86 98
17 87 32
17 88 65
17 89 24
17 90 57
17 91 80
17 92 87
17 93 44
17 94 52
17 95 99
17 96 62
17 97 64
17 98 93
17 99 11
17 100 23
18 0 70
18 1 21
18 2 41
18 3 72
18 4 69
18 5 87
18 6 87
18 7 61
18 8 12
18 9 8
18 10 12
18 11 74
18 12 10
18 13 28
18 14 87
18 15 16
18 16 97
18 17 52
18 19 39
18 20 75
18 21 70
18 22 35
18 23 52
18 24 35
18 25 82
18 26 52
18 27 66
18 28 18
18 29 73
18 30 32
18 31 66
18 32 68
18 33 3
18 34 7
18 35 99
18 36 44
18 37 46
18 38 34
18 39 33
18 40 8
18 41 98
18 42 29
18 43 66
18 44 34
18 45 97
18 46 79
18 47 78
18 48 80
18 49 21
18 50 57
18 51 60
18 52 60
18 53 60
18 54 60
18 55 48
18 56 27
18 57 6
18 58 76
18 59 49
18 60 9
18 61 14
18 62 24
18 63 28
18 64 89
18 65 50
18 66 13
18 67 81
18 68 40
18 69 95
18 70 21
18 71 98
18 72 91
18 73 66
18 74 73
18 75 81
18 76 24
18 77 93
18 78 49
18 79 17
18 80 26
18 81 97
18 82 69
18 83 33
18 84 12
18 85 25
18 86 27
18 87 98
18 88 98
18 89 42
18 90 92
18 91 15
18 92 25
18 93 76
18 94 97
18 95 70
18 96 56
18 97 84
18 98 90
18 99 88
18 100 13
19 0 70
19 1 41
19 2 96
19 3 45
19 4 68
19 5 53
19 6 26
19 7 72
19 8 26
19 9 83
19 10 90
19 11 67
19 12 34
19 13 43
19 14 83
19 15 11
19 16 10
19 17 50
19 18 76
19 20 99
19 21 98
19 22 81
19 23 87
19 24 33
19 25 13
19 26 38
19 27 11
19 28 87
19 29 47
19 30 11
19 31 17
19 32 84
19 33 97
19 34 60
19 35 34
19 36 77
19 37 25
19 38 86
19 39 13
19 40 52
19 41 72
19 42 94
19 43 38
19 44 84
19 45 58
19 46 64
19 47 81
19 48 95
19 49 72
19 50 72
19 51 61
19 52 10
19 53 52
19 54 95
19 55 95
19 56 95
19 57 95
19 58 30
19 59 63
19 60 15
19 61 31
19 62 85
19 63 79
19 64 68
19 65 16
19 66 26
19 67 9
19 68 2
19 69 67
19 70 1
19 71 66
19 72 84
19 73 41
19 74 18
19 75 29
19 76 28
19 77 56
19 78 49
19 79 25
19 80 35
19 81 73
19 82 61
19 83 65
19 84 64
19 85 90
19 86 65
19 87 81
19 88 28
19 89 63
19 90 99
19 91 61
19 92 7
19 93 70
19 94 10
19 95 55
19 96 40
19 97 15
19 98 26
19 99 95
19 100 81
20 0 8
20 1 18
20 2 42
20 3 38
20 4 77
20 5 62
20 6 49
20 7 94
20 8 54
20 9 18
20 10 20
20 11 26
20 12 40
20 13 76
20 14 15
20 15 3
20 16 91
20 17 17
20 18 34
20 19 12
20 21 59
20 22 36
20 23 73
20 24 48
20 25 42
20 26 66
20 27 80
20 28 59
20 29 88
20 30 33
20 31 37
20 32 32
20 33 28
20 34 11
20 35 22
20 36 29
20 37 79
20 38 53
20 39 87
20 40 55
20 41 22
20 42 80
20 43 15
20 44 35
20 45 64
20 46 94
20 47 16
20 48 51
20 49 41
20 50 72
20 51 38
20 52 66
20 53 39
20 54 73
20 55 45
20 56 90
20 57 80
20 58 80
20 59 80
20 60 80
20 61 18
20 62 55
20 63 78
20 64 71
20 65 70
20 66 51
20 67 16
20 68 86
20 69 3
20 70 62
20 71 52
20 72 15
20 73 50
20 74 75
20 75 19
20 76 99
20 77 29
20 78 47
20 79 82
20 80 29
20 81 62
20 82 11
20 83 6
20 84 8
20 85 76
20 86 36
20 87 85
20 88 35
20 89 47
20 90 2
20 91 4
20 92 41
20 93 72
20 94 25
20 95 13
20 96 99
20 97 9
20 98 3
20 99 44
20 100 92
21 0 76
21 1 51
21 2 49
21 3 19
21 4 49
21 5 95
21 6 93
21 7 54
21 8 81
21 9 87
21 10 92
21 11 54
21 12 36
21 13 95
21 14 98
21 15 50
21 16 37
21 17 19
21 18 25
21 19 82
21 20 23
21 22 40
21 23 34
21 24 85
21 25 41
21 26 85
21 27 39
21 28 67
21 29 71
21 30 60
21 31 17
21 32 62
21 33 67
21 34 92
21 35 17
21 36 39
21 37 88
21 38 83
21 39 91
21 40 53
21 41 31
21 42 12
21 43 33
21 44 61
21 45 50
21 46 74
21 47 29
21 48 40
21 49 5
21 50 22
21 51 87
21 52 32
21 53 70
21 54 89
21 55 94
21 56 65
21 57 32
21 58 52
21 59 83
21 60 48
21 61 48
21 62 48
21 63 48
21 64 2
21 65 15
21 66 14
21 67 71
21 68 29
21 69 37
21 70 43
21 71 26
21 72 86
21 73 90
21 74 23
21 75 41
21 76 27
21 77 7
21 78 70
21 79 31
21 80 64
21 81 91
21 82 17
21 83 16
21 84 56
21 85 99
21 86 33
21 87 8
21 88 36
21 89 82
21 90 81
21 91 92
21 92 5
21 93 65
21 94 65
21 95 83
21 96 20
21 97 80
21 98 90
21 99 75
21 100 41
22 0 59
22 1 63
22 2 90
22 3 92
22 4 36
22 5 11
22 6 63
22 7 8
22 8 98
22 9 37
22 10 84
22 11 95
22 12 84
22 13 33
22 14 17
22 15 22
22 16 84
22 17 7
22 18 59
22 19 33
22 20 3
22 21 82
22 23 13
22 24 7
22 25 77
22 26 74
22 27 24
22 28 78
22 29 33
22 30 33
22 31 36
22 32 11
22 33 61
22 34 4
22 35 1
22 36 35
22 37 98
22 38 10
22 39 31
22 40 50
22 41 44
22 42 64
22 43 60
22 44 77
22 45 33
22 46 31
22 47 13
22 48 38
22 49 59
22 50 50
22 51 46
22 52 68
22 53 32
22 54 28
22 55 27
22 56 92
22 57 70
22 58 80
22 59 66
22 60 38
22 61 98
22 62 48
22 63 14
22 64 14
22 65 14
22 66 14
22 67 35
22 68 87
22 69 30
22 70 4
22 71 92
22 72 24
22 73 67
22 74 95
22 75 17
22 76 54
22 77 27
22 78 58
22 79 63
22 80 22
22 81 31
22 82 10
22 83 99
22 84 54
22 85 44
22 86 58
22 87 6
22 88 57
22 89 74
22 90 61
22 91 28
22 92 26
22 93 66
22 94 79
22 95 52
22 96 38
22 97 38
22 98 57
22 99 81
22 100 94
23 0 9
23 1 82
23 2 64
23 3 44
23 4 35
23 5 24
23 6 61
23 7 49
23 8 14
23 9 84
23 10 80
23 11 45
23 12 85
23 13 53
23 14 73
23 15 29
23 16 40
23 17 30
23 18 62
23 19 12
23 20 75
23 21 75
23 22 55
23 24 50
23 25 14
23 26 14
23 27 18
23 28 13
23 29 89
23 30 92
23 31 44
23 32 8
23 33 1
23 34 47
23 35 5
23 36 17
23 37 53
23 38 89
23 39 5
23 40 37
23 41 55
23 42 50
23 43 95
23 44 39
23 45 36
23 46 67
23 47 96
23 48 54
23 49 95
23 50 97
23 51 42
23 52 45
23 53 88
23 54 85
23 55 74
23 56 50
23 57 12
23 58 64
23 59 13
23 60 33
23 61 25
23 62 28
23 63 81
23 64 16
23 65 95
23 66 33
23 67 33
23 68 33
23 69 33
23 70 80
23 71 16
23 72 59
23 73 79
23 74 68
23 75 25
23 76 93
23 77 70
23 78 53
23 79 22
23 80 9
23 81 55
23 82 39
23 83 66
23 84 62
23 85 75
23 86 87
23 87 65
23 88 98
23 89 26
23 90 40
23 91 32
23 92 2
23 93 68
23 94 23
23 95 67
23 96 57
23 97 70
23 98 13
23 99 21
23 100 46
24 0 41
24 1 73
24 2 24
24 3 3
24 4 71
24 5 80
24 6 9
24 7 5
24 8 25
24 9 6
24 10 35
24 11 94
24 12 75
24 13 3
24 14 60
24 15 6
24 16 6
24 17 22
24 18 72
24 19 65
24 20 47
24 21 3
24 22 73
24 23 36
24 25 71
24 26 65
24 27 31
24 28 58
24 29 83
24 30 93
24 31 79
24 32 97
24 33 75
24 34 69
24 35 93
24 36 48
24 37 28
24 38 63
24 39 57
24 40 6
24 41 97
24 42 48
24 43 42
24 44 78
24 45 16
24 46 16
24 47 94
24 48 47
24 49 52
24 50 14
24 51 9
24 52 15
24 53 64
24 54 41
24 55 43
24 56 21
24 57 1
24 58 29
24 59 43
24 60 91
24 61 3
24 62 61
24 63 95
24 64 24
24 65 52
24 66 33
24 67 1
24 68 76
24 69 11
24 70 11
24 71 11
24 72 11
24 73 49
24 74 97
24 75 91
24 76 28
24 77 10
24 78 90
24 79 26
24 80 88
24 81 49
24 82 37
24 83 66
24 84 94
24 85 35
24 86 21
24 87 63
24 88 84
24 89 2
24 90 12
24 91 78
24 92 58
24 93 30
24 94 82
24 95 12
24 96 24
24 97 5
24 98 19
24 99 81
24 100 21
25 0 18
25 1 5
25 2 9
25 3 75
25 4 46
25 5 17
25 6 14
25 7 87
25 8 59
25 9 19
25 10 29
25 11 88
25 12 92
25 13 26
25 14 33
25 15 44
25 16 67
25 17 42
25 18 31
25 19 59
25 20 1
25 21 59
25 22 45
25 23 92
25 24 87
25 26 29
25 27 20
25 28 29
25 29 61
25 30 60
25 31 79
25 32 87
25 33 81
25 34 56
25 35 60
25 36 72
25 37 27
25 38 91
25 39 1
25 40 31
25 41 75
25 42 99
25 43 84
25 44 16
25 45 72
25 46 67
25 47 66
25 48 73
25 49 85
25 50 62
25 51 75
25 52 13
25 53 13
25 54 20
25 55 40
25 56 87
25 57 27
25 58 28
25 59 13
25 60 81
25 61 54
25 62 61
25 63 93
25 64 78
25 65 21
25 66 44
25 67 84
25 68 31
25 69 50
25 70 97
25 71 86
25 72 14
25 73 14
25 74 14
25 75 14
25 76 79
25 77 83
25 78 90
25 79 15
25 80 95
25 81 31
25 82 83
25 83 68
25 84 83
25 85 95
25 86 19
25 87 14
25 88 6
25 89 46
25 90 81
25 91 95
25 92 81
25 93 44
25 94 58
25 95 64
25 96 70
25 97 93
25 98 91
25 99 41
25 100 37
26 0 81
26 1 78
26 2 88
26 3 19
26 4 75
26 5 68
26 6 24
26 7 64
26 8 2
26 9 9
26 10 97
26 11 60
26 12 85
26 13 45
26 14 17
26 15 97
26 16 92
26 17 46
26 18 52
26 19 3
26 20 17
26 21 56
26 22 7
26 23 98
26 24 39
26 25 68
26 27 50
26 28 25
26 29 77
26 30 95
26 31 13
26 32 47
26 33 9
26 34 83
26 35 32
26 36 23
26 37 82
26 38 72
26 39 49
26 40 33
26 41 1
26 42 2
26 43 67
26 44 46
26 45 48
26 46 60
26 47 42
26 48 55
26 49 95
26 50 16
26 51 76
26 52 25
26 53 81
26 54 67
26 55 49
26 56 82
26 57 21
26 58 42
26 59 56
26 60 9
26 61 16
26 62 2
26 63 19
26 64 38
26 65 20
26 66 27
26 67 11
26 68 7
26 69 55
26 70 38
26 71 41
26 72 71
26 73 79
26 74 12
26 75 90
26 76 90
26 77 90
26 78 90
26 79 22
26 80 16
26 81 49
26 82 73
26 83 59
26 84 59
26 85 91
26 86 50
26 87 43
26 88 6
26 89 71
26 90 93
26 91 64
26 92 95
26 93 17
26 94 2
26 95 4
26 96 24
26 97 33
26 98 80
26 99 70
26 100 30
27 0 49
27 1 35
27 2 80
27 3 61
27 4 47
27 5 58
27 6 20
27 7 95
27 8 95
27 9 38
27 10 47
27 11 5
27 12 73
27 13 23
27 14 13
27 15 99
27 16 80
27 17 62
27 18 60
27 19 30
27 20 22
27 21 89
27 22 15
27 23 3
27 24 63
27 25 90
27 26 53
27 28 49
27 29 43
27 30 6
27 31 9
27 32 7
27 33 84
27 34 93
27 35 14
27 36 7
27 37 59
27 38 47
27 39 58
27 40 81
27 41 8
27 42 27
27 43 4
27 44 45
27 45 88
27 46 1
27 47 12
27 48 71
27 49 63
27 50 58
27 51 64
27 52 36
27 53 52
27 54 55
27 55 72
27 56 41
27 57 80
27 58 6
27 59 37
27 60 46
27 61 38
27 62 31
27 63 61
27 64 82
27 65 50
27 66 77
27 67 25
27 68 13
27 69 49
27 70 16
27 71 6
27 72 14
27 73 79
27 74 37
27 75 48
27 76 44
27 77 49
27 78 79
27 79 79
27 80 79
27 81 79
27 82 68
27 83 66
27 84 17
27 85 27
27 86 45
27 87 20
27 88 67
27 89 87
27 90 78
27 91 62
27 92 65
27 93 64
27 94 25
27 95 35
27 96 63
27 97 27
27 98 62
27 99 23
27 100 18
28 0 94
28 1 33
28 2 50
28 3 71
28 4 91
28 5 42
28 6 5
28 7 93
28 8 63
28 9 55
28 10 76
28 11 95
28 12 33
28 13 46
28 14 83
28 15 32
28 16 64
28 17 20
28 18 7
28 19 2
28 20 8
28 21 70
28 22 75
28 23 91
28 24 72
28 25 94
28 26 74
28 27 47
28 29 56
28 30 65
28 31 58
28 32 70
28 33 82
28 34 32
28 35 72
28 36 32
28 37 62
28 38 40
28 39 92
28 40 34
28 41 35
28 42 22
28 43 15
28 44 38
28 45 47
28 46 70
28 47 3
28 48 31
28 49 19
28 50 90
28 51 17
28 52 90
28 53 41
28 54 89
28 55 16
28 56 37
28 57 23
28 58 61
28 59 22
28 60 18
28 61 1
28 62 11
28 63 58
28 64 17
28 65 16
28 66 75
28 67 99
28 68 76
28 69 35
28 70 74
28 71 15
28 72 59
28 73 79
28 74 93
28 75 68
28 76 83
28 77 22
28 78 75
28 79 70
28 80 49
28 81 67
28 82 67
28 83 67
28 84 67
28 85 71
28 86 38
28 87 26
28 88 3
28 89 86
28 90 15
28 91 3
28 92 19
28 93 12
28 94 10
28 95 34
28 96 41
28 97 96
28 98 51
28 99 92
28 100 46
29 0 25
29 1 19
29 2 42
29 3 89
29 4 10
29 5 95
29 6 51
29 7 99
29 8 31
29 9 25
29 10 7
29 11 32
29 12 28
29 13 74
29 14 85
29 15 41
29 16 2
29 17 84
29 18 91
29 19 27
29 20 73
29 21 10
29 22 65
29 23 1
29 24 77
29 25 38
29 26 95
29 27 14
29 28 24
29 30 52
29 31 74
29 32 42
29 33 83
29 34 41
29 35 64
29 36 79
29 37 31
29 38 39
29 39 76
29 40 68
29 41 8
29 42 66
29 43 64
29 44 84
29 45 80
29 46 5
29 47 83
29 48 63
29 49 72
29 50 44
29 51 40
29 52 39
29 53 75
29 54 47
29 55 34
29 56 4
29 57 4
29 58 36
29 59 91
29 60 92
29 61 71
29 62 10
29 63 38
29 64 56
29 65 25
29 66 98
29 67 24
29 68 44
29 69 38
29 70 24
29 71 50
29 72 90
29 73 29
29 74 28
29 75 17
29 76 68
29 77 95
29 78 39
29 79 75
29 80 13
29 81 25
29 82 91
29 83 77
29 84 10
29 85 10
29 86 10
29 87 10
29 88 74
29 89 52
29 90 10
29 91 20
29 92 50
29 93 69
29 94 46
29 95 71
29 96 42
29 97 17
29 98 97
29 99 4
29 100 38
30 0 85
30 1 10
30 2 6
30 3 24
30 4 86
30 5 14
30 6 63
30 7 30
30 8 50
30 9 24
30 10 2
30 11 34
30 12 94
30 13 40
30 14 68
30 15 12
30 16 43
30 17 81
30 18 53
30 19 12
30 20 32
30 21 54
30 22 22
30 23 17
30 24 48
30 25 43
30 26 16
30 27 57
30 28 83
30 29 76
30 31 71
30 32 73
30 33 99
30 34 70
30 35 72
30 36 48
30 37 64
30 38 34
30 39 58
30 40 31
30 41 49
30 42 69
30 43 33
30 44 55
30 45 76
30 46 83
30 47 39
30 48 35
30 49 76
30 50 23
30 51 55
30 52 8
30 53 96
30 54 27
30 55 17
30 56 74
30 57 97
30 58 21
30 59 41
30 60 7
30 61 8
30 62 73
30 63 48
30 64 95
30 65 94
30 66 32
30 67 63
30 68 82
30 69 23
30 70 48
30 71 57
30 72 34
30 73 47
30 74 33
30 75 41
30 76 30
30 77 58
30 78 42
30 79 12
30 80 76
30 81 83
30 82 15
30 83 83
30 84 97
30 85 4
30 86 81
30 87 80
30 88 80
30 89 80
30 90 80
30 91 53
30 92 68
30 93 65
30 94 99
30 95 41
30 96 58
30 97 61
30 98 63
30 99 30
30 100 37
31 0 85
31 1 8
31 2 17
31 3 48
31 4 34
31 5 88
31 6 96
31 7 57
31 8 49
31 9 94
31 10 74
31 11 4
31 12 99
31 13 22
31 14 63
31 15 78
31 16 9
31 17 99
31 18 81
31 19 92
31 20 95
31 21 11
31 22 39
31 23 69
31 24 84
31 25 32
31 26 54
31 27 90
31 28 70
31 29 84
31 30 43
31 32 24
31 33 99
31 34 30
31 35 45
31 36 55
31 37 55
31 38 48
31 39 45
31 40 18
31 41 63
31 42 72
31 43 93
31 44 82
31 45 80
31 46 29
31 47 44
31 48 92
31 49 22
31 50 17
31 51 60
31 52 57
31 53 25
31 54 72
31 55 88
31 56 98
31 57 41
31 58 69
31 59 16
31 60 36
31 61 21
31 62 92
31 63 9
31 64 66
31 65 70
31 66 36
31 67 92
31 68 96
31 69 63
31 70 5
31 71 33
31 72 95
31 73 56
31 74 30
31 75 72
31 76 29
31 77 71
31 78 7
31 79 4
31 80 49
31 81 8
31 82 53
31 83 4
31 84 78
31 85 4
31 86 7
31 87 99
31 88 92
31 89 86
31 90 18
31 91 18
31 92 18
31 93 18
31 94 21
31 95 70
31 96 14
31 97 52
31 98 49
31 99 52
31 100 54
32 0 21
32 1 81
32 2 25
32 3 57
32 4 29
32 5 83
32 6 86
32 7 71
32 8 68
32 9 33
32 10 52
32 11 9
32 12 87
32 13 12
32 14 72
32 15 72
32 16 79
32 17 35
32 18 83
32 19 8
32 20 9
32 21 32
32 22 63
32 23 31
32 24 14
32 25 97
32 26 92
32 27 80
32 28 25
32 29 16
32 30 76
32 31 87
32 33 66
32 34 33
32 35 38
32 36 98
32 37 66
32 38 26
32 39 52
32 40 70
32 41 28
32 42 77
32 43 50
32 44 37
32 45 28
32 46 28
32 47 89
32 48 31
32 49 2
32 50 46
32 51 49
32 52 79
32 53 56
32 54 32
32 55 64
32 56 3
32 57 80
32 58 14
32 59 70
32 60 26
32 61 23
32 62 84
32 63 2
32 64 98
32 65 75
32 66 74
32 67 53
32 68 83
32 69 35
32 70 31
32 71 57
32 72 24
32 73 94
32 74 67
32 75 96
32 76 72
32 77 16
32 78 39
32 79 47
32 80 68
32 81 99
32 82 64
32 83 57
32 84 17
32 85 49
32 86 86
32 87 72
32 88 9
32 89 85
32 90 95
32 91 52
32 92 80
32 93 87
32 94 87
32 95 87
32 96 87
32 97 62
32 98 70
32 99 3
32 100 85
33 0 47
33 1 9
33 2 20
33 3 50
33 4 42
33 5 55
33 6 41
33 7 33
33 8 52
33 9 96
33 10 26
33 11 72
33 12 76
33 13 59
33 14 82
33 15 26
33 16 62
33 17 31
33 18 58
33 19 96
33 20 61
33 21 23
33 22 3
33 23 36
33 24 41
33 25 62
33 26 76
33 27 49
33 28 59
33 29 74
33 30 75
33 31 59
33 32 5
33 34 73
33 35 32
33 36 60
33 37 45
33 38 48
33 39 51
33 40 39
33 41 87
33 42 34
33 43 75
33 44 18
33 45 57
33 46 73
33 47 38
33 48 57
33 49 58
33 50 87
33 51 59
33 52 85
33 53 32
33 54 35
33 55 16
33 56 56
33 57 3
33 58 20
33 59 7
33 60 40
33 61 72
33 62 87
33 63 6
33 64 37
33 65 76
33 66 71
33 67 43
33 68 45
33 69 52
33 70 32
33 71 37
33 72 39
33 73 3
33 74 16
33 75 85
33 76 65
33 77 58
33 78 39
33 79 19
33 80 50
33 81 58
33 82 48
33 83 74
33 84 68
33 85 74
33 86 2
33 87 17
33 88 48
33 89 89
33 90 1
33 91 92
33 92 89
33 93 32
33 94 14
33 95 27
33 96 6
33 97 6
33 98 6
33 99 6
33 100 29
34 0 22
34 1 15
34 2 75
34 3 91
34 4 47
34 5 55
34 6 89
34 7 50
34 8 94
34 9 57
34 10 1
34 11 20
34 12 42
34 13 59
34 14 92
34 15 98
34 16 67
34 17 89
34 18 13
34 19 86
34 20 45
34 21 1
34 22 96
34 23 95
34 24 41
34 25 76
34 26 96
34 27 92
34 28 31
34 29 41
34 30 49
34 31 63
34 32 67
34 33 1
34 35 78
34 36 25
34 37 88
34 38 97
34 39 89
34 40 34
34 41 69
34 42 60
34 43 37
34 44 68
34 45 65
34 46 33
34 47 69
34 48 26
34 49 11
34 50 77
34 51 54
34 52 22
34 53 56
34 54 41
34 55 33
34 56 92
34 57 92
34 58 41
34 59 10
34 60 89
34 61 31
34 62 84
34 63 53
34 64 80
34 65 40
34 66 49
34 67 41
34 68 7
34 69 82
34 70 88
34 71 30
34 72 17
34 73 32
34 74 1
34 75 39
34 76 39
34 77 12
34 78 5
34 79 82
34 80 60
34 81 69
34 82 15
34 83 75
34 84 77
34 85 43
34 86 39
34 87 62
34 88 76
34 89 82
34 90 93
34 91 75
34 92 72
34 93 56
34 94 89
34 95 67
34 96 37
34 97 56
34 98 60
34 99 64
34 100 64
35 0 64
35 1 64
35 2 80
35 3 44
35 4 10
35 5 11
35 6 7
35 7 60
35 8 18
35 9 23
35 10 29
35 11 31
35 12 37
35 13 73
35 14 27
35 15 85
35 16 2
35 17 63
35 18 92
35 19 14
35 20 76
35 21 14
35 22 10
35 23 39
35 24 78
35 25 87
35 26 81
35 27 85
35 28 70
35 29 33
35 30 22
35 31 58
35 32 94
35 33 56
35 34 58
35 36 70
35 37 52
35 38 24
35 39 17
35 40 35
35 41 2
35 42 93
35 43 74
35 44 31
35 45 2
35 46 41
35 47 96
35 48 33
35 49 62
35 50 88
35 51 99
35 52 5
35 53 8
35 54 55
35 55 20
35 56 48
35 57 93
35 58 86
35 59 90
35 60 27
35 61 75
35 62 27
35 63 80
35 64 46
35 65 46
35 66 20
35 67 1
35 68 50
35 69 92
35 70 74
35 71 6
35 72 6
35 73 75
35 74 9
35 75 93
35 76 95
35 77 64
35 78 36
35 79 77
35 80 28
35 81 17
35 82 96
35 83 4
35 84 87
35 85 24
35 86 79
35 87 9
35 88 31
35 89 71
35 90 95
35 91 13
35 92 36
35 93 34
35 94 4
35 95 9
35 96 58
35 97 28
35 98 44
35 99 60
35 100 38
36 0 98
36 1 14
36 2 14
36 3 14
36 4 14
36 5 70
36 6 3
36 7 96
36 8 1
36 9 25
36 10 73
36 11 43
36 12 21
36 13 85
36 14 79
36 15 4
36 16 46
36 17 69
36 18 60
36 19 49
36 20 32
36 21 67
36 22 11
36 23 18
36 24 44
36 25 17
36 26 27
36 27 55
36 28 40
36 29 29
36 30 35
36 31 29
36 32 75
36 33 77
36 34 55
36 35 24
36 37 30
36 38 43
36 39 29
36 40 46
36 41 78
36 42 21
36 43 21
36 44 54
36 45 35
36 46 79
36 47 44
36 48 30
36 49 12
36 50 70
36 51 87
36 52 38
36 53 27
36 54 9
36 55 51
36 56 96
36 57 70
36 58 17
36 59 68
36 60 13
36 61 23
36 62 69
36 63 88
36 64 25
36 65 6
36 66 57
36 67 58
36 68 41
36 69 74
36 70 52
36 71 51
36 72 11
36 73 43
36 74 53
36 75 2
36 76 91
36 77 56
36 78 26
36 79 93
36 80 24
36 81 86
36 82 20
36 83 75
36 84 69
36 85 82
36 86 78
36 87 77
36 88 85
36 89 72
36 90 99
36 91 17
36 92 24
36 93 24
36 94 16
36 95 38
36 96 55
36 97 60
36 98 95
36 99 34
36 100 18
37 0 72
37 1 58
37 2 64
37 3 62
37 4 75
37 5 75
37 6 75
37 7 75
37 8 59
37 9 45
37 10 36
37 11 73
37 12 1
37 13 93
37 14 37
37 15 47
37 16 49
37 17 42
37 18 71
37 19 24
37 20 85
37 21 77
37 22 56
37 23 54
37 24 44
37 25 10
37 26 80
37 27 5
37 28 40
37 29 44
37 30 51
37 31 51
37 32 38
37 33 35
37 34 49
37 35 62
37 36 84
37 38 94
37 39 75
37 40 83
37 41 93
37 42 5
37 43 25
37 44 60
37 45 42
37 46 82
37 47 34
37 48 39
37 49 84
37 50 74
37 51 19
37 52 20
37 53 1
37 54 88
37 55 20
37 56 56
37 57 45
37 58 82
37 59 35
37 60 4
37 61 74
37 62 86
37 63 16
37 64 44
37 65 19
37 66 26
37 67 94
37 68 55
37 69 8
37 70 8
37 71 20
37 72 25
37 73 62
37 74 28
37 75 55
37 76 64
37 77 89
37 78 35
37 79 94
37 80 7
37 81 15
37 82 25
37 83 22
37 84 28
37 85 73
37 86 44
37 87 15
37 88 39
37 89 85
37 90 53
37 91 90
37 92 45
37 93 82
37 94 40
37 95 97
37 96 12
37 97 46
37 98 73
37 99 46
37 100 80
38 0 64
38 1 58
38 2 88
38 3 22
38 4 46
38 5 81
38 6 2
38 7 71
38 8 71
38 9 71
38 10 71
38 11 5
38 12 29
38 13 19
38 14 91
38 15 82
38 16 51
38 17 37
38 18 56
38 19 57
38 20 18
38 21 38
38 22 97
38 23 84
38 24 79
38 25 73
38 26 38
38 27 11
38 28 47
38 29 29
38 30 73
38 31 3
38 32 77
38 33 11
38 34 58
38 35 98
38 36 33
38 37 21
38 39 47
38 40 97
38 41 27
38 42 99
38 43 68
38 44 19
38 45 51
38 46 40
38 47 54
38 48 42
38 49 97
38 50 68
38 51 13
38 52 83
38 53 44
38 54 67
38 55 62
38 56 1
38 57 93
38 58 34
38 59 16
38 60 41
38 61 61
38 62 34
38 63 63
38 64 10
38 65 47
38 66 68
38 67 50
38 68 83
38 69 86
38 70 53
38 71 15
38 72 22
38 73 85
38 74 50
38 75 86
38 76 24
38 77 1
38 78 86
38 79 14
38 80 76
38 81 20
38 82 33
38 83 60
38 84 14
38 85 28
38 86 20
38 87 86
38 88 87
38 89 76
38 90 14
38 91 82
38 92 40
38 93 85
38 94 86
38 95 20
38 96 70
38 97 72
38 98 2
38 99 76
38 100 9
39 0 13
39 1 29
39 2 92
39 3 68
39 4 55
39 5 39
39 6 66
39 7 81
39 8 78
39 9 90
39 10 13
39 11 13
39 12 13
39 13 13
39 14 15
39 15 4
39 16 8
39 17 70
39 18 64
39 19 32
39 20 7
39 21 55
39 22 2
39 23 72
39 24 25
39 25 73
39 26 50
39 27 6
39 28 8
39 29 5
39 30 95
39 31 6
39 32 26
39 33 65
39 34 58
39 35 20
39 36 26
39 37 37
39 38 6
39 40 64
39 41 24
39 42 22
39 43 47
39 44 55
39 45 82
39 46 99
39 47 62
39 48 38
39 49 2
39 50 61
39 51 35
39 52 83
39 53 88
39 54 67
39 55 98
39 56 13
39 57 41
39 58 93
39 59 52
39 60 98
39 61 18
39 62 59
39 63 76
39 64 28
39 65 14
39 66 94
39 67 34
39 68 12
39 69 53
39 70 80
39 71 74
39 72 1
39 73 92
39 74 37
39 75 39
39 76 29
39 77 35
39 78 88
39 79 25
39 80 59
39 81 69
39 82 69
39 83 39
39 84 15
39 85 33
39 86 6
39 87 59
39 88 63
39 89 57
39 90 1
39 91 91
39 92 20
39 93 70
39 94 29
39 95 46
39 96 29
39 97 91
39 98 89
39 99 86
39 100 99
40 0 53
40 1 66
40 2 23
40 3 63
40 4 24
40 5 26
40 6 5
40 7 59
40 8 68
40 9 87
40 10 43
40 11 84
40 12 52
40 13 72
40 14 72
40 15 72
40 16 72
40 17 56
40 18 14
40 19 2
40 20 30
40 21 59
40 22 40
40 23 36
40 24 45
40 25 37
40 26 70
40 27 62
40 28 70
40 29 70
40 30 39
40 31 8
40 32 28
40 33 83
40 34 76
40 35 4
40 36 33
40 37 18
40 38 63
40 39 75
40 41 1
40 42 98
40 43 44
40 44 6
40 45 15
40 46 13
40 47 14
40 48 37
40 49 33
40 50 30
40 51 78
40 52 76
40 53 59
40 54 68
40 55 77
40 56 90
40 57 63
40 58 87
40 59 63
40 60 19
40 61 94
40 62 91
40 63 39
40 64 16
40 65 30
40 66 1
40 67 47
40 68 35
40 69 64
40 70 16
40 71 78
40 72 48
40 73 55
40 74 39
40 75 37
40 76 64
40 77 51
40 78 49
40 79 40
40 80 26
40 81 76
40 82 30
40 83 79
40 84 68
40 85 77
40 86 50
40 87 64
40 88 8
40 89 47
40 90 3
40 91 23
40 92 24
40 93 11
40 94 8
40 95 53
40 96 75
40 97 11
40 98 37
40 99 98
40 100 35
41 0 96
41 1 56
41 2 64
41 3 2
41 4 40
41 5 25
41 6 19
41 7 96
41 8 80
41 9 22
41 10 93
41 11 63
41 12 51
41 13 90
41 14 29
41 15 46
41 16 70
41 17 70
41 18 70
41 19 70
41 20 53
41 21 34
41 22 39
41 23 11
41 24 59
41 25 76
41 26 5
41 27 55
41 28 55
41 29 12
41 30 74
41 31 93
41 32 90
41 33 27
41 34 91
41 35 33
41 36 21
41 37 92
41 38 6
41 39 11
41 40 23
41 42 15
41 43 19
41 44 45
41 45 1
41 46 29
41 47 59
41 48 1
41 49 61
41 50 94
41 51 31
41 52 41
41 53 68
41 54 82
41 55 86
41 56 78
41 57 74
41 58 16
41 59 27
41 60 17
41 61 70
41 62 69
41 63 72
41 64 61
41 65 5
41 66 4
41 67 85
41 68 94
41 69 48
41 70 53
41 71 66
41 72 10
41 73 67
41 74 60
41 75 8
41 76 91
41 77 96
41 78 61
41 79 48
41 80 35
41 81 79
41 82 88
41 83 17
41 84 31
41 85 79
41 86 94
41 87 92
41 88 95
41 89 19
41 90 43
41 91 67
41 92 5
41 93 96
41 94 56
41 95 37
41 96 51
41 97 72
41 98 34
41 99 47
41 100 17
42 0 95
42 1 44
42 2 59
42 3 16
42 4 79
42 5 11
42 6 98
42 7 51
42 8 69
42 9 77
42 10 34
42 11 70
42 12 84
42 13 60
42 14 34
42 15 79
42 16 19
42 17 87
42 18 28
42 19 75
42 20 75
42 21 75
42 22 75
42 23 20
42 24 96
42 25 82
42 26 26
42 27 23
42 28 58
42 29 61
42 30 44
42 31 89
42 32 48
42 33 51
42 34 31
42 35 37
42 36 73
42 37 18
42 38 35
42 39 45
42 40 52
42 41 96
42 43 36
42 44 30
42 45 48
42 46 80
42 47 31
42 48 79
42 49 85
42 50 48
42 51 37
42 52 77
42 53 51
42 54 34
42 55 80
42 56 19
42 57 32
42 58 62
42 59 64
42 60 9
42 61 86
42 62 99
42 63 55
42 64 83
42 65 52
42 66 41
42 67 81
42 68 11
42 69 94
42 70 66
42 71 26
42 72 71
42 73 45
42 74 88
42 75 91
42 76 41
42 77 86
42 78 53
42 79 23
42 80 6
42 81 82
42 82 46
42 83 88
42 84 55
42 85 55
42 86 4
42 87 87
42 88 56
42 89 59
42 90 56
42 91 69
42 92 69
42 93 92
42 94 21
42 95 39
42 96 12
42 97 21
42 98 91
42 99 50
42 100 57
43 0 10
43 1 44
43 2 7
43 3 59
43 4 42
43 5 78
43 6 17
43 7 59
43 8 34
43 9 49
43 10 32
43 11 12
43 12 7
43 13 76
43 14 20
43 15 2
43 16 98
43 17 78
43 18 97
43 19 30
43 20 22
43 21 38
43 22 20
43 23 20
43 24 20
43 25 20
43 26 53
43 27 79
43 28 81
43 29 31
43 30 59
43 31 81
43 32 8
43 33 89
43 34 29
43 35 96
43 36 26
43 37 94
43 38 30
43 39 73
43 40 62
43 41 40
43 42 88
43 44 54
43 45 59
43 46 59
43 47 46
43 48 53
43 49 94
43 50 4
43 51 91
43 52 60
43 53 86
43 54 65
43 55 51
43 56 52
43 57 96
43 58 54
43 59 23
43 60 54
43 61 19
43 62 48
43 63 39
43 64 64
43 65 97
43 66 22
43 67 62
43 68 1
43 69 96
43 70 73
43 71 11
43 72 85
43 73 78
43 74 3
43 75 5
43 76 82
43 77 76
43 78 23
43 79 88
43 80 14
43 81 70
43 82 44
43 83 31
43 84 99
43 85 64
43 86 87
43 87 7
43 88 94
43 89 6
43 90 57
43 91 47
43 92 78
43 93 19
43 94 61
43 95 29
43 96 76
43 97 15
43 98 5
43 99 36
43 100 89
44 0 20
44 1 64
44 2 95
44 3 78
44 4 55
44 5 17
44 6 73
44 7 56
44 8 7
44 9 36
44 10 16
44 11 57
44 12 88
44 13 58
44 14 84
44 15 59
44 16 76
44 17 97
44 18 15
44 19 40
44 20 36
44 21 85
44 22 30
44 23 9
44 24 58
44 25 62
44 26 62
44 27 62
44 28 62
44 29 45
44 30 89
44 31 92
44 32 78
44 33 5
44 34 12
44 35 96
44 36 23
44 37 39
44 38 25
44 39 69
44 40 56
44 41 56
44 42 58
44 43 70
44 45 91
44 46 2
44 47 51
44 48 51
44 49 48
44 50 99
44 51 43
44 52 16
44 53 78
44 54 31
44 55 33
44 56 84
44 57 34
44 58 77
44 59 5
44 60 12
44 61 69
44 62 33
44 63 55
44 64 63
44 65 92
44 66 87
44 67 84
44 68 30
44 69 3
44 70 40
44 71 12
44 72 59
44 73 34
44 74 2
44 75 89
44 76 60
44 77 19
44 78 28
44 79 88
44 80 94
44 81 84
44 82 82
44 83 59
44 84 5
44 85 36
44 86 24
44 87 64
44 88 6
44 89 48
44 90 71
44 91 92
44 92 29
44 93 65
44 94 77
44 95 23
44 96 53
44 97 88
44 98 31
44 99 91
44 100 54
45 0 61
45 1 26
45 2 10
45 3 94
45 4 75
45 5 85
45 6 68
45 7 79
45 8 29
45 9 40
45 10 71
45 11 39
45 12 31
45 13 22
45 14 17
45 15 1
45 16 97
45 17 13
45 18 29
45 19 4
45 20 42
45 21 13
45 22 19
45 23 98
45 24 77
45 25 76
45 26 89
45 27 69
45 28 34
45 29 34
45 30 34
45 31 34
45 32 72
45 33 17
45 34 58
45 35 19
45 36 70
45 37 21
45 38 81
45 39 39
45 40 11
45 41 51
45 42 58
45 43 56
45 44 72
45 46 89
45 47 32
45 48 6
45 49 77
45 50 56
45 51 92
45 52 51
45 53 20
45 54 79
45 55 84
45 56 97
45 57 46
45 58 1
45 59 3
45 60 18
45 61 9
45 62 38
45 63 7
45 64 2
45 65 8
45 66 94
45 67 25
45 68 83
45 69 72
45 70 23
45 71 17
45 72 12
45 73 90
45 74 19
45 75 84
45 76 23
45 77 55
45 78 78
45 79 30
45 80 4
45 81 1
45 82 73
45 83 71
45 84 85
45 85 44
45 86 70
45 87 4
45 88 28
45 89 26
45 90 17
45 91 50
45 92 24
45 93 96
45 94 60
45 95 70
45 96 14
45 97 93
45 98 89
45 99 87
45 100 13
46 0 39
46 1 3
46 2 35
46 3 63
46 4 82
46 5 76
46 6 28
46 7 57
46 8 61
46 9 3
46 10 45
46 11 45
46 12 90
46 13 98
46 14 15
46 15 11
46 16 39
46 17 43
46 18 8
46 19 15
46 20 47
46 21 53
46 22 65
46 23 59
46 24 94
46 25 81
46 26 77
46 27 26
46 28 93
46 29 45
46 30 99
46 31 1
46 32 1
46 33 1
46 34 1
46 35 4
46 36 10
46 37 62
46 38 79
46 39 45
46 40 33
46 41 66
46 42 97
46 43 3
46 44 2
46 45 9
46 47 9
46 48 88
46 49 85
46 50 57
46 51 3
46 52 93
46 53 65
46 54 2
46 55 10
46 56 82
46 57 13
46 58 56
46 59 89
46 60 34
46 61 82
46 62 84
46 63 92
46 64 39
46 65 79
46 66 80
46 67 80
46 68 66
46 69 77
46 70 11
46 71 90
46 72 26
46 73 43
46 74 38
46 75 3
46 76 12
46 77 45
46 78 2
46 79 77
46 80 66
46 81 26
46 82 25
46 83 94
46 84 56
46 85 79
46 86 13
46 87 80
46 88 44
46 89 89
46 90 61
46 91 36
46 92 74
46 93 57
46 94 75
46 95 71
46 96 72
46 97 72
46 98 8
46 99 93
46 100 23
47 0 75
47 1 78
47 2 12
47 3 49
47 4 32
47 5 46
47 6 49
47 7 74
47 8 66
47 9 16
47 10 66
47 11 46
47 12 55
47 13 18
47 14 32
47 15 39
47 16 41
47 17 34
47 18 24
47 19 30
47 20 49
47 21 73
47 22 61
47 23 91
47 24 61
47 25 41
47 26 82
47 27 73
47 28 83
47 29 1
47 30 4
47 31 97
47 32 78
47 33 43
47 34 80
47 35 80
47 36 80
47 37 80
47 38 33
47 39 98
47 40 99
47 41 91
47 42 71
47 43 13
47 44 19
47 45 59
47 46 55
47 48 90
47 49 40
47 50 53
47 51 12
47 52 62
47 53 73
47 54 83
47 55 60
47 56 16
47 57 37
47 58 5
47 59 68
47 60 85
47 61 81
47 62 29
47 63 7
47 64 43
47 65 83
47 66 44
47 67 69
47 68 18
47 69 57
47 70 37
47 71 70
47 72 7
47 73 76
47 74 88
47 75 36
47 76 59
47 77 75
47 78 50
47 79 59
47 80 43
47 81 70
47 82 34
47 83 33
47 84 63
47 85 41
47 86 60
47 87 64
47 88 3
47 89 59
47 90 49
47 91 79
47 92 21
47 93 6
47 94 58
47 95 94
47 96 75
47 97 6
47 98 90
47 99 42
47 100 90
48 0 59
48 1 63
48 2 92
48 3 84
48 4 45
48 5 37
48 6 70
48 7 84
48 8 43
48 9 66
48 10 45
48 11 20
48 12 56
48 13 54
48 14 55
48 15 46
48 16 76
48 17 15
48 18 27
48 19 14
48 20 13
48 21 48
48 22 15
48 23 17
48 24 11
48 25 36
48 26 51
48 27 24
48 28 63
48 29 81
48 30 87
48 31 91
48 32 10
48 33 64
48 34 75
48 35 90
48 36 73
48 37 80
48 38 80
48 39 80
48 40 80
48 41 56
48 42 82
48 43 40
48 44 70
48 45 10
48 46 43
48 47 10
48 49 99
48 50 78
48 51 33
48 52 20
48 53 70
48 54 60
48 55 43
48 56 4
48 57 45
48 58 79
48 59 11
48 60 82
48 61 57
48 62 36
48 63 81
48 64 36
48 65 49
48 66 30
48 67 87
48 68 85
48 69 61
48 70 37
48 71 28
48 72 56
48 73 7
48 74 48
48 75 89
48 76 17
48 77 75
48 78 45
48 79 47
48 80 53
48 81 97
48 82 38
48 83 72
48 84 98
48 85 97
48 86 88
48 87 57
48 88 17
48 89 21
48 90 49
48 91 8
48 92 2
48 93 20
48 94 87
48 95 37
48 96 70
48 97 15
48 98 2
48 99 96
48 100 34
49 0 73
49 1 36
49 2 57
49 3 11
49 4 52
49 5 59
49 6 21
49 7 42
49 8 96
49 9 27
49 10 88
49 11 25
49 12 63
49 13 20
49 14 21
49 15 77
49 16 37
49 17 30
49 18 8
49 19 27
49 20 99
49 21 37
49 22 84
49 23 20
49 24 36
49 25 97
49 26 11
49 27 9
49 28 5
49 29 94
49 30 6
49 31 24
49 32 42
49 33 76
49 34 27
49 35 15
49 36 19
49 37 4
49 38 91
49 39 71
49 40 87
49 41 87
49 42 87
49 43 87
49 44 64
49 45 21
49 46 79
49 47 14
49 48 73
49 50 10
49 51 80
49 52 61
49 53 95
49 54 39
49 55 21
49 56 89
49 57 59
49 58 86
49 59 9
49 60 25
49 61 2
49 62 76
49 63 84
49 64 79
49 65 67
49 66 10
49 67 10
49 68 66
49 69 4
49 70 72
49 71 23
49 72 11
49 73 28
49 74 39
49 75 28
49 76 25
49 77 14
49 78 7
49 79 98
49 80 8
49 81 76
49 82 47
49 83 26
49 84 37
49 85 35
49 86 3
49 87 15
49 88 81
49 89 32
49 90 44
49 91 20
49 92 56
49 93 66
49 94 67
49 95 75
49 96 61
49 97 73
49 98 74
49 99 31
49 100 44
50 0 97
50 1 20
50 2 71
50 3 81
50 4 95
50 5 76
50 6 8
50 7 73
50 8 73
50 9 52
50 10 87
50 11 60
50 12 56
50 13 25
50 14 55
50 15 46
50 16 65
50 17 67
50 18 97
50 19 15
50 20 27
50 21 49
50 22 63
50 23 96
50 24 82
50 25 91
50 26 84
50 27 50
50 28 32
50 29 9
50 30 57
50 31 18
50 32 7
50 33 95
50 34 73
50 35 39
50 36 48
50 37 3
50 38 23
50 39 41
50 40 17
50 41 99
50 42 3
50 43 63
50 44 63
50 45 63
50 46 63
50 47 2
50 48 48
50 49 33
50 51 88
50 52 28
50 53 33
50 54 51
50 55 8
50 56 18
50 57 76
50 58 51
50 59 1
50 60 38
50 61 74
50 62 27
50 63 81
50 64 26
50 65 91
50 66 3
50 67 12
50 68 93
50 69 5
50 70 1
50 71 50
50 72 7
50 73 21
50 74 26
50 75 63
50 76 57
50 77 72
50 78 65
50 79 85
50 80 66
50 81 96
50 82 19
50 83 97
50 84 97
50 85 77
50 86 91
50 87 3
50 88 39
50 89 23
50 90 26
50 91 52
50 92 14
50 93 76
50 94 27
50 95 36
50 96 45
50 97 28
50 98 39
50 99 59
50 100 84
51 0 39
51 1 71
51 2 28
51 3 28
51 4 96
51 5 55
51 6 87
51 7 89
51 8 47
51 9 93
51 10 99
51 11 83
51 12 54
51 13 21
51 14 35
51 15 79
51 16 31
51 17 61
51 18 94
51 19 50
51 20 84
51 21 18
51 22 17
51 23 42
51 24 48
51 25 26
51 26 93
51 27 76
51 28 52
51 29 34
51 30 8
51 31 10
51 32 4
51 33 37
51 34 42
51 35 86
51 36 48
51 37 32
51 38 75
51 39 78
51 40 33
51 41 81
51 42 93
51 43 21
51 44 7
51 45 30
51 46 29
51 47 29
51 48 29
51 49 29
51 50 81
51 52 99
51 53 85
51 54 57
51 55 17
51 56 91
51 57 12
51 58 98
51 59 72
51 60 71
51 61 31
51 62 90
51 63 3
51 64 45
51 65 10
51 66 71
51 67 31
51 68 27
51 69 60
51 70 49
51 71 12
51 72 24
51 73 10
51 74 9
51 75 27
51 76 16
51 77 55
51 78 47
51 79 82
51 80 38
51 81 69
51 82 25
51 83 70
51 84 8
51 85 73
51 86 81
51 87 63
51 88 87
51 89 93
51 90 84
51 91 86
51 92 53
51 93 43
51 94 30
51 95 64
51 96 14
51 97 9
51 98 69
51 99 8
51 100 98
52 0 65
52 1 15
52 2 69
52 3 53
52 4 44
52 5 37
52 6 53
52 7 47
52 8 73
52 9 11
52 10 76
52 11 33
52 12 73
52 13 70
52 14 46
52 15 70
52 16 37
52 17 55
52 18 51
52 19 4
52 20 86
52 21 60
52 22 80
52 23 49
52 24 67
52 25 8
52 26 14
52 27 77
52 28 17
52 29 67
52 30 75
52 31 96
52 32 98
52 33 51
52 34 16
52 35 23
52 36 81
52 37 76
52 38 36
52 39 3
52 40 7
52 41 47
52 42 85
52 43 17
52 44 34
52 45 47
52 46 18
52 47 68
52 48 27
52 49 99
52 50 99
52 51 99
52 53 99
52 54 17
52 55 4
52 56 59
52 57 83
52 58 43
52 59 4
52 60 41
52 61 38
52 62 41
52 63 84
52 64 83
52 65 85
52 66 28
52 67 19
52 68 28
52 69 65
52 70 13
52 71 96
52 72 85
52 73 92
52 74 49
52 75 59
52 76 1
52 77 65
52 78 30
52 79 58
52 80 50
52 81 49
52 82 7
52 83 72
52 84 64
52 85 64
52 86 79
52 87 12
52 88 53
52 89 53
52 90 60
52 91 45
52 92 96
52 93 75
52 94 40
52 95 91
52 96 26
52 97 57
52 98 18
52 99 55
52 100 81
53 0 30
53 1 89
53 2 77
53 3 31
53 4 64
53 5 93
53 6 94
53 7 94
53 8 69
53 9 68
53 10 8
53 11 12
53 12 10
53 13 29
53 14 61
53 15 95
53 16 52
53 17 80
53 18 74
53 19 98
53 20 12
53 21 55
53 22 40
53 23 53
53 24 81
53 25 14
53 26 43
53 27 96
53 28 50
53 29 35
53 30 97
53 31 47
53 32 51
53 33 72
53 34 76
53 35 24
53 36 11
53 37 48
53 38 95
53 39 43
53 40 78
53 41 96
53 42 18
53 43 61
53 44 47
53 45 9
53 46 35
53 47 80
53 48 65
53 49 89
53 50 19
53 51 35
53 52 63
53 54 63
53 55 63
53 56 63
53 57 93
53 58 77
53 59 83
53 60 4
53 61 76
53 62 61
53 63 2
53 64 11
53 65 91
53 66 47
53 67 17
53 68 80
53 69 29
53 70 38
53 71 99
53 72 9
53 73 56
53 74 67
53 75 92
53 76 25
53 77 78
53 78 18
53 79 39
53 80 2
53 81 52
53 82 11
53 83 36
53 84 19
53 85 93
53 86 73
53 87 26
53 88 13
53 89 74
53 90 34
53 91 82
53 92 56
53 93 73
53 94 46
53 95 19
53 96 62
53 97 45
53 98 74
53 99 7
53 100 63
54 0 77
54 1 90
54 2 74
54 3 43
54 4 81
54 5 90
54 6 87
54 7 40
54 8 50
54 9 93
54 10 59
54 11 95
54 12 74
54 13 25
54 14 75
54 15 26
54 16 39
54 17 71
54 18 29
54 19 64
54 20 30
54 21 7
54 22 43
54 23 6
54 24 27
54 25 6
54 26 19
54 27 24
54 28 59
54 29 79
54 30 76
54 31 17
54 32 20
54 33 75
54 34 32
54 35 40
54 36 37
54 37 47
54 38 84
54 39 9
54 40 54
54 41 96
54 42 3
54 43 68
54 44 91
54 45 81
54 46 48
54 47 96
54 48 93
54 49 95
54 50 40
54 51 19
54 52 73
54 53 54
54 55 84
54 56 34
54 57 34
54 58 34
54 59 34
54 60 93
54 61 63
54 62 5
54 63 70
54 64 73
54 65 95
54 66 36
54 67 66
54 68 11
54 69 74
54 70 77
54 71 7
54 72 26
54 73 64
54 74 85
54 75 11
54 76 73
54 77 13
54 78 14
54 79 80
54 80 60
54 81 26
54 82 73
54 83 85
54 84 12
54 85 13
54 86 22
54 87 57
54 88 91
54 89 29
54 90 68
54 91 1
54 92 41
54 93 15
54 94 84
54 95 8
54 96 83
54 97 66
54 98 93
54 99 46
54 100 21
55 0 24
55 1 77
55 2 86
55 3 22
55 4 40
55 5 10
55 6 65
55 7 38
55 8 58
55 9 41
55 10 19
55 11 12
55 12 49
55 13 51
55 14 11
55 15 50
55 16 74
55 17 88
55 18 94
55 19 10
55 20 74
55 21 15
55 22 48
55 23 87
55 24 7
55 25 68
55 26 94
55 27 76
55 28 12
55 29 21
55 30 1
55 31 29
55 32 84
55 33 40
55 34 59
55 35 30
55 36 82
55 37 18
55 38 86
55 39 7
55 40 86
55 41 21
55 42 92
55 43 26
55 44 69
55 45 58
55 46 26
55 47 27
55 48 26
55 49 23
55 50 49
55 51 27
55 52 23
55 53 3
55 54 3
55 56 53
55 57 23
55 58 65
55 59 1
55 60 1
55 61 1
55 62 1
55 63 87
55 64 35
55 65 80
55 66 69
55 67 52
55 68 9
55 69 43
55 70 5
55 71 64
55 72 56
55 73 55
55 74 67
55 75 13
55 76 41
55 77 69
55 78 92
55 79 41
55 80 59
55 81 41
55 82 76
55 83 10
55 84 68
55 85 68
55 86 5
55 87 77
55 88 36
55 89 87
55 90 89
55 91 3
55 92 37
55 93 6
55 94 49
55 95 71
55 96 97
55 97 51
55 98 53
55 99 24
55 100 83
56 0 88
56 1 4
56 2 62
56 3 92
56 4 97
56 5 58
56 6 78
56 7 71
56 8 94
56 9 28
56 10 46
56 11 21
56 12 10
56 13 7
56 14 66
56 15 67
56 16 43
56 17 9
56 18 13
56 19 40
56 20 53
56 21 3
56 22 33
56 23 35
56 24 11
56 25 42
56 26 43
56 27 70
56 28 2
56 29 45
56 30 33
56 31 51
56 32 81
56 33 99
56 34 34
56 35 39
56 36 37
56 37 91
56 38 57
56 39 12
56 40 45
56 41 49
56 42 21
56 43 7
56 44 37
56 45 42
56 46 99
56 47 35
56 48 34
56 49 39
56 50 64
56 51 44
56 52 6
56 53 25
56 54 1
56 55 58
56 57 77
56 58 62
56 59 27
56 60 24
56 61 81
56 62 63
56 63 63
56 64 63
56 65 63
56 66 33
56 67 99
56 68 89
56 69 65
56 70 9
56 71 66
56 72 42
56 73 84
56 74 70
56 75 92
56 76 30
56 77 5
56 78 54
56 79 93
56 80 28
56 81 54
56 82 12
56 83 13
56 84 6
56 85 45
56 86 23
56 87 12
56 88 27
56 89 25
56 90 88
56 91 44
56 92 89
56 93 76
56 94 63
56 95 49
56 96 93
56 97 80
56 98 44
56 99 36
56 100 14
57 0 54
57 1 50
57 2 31
57 3 56
57 4 66
57 5 82
57 6 62
57 7 60
57 8 3
57 9 41
57 10 40
57 11 24
57 12 54
57 13 43
57 14 84
57 15 27
57 16 58
57 17 1
57 18 25
57 19 35
57 20 58
57 21 43
57 22 1
57 23 83
57 24 27
57 25 16
57 26 18
57 27 96
57 28 25
57 29 67
57 30 82
57 31 16
57 32 14
57 33 87
57 34 20
57 35 90
57 36 42
57 37 23
57 38 50
57 39 6
57 40 40
57 41 19
57 42 9
57 43 25
57 44 90
57 45 52
57 46 62
57 47 29
57 48 72
57 49 25
57 50 61
57 51 44
57 52 25
57 53 11
57 54 35
57 55 72
57 56 66
57 58 79
57 59 34
57 60 91
57 61 17
57 62 81
57 63 85
57 64 28
57 65 11
57 66 11
57 67 11
57 68 11
57 69 90
57 70 23
57 71 78
57 72 1
57 73 4
57 74 40
57 75 85
57 76 64
57 77 3
57 78 55
57 79 76
57 80 27
57 81 16
57 82 39
57 83 80
57 84 39
57 85 4
57 86 54
57 87 84
57 88 95
57 89 61
57 90 83
57 91 98
57 92 35
57 93 23
57 94 80
57 95 81
57 96 20
57 97 24
57 98 62
57 99 12
57 100 29
58 0 67
58 1 69
58 2 82
58 3 84
58 4 21
58 5 87
58 6 12
58 7 43
58 8 23
58 9 1
58 10 87
58 11 63
58 12 83
58 13 68
58 14 32
58 15 23
58 16 36
58 17 61
58 18 1
58 19 56
58 20 66
58 21 2
58 22 9
58 23 4
58 24 21
58 25 8
58 26 19
58 27 54
58 28 33
58 29 32
58 30 98
58 31 25
58 32 77
58 33 87
58 34 47
58 35 60
58 36 10
58 37 6
58 38 90
58 39 5
58 40 37
58 41 99
58 42 26
58 43 71
58 44 83
58 45 77
58 46 52
58 47 10
58 48 86
58 49 38
58 50 54
58 51 62
58 52 98
58 53 2
58 54 39
58 55 59
58 56 3
58 57 94
58 59 32
58 60 21
58 61 18
58 62 70
58 63 79
58 64 79
58 65 8
58 66 69
58 67 26
58 68 87
58 69 87
58 70 87
58 71 87
58 72 55
58 73 75
58 74 71
58 75 42
58 76 22
58 77 81
58 78 12
58 79 17
58 80 82
58 81 97
58 82 74
58 83 8
58 84 14
58 85 48
58 86 60
58 87 47
58 88 9
58 89 63
58 90 4
58 91 65
58 92 35
58 93 80
58 94 81
58 95 77
58 96 98
58 97 8
58 98 42
58 99 50
58 100 39
59 0 90
59 1 45
59 2 24
59 3 21
59 4 99
59 5 65
59 6 79
59 7 80
59 8 21
59 9 37
59 10 98
59 11 5
59 12 7
59 13 15
59 14 57
59 15 11
59 16 45
59 17 62
59 18 70
59 19 71
59 20 98
59 21 11
59 22 98
59 23 20
59 24 20
59 25 5
59 26 31
59 27 98
59 28 47
59 29 83
59 30 35
59 31 37
59 32 25
59 33 90
59 34 95
59 35 39
59 36 83
59 37 32
59 38 22
59 39 77
59 40 73
59 41 3
59 42 39
59 43 15
59 44 11
59 45 82
59 46 4
59 47 18
59 48 63
59 49 54
59 50 57
59 51 66
59 52 24
59 53 28
59 54 13
59 55 23
59 56 5
59 57 68
59 58 70
59 60 85
59 61 18
59 62 38
59 63 81
59 64 34
59 65 54
59 66 43
59 67 58
59 68 31
59 69 86
59 70 61
59 71 9
59 72 9
59 73 9
59 74 9
59 75 44
59 76 5
59 77 50
59 78 82
59 79 43
59 80 62
59 81 22
59 82 14
59 83 41
59 84 41
59 85 21
59 86 99
59 87 91
59 88 17
59 89 32
59 90 77
59 91 38
59 92 72
59 93 98
59 94 61
59 95 45
59 96 91
59 97 15
59 98 10
59 99 72
59 100 73
60 0 20
60 1 77
60 2 46
60 3 63
60 4 45
60 5 64
60 6 98
60 7 18
60 8 97
60 9 32
60 10 36
60 11 15
60 12 91
60 13 45
60 14 94
60 15 76
60 16 84
60 17 94
60 18 26
60 19 14
60 20 26
60 21 97
60 22 26
60 23 9
60 24 93
60 25 44
60 26 31
60 27 63
60 28 85
60 29 12
60 30 42
60 31 5
60 32 15
60 33 43
60 34 87
60 35 8
60 36 65
60 37 20
60 38 39
60 39 8
60 40 2
60 41 91
60 42 64
60 43 45
60 44 36
60 45 66
60 46 52
60 47 19
60 48 31
60 49 21
60 50 20
60 51 21
60 52 22
60 53 33
60 54 20
60 55 56
60 56 4
60 57 93
60 58 52
60 59 59
60 61 20
60 62 22
60 63 97
60 64 80
60 65 75
60 66 57
60 67 77
60 68 85
60 69 92
60 70 27
60 71 65
60 72 7
60 73 61
60 74 90
60 75 90
60 76 90
60 77 90
60 78 17
60 79 35
60 80 84
60 81 18
60 82 40
60 83 68
60 84 10
60 85 4
60 86 54
60 87 64
60 88 64
60 89 89
60 90 1
60 91 47
60 92 3
60 93 20
60 94 10
60 95 23
60 96 94
60 97 97
60 98 87
60 99 68
60 100 61
61 0 97
61 1 1
61 2 8
61 3 44
61 4 83
61 5 20
61 6 5
61 7 41
61 8 87
61 9 53
61 10 71
61 11 24
61 12 23
61 13 77
61 14 98
61 15 46
61 16 55
61 17 96
61 18 80
61 19 49
61 20 12
61 21 11
61 22 40
61 23 46
61 24 32
61 25 83
61 26 59
61 27 11
61 28 18
61 29 41
61 30 15
61 31 97
61 32 48
61 33 60
61 34 54
61 35 46
61 36 96
61 37 35
61 38 36
61 39 82
61 40 68
61 41 97
61 42 74
61 43 12
61 44 32
61 45 61
61 46 87
61 47 86
61 48 21
61 49 27
61 50 41
61 51 81
61 52 86
61 53 79
61 54 56
61 55 1
61 56 13
61 57 19
61 58 34
61 59 50
61 60 30
61 62 67
61 63 66
61 64 84
61 65 31
61 66 68
61 67 28
61 68 8
61 69 32
61 70 96
61 71 48
61 72 83
61 73 4
61 74 81
61 75 43
61 76 42
61 77 64
61 78 64
61 79 64
61 80 64
61 81 49
61 82 42
61 83 72
61 84 8
61 85 6
61 86 48
61 87 50
61 88 90
61 89 57
61 90 85
61 91 66
61 92 63
61 93 97
61 94 55
61 95 14
61 96 11
61 97 64
61 98 13
61 99 11
61 100 55
62 0 58
62 1 92
62 2 50
62 3 60
62 4 74
62 5 15
62 6 76
62 7 39
62 8 29
62 9 15
62 10 9
62 11 23
62 12 82
62 13 66
62 14 39
62 15 14
62 16 72
62 17 81
62 18 46
62 19 73
62 20 95
62 21 12
62 22 66
62 23 64
62 24 61
62 25 2
62 26 72
62 27 48
62 28 63
62 29 39
62 30 72
62 31 42
62 32 91
62 33 16
62 34 64
62 35 19
62 36 46
62 37 12
62 38 26
62 39 40
62 40 45
62 41 65
62 42 50
62 43 89
62 44 2
62 45 89
62 46 64
62 47 4
62 48 29
62 49 49
62 50 60
62 51 90
62 52 14
62 53 97
62 54 96
62 55 6
62 56 49
62 57 45
62 58 51
62 59 14
62 60 97
62 61 24
62 63 72
62 64 50
62 65 28
62 66 30
62 67 8
62 68 30
62 69 79
62 70 88
62 71 29
62 72 2
62 73 21
62 74 31
62 75 50
62 76 44
62 77 98
62 78 36
62 79 64
62 80 1
62 81 1
62 82 1
62 83 1
62 84 68
62 85 70
62 86 88
62 87 85
62 88 73
62 89 12
62 90 33
62 91 89
62 92 96
62 93 60
62 94 82
62 95 4
62 96 93
62 97 13
62 98 92
62 99 13
62 100 22
63 0 85
63 1 44
63 2 66
63 3 72
63 4 8
63 5 60
63 6 83
63 7 35
63 8 91
63 9 7
63 10 45
63 11 84
63 12 38
63 13 66
63 14 95
63 15 62
63 16 81
63 17 90
63 18 42
63 19 37
63 20 91
63 21 66
63 22 67
63 23 27
63 24 47
63 25 20
63 26 91
63 27 14
63 28 93
63 29 34
63 30 90
63 31 27
63 32 35
63 33 32
63 34 50
63 35 33
63 36 81
63 37 65
63 38 79
63 39 51
63 40 17
63 41 56
63 42 86
63 43 74
63 44 60
63 45 21
63 46 28
63 47 56
63 48 44
63 49 46
63 50 11
63 51 30
63 52 68
63 53 44
63 54 6
63 55 84
63 56 69
63 57 6
63 58 81
63 59 69
63 60 56
63 61 81
63 62 90
63 64 33
63 65 50
63 66 67
63 67 87
63 68 45
63 69 19
63 70 58
63 71 43
63 72 2
63 73 49
63 74 50
63 75 6
63 76 23
63 77 35
63 78 56
63 79 91
63 80 60
63 81 65
63 82 74
63 83 70
63 84 70
63 85 70
63 86 70
63 87 79
63 88 5
63 89 25
63 90 25
63 91 6
63 92 91
63 93 57
63 94 14
63 95 7
63 96 7
63 97 26
63 98 57
63 99 28
63 100 9
64 0 66
64 1 80
64 2 1
64 3 14
64 4 50
64 5 8
64 6 93
64 7 57
64 8 8
64 9 67
64 10 44
64 11 23
64 12 63
64 13 91
64 14 54
64 15 37
64 16 23
64 17 65
64 18 46
64 19 84
64 20 25
64 21 41
64 22 36
64 23 42
64 24 24
64 25 62
64 26 76
64 27 60
64 28 27
64 29 31
64 30 54
64 31 26
64 32 42
64 33 59
64 34 33
64 35 10
64 36 40
64 37 43
64 38 66
64 39 44
64 40 24
64 41 24
64 42 50
64 43 8
64 44 90
64 45 92
64 46 41
64 47 29
64 48 13
64 49 22
64 50 30
64 51 10
64 52 57
64 53 94
64 54 61
64 55 29
64 56 66
64 57 64
64 58 5
64 59 68
64 60 45
64 61 17
64 62 32
64 63 98
64 65 92
64 66 54
64 67 98
64 68 59
64 69 80
64 70 19
64 71 60
64 72 70
64 73 1
64 74 78
64 75 59
64 76 68
64 77 5
64 78 48
64 79 45
64 80 17
64 81 66
64 82 29
64 83 17
64 84 16
64 85 46
64 86 78
64 87 78
64 88 78
64 89 78
64 90 80
64 91 50
64 92 15
64 93 35
64 94 62
64 95 9
64 96 1
64 97 61
64 98 51
64 99 38
64 100 30
65 0 84
65 1 25
65 2 4
65 3 53
65 4 51
65 5 49
65 6 34
65 7 99
65 8 43
65 9 1
65 10 93
65 11 5
65 12 23
65 13 7
65 14 80
65 15 73
65 16 54
65 17 99
65 18 67
65 19 99
65 20 5
65 21 83
65 22 89
65 23 49
65 24 54
65 25 1
65 26 89
65 27 85
65 28 4
65 29 18
65 30 78
65 31 66
65 32 50
65 33 73
65 34 35
65 35 17
65 36 65
65 37 2
65 38 26
65 39 51
65 40 48
65 41 96
65 42 85
65 43 19
65 44 12
65 45 42
65 46 20
65 47 93
65 48 28
65 49 22
65 50 39
65 51 46
65 52 17
65 53 37
65 54 70
65 55 82
65 56 65
65 57 44
65 58 7
65 59 99
65 60 60
65 61 47
65 62 88
65 63 8
65 64 30
65 66 5
65 67 16
65 68 34
65 69 8
65 70 97
65 71 27
65 72 53
65 73 10
65 74 86
65 75 25
65 76 18
65 77 12
65 78 38
65 79 33
65 80 39
65 81 73
65 82 9
65 83 25
65 84 79
65 85 80
65 86 42
65 87 65
65 88 6
65 89 61
65 90 61
65 91 61
65 92 61
65 93 27
65 94 17
65 95 83
65 96 87
65 97 23
65 98 23
65 99 50
65 100 93
66 0 25
66 1 12
66 2 41
66 3 8
66 4 65
66 5 23
66 6 16
66 7 88
66 8 53
66 9 93
66 10 60
66 11 37
66 12 36
66 13 10
66 14 86
66 15 99
66 16 38
66 17 65
66 18 6
66 19 76
66 20 73
66 21 16
66 22 36
66 23 38
66 24 23
66 25 31
66 26 83
66 27 6
66 28 98
66 29 53
66 30 2
66 31 23
66 32 16
66 33 54
66 34 60
66 35 15
66 36 46
66 37 97
66 38 23
66 39 61
66 40 55
66 41 53
66 42 6
66 43 35
66 44 28
66 45 49
66 46 35
66 47 7
66 48 9
66 49 72
66 50 73
66 51 78
66 52 69
66 53 54
66 54 8
66 55 10
66 56 65
66 57 11
66 58 6
66 59 47
66 60 2
66 61 60
66 62 21
66 63 37
66 64 32
66 65 2
66 67 46
66 68 96
66 69 44
66 70 70
66 71 88
66 72 1
66 73 82
66 74 41
66 75 7
66 76 32
66 77 1
66 78 32
66 79 54
66 80 64
66 81 22
66 82 71
66 83 59
66 84 89
66 85 7
66 86 17
66 87 65
66 88 67
66 89 53
66 90 14
66 91 39
66 92 32
66 93 32
66 94 32
66 95 32
66 96 87
66 97 39
66 98 26
66 99 32
66 100 59
67 0 75
67 1 43
67 2 5
67 3 28
67 4 27
67 5 31
67 6 56
67 7 3
67 8 11
67 9 18
67 10 81
67 11 46
67 12 49
67 13 51
67 14 49
67 15 56
67 16 17
67 17 36
67 18 41
67 19 1
67 20 1
67 21 62
67 22 90
67 23 80
67 24 73
67 25 17
67 26 7
67 27 57
67 28 19
67 29 75
67 30 23
67 31 47
67 32 83
67 33 48
67 34 7
67 35 70
67 36 4
67 37 57
67 38 41
67 39 55
67 40 31
67 41 81
67 42 41
67 43 44
67 44 9
67 45 82
67 46 29
67 47 51
67 48 58
67 49 80
67 50 26
67 51 84
67 52 52
67 53 11
67 54 70
67 55 65
67 56 3
67 57 14
67 58 23
67 59 71
67 60 77
67 61 79
67 62 45
67 63 28
67 64 2
67 65 55
67 66 30
67 68 39
67 69 7
67 70 44
67 71 88
67 72 46
67 73 41
67 74 94
67 75 25
67 76 41
67 77 19
67 78 15
67 79 7
67 80 96
67 81 43
67 82 20
67 83 42
67 84 88
67 85 40
67 86 35
67 87 96
67 88 29
67 89 97
67 90 31
67 91 59
67 92 69
67 93 49
67 94 19
67 95 65
67 96 65
67 97 65
67 98 65
67 99 12
67 100 8
68 0 46
68 1 37
68 2 75
68 3 76
68 4 65
68 5 48
68 6 28
68 7 11
68 8 57
68 9 62
68 10 77
68 11 72
68 12 72
68 13 50
68 14 12
68 15 62
68 16 85
68 17 64
68 18 68
68 19 60
68 20 3
68 21 17
68 22 35
68 23 88
68 24 66
68 25 41
68 26 71
68 27 69
68 28 95
68 29 79
68 30 61
68 31 65
68 32 42
68 33 77
68 34 76
68 35 88
68 36 28
68 37 34
68 38 54
68 39 37
68 40 86
68 41 26
68 42 67
68 43 19
68 44 68
68 45 59
68 46 16
68 47 5
68 48 98
68 49 62
68 50 54
68 51 6
68 52 39
68 53 16
68 54 68
68 55 65
68 56 97
68 57 46
68 58 16
68 59 9
68 60 41
68 61 26
68 62 48
68 63 57
68 64 13
68 65 31
68 66 98
68 67 73
68 69 94
68 70 2
68 71 30
68 72 22
68 73 28
68 74 20
68 75 30
68 76 34
68 77 26
68 78 92
68 79 57
68 80 51
68 81 91
68 82 16
68 83 91
68 84 96
68 85 17
68 86 96
68 87 23
68 88 43
68 89 21
68 90 72
68 91 68
68 92 8
68 93 53
68 94 7
68 95 43
68 96 43
68 97 15
68 98 65
68 99 65
68 100 65
69 0 65
69 1 47
69 2 79
69 3 86
69 4 19
69 5 50
69 6 88
69 7 21
69 8 39
69 9 99
69 10 11
69 11 24
69 12 79
69 13 8
69 14 14
69 15 55
69 16 77
69 17 95
69 18 64
69 19 4
69 20 46
69 21 63
69 22 1
69 23 59
69 24 25
69 25 36
69 26 54
69 27 82
69 28 77
69 29 49
69 30 61
69 31 94
69 32 27
69 33 51
69 34 55
69 35 42
69 36 87
69 37 91
69 38 96
69 39 79
69 40 30
69 41 24
69 42 66
69 43 51
69 44 90
69 45 49
69 46 50
69 47 65
69 48 28
69 49 71
69 50 58
69 51 78
69 52 15
69 53 5
69 54 87
69 55 16
69 56 32
69 57 37
69 58 42
69 59 15
69 60 82
69 61 44
69 62 36
69 63 16
69 64 97
69 65 60
69 66 30
69 67 40
69 68 73
69 70 92
69 71 47
69 72 19
69 73 6
69 74 15
69 75 80
69 76 14
69 77 95
69 78 91
69 79 44
69 80 27
69 81 3
69 82 74
69 83 47
69 84 59
69 85 80
69 86 9
69 87 76
69 88 6
69 89 74
69 90 86
69 91 18
69 92 99
69 93 33
69 94 76
69 95 55
69 96 70
69 97 27
69 98 88
69 99 63
69 100 28
70 0 2
70 1 2
70 2 2
70 3 2
70 4 82
70 5 14
70 6 87
70 7 45
70 8 31
70 9 70
70 10 42
70 11 14
70 12 59
70 13 96
70 14 62
70 15 95
70 16 84
70 17 17
70 18 5
70 19 12
70 20 60
70 21 65
70 22 30
70 23 94
70 24 1
70 25 93
70 26 25
70 27 52
70 28 59
70 29 27
70 30 43
70 31 64
70 32 83
70 33 87
70 34 6
70 35 26
70 36 89
70 37 73
70 38 50
70 39 60
70 40 23
70 41 84
70 42 95
70 43 27
70 44 12
70 45 97
70 46 15
70 47 91
70 48 6
70 49 13
70 50 51
70 51 12
70 52 51
70 53 26
70 54 62
70 55 1
70 56 46
70 57 76
70 58 30
70 59 95
70 60 26
70 61 56
70 62 47
70 63 59
70 64 79
70 65 82
70 66 26
70 67 89
70 68 88
70 69 44
70 71 13
70 72 95
70 73 89
70 74 95
70 75 30
70 76 44
70 77 74
70 78 8
70 79 94
70 80 44
70 81 99
70 82 96
70 83 65
70 84 46
70 85 61
70 86 47
70 87 99
70 88 19
70 89 72
70 90 31
70 91 93
70 92 60
70 93 2
70 94 94
70 95 39
70 96 48
70 97 70
70 98 12
70 99 48
70 100 97
71 0 93
71 1 56
71 2 82
71 3 20
71 4 20
71 5 20
71 6 20
71 7 41
71 8 12
71 9 38
71 10 93
71 11 88
71 12 9
71 13 41
71 14 22
71 15 45
71 16 5
71 17 90
71 18 41
71 19 22
71 20 38
71 21 27
71 22 95
71 23 98
71 24 4
71 25 27
71 26 47
71 27 46
71 28 24
71 29 71
71 30 78
71 31 80
71 32 12
71 33 60
71 34 25
71 35 99
71 36 68
71 37 78
71 38 98
71 39 4
71 40 24
71 41 89
71 42 21
71 43 54
71 44 14
71 45 20
71 46 43
71 47 10
71 48 60
71 49 95
71 50 36
71 51 92
71 52 35
71 53 87
71 54 29
71 55 50
71 56 40
71 57 23
71 58 46
71 59 82
71 60 46
71 61 15
71 62 83
71 63 24
71 64 26
71 65 32
71 66 55
71 67 32
71 68 58
71 69 48
71 70 85
71 72 50
71 73 21
71 74 75
71 75 5
71 76 90
71 77 99
71 78 28
71 79 58
71 80 25
71 81 17
71 82 58
71 83 54
71 84 8
71 85 4
71 86 29
71 87 64
71 88 71
71 89 64
71 90 12
71 91 48
71 92 27
71 93 89
71 94 95
71 95 3
71 96 66
71 97 34
71 98 21
71 99 17
71 100 19
72 0 13
72 1 38
72 2 95
72 3 70
72 4 5
72 5 66
72 6 54
72 7 54
72 8 54
72 9 54
72 10 43
72 11 61
72 12 21
72 13 28
72 14 42
72 15 59
72 16 13
72 17 28
72 18 4
72 19 72
72 20 14
72 21 26
72 22 23
72 23 23
72 24 97
72 25 88
72 26 2
72 27 52
72 28 91
72 29 71
72 30 83
72 31 94
72 32 72
72 33 89
72 34 76
72 35 26
72 36 73
72 37 78
72 38 7
72 39 30
72 40 77
72 41 63
72 42 63
72 43 19
72 44 21
72 45 80
72 46 57
72 47 68
72 48 83
72 49 85
72 50 94
72 51 3
72 52 23
72 53 17
72 54 31
72 55 61
72 56 56
72 57 65
72 58 38
72 59 26
72 60 23
72 61 29
72 62 85
72 63 29
72 64 2
72 65 31
72 66 12
72 67 73
72 68 17
72 69 64
72 70 7
72 71 53
72 73 84
72 74 16
72 75 6
72 76 29
72 77 7
72 78 2
72 79 85
72 80 37
72 81 90
72 82 10
72 83 51
72 84 7
72 85 49
72 86 71
72 87 2
72 88 77
72 89 76
72 90 86
72 91 33
72 92 46
72 93 77
72 94 97
72 95 10
72 96 67
72 97 34
72 98 84
72 99 52
72 100 82
73 0 14
73 1 50
73 2 35
73 3 8
73 4 72
73 5 75
73 6 20
73 7 13
73 8 86
73 9 35
73 10 35
73 11 35
73 12 35
73 13 47
73 14 59
73 15 31
73 16 56
73 17 43
73 18 65
73 19 38
73 20 34
73 21 87
73 22 78
73 23 42
73 24 49
73 25 40
73 26 7
73 27 42
73 28 67
73 29 53
73 30 6
73 31 62
73 32 16
73 33 86
73 34 56
73 35 9
73 36 80
73 37 97
73 38 61
73 39 3
73 40 55
73 41 50
73 42 26
73 43 15
73 44 33
73 45 45
73 46 57
73 47 60
73 48 33
73 49 66
73 50 4
73 51 18
73 52 11
73 53 44
73 54 76
73 55 62
73 56 37
73 57 9
73 58 5
73 59 33
73 60 76
73 61 88
73 62 50
73 63 22
73 64 19
73 65 51
73 66 8
73 67 75
73 68 62
73 69 63
73 70 71
73 71 15
73 72 6
73 74 6
73 75 63
73 76 7
73 77 66
73 78 47
73 79 1
73 80 18
73 81 38
73 82 9
73 83 78
73 84 26
73 85 50
73 86 57
73 87 12
73 88 86
73 89 60
73 90 8
73 91 60
73 92 11
73 93 35
73 94 32
73 95 46
73 96 53
73 97 79
73 98 66
73 99 50
73 100 49
74 0 12
74 1 47
74 2 43
74 3 30
74 4 22
74 5 81
74 6 48
74 7 43
74 8 63
74 9 48
74 10 79
74 11 3
74 12 62
74 13 62
74 14 62
74 15 62
74 16 22
74 17 4
74 18 57
74 19 4
74 20 73
74 21 60
74 22 40
74 23 3
74 24 55
74 25 94
74 26 83
74 27 69
74 28 85
74 29 85
74 30 30
74 31 51
74 32 55
74 33 73
74 34 11
74 35 25
74 36 99
74 37 27
74 38 45
74 39 37
74 40 4
74 41 42
74 42 6
74 43 60
74 44 59
74 45 6
74 46 42
74 47 52
74 48 16
74 49 18
74 50 58
74 51 49
74 52 52
74 53 37
74 54 10
74 55 62
74 56 39
74 57 66
74 58 98
74 59 24
74 60 7
74 61 58
74 62 85
74 63 33
74 64 29
74 65 86
74 66 5
74 67 93
74 68 4
74 69 34
74 70 46
74 71 43
74 72 50
74 73 11
74 75 15
74 76 49
74 77 9
74 78 75
74 79 83
74 80 34
74 81 33
74 82 2
74 83 64
74 84 73
74 85 19
74 86 87
74 87 22
74 88 69
74 89 28
74 90 91
74 91 40
74 92 57
74 93 64
74 94 66
74 95 3
74 96 68
74 97 80
74 98 32
74 99 66
74 100 74
75 0 48
75 1 76
75 2 53
75 3 78
75 4 70
75 5 40
75 6 86
75 7 76
75 8 94
75 9 76
75 10 26
75 11 56
75 12 40
75 13 90
75 14 53
75 15 91
75 16 91
75 17 91
75 18 91
75 19 87
75 20 38
75 21 90
75 22 96
75 23 96
75 24 28
75 25 45
75 26 64
75 27 59
75 28 36
75 29 49
75 30 64
75 31 78
75 32 26
75 33 81
75 34 77
75 35 59
75 36 46
75 37 17
75 38 95
75 39 45
75 40 68
75 41 38
75 42 4
75 43 73
75 44 91
75 45 87
75 46 8
75 47 8
75 48 91
75 49 21
75 50 25
75 51 99
75 52 97
75 53 87
75 54 16
75 55 88
75 56 32
75 57 55
75 58 59
75 59 34
75 60 95
75 61 78
75 62 98
75 63 43
75 64 25
75 65 85
75 66 94
75 67 94
75 68 12
75 69 15
75 70 4
75 71 54
75 72 13
75 73 2
75 74 89
75 76 95
75 77 62
75 78 98
75 79 87
75 80 53
75 81 36
75 82 63
75 83 28
75 84 19
75 85 10
75 86 5
75 87 7
75 88 43
75 89 15
75 90 85
75 91 49
75 92 86
75 93 91
75 94 54
75 95 98
75 96 86
75 97 77
75 98 11
75 99 93
75 100 59
76 0 86
76 1 97
76 2 68
76 3 45
76 4 77
76 5 75
76 6 26
76 7 50
76 8 82
76 9 90
76 10 25
76 11 29
76 12 76
76 13 6
76 14 40
76 15 89
76 16 80
76 17 16
76 18 17
76 19 17
76 20 17
76 21 17
76 22 40
76 23 7
76 24 51
76 25 34
76 26 72
76 27 29
76 28 81
76 29 85
76 30 27
76 31 72
76 32 63
76 33 66
76 34 15
76 35 83
76 36 27
76 37 37
76 38 70
76 39 19
76 40 99
76 41 58
76 42 64
76 43 88
76 44 13
76 45 21
76 46 55
76 47 74
76 48 8
76 49 60
76 50 14
76 51 37
76 52 7
76 53 20
76 54 74
76 55 4
76 56 98
76 57 96
76 58 90
76 59 40
76 60 77
76 61 10
76 62 93
76 63 58
76 64 75
76 65 15
76 66 48
76 67 49
76 68 33
76 69 85
76 70 49
76 71 66
76 72 67
76 73 92
76 74 64
76 75 46
76 77 90
76 78 55
76 79 31
76 80 11
76 81 17
76 82 63
76 83 95
76 84 71
76 85 86
76 86 20
76 87 63
76 88 46
76 89 5
76 90 42
76 91 25
76 92 51
76 93 41
76 94 55
76 95 86
76 96 66
76 97 64
76 98 52
76 99 80
76 100 33
77 0 74
77 1 94
77 2 65
77 3 73
77 4 2
77 5 84
77 6 91
77 7 73
77 8 6
77 9 75
77 10 77
77 11 27
77 12 13
77 13 43
77 14 36
77 15 20
77 16 16
77 17 78
77 18 11
77 19 59
77 20 37
77 21 56
77 22 56
77 23 56
77 24 56
77 25 49
77 26 70
77 27 29
77 28 23
77 29 4
77 30 56
77 31 93
77 32 76
77 33 51
77 34 32
77 35 86
77 36 27
77 37 44
77 38 59
77 39 33
77 40 38
77 41 46
77 42 23
77 43 22
77 44 81
77 45 70
77 46 26
77 47 66
77 48 65
77 49 41
77 50 15
77 51 47
77 52 96
77 53 48
77 54 14
77 55 96
77 56 70
77 57 9
77 58 6
77 59 70
77 60 68
77 61 10
77 62 79
77 63 86
77 64 56
77 65 81
77 66 29
77 67 19
77 68 55
77 69 85
77 70 24
77 71 98
77 72 91
77 73 14
77 74 56
77 75 79
77 76 46
77 78 40
77 79 7
77 80 21
77 81 69
77 82 92
77 83 65
77 84 57
77 85 31
77 86 76
77 87 5
77 88 68
77 89 56
77 90 90
77 91 4
77 92 98
77 93 70
77 94 48
77 95 77
77 96 92
77 97 81
77 98 31
77 99 53
77 100 30
78 0 91
78 1 93
78 2 53
78 3 65
78 4 30
78 5 73
78 6 17
78 7 14
78 8 70
78 9 21
78 10 70
78 11 89
78 12 1
78 13 63
78 14 43
78 15 70
78 16 66
78 17 98
78 18 42
78 19 7
78 20 3
78 21 32
78 22 72
78 23 54
78 24 53
78 25 53
78 26 53
78 27 53
78 28 11
78 29 30
78 30 44
78 31 96
78 32 63
78 33 55
78 34 29
78 35 25
78 36 2
78 37 50
78 38 78
78 39 87
78 40 38
78 41 6
78 42 31
78 43 73
78 44 76
78 45 83
78 46 49
78 47 58
78 48 89
78 49 96
78 50 82
78 51 77
78 52 10
78 53 20
78 54 87
78 55 11
78 56 30
78 57 33
78 58 53
78 59 92
78 60 75
78 61 12
78 62 98
78 63 54
78 64 77
78 65 27
78 66 58
78 67 43
78 68 19
78 69 46
78 70 12
78 71 24
78 72 40
78 73 97
78 74 26
78 75 89
78 76 32
78 77 2
78 79 48
78 80 86
78 81 88
78 82 32
78 83 1
78 84 14
78 85 12
78 86 24
78 87 62
78 88 54
78 89 69
78 90 8
78 91 58
78 92 44
78 93 68
78 94 73
78 95 56
78 96 33
78 97 67
78 98 87
78 99 70
78 100 76
79 0 19
79 1 33
79 2 25
79 3 45
79 4 65
79 5 46
79 6 84
79 7 16
79 8 47
79 9 84
79 10 62
79 11 38
79 12 96
79 13 18
79 14 27
79 15 61
79 16 38
79 17 66
79 18 61
79 19 20
79 20 4
79 21 42
79 22 82
79 23 97
79 24 43
79 25 22
79 26 26
79 27 62
79 28 62
79 29 62
79 30 62
79 31 43
79 32 50
79 33 38
79 34 77
79 35 66
79 36 15
79 37 48
79 38 27
79 39 49
79 40 50
79 41 96
79 42 42
79 43 27
79 44 68
79 45 74
79 46 47
79 47 26
79 48 93
79 49 39
79 50 48
79 51 77
79 52 55
79 53 17
79 54 94
79 55 23
79 56 75
79 57 17
79 58 25
79 59 82
79 60 46
79 61 10
79 62 43
79 63 61
79 64 32
79 65 36
79 66 14
79 67 85
79 68 79
79 69 83
79 70 45
79 71 9
79 72 44
79 73 97
79 74 84
79 75 27
79 76 23
79 77 27
79 78 31
79 80 48
79 81 4
79 82 97
79 83 92
79 84 81
79 85 86
79 86 50
79 87 84
79 88 3
79 89 85
79 90 60
79 91 23
79 92 37
79 93 50
79 94 41
79 95 54
79 96 41
79 97 18
79 98 18
79 99 51
79 100 78
80 0 32
80 1 73
80 2 95
80 3 44
80 4 49
80 5 23
80 6 95
80 7 42
80 8 23
80 9 93
80 10 75
80 11 31
80 12 40
80 13 3
80 14 18
80 15 39
80 16 7
80 17 22
80 18 19
80 19 28
80 20 24
80 21 73
80 22 1
80 23 35
80 24 35
80 25 80
80 26 3
80 27 54
80 28 80
80 29 49
80 30 35
80 31 35
80 32 35
80 33 35
80 34 16
80 35 20
80 36 66
80 37 46
80 38 46
80 39 59
80 40 84
80 41 7
80 42 19
80 43 66
80 44 16
80 45 77
80 46 44
80 47 5
80 48 85
80 49 44
80 50 19
80 51 76
80 52 16
80 53 59
80 54 68
80 55 38
80 56 6
80 57 28
80 58 56
80 59 31
80 60 85
80 61 77
80 62 76
80 63 97
80 64 19
80 65 19
80 66 81
80 67 80
80 68 48
80 69 84
80 70 66
80 71 28
80 72 12
80 73 66
80 74 79
80 75 29
80 76 99
80 77 71
80 78 24
80 79 50
80 81 77
80 82 79
80 83 44
80 84 18
80 85 25
80 86 67
80 87 8
80 88 22
80 89 65
80 90 42
80 91 85
80 92 31
80 93 42
80 94 99
80 95 24
80 96 81
80 97 61
80 98 66
80 99 14
80 100 81
81 0 22
81 1 87
81 2 20
81 3 8
81 4 28
81 5 40
81 6 94
81 7 2
81 8 50
81 9 82
81 10 57
81 11 34
81 12 6
81 13 63
81 14 28
81 15 86
81 16 65
81 17 78
81 18 7
81 19 25
81 20 4
81 21 83
81 22 25
81 23 41
81 24 61
81 25 27
81 26 31
81 27 37
81 28 62
81 29 57
81 30 68
81 31 77
81 32 25
81 33 14
81 34 14
81 35 14
81 36 14
81 37 83
81 38 19
81 39 62
81 40 78
81 41 94
81 42 85
81 43 19
81 44 60
81 45 13
81 46 3
81 47 13
81 48 63
81 49 32
81 50 44
81 51 87
81 52 57
81 53 97
81 54 24
81 55 2
81 56 55
81 57 98
81 58 63
81 59 21
81 60 11
81 61 56
81 62 68
81 63 63
81 64 36
81 65 92
81 66 89
81 67 49
81 68 75
81 69 90
81 70 56
81 71 56
81 72 78
81 73 12
81 74 5
81 75 40
81 76 63
81 77 98
81 78 23
81 79 57
81 80 24
81 82 43
81 83 93
81 84 49
81 85 76
81 86 17
81 87 66
81 88 11
81 89 11
81 90 8
81 91 27
81 92 96
81 93 51
81 94 76
81 95 33
81 96 33
81 97 61
81 98 77
81 99 59
81 100 72
82 0 97
82 1 22
82 2 98
82 3 1
82 4 91
82 5 89
82 6 41
82 7 15
82 8 19
82 9 90
82 10 76
82 11 94
82 12 33
82 13 83
82 14 45
82 15 63
82 16 50
82 17 81
82 18 24
82 19 18
82 20 38
82 21 77
82 22 53
82 23 51
82 24 29
82 25 35
82 26 6
82 27 59
82 28 24
82 29 53
82 30 85
82 31 77
82 32 3
82 33 75
82 34 59
82 35 11
82 36 17
82 37 17
82 38 17
82 39 17
82 40 79
82 41 30
82 42 41
82 43 55
82 44 14
82 45 21
82 46 21
82 47 32
82 48 37
82 49 29
82 50 79
82 51 29
82 52 59
82 53 95
82 54 87
82 55 90
82 56 30
82 57 10
82 58 13
82 59 85
82 60 90
82 61 49
82 62 34
82 63 78
82 64 29
82 65 46
82 66 68
82 67 78
82 68 50
82 69 68
82 70 68
82 71 21
82 72 27
82 73 16
82 74 72
82 75 67
82 76 29
82 77 51
82 78 80
82 79 21
82 80 64
82 81 79
82 83 28
82 84 32
82 85 60
82 86 23
82 87 75
82 88 56
82 89 97
82 90 83
82 91 7
82 92 96
82 93 60
82 94 95
82 95 76
82 96 2
82 97 89
82 98 39
82 99 97
82 100 33
83 0 70
83 1 52
83 2 16
83 3 96
83 4 94
83 5 41
83 6 34
83 7 8
83 8 28
83 9 66
83 10 6
83 11 74
83 12 70
83 13 8
83 14 42
83 15 88
83 16 85
83 17 11
83 18 39
83 19 91
83 20 1
83 21 15
83 22 2
83 23 45
83 24 11
83 25 3
83 26 73
83 27 80
83 28 64
83 29 63
83 30 11
83 31 46
83 32 27
83 33 79
83 34 3
83 35 54
83 36 90
83 37 44
83 38 83
83 39 21
83 40 21
83 41 21
83 42 21
83 43 55
83 44 62
83 45 15
83 46 9
83 47 72
83 48 32
83 49 7
83 50 32
83 51 91
83 52 41
83 53 67
83 54 79
83 55 69
83 56 87
83 57 53
83 58 89
83 59 71
83 60 19
83 61 85
83 62 47
83 63 56
83 64 69
83 65 10
83 66 30
83 67 3
83 68 64
83 69 99
83 70 7
83 71 68
83 72 85
83 73 41
83 74 89
83 75 36
83 76 29
83 77 67
83 78 33
83 79 85
83 80 27
83 81 62
83 82 40
83 84 58
83 85 50
83 86 69
83 87 99
83 88 3
83 89 90
83 90 89
83 91 24
83 92 85
83 93 17
83 94 30
83 95 67
83 96 83
83 97 77
83 98 37
83 99 1
83 100 50
84 0 3
84 1 78
84 2 17
84 3 27
84 4 80
84 5 50
84 6 77
84 7 41
84 8 52
84 9 39
84 10 78
84 11 27
84 12 66
84 13 2
84 14 3
84 15 19
84 16 88
84 17 47
84 18 40
84 19 33
84 20 75
84 21 46
84 22 44
84 23 83
84 24 8
84 25 43
84 26 31
84 27 78
84 28 98
84 29 97
84 30 6
84 31 46
84 32 67
84 33 70
84 34 88
84 35 72
84 36 53
84 37 12
84 38 40
84 39 51
84 40 1
84 41 36
84 42 35
84 43 35
84 44 35
84 45 35
84 46 96
84 47 65
84 48 27
84 49 7
84 50 81
84 51 60
84 52 46
84 53 92
84 54 71
84 55 30
84 56 83
84 57 11
84 58 59
84 59 13
84 60 51
84 61 43
84 62 77
84 63 23
84 64 44
84 65 1
84 66 18
84 67 44
84 68 45
84 69 53
84 70 12
84 71 27
84 72 66
84 73 81
84 74 3
84 75 4
84 76 60
84 77 22
84 78 98
84 79 5
84 80 35
84 81 13
84 82 71
84 83 13
84 85 81
84 86 5
84 87 4
84 88 75
84 89 35
84 90 4
84 91 2
84 92 95
84 93 89
84 94 53
84 95 8
84 96 80
84 97 60
84 98 6
84 99 82
84 100 60
85 0 75
85 1 12
85 2 75
85 3 90
85 4 72
85 5 53
85 6 63
85 7 91
85 8 91
85 9 50
85 10 42
85 11 89
85 12 86
85 13 47
85 14 9
85 15 31
85 16 98
85 17 48
85 18 29
85 19 43
85 20 92
85 21 94
85 22 81
85 23 5
85 24 46
85 25 39
85 26 68
85 27 37
85 28 22
85 29 48
85 30 39
85 31 7
85 32 5
85 33 22
85 34 13
85 35 12
85 36 34
85 37 36
85 38 28
85 39 69
85 40 3
85 41 6
85 42 23
85 43 49
85 44 2
85 45 1
85 46 1
85 47 1
85 48 1
85 49 18
85 50 95
85 51 27
85 52 98
85 53 93
85 54 41
85 55 81
85 56 68
85 57 57
85 58 27
85 59 35
85 60 77
85 61 91
85 62 99
85 63 25
85 64 49
85 65 63
85 66 86
85 67 86
85 68 50
85 69 71
85 70 7
85 71 10
85 72 4
85 73 43
85 74 52
85 75 33
85 76 23
85 77 92
85 78 77
85 79 29
85 80 63
85 81 23
85 82 27
85 83 81
85 84 73
85 86 47
85 87 20
85 88 69
85 89 81
85 90 11
85 91 18
85 92 21
85 93 51
85 94 4
85 95 8
85 96 14
85 97 78
85 98 17
85 99 4
85 100 78
86 0 61
86 1 74
86 2 78
86 3 11
86 4 95
86 5 56
86 6 83
86 7 24
86 8 72
86 9 74
86 10 61
86 11 7
86 12 21
86 13 77
86 14 51
86 15 86
86 16 89
86 17 31
86 18 26
86 19 33
86 20 47
86 21 60
86 22 24
86 23 82
86 24 96
86 25 27
86 26 51
86 27 46
86 28 58
86 29 12
86 30 30
86 31 69
86 32 1
86 33 92
86 34 11
86 35 86
86 36 42
86 37 41
86 38 55
86 39 74
86 40 23
86 41 91
86 42 4
86 43 63
86 44 89
86 45 56
86 46 41
86 47 43
86 48 99
86 49 99
86 50 99
86 51 99
86 52 13
86 53 34
86 54 25
86 55 2
86 56 33
86 57 46
86 58 10
86 59 93
86 60 36
86 61 82
86 62 8
86 63 44
86 64 97
86 65 37
86 66 56
86 67 39
86 68 91
86 69 33
86 70 5
86 71 95
86 72 40
86 73 6
86 74 26
86 75 1
86 76 17
86 77 41
86 78 99
86 79 96
86 80 24
86 81 36
86 82 58
86 83 86
86 84 46
86 85 98
86 87 64
86 88 15
86 89 78
86 90 88
86 91 69
86 92 73
86 93 58
86 94 77
86 95 9
86 96 70
86 97 65
86 98 73
86 99 78
86 100 60
87 0 52
87 1 58
87 2 22
87 3 9
87 4 81
87 5 29
87 6 69
87 7 44
87 8 20
87 9 41
87 10 4
87 11 10
87 12 45
87 13 13
87 14 63
87 15 71
87 16 67
87 17 33
87 18 83
87 19 6
87 20 74
87 21 8
87 22 85
87 23 78
87 24 53
87 25 5
87 26 55
87 27 95
87 28 23
87 29 79
87 30 84
87 31 14
87 32 43
87 33 13
87 34 3
87 35 6
87 36 78
87 37 64
87 38 48
87 39 98
87 40 92
87 41 19
87 42 56
87 43 22
87 44 9
87 45 72
87 46 5
87 47 76
87 48 44
87 49 27
87 50 31
87 51 66
87 52 66
87 53 66
87 54 66
87 55 1
87 56 52
87 57 73
87 58 73
87 59 59
87 60 91
87 61 29
87 62 92
87 63 80
87 64 80
87 65 96
87 66 29
87 67 12
87 68 66
87 69 71
87 70 95
87 71 3
87 72 29
87 73 44
87 74 53
87 75 79
87 76 83
87 77 90
87 78 2
87 79 26
87 80 78
87 81 60
87 82 44
87 83 85
87 84 77
87 85 98
87 86 59
87 88 42
87 89 49
87 90 21
87 91 48
87 92 4
87 93 6
87 94 15
87 95 47
87 96 77
87 97 54
87 98 14
87 99 9
87 100 96
88 0 16
88 1 99
88 2 36
88 3 46
88 4 45
88 5 23
88 6 8
88 7 36
88 8 34
88 9 87
88 10 44
88 11 69
88 12 51
88 13 32
88 14 49
88 15 42
88 16 75
88 17 49
88 18 60
88 19 37
88 20 99
88 21 46
88 22 11
88 23 83
88 24 26
88 25 51
88 26 28
88 27 98
88 28 71
88 29 29
88 30 13
88 31 34
88 32 98
88 33 84
88 34 57
88 35 99
88 36 90
88 37 80
88 38 8
88 39 72
88 40 74
88 41 83
88 42 22
88 43 81
88 44 86
88 45 9
88 46 38
88 47 28
88 48 99
88 49 31
88 50 66
88 51 39
88 52 78
88 53 67
88 54 27
88 55 27
88 56 27
88 57 27
88 58 88
88 59 23
88 60 81
88 61 75
88 62 75
88 63 12
88 64 28
88 65 86
88 66 47
88 67 22
88 68 17
88 69 67
88 70 77
88 71 49
88 72 30
88 73 48
88 74 94
88 75 85
88 76 30
88 77 83
88 78 86
88 79 23
88 80 8
88 81 23
88 82 90
88 83 62
88 84 17
88 85 59
88 86 52
88 87 50
88 89 40
88 90 83
88 91 57
88 92 10
88 93 95
88 94 43
88 95 4
88 96 24
88 97 92
88 98 3
88 99 7
88 100 12
89 0 40
89 1 12
89 2 38
89 3 9
89 4 16
89 5 51
89 6 91
89 7 76
89 8 82
89 9 8
89 10 88
89 11 39
89 12 62
89 13 14
89 14 3
89 15 16
89 16 86
89 17 66
89 18 72
89 19 28
89 20 79
89 21 55
89 22 15
89 23 35
89 24 60
89 25 56
89 26 35
89 27 24
89 28 88
89 29 95
89 30 59
89 31 1
89 32 16
89 33 67
89 34 50
89 35 15
89 36 70
89 37 46
89 38 31
89 39 86
89 40 41
89 41 25
89 42 47
89 43 56
89 44 10
89 45 25
89 46 72
89 47 29
89 48 77
89 49 76
89 50 87
89 51 13
89 52 62
89 53 27
89 54 44
89 55 97
89 56 18
89 57 22
89 58 22
89 59 22
89 60 22
89 61 28
89 62 87
89 63 95
89 64 91
89 65 58
89 66 80
89 67 35
89 68 12
89 69 38
89 70 46
89 71 63
89 72 4
89 73 64
89 74 34
89 75 44
89 76 63
89 77 47
89 78 30
89 79 38
89 80 38
89 81 80
89 82 74
89 83 36
89 84 94
89 85 80
89 86 7
89 87 60
89 88 24
89 90 40
89 91 59
89 92 32
89 93 93
89 94 26
89 95 74
89 96 80
89 97 93
89 98 91
89 99 26
89 100 62
90 0 52
90 1 1
90 2 50
90 3 73
90 4 76
90 5 97
90 6 40
90 7 40
90 8 19
90 9 75
90 10 52
90 11 5
90 12 99
90 13 88
90 14 87
90 15 4
90 16 2
90 17 45
90 18 33
90 19 57
90 20 67
90 21 23
90 22 77
90 23 95
90 24 24
90 25 46
90 26 3
90 27 7
90 28 96
90 29 56
90 30 10
90 31 35
90 32 58
90 33 3
90 34 97
90 35 22
90 36 36
90 37 94
90 38 78
90 39 63
90 40 28
90 41 8
90 42 46
90 43 15
90 44 34
90 45 62
90 46 74
90 47 70
90 48 79
90 49 32
90 50 16
90 51 78
90 52 78
90 53 72
90 54 80
90 55 65
90 56 5
90 57 7
90 58 94
90 59 14
90 60 21
90 61 21
90 62 21
90 63 21
90 64 10
90 65 82
90 66 21
90 67 33
90 68 88
90 69 47
90 70 90
90 71 84
90 72 51
90 73 22
90 74 36
90 75 49
90 76 78
90 77 95
90 78 59
90 79 88
90 80 56
90 81 28
90 82 92
90 83 29
90 84 17
90 85 38
90 86 22
90 87 42
90 88 89
90 89 36
90 91 60
90 92 71
90 93 76
90 94 11
90 95 79
90 96 1
90 97 47
90 98 4
90 99 67
90 100 9
91 0 32
91 1 26
91 2 63
91 3 60
91 4 46
91 5 26
91 6 35
91 7 26
91 8 10
91 9 67
91 10 52
91 11 54
91 12 55
91 13 77
91 14 93
91 15 57
91 16 25
91 17 97
91 18 10
91 19 99
91 20 31
91 21 12
91 22 29
91 23 53
91 24 2
91 25 64
91 26 48
91 27 96
91 28 84
91 29 26
91 30 64
91 31 74
91 32 28
91 33 45
91 34 45
91 35 87
91 36 71
91 37 7
91 38 91
91 39 72
91 40 16
91 41 73
91 42 70
91 43 64
91 44 83
91 45 12
91 46 87
91 47 22
91 48 23
91 49 11
91 50 42
91 51 44
91 52 85
91 53 41
91 54 51
91 55 41
91 56 63
91 57 73
91 58 11
91 59 1
91 60 3
91 61 65
91 62 28
91 63 90
91 64 90
91 65 90
91 66 90
91 67 11
91 68 99
91 69 6
91 70 52
91 71 44
91 72 62
91 73 19
91 74 7
91 75 2
91 76 64
91 77 20
91 78 50
91 79 57
91 80 16
91 81 29
91 82 12
91 83 77
91 84 80
91 85 99
91 86 40
91 87 65
91 88 86
91 89 95
91 90 55
91 92 15
91 93 2
91 94 55
91 95 45
91 96 23
91 97 64
91 98 70
91 99 17
91 100 42
92 0 67
92 1 98
92 2 96
92 3 79
92 4 15
92 5 85
92 6 10
92 7 58
92 8 85
92 9 67
92 10 83
92 11 35
92 12 85
92 13 4
92 14 97
92 15 94
92 16 52
92 17 45
92 18 29
92 19 10
92 20 95
92 21 57
92 22 87
92 23 80
92 24 7
92 25 89
92 26 28
92 27 48
92 28 45
92 29 54
92 30 55
92 31 61
92 32 40
92 33 34
92 34 33
92 35 32
92 36 67
92 37 19
92 38 81
92 39 21
92 40 73
92 41 32
92 42 44
92 43 6
92 44 53
92 45 73
92 46 32
92 47 61
92 48 45
92 49 49
92 50 16
92 51 41
92 52 35
92 53 41
92 54 97
92 55 10
92 56 17
92 57 45
92 58 29
92 59 11
92 60 46
92 61 79
92 62 57
92 63 40
92 64 82
92 65 68
92 66 41
92 67 41
92 68 41
92 69 41
92 70 74
92 71 39
92 72 32
92 73 91
92 74 24
92 75 56
92 76 62
92 77 51
92 78 53
92 79 88
92 80 84
92 81 16
92 82 69
92 83 14
92 84 50
92 85 81
92 86 88
92 87 71
92 88 92
92 89 36
92 90 89
92 91 90
92 93 44
92 94 90
92 95 57
92 96 70
92 97 9
92 98 58
92 99 99
92 100 99
93 0 45
93 1 25
93 2 87
93 3 99
93 4 57
93 5 6
93 6 71
93 7 95
93 8 40
93 9 42
93 10 2
93 11 5
93 12 3
93 13 63
93 14 55
93 15 8
93 16 22
93 17 56
93 18 17
93 19 24
93 20 15
93 21 68
93 22 77
93 23 99
93 24 32
93 25 79
93 26 45
93 27 68
93 28 65
93 29 4
93 30 24
93 31 96
93 32 29
93 33 19
93 34 45
93 35 33
93 36 44
93 37 4
93 38 86
93 39 66
93 40 22
93 41 72
93 42 1
93 43 65
93 44 9
93 45 71
93 46 47
93 47 33
93 48 1
93 49 43
93 50 99
93 51 9
93 52 19
93 53 47
93 54 32
93 55 38
93 56 16
93 57 81
93 58 34
93 59 86
93 60 7
93 61 97
93 62 6
93 63 46
93 64 45
93 65 73
93 66 66
93 67 68
93 68 97
93 69 10
93 70 10
93 71 10
93 72 10
93 73 59
93 74 70
93 75 97
93 76 30
93 77 36
93 78 95
93 79 84
93 80 57
93 81 43
93 82 31
93 83 87
93 84 45
93 85 96
93 86 15
93 87 19
93 88 77
93 89 60
93 90 61
93 91 92
93 92 12
93 94 87
93 95 28
93 96 86
93 97 32
93 98 40
93 99 76
93 100 44
94 0 93
94 1 94
94 2 67
94 3 95
94 4 55
94 5 13
94 6 13
94 7 67
94 8 10
94 9 60
94 10 4
94 11 26
94 12 60
94 13 80
94 14 98
94 15 45
94 16 27
94 17 33
94 18 30
94 19 50
94 20 5
94 21 31
94 22 11
94 23 52
94 24 91
94 25 9
94 26 76
94 27 66
94 28 69
94 29 33
94 30 79
94 31 24
94 32 46
94 33 80
94 34 19
94 35 83
94 36 85
94 37 20
94 38 4
94 39 77
94 40 57
94 41 53
94 42 33
94 43 60
94 44 88
94 45 25
94 46 12
94 47 5
94 48 8
94 49 14
94 50 5
94 51 83
94 52 79
94 53 29
94 54 75
94 55 35
94 56 82
94 57 44
94 58 26
94 59 87
94 60 62
94 61 8
94 62 50
94 63 99
94 64 36
94 65 5
94 66 21
94 67 96
94 68 19
94 69 89
94 70 78
94 71 87
94 72 22
94 73 22
94 74 22
94 75 22
94 76 64
94 77 75
94 78 41
94 79 27
94 80 57
94 81 67
94 82 53
94 83 71
94 84 45
94 85 58
94 86 2
94 87 38
94 88 3
94 89 8
94 90 45
94 91 13
94 92 3
94 93 68
94 95 99
94 96 41
94 97 99
94 98 24
94 99 94
94 100 76
95 0 9
95 1 71
95 2 72
95 3 15
95 4 20
95 5 89
95 6 38
95 7 58
95 8 59
95 9 33
95 10 69
95 11 19
95 12 41
95 13 56
95 14 18
95 15 98
95 16 93
95 17 16
95 18 22
95 19 4
95 20 9
95 21 47
95 22 34
95 23 18
95 24 72
95 25 42
95 26 60
95 27 6
95 28 80
95 29 79
95 30 4
95 31 8
95 32 64
95 33 14
95 34 53
95 35 88
95 36 45
95 37 51
95 38 26
95 39 86
95 40 74
95 41 93
95 42 79
95 43 88
95 44 88
95 45 93
95 46 18
95 47 16
95 48 49
95 49 99
95 50 16
95 51 47
95 52 21
95 53 25
95 54 98
95 55 26
95 56 90
95 57 22
95 58 82
95 59 14
95 60 2
95 61 46
95 62 96
95 63 94
95 64 97
95 65 52
95 66 16
95 67 86
95 68 5
95 69 66
95 70 37
95 71 99
95 72 18
95 73 36
95 74 75
95 75 35
95 76 35
95 77 35
95 78 35
95 79 16
95 80 29
95 81 1
95 82 29
95 83 13
95 84 66
95 85 41
95 86 86
95 87 25
95 88 73
95 89 22
95 90 83
95 91 70
95 92 41
95 93 57
95 94 71
95 96 57
95 97 33
95 98 71
95 99 44
95 100 95
96 0 43
96 1 31
96 2 53
96 3 87
96 4 46
96 5 26
96 6 62
96 7 58
96 8 39
96 9 2
96 10 24
96 11 40
96 12 89
96 13 48
96 14 79
96 15 15
96 16 62
96 17 16
96 18 24
96 19 98
96 20 65
96 21 85
96 22 44
96 23 89
96 24 57
96 25 7
96 26 67
96 27 25
96 28 95
96 29 76
96 30 76
96 31 36
96 32 49
96 33 45
96 34 46
96 35 82
96 36 65
96 37 22
96 38 97
96 39 45
96 40 57
96 41 56
96 42 85
96 43 96
96 44 34
96 45 2
96 46 20
96 47 96
96 48 72
96 49 73
96 50 76
96 51 62
96 52 34
96 53 55
96 54 71
96 55 33
96 56 9
96 57 37
96 58 44
96 59 44
96 60 86
96 61 61
96 62 24
96 63 24
96 64 78
96 65 41
96 66 50
96 67 27
96 68 61
96 69 40
96 70 16
96 71 80
96 72 93
96 73 51
96 74 26
96 75 38
96 76 96
96 77 56
96 78 20
96 79 20
96 80 20
96 81 20
96 82 89
96 83 49
96 84 77
96 85 69
96 86 25
96 87 96
96 88 57
96 89 67
96 90 14
96 91 17
96 92 6
96 93 67
96 94 58
96 95 95
96 97 94
96 98 28
96 99 37
96 100 34
97 0 69
97 1 28
97 2 31
97 3 12
97 4 87
97 5 41
97 6 63
97 7 79
97 8 89
97 9 57
97 10 15
97 11 49
97 12 47
97 13 40
97 14 40
97 15 25
97 16 59
97 17 37
97 18 17
97 19 17
97 20 53
97 21 54
97 22 11
97 23 49
97 24 81
97 25 23
97 26 3
97 27 19
97 28 67
97 29 15
97 30 56
97 31 37
97 32 7
97 33 50
97 34 66
97 35 62
97 36 44
97 37 19
97 38 31
97 39 36
97 40 79
97 41 10
97 42 75
97 43 71
97 44 44
97 45 64
97 46 35
97 47 35
97 48 32
97 49 8
97 50 60
97 51 27
97 52 26
97 53 1
97 54 72
97 55 73
97 56 2
97 57 51
97 58 71
97 59 30
97 60 53
97 61 26
97 62 44
97 63 41
97 64 63
97 65 10
97 66 17
97 67 63
97 68 50
97 69 30
97 70 45
97 71 31
97 72 68
97 73 72
97 74 60
97 75 70
97 76 46
97 77 9
97 78 90
97 79 4
97 80 88
97 81 35
97 82 35
97 83 35
97 84 35
97 85 26
97 86 71
97 87 20
97 88 53
97 89 29
97 90 19
97 91 14
97 92 86
97 93 87
97 94 67
97 95 68
97 96 49
97 98 27
97 99 90
97 100 40
98 0 36
98 1 42
98 2 67
98 3 49
98 4 62
98 5 56
98 6 16
98 7 85
98 8 41
98 9 63
98 10 65
98 11 4
98 12 63
98 13 53
98 14 57
98 15 64
98 16 27
98 17 50
98 18 68
98 19 93
98 20 89
98 21 64
98 22 59
98 23 28
98 24 28
98 25 9
98 26 97
98 27 55
98 28 66
98 29 83
98 30 77
98 31 89
98 32 84
98 33 82
98 34 47
98 35 6
98 36 77
98 37 47
98 38 67
98 39 67
98 40 52
98 41 61
98 42 95
98 43 38
98 44 35
98 45 71
98 46 71
98 47 7
98 48 77
98 49 98
98 50 23
98 51 83
98 52 20
98 53 54
98 54 60
98 55 34
98 56 29
98 57 70
98 58 73
98 59 47
98 60 67
98 61 8
98 62 75
98 63 66
98 64 21
98 65 23
98 66 39
98 67 55
98 68 32
98 69 23
98 70 19
98 71 35
98 72 80
98 73 75
98 74 17
98 75 94
98 76 14
98 77 65
98 78 74
98 79 54
98 80 66
98 81 28
98 82 68
98 83 42
98 84 68
98 85 68
98 86 68
98 87 68
98 88 3
98 89 74
98 90 72
98 91 69
98 92 50
98 93 66
98 94 63
98 95 37
98 96 24
98 97 44
98 99 95
98 100 25
99 0 69
99 1 77
99 2 22
99 3 40
99 4 47
99 5 28
99 6 77
99 7 4
99 8 98
99 9 95
99 10 54
99 11 61
99 12 95
99 13 78
99 14 74
99 15 71
99 16 80
99 17 40
99 18 84
99 19 20
99 20 9
99 21 93
99 22 26
99 23 21
99 24 15
99 25 39
99 26 60
99 27 2
99 28 41
99 29 35
99 30 2
99 31 29
99 32 69
99 33 90
99 34 96
99 35 64
99 36 93
99 37 68
99 38 70
99 39 65
99 40 92
99 41 15
99 42 53
99 43 93
99 44 48
99 45 13
99 46 40
99 47 83
99 48 2
99 49 75
99 50 71
99 51 8
99 52 46
99 53 85
99 54 93
99 55 58
99 56 97
99 57 69
99 58 28
99 59 71
99 60 20
99 61 70
99 62 46
99 63 6
99 64 21
99 65 22
99 66 32
99 67 7
99 68 67
99 69 78
99 70 88
99 71 73
99 72 1
99 73 44
99 74 61
99 75 24
99 76 3
99 77 23
99 78 59
99 79 25
99 80 52
99 81 54
99 82 89
99 83 67
99 84 61
99 85 18
99 86 50
99 87 83
99 88 83
99 89 83
99 90 83
99 91 35
99 92 78
99 93 57
99 94 96
99 95 44
99 96 81
99 97 53
99 98 33
99 100 14
100 0 90
100 1 53
100 2 16
100 3 92
100 4 75
100 5 79
100 6 30
100 7 73
100 8 8
100 9 54
100 10 98
100 11 18
100 12 96
100 13 55
100 14 86
100 15 13
100 16 97
100 17 45
100 18 92
100 19 85
100 20 68
100 21 47
100 22 42
100 23 7
100 24 84
100 25 42
100 26 6
100 27 42
100 28 94
100 29 70
100 30 72
100 31 95
100 32 84
100 33 29
100 34 47
100 35 72
100 36 89
100 37 64
100 38 65
100 39 45
100 40 73
100 41 80
100 42 3
100 43 43
100 44 66
100 45 54
100 46 72
100 47 22
100 48 51
100 49 49
100 50 10
100 51 83
100 52 64
100 53 76
100 54 37
100 55 43
100 56 83
100 57 24
100 58 46
100 59 95
100 60 74
100 61 99
100 62 52
100 63 10
100 64 83
100 65 95
100 66 4
100 67 13
100 68 15
100 69 45
100 70 94
100 71 69
100 72 61
100 73 34
100 74 74
100 75 94
100 76 53
100 77 92
100 78 91
100 79 29
100 80 34
100 81 5
100 82 5
100 83 90
100 84 57
100 85 81
100 86 69
100 87 94
100 88 47
100 89 96
100 90 67
100 91 67
100 92 67
100 93 67
100 94 41
100 95 22
100 96 98
100 97 7
100 98 50
100 99 21