100 5
18
16
17
1
1
71
42
83
86
21
37
30
75
41
36
17
31
12
80
79
70
26
21
43
4
94
84
31
99
80
67
58
70
39
73
7
59
4
50
66
66
74
7
7
73
86
95
45
8
46
41
22
17
79
3
30
77
29
1
95
16
69
59
29
87
67
79
31
75
54
15
51
78
18
73
94
67
20
6
36
76
85
83
19
90
8
22
43
99
31
54
78
23
8
61
78
99
74
81
37
0 1 45
0 2 32
0 3 1
0 4 65
0 5 58
0 6 81
0 7 97
0 8 4
0 9 21
0 10 24
0 11 73
0 12 79
0 13 17
0 14 49
0 15 35
0 16 58
0 17 49
0 18 71
0 19 20
0 20 90
0 21 45
0 22 52
0 23 33
0 24 12
0 25 99
0 26 12
0 27 41
0 28 52
0 29 74
0 30 63
0 31 17
0 32 81
0 33 72
0 34 27
0 35 74
0 36 70
0 37 3
0 38 9
0 39 97
0 40 6
0 41 9
0 42 96
0 43 77
0 44 63
0 45 31
0 46 84
0 47 30
0 48 49
0 49 17
0 50 35
0 51 52
0 52 9
0 53 30
0 54 72
0 55 12
0 56 38
0 57 90
0 58 40
0 59 43
0 60 54
0 61 66
0 62 57
0 63 22
0 64 58
0 65 78
0 66 98
0 67 67
0 68 57
0 69 15
0 70 40
0 71 7
0 72 44
0 73 99
0 74 31
0 75 52
0 76 73
0 77 18
0 78 17
0 79 71
0 80 49
0 81 40
0 82 77
0 83 84
0 84 22
0 85 78
0 86 50
0 87 27
0 88 73
0 89 79
0 90 47
0 91 8
0 92 93
0 93 5
0 94 61
0 95 96
0 96 85
0 97 7
0 98 88
0 99 20
0 100 64
1 0 64
1 2 64
1 3 64
1 4 61
1 5 38
1 6 54
1 7 45
1 8 56
1 9 91
1 10 23
1 11 25
1 12 13
1 13 61
1 14 63
1 15 97
1 16 42
1 17 8
1 18 32
1 19 61
1 20 97
1 21 41
1 22 89
1 23 51
1 24 79
1 25 42
1 26 92
1 27 3
1 28 45
1 29 76
1 30 22
1 31 86
1 32 45
1 33 10
1 34 32
1 35 28
1 36 24
1 37 97
1 38 85
1 39 84
1 40 78
1 41 35
1 42 33
1 43 79
1 44 35
1 45 30
1 46 9
1 47 74
1 48 72
1 49 39
1 50 34
1 51 57
1 52 31
1 53 75
1 54 78
1 55 69
1 56 61
1 57 55
1 58 53
1 59 9
1 60 71
1 61 81
1 62 32
1 63 38
1 64 1
1 65 31
1 66 34
1 67 34
1 68 96
1 69 2
1 70 50
1 71 1
1 72 38
1 73 47
1 74 73
1 75 42
1 76 57
1 77 62
1 78 74
1 79 49
1 80 3
1 81 73
1 82 75
1 83 40
1 84 12
1 85 95
1 86 59
1 87 16
1 88 97
1 89 52
1 90 40
1 91 35
1 92 19
1 93 9
1 94 11
1 95 68
1 96 44
1 97 41
1 98 84
1 99 71
1 100 46
2 0 81
2 1 9
2 3 75
2 4 75
2 5 75
2 6 75
2 7 10
2 8 74
2 9 95
2 10 24
2 11 82
2 12 84
2 13 37
2 14 93
2 15 27
2 16 59
2 17 20
2 18 42
2 19 98
2 20 16
2 21 69
2 22 97
2 23 83
2 24 34
2 25 58
2 26 80
2 27 91
2 28 38
2 29 79
2 30 10
2 31 42
2 32 45
2 33 36
2 34 48
2 35 18
2 36 10
2 37 4
2 38 46
2 39 21
2 40 81
2 41 5
2 42 40
2 43 50
2 44 81
2 45 37
2 46 77
2 47 96
2 48 56
2 49 8
2 50 22
2 51 14
2 52 96
2 53 98
2 54 75
2 55 6
2 56 86
2 57 95
2 58 29
2 59 44
2 60 40
2 61 18
2 62 16
2 63 14
2 64 33
2 65 47
2 66 92
2 67 13
2 68 23
2 69 72
2 70 15
2 71 72
2 72 75
2 73 54
2 74 22
2 75 57
2 76 98
2 77 92
2 78 58
2 79 31
2 80 59
2 81 63
2 82 71
2 83 12
2 84 49
2 85 9
2 86 57
2 87 10
2 88 26
2 89 15
2 90 86
2 91 7
2 92 89
2 93 6
2 94 60
2 95 22
2 96 42
2 97 2
2 98 19
2 99 16
2 100 73
3 0 8
3 1 73
3 2 13
3 4 62
3 5 35
3 6 30
3 7 30
3 8 30
3 9 30
3 10 72
3 11 18
3 12 46
3 13 51
3 14 99
3 15 4
3 16 44
3 17 61
3 18 12
3 19 3
3 20 16
3 21 90
3 22 91
3 23 49
3 24 10
3 25 38
3 26 38
3 27 90
3 28 97
3 29 95
3 30 90
3 31 12
3 32 85
3 33 70
3 34 5
3 35 96
3 36 81
3 37 75
3 38 2
3 39 95
3 40 52
3 41 94
3 42 80
3 43 3
3 44 35
3 45 99
3 46 57
3 47 82
3 48 27
3 49 93
3 50 77
3 51 64
3 52 51
3 53 72
3 54 99
3 55 75
3 56 24
3 57 88
3 58 16
3 59 2
3 60 99
3 61 90
3 62 12
3 63 56
3 64 90
3 65 94
3 66 20
3 67 76
3 68 90
3 69 15
3 70 17
3 71 94
3 72 17
3 73 30
3 74 71
3 75 93
3 76 22
3 77 28
3 78 29
3 79 30
3 80 76
3 81 15
3 82 31
3 83 86
3 84 41
3 85 66
3 86 46
3 87 31
3 88 89
3 89 12
3 90 95
3 91 63
3 92 40
3 93 28
3 94 88
3 95 83
3 96 69
3 97 74
3 98 73
3 99 35
3 100 55
4 0 22
4 1 54
4 2 84
4 3 18
4 5 24
4 6 65
4 7 37
4 8 55
4 9 98
4 10 98
4 11 98
4 12 98
4 13 68
4 14 55
4 15 21
4 16 16
4 17 3
4 18 27
4 19 28
4 20 59
4 21 26
4 22 57
4 23 1
4 24 81
4 25 84
4 26 28
4 27 5
4 28 67
4 29 7
4 30 34
4 31 17
4 32 60
4 33 97
4 34 21
4 35 78
4 36 83
4 37 75
4 38 16
4 39 78
4 40 13
4 41 22
4 42 37
4 43 8
4 44 14
4 45 70
4 46 40
4 47 73
4 48 61
4 49 61
4 50 87
4 51 19
4 52 28
4 53 92
4 54 75
4 55 5
4 56 53
4 57 38
4 58 34
4 59 30
4 60 94
4 61 36
4 62 89
4 63 48
4 64 10
4 65 43
4 66 87
4 67 77
4 68 49
4 69 63
4 70 74
4 71 32
4 72 11
4 73 52
4 74 88
4 75 17
4 76 74
4 77 80
4 78 38
4 79 88
4 80 38
4 81 14
4 82 14
4 83 14
4 84 71
4 85 20
4 86 73
4 87 47
4 88 33
4 89 98
4 90 93
4 91 58
4 92 43
4 93 36
4 94 53
4 95 64
4 96 40
4 97 59
4 98 57
4 99 76
4 100 31
5 0 63
5 1 33
5 2 27
5 3 44
5 4 24
5 6 26
5 7 6
5 8 55
5 9 99
5 10 28
5 11 62
5 12 25
5 13 25
5 14 25
5 15 25
5 16 76
5 17 61
5 18 63
5 19 57
5 20 83
5 21 15
5 22 27
5 23 40
5 24 84
5 25 66
5 26 5
5 27 29
5 28 35
5 29 89
5 30 47
5 31 63
5 32 14
5 33 82
5 34 14
5 35 21
5 36 31
5 37 44
5 38 32
5 39 63
5 40 20
5 41 88
5 42 89
5 43 30
5 44 17
5 45 8
5 46 67
5 47 61
5 48 17
5 49 74
5 50 81
5 51 45
5 52 85
5 53 31
5 54 47
5 55 58
5 56 55
5 57 84
5 58 77
5 59 85
5 60 48
5 61 54
5 62 38
5 63 57
5 64 49
5 65 61
5 66 19
5 67 23
5 68 86
5 69 87
5 70 93
5 71 47
5 72 14
5 73 36
5 74 29
5 75 55
5 76 28
5 77 39
5 78 43
5 79 85
5 80 35
5 81 41
5 82 29
5 83 71
5 84 51
5 85 26
5 86 47
5 87 60
5 88 27
5 89 56
5 90 4
5 91 14
5 92 10
5 93 49
5 94 86
5 95 31
5 96 47
5 97 3
5 98 50
5 99 25
5 100 45
6 0 93
6 1 45
6 2 75
6 3 84
6 4 69
6 5 23
6 7 52
6 8 29
6 9 20
6 10 85
6 11 73
6 12 29
6 13 15
6 14 40
6 15 16
6 16 16
6 17 16
6 18 16
6 19 33
6 20 14
6 21 31
6 22 6
6 23 46
6 24 11
6 25 94
6 26 85
6 27 37
6 28 99
6 29 12
6 30 54
6 31 25
6 32 16
6 33 57
6 34 44
6 35 73
6 36 96
6 37 66
6 38 27
6 39 81
6 40 40
6 41 12
6 42 9
6 43 26
6 44 18
6 45 3
6 46 44
6 47 7
6 48 46
6 49 90
6 50 26
6 51 21
6 52 67
6 53 48
6 54 62
6 55 33
6 56 56
6 57 67
6 58 41
6 59 1
6 60 16
6 61 59
6 62 47
6 63 59
6 64 87
6 65 54
6 66 51
6 67 27
6 68 43
6 69 38
6 70 73
6 71 43
6 72 64
6 73 66
6 74 21
6 75 41
6 76 31
6 77 87
6 78 60
6 79 58
6 80 70
6 81 7
6 82 26
6 83 71
6 84 14
6 85 23
6 86 21
6 87 30
6 88 12
6 89 95
6 90 50
6 91 29
6 92 35
6 93 33
6 94 54
6 95 88
6 96 97
6 97 51
6 98 34
6 99 40
6 100 57
7 0 36
7 1 28
7 2 25
7 3 58
7 4 92
7 5 69
7 6 21
7 8 16
7 9 6
7 10 96
7 11 27
7 12 43
7 13 24
7 14 73
7 15 64
7 16 41
7 17 37
7 18 68
7 19 68
7 20 68
7 21 68
7 22 56
7 23 74
7 24 85
7 25 57
7 26 24
7 27 29
7 28 43
7 29 20
7 30 63
7 31 81
7 32 37
7 33 62
7 34 24
7 35 30
7 36 1
7 37 77
7 38 76
7 39 88
7 40 8
7 41 8
7 42 4
7 43 28
7 44 93
7 45 82
7 46 46
7 47 15
7 48 95
7 49 41
7 50 14
7 51 51
7 52 43
7 53 45
7 54 64
7 55 86
7 56 89
7 57 91
7 58 27
7 59 66
7 60 26
7 61 24
7 62 97
7 63 42
7 64 93
7 65 50
7 66 41
7 67 3
7 68 25
7 69 2
7 70 84
7 71 80
7 72 88
7 73 16
7 74 55
7 75 39
7 76 14
7 77 62
7 78 70
7 79 92
7 80 93
7 81 14
7 82 14
7 83 71
7 84 56
7 85 64
7 86 86
7 87 50
7 88 94
7 89 74
7 90 10
7 91 10
7 92 86
7 93 55
7 94 19
7 95 83
7 96 89
7 97 46
7 98 30
7 99 89
7 100 41
8 0 63
8 1 20
8 2 75
8 3 69
8 4 96
8 5 80
8 6 90
8 7 54
8 9 83
8 10 51
8 11 38
8 12 3
8 13 3
8 14 26
8 15 96
8 16 43
8 17 31
8 18 69
8 19 64
8 20 39
8 21 51
8 22 51
8 23 51
8 24 51
8 25 74
8 26 80
8 27 39
8 28 64
8 29 9
8 30 41
8 31 15
8 32 5
8 33 95
8 34 71
8 35 19
8 36 93
8 37 99
8 38 34
8 39 71
8 40 21
8 41 23
8 42 65
8 43 54
8 44 28
8 45 15
8 46 32
8 47 99
8 48 56
8 49 47
8 50 6
8 51 39
8 52 98
8 53 73
8 54 33
8 55 27
8 56 87
8 57 46
8 58 43
8 59 80
8 60 46
8 61 37
8 62 3
8 63 37
8 64 90
8 65 25
8 66 60
8 67 76
8 68 35
8 69 38
8 70 30
8 71 67
8 72 81
8 73 99
8 74 44
8 75 70
8 76 50
8 77 42
8 78 10
8 79 73
8 80 98
8 81 8
8 82 58
8 83 59
8 84 38
8 85 29
8 86 77
8 87 31
8 88 18
8 89 47
8 90 11
8 91 51
8 92 31
8 93 51
8 94 58
8 95 22
8 96 67
8 97 87
8 98 16
8 99 75
8 100 86
9 0 88
9 1 83
9 2 82
9 3 61
9 4 17
9 5 5
9 6 3
9 7 25
9 8 4
9 10 12
9 11 37
9 12 83
9 13 94
9 14 47
9 15 34
9 16 43
9 17 58
9 18 42
9 19 15
9 20 73
9 21 52
9 22 63
9 23 53
9 24 49
9 25 49
9 26 49
9 27 49
9 28 31
9 29 19
9 30 82
9 31 9
9 32 42
9 33 19
9 34 62
9 35 66
9 36 73
9 37 40
9 38 51
9 39 66
9 40 41
9 41 55
9 42 95
9 43 72
9 44 84
9 45 15
9 46 67
9 47 56
9 48 13
9 49 31
9 50 29
9 51 20
9 52 12
9 53 33
9 54 17
9 55 37
9 56 82
9 57 82
9 58 92
9 59 32
9 60 28
9 61 74
9 62 54
9 63 90
9 64 58
9 65 13
9 66 5
9 67 35
9 68 63
9 69 19
9 70 2
9 71 1
9 72 89
9 73 23
9 74 70
9 75 10
9 76 94
9 77 54
9 78 25
9 79 42
9 80 83
9 81 3
9 82 46
9 83 73
9 84 11
9 85 83
9 86 37
9 87 67
9 88 60
9 89 65
9 90 29
9 91 15
9 92 54
9 93 62
9 94 9
9 95 12
9 96 96
9 97 13
9 98 19
9 99 11
9 100 17
10 0 81
10 1 10
10 2 11
10 3 78
10 4 13
10 5 46
10 6 37
10 7 95
10 8 77
10 9 18
10 11 92
10 12 46
10 13 27
10 14 56
10 15 48
10 16 54
10 17 38
10 18 57
10 19 90
10 20 30
10 21 28
10 22 71
10 23 82
10 24 31
10 25 28
10 26 58
10 27 89
10 28 89
10 29 89
10 30 89
10 31 69
10 32 88
10 33 6
10 34 37
10 35 89
10 36 40
10 37 72
10 38 56
10 39 26
10 40 25
10 41 90
10 42 64
10 43 50
10 44 13
10 45 76
10 46 57
10 47 59
10 48 35
10 49 22
10 50 8
10 51 33
10 52 96
10 53 6
10 54 50
10 55 97
10 56 93
10 57 13
10 58 48
10 59 85
10 60 7
10 61 29
10 62 90
10 63 89
10 64 76
10 65 69
10 66 4
10 67 2
10 68 19
10 69 31
10 70 77
10 71 96
10 72 38
10 73 47
10 74 66
10 75 67
10 76 41
10 77 81
10 78 2
10 79 21
10 80 22
10 81 24
10 82 56
10 83 28
10 84 59
10 85 46
10 86 88
10 87 23
10 88 90
10 89 23
10 90 67
10 91 95
10 92 47
10 93 46
10 94 29
10 95 40
10 96 19
10 97 64
10 98 21
10 99 91
10 100 41
11 0 94
11 1 63
11 2 60
11 3 88
11 4 23
11 5 66
11 6 45
11 7 1
11 8 45
11 9 29
11 10 30
11 12 68
11 13 88
11 14 74
11 15 80
11 16 96
11 17 35
11 18 86
11 19 85
11 20 1
11 21 84
11 22 28
11 23 55
11 24 89
11 25 8
11 26 71
11 27 45
11 28 97
11 29 78
11 30 15
11 31 15
11 32 15
11 33 15
11 34 19
11 35 3
11 36 5
11 37 28
11 38 41
11 39 18
11 40 39
11 41 7
11 42 25
11 43 52
11 44 36
11 45 21
11 46 27
11 47 88
11 48 51
11 49 1
11 50 51
11 51 20
11 52 14
11 53 5
11 54 54
11 55 78
11 56 12
11 57 59
11 58 38
11 59 58
11 60 95
11 61 52
11 62 46
11 63 87
11 64 39
11 65 82
11 66 1
11 67 87
11 68 8
11 69 84
11 70 71
11 71 42
11 72 50
11 73 91
11 74 88
11 75 32
11 76 14
11 77 49
11 78 50
11 79 37
11 80 80
11 81 97
11 82 13
11 83 39
11 84 95
11 85 40
11 86 32
11 87 97
11 88 16
11 89 29
11 90 72
11 91 71
11 92 88
11 93 50
11 94 13
11 95 55
11 96 8
11 97 27
11 98 10
11 99 51
11 100 30
12 0 15
12 1 11
12 2 81
12 3 81
12 4 8
12 5 5
12 6 68
12 7 4
12 8 64
12 9 62
12 10 90
12 11 71
12 13 95
12 14 95
12 15 14
12 16 83
12 17 91
12 18 25
12 19 85
12 20 41
12 21 66
12 22 4
12 23 90
12 24 85
12 25 24
12 26 76
12 27 17
12 28 88
12 29 70
12 30 97
12 31 13
12 32 92
12 33 20
12 34 20
12 35 20
12 36 20
12 37 42
12 38 52
12 39 87
12 40 24
12 41 80
12 42 28
12 43 12
12 44 15
12 45 58
12 46 53
12 47 85
12 48 58
12 49 18
12 50 7
12 51 12
12 52 59
12 53 74
12 54 36
12 55 10
12 56 12
12 57 55
12 58 59
12 59 78
12 60 87
12 61 53
12 62 29
12 63 98
12 64 16
12 65 42
12 66 88
12 67 16
12 68 28
12 69 54
12 70 8
12 71 57
12 72 64
12 73 16
12 74 27
12 75 8
12 76 77
12 77 79
12 78 32
12 79 84
12 80 57
12 81 51
12 82 44
12 83 57
12 84 54
12 85 8
12 86 85
12 87 84
12 88 16
12 89 75
12 90 47
12 91 29
12 92 56
12 93 73
12 94 6
12 95 18
12 96 60
12 97 16
12 98 34
12 99 97
12 100 40
13 0 86
13 1 86
13 2 7
13 3 79
13 4 31
13 5 2
13 6 52
13 7 55
13 8 43
13 9 89
13 10 36
13 11 81
13 12 45
13 14 11
13 15 35
13 16 71
13 17 46
13 18 60
13 19 50
13 20 49
13 21 74
13 22 78
13 23 3
13 24 85
13 25 55
13 26 50
13 27 38
13 28 21
13 29 6
13 30 46
13 31 47
13 32 4
13 33 39
13 34 90
13 35 73
13 36 84
13 37 84
13 38 84
13 39 84
13 40 35
13 41 77
13 42 9
13 43 14
13 44 46
13 45 6
13 46 51
13 47 97
13 48 21
13 49 43
13 50 27
13 51 5
13 52 31
13 53 83
13 54 51
13 55 32
13 56 56
13 57 63
13 58 84
13 59 89
13 60 40
13 61 92
13 62 2
13 63 11
13 64 64
13 65 32
13 66 87
13 67 91
13 68 10
13 69 78
13 70 46
13 71 31
13 72 79
13 73 10
13 74 75
13 75 10
13 76 89
13 77 28
13 78 98
13 79 82
13 80 60
13 81 31
13 82 68
13 83 40
13 84 56
13 85 95
13 86 34
13 87 49
13 88 81
13 89 11
13 90 39
13 91 10
13 92 21
13 93 64
13 94 5
13 95 30
13 96 95
13 97 50
13 98 62
13 99 35
13 100 17
14 0 49
14 1 38
14 2 35
14 3 31
14 4 31
14 5 10
14 6 22
14 7 86
14 8 72
14 9 36
14 10 21
14 11 18
14 12 64
14 13 2
14 15 52
14 16 84
14 17 13
14 18 47
14 19 6
14 20 13
14 21 88
14 22 13
14 23 45
14 24 58
14 25 5
14 26 78
14 27 70
14 28 50
14 29 32
14 30 98
14 31 75
14 32 77
14 33 53
14 34 77
14 35 28
14 36 52
14 37 85
14 38 12
14 39 85
14 40 85
14 41 85
14 42 85
14 43 54
14 44 36
14 45 8
14 46 34
14 47 61
14 48 79
14 49 77
14 50 83
14 51 17
14 52 59
14 53 65
14 54 44
14 55 81
14 56 13
14 57 64
14 58 53
14 59 79
14 60 34
14 61 13
14 62 14
14 63 1
14 64 87
14 65 99
14 66 66
14 67 1
14 68 55
14 69 60
14 70 28
14 71 33
14 72 49
14 73 27
14 74 87
14 75 77
14 76 29
14 77 9
14 78 22
14 79 87
14 80 16
14 81 6
14 82 47
14 83 65
14 84 82
14 85 72
14 86 30
14 87 77
14 88 69
14 89 75
14 90 67
14 91 36
14 92 83
14 93 78
14 94 57
14 95 27
14 96 2
14 97 49
14 98 82
14 99 76
14 100 77
15 0 98
15 1 80
15 2 84
15 3 27
15 4 57
15 5 65
15 6 59
15 7 90
15 8 54
15 9 32
15 10 52
15 11 53
15 12 61
15 13 1
15 14 67
15 16 7
15 17 84
15 18 35
15 19 73
15 20 79
15 21 5
15 22 72
15 23 67
15 24 75
15 25 8
15 26 43
15 27 41
15 28 56
15 29 5
15 30 68
15 31 36
15 32 24
15 33 32
15 34 33
15 35 95
15 36 19
15 37 75
15 38 9
15 39 15
15 40 60
15 41 93
15 42 28
15 43 28
15 44 28
15 45 28
15 46 2
15 47 54
15 48 20
15 49 81
15 50 91
15 51 93
15 52 99
15 53 60
15 54 52
15 55 80
15 56 57
15 57 42
15 58 36
15 59 95
15 60 69
15 61 31
15 62 15
15 63 9
15 64 59
15 65 57
15 66 40
15 67 15
15 68 56
15 69 7
15 70 47
15 71 90
15 72 94
15 73 15
15 74 67
15 75 67
15 76 1
15 77 65
15 78 96
15 79 67
15 80 95
15 81 30
15 82 29
15 83 7
15 84 33
15 85 73
15 86 92
15 87 74
15 88 64
15 89 15
15 90 90
15 91 11
15 92 57
15 93 13
15 94 20
15 95 40
15 96 14
15 97 6
15 98 26
15 99 28
15 100 69
16 0 47
16 1 13
16 2 75
16 3 69
16 4 81
16 5 82
16 6 25
16 7 69
16 8 34
16 9 39
16 10 28
16 11 57
16 12 42
16 13 9
16 14 91
16 15 38
16 17 99
16 18 73
16 19 74
16 20 80
16 21 63
16 22 29
16 23 47
16 24 20
16 25 77
16 26 87
16 27 58
16 28 59
16 29 52
16 30 40
16 31 9
16 32 90
16 33 75
16 34 7
16 35 86
16 36 88
16 37 66
16 38 44
16 39 17
16 40 86
16 41 18
16 42 3
16 43 58
16 44 54
16 45 84
16 46 84
16 47 84
16 48 84
16 49 93
16 50 31
16 51 6
16 52 35
16 53 91
16 54 61
16 55 55
16 56 92
16 57 43
16 58 91
16 59 74
16 60 8
16 61 10
16 62 63
16 63 10
16 64 13
16 65 22
16 66 79
16 67 98
16 68 24
16 69 2
16 70 92
16 71 95
16 72 72
16 73 75
16 74 82
16 75 28
16 76 51
16 77 59
16 78 71
16 79 25
16 80 34
16 81 40
16 82 74
16 83 2
16 84 37
16 85 58
16 86 19
16 87 5
16 88 43
16 89 41
16 90 54
16 91 56
16 92 41
16 93 78
16 94 16
16 95 99
16 96 10
16 97 17
16 98 93
16 99 42
16 100 32
17 0 21
17 1 88
17 2 56
17 3 41
17 4 90
17 5 70
17 6 81
17 7 81
17 8 9
17 9 6
17 10 20
17 11 11
17 12 95
17 13 83
17 14 68
17 15 84
17 16 9
17 18 56
17 19 66
17 20 49
17 21 32
17 22 12
17 23 83
17 24 90
17 25 18
17 26 1
17 27 61
17 28 24
17 29 47
17 30 77
17 31 83
17 32 60
17 33 70
17 34 51
17 35 86
17 36 49
17 37 68
17 38 25
17 39 84
17 40 69
17 41 59
17 42 35
17 43 9
17 44 52
17 45 38
17 46 49
17 47 67
17 48 27
17 49 27
17 50 27
17 51 27
17 52 69
17 53 26
17 54 83
17 55 37
17 56 44
17 57 8
17 58 63
17 59 40
17 60 96
17 61 41
17 62 64
17 63 7
17 64 48
17 65 58
17 66 28
17 67 22
17 68 71
17 69 22
17 70 4
17 71 48
17 72 90
17 73 24
17 74 39
17 75 3
17 76 90
17 77 87
17 78 96
17 79 15
17 80 79
17 81 98
17 82 74
17 83 23
17 84 43
17 85 81
17 86 41
17 87 13
17 88 29
17 89 53
17 90 96
17 91 81
17 92 2
17 93 53
17 94 18
17 95 31
17 96 36
17 97 14
17 98 22
17 99 37
17 100 56
18 0 94
18 1 84
18 2 20
18 3 83
18 4 82
18 5 69
18 6 89
18 7 53
18 8 3
18 9 15
18 10 47
18 11 51
18 12 37
18 13 49
18 14 15
18 15 32
18 16 76
18 17 63
18 19 75
18 20 42
18 21 48
18 22 46
18 23 73
18 24 59
18 25 14
18 26 94
18 27 2
18 28 92
18 29 89
18 30 94
18 31 90
18 32 3
18 33 69
18 34 16
18 35 12
18 36 38
18 37 18
18 38 70
18 39 34
18 40 70
18 41 69
18 42 96
18 43 30
18 44 44
18 45 39
18 46 16
18 47 14
18 48 96
18 49 23
18 50 82
18 51 71
18 52 71
18 53 71
18 54 71
18 55 9
18 56 74
18 57 4
18 58 27
18 59 49
18 60 68
18 61 4
18 62 47
18 63 81
18 64 25
18 65 98
18 66 70
18 67 1
18 68 69
18 69 60
18 70 87
18 71 47
18 72 21
18 73 75
18 74 66
18 75 13
18 76 22
18 77 65
18 78 27
18 79 91
18 80 54
18 81 38
18 82 17
18 83 16
18 84 1
18 85 3
18 86 28
18 87 58
18 88 66
18 89 58
18 90 31
18 91 41
18 92 96
18 93 77
18 94 48
18 95 33
18 96 79
18 97 18
18 98 4
18 99 42
18 100 66
19 0 84
19 1 26
19 2 23
19 3 36
19 4 56
19 5 45
19 6 28
19 7 37
19 8 13
19 9 17
19 10 26
19 11 54
19 12 7
19 13 7
19 14 41
19 15 68
19 16 94
19 17 48
19 18 2
19 20 49
19 21 75
19 22 73
19 23 42
19 24 40
19 25 82
19 26 88
19 27 85
19 28 26
19 29 34
19 30 21
19 31 85
19 32 93
19 33 1
19 34 97
19 35 48
19 36 14
19 37 11
19 38 11
19 39 41
19 40 33
19 41 13
19 42 72
19 43 54
19 44 30
19 45 12
19 46 78
19 47 87
19 48 59
19 49 8
19 50 30
19 51 64
19 52 4
19 53 19
19 54 24
19 55 24
19 56 24
19 57 24
19 58 3
19 59 11
19 60 98
19 61 33
19 62 71
19 63 77
19 64 53
19 65 84
19 66 60
19 67 14
19 68 78
19 69 21
19 70 27
19 71 92
19 72 96
19 73 87
19 74 33
19 75 11
19 76 61
19 77 98
19 78 76
19 79 25
19 80 23
19 81 16
19 82 86
19 83 62
19 84 18
19 85 41
19 86 81
19 87 5
19 88 16
19 89 45
19 90 95
19 91 17
19 92 15
19 93 59
19 94 61
19 95 59
19 96 34
19 97 15
19 98 79
19 99 49
19 100 59
20 0 73
20 1 64
20 2 49
20 3 80
20 4 81
20 5 11
20 6 79
20 7 6
20 8 92
20 9 54
20 10 14
20 11 69
20 12 88
20 13 27
20 14 35
20 15 31
20 16 1
20 17 95
20 18 56
20 19 89
20 21 93
20 22 90
20 23 26
20 24 70
20 25 67
20 26 17
20 27 27
20 28 58
20 29 98
20 30 7
20 31 97
20 32 87
20 33 15
20 34 65
20 35 42
20 36 61
20 37 50
20 38 99
20 39 53
20 40 20
20 41 56
20 42 93
20 43 5
20 44 9
20 45 21
20 46 24
20 47 6
20 48 11
20 49 1
20 50 42
20 51 42
20 52 59
20 53 96
20 54 77
20 55 1
20 56 7
20 57 79
20 58 79
20 59 79
20 60 79
20 61 17
20 62 80
20 63 95
20 64 38
20 65 12
20 66 59
20 67 33
20 68 43
20 69 79
20 70 30
20 71 79
20 72 84
20 73 22
20 74 19
20 75 71
20 76 72
20 77 96
20 78 79
20 79 29
20 80 28
20 81 35
20 82 87
20 83 93
20 84 44
20 85 42
20 86 63
20 87 81
20 88 28
20 89 7
20 90 67
20 91 3
20 92 43
20 93 76
20 94 37
20 95 89
20 96 39
20 97 18
20 98 36
20 99 86
20 100 67
21 0 14
21 1 43
21 2 78
21 3 42
21 4 42
21 5 81
21 6 80
21 7 33
21 8 1
21 9 82
21 10 72
21 11 22
21 12 33
21 13 22
21 14 70
21 15 36
21 16 64
21 17 69
21 18 53
21 19 27
21 20 57
21 22 94
21 23 40
21 24 98
21 25 97
21 26 66
21 27 87
21 28 35
21 29 10
21 30 29
21 31 91
21 32 89
21 33 95
21 34 98
21 35 99
21 36 42
21 37 54
21 38 47
21 39 24
21 40 92
21 41 13
21 42 57
21 43 80
21 44 21
21 45 42
21 46 4
21 47 32
21 48 49
21 49 87
21 50 33
21 51 16
21 52 28
21 53 87
21 54 42
21 55 82
21 56 7
21 57 48
21 58 69
21 59 69
21 60 63
21 61 63
21 62 63
21 63 63
21 64 25
21 65 74
21 66 6
21 67 23
21 68 77
21 69 46
21 70 93
21 71 16
21 72 70
21 73 83
21 74 24
21 75 46
21 76 1
21 77 26
21 78 73
21 79 99
21 80 50
21 81 79
21 82 65
21 83 54
21 84 76
21 85 87
21 86 3
21 87 59
21 88 5
21 89 53
21 90 93
21 91 41
21 92 55
21 93 92
21 94 39
21 95 12
21 96 75
21 97 87
21 98 98
21 99 55
21 100 17
22 0 44
22 1 96
22 2 80
22 3 13
22 4 92
22 5 92
22 6 1
22 7 63
22 8 31
22 9 81
22 10 70
22 11 48
22 12 13
22 13 40
22 14 94
22 15 52
22 16 49
22 17 11
22 18 91
22 19 27
22 20 57
22 21 36
22 23 44
22 24 93
22 25 77
22 26 79
22 27 45
22 28 6
22 29 19
22 30 18
22 31 34
22 32 70
22 33 36
22 34 40
22 35 15
22 36 23
22 37 95
22 38 75
22 39 84
22 40 79
22 41 92
22 42 48
22 43 5
22 44 30
22 45 17
22 46 84
22 47 54
22 48 61
22 49 65
22 50 81
22 51 68
22 52 17
22 53 96
22 54 36
22 55 7
22 56 10
22 57 18
22 58 39
22 59 87
22 60 86
22 61 77
22 62 30
22 63 70
22 64 70
22 65 70
22 66 70
22 67 87
22 68 44
22 69 28
22 70 27
22 71 13
22 72 51
22 73 99
22 74 37
22 75 56
22 76 71
22 77 48
22 78 55
22 79 13
22 80 18
22 81 30
22 82 70
22 83 70
22 84 32
22 85 50
22 86 43
22 87 88
22 88 20
22 89 46
22 90 48
22 91 51
22 92 58
22 93 1
22 94 94
22 95 10
22 96 98
22 97 24
22 98 32
22 99 62
22 100 37
23 0 50
23 1 39
23 2 38
23 3 60
23 4 39
23 5 70
23 6 60
23 7 38
23 8 29
23 9 4
23 10 38
23 11 72
23 12 73
23 13 83
23 14 92
23 15 78
23 16 4
23 17 43
23 18 38
23 19 39
23 20 19
23 21 48
23 22 33
23 24 22
23 25 57
23 26 89
23 27 6
23 28 43
23 29 15
23 30 41
23 31 54
23 32 85
23 33 56
23 34 13
23 35 57
23 36 31
23 37 88
23 38 38
23 39 54
23 40 94
23 41 7
23 42 8
23 43 20
23 44 71
23 45 56
23 46 54
23 47 18
23 48 30
23 49 23
23 50 53
23 51 97
23 52 58
23 53 64
23 54 87
23 55 27
23 56 18
23 57 38
23 58 45
23 59 8
23 60 81
23 61 68
23 62 79
23 63 46
23 64 59
23 65 33
23 66 11
23 67 11
23 68 11
23 69 11
23 70 38
23 71 68
23 72 20
23 73 71
23 74 40
23 75 6
23 76 9
23 77 74
23 78 98
23 79 62
23 80 87
23 81 37
23 82 26
23 83 33
23 84 58
23 85 93
23 86 47
23 87 80
23 88 40
23 89 95
23 90 21
23 91 87
23 92 95
23 93 47
23 94 3
23 95 67
23 96 70
23 97 48
23 98 51
23 99 36
23 100 43
24 0 49
24 1 4
24 2 19
24 3 77
24 4 75
24 5 25
24 6 48
24 7 25
24 8 92
24 9 22
24 10 91
24 11 68
24 12 77
24 13 17
24 14 70
24 15 36
24 16 70
24 17 58
24 18 32
24 19 6
24 20 53
24 21 6
24 22 77
24 23 33
24 25 80
24 26 20
24 27 61
24 28 89
24 29 28
24 30 33
24 31 27
24 32 6
24 33 78
24 34 80
24 35 32
24 36 67
24 37 72
24 38 85
24 39 63
24 40 81
24 41 42
24 42 65
24 43 46
24 44 81
24 45 47
24 46 41
24 47 92
24 48 80
24 49 85
24 50 68
24 51 3
24 52 17
24 53 88
24 54 30
24 55 30
24 56 59
24 57 64
24 58 8
24 59 58
24 60 51
24 61 45
24 62 93
24 63 81
24 64 89
24 65 77
24 66 48
24 67 31
24 68 11
24 69 10
24 70 10
24 71 10
24 72 10
24 73 86
24 74 96
24 75 33
24 76 37
24 77 77
24 78 99
24 79 59
24 80 11
24 81 65
24 82 44
24 83 61
24 84 68
24 85 20
24 86 51
24 87 79
24 88 97
24 89 41
24 90 50
24 91 39
24 92 54
24 93 89
24 94 10
24 95 6
24 96 47
24 97 69
24 98 63
24 99 96
24 100 25
25 0 92
25 1 84
25 2 16
25 3 67
25 4 40
25 5 27
25 6 23
25 7 55
25 8 24
25 9 51
25 10 16
25 11 53
25 12 40
25 13 53
25 14 75
25 15 39
25 16 81
25 17 45
25 18 47
25 19 58
25 20 40
25 21 1
25 22 14
25 23 79
25 24 86
25 26 66
25 27 4
25 28 5
25 29 17
25 30 7
25 31 38
25 32 30
25 33 45
25 34 82
25 35 57
25 36 36
25 37 79
25 38 74
25 39 7
25 40 87
25 41 3
25 42 9
25 43 72
25 44 47
25 45 33
25 46 5
25 47 96
25 48 96
25 49 68
25 50 34
25 51 82
25 52 59
25 53 93
25 54 63
25 55 8
25 56 20
25 57 17
25 58 73
25 59 43
25 60 53
25 61 42
25 62 44
25 63 71
25 64 46
25 65 6
25 66 54
25 67 36
25 68 97
25 69 76
25 70 79
25 71 30
25 72 28
25 73 28
25 74 28
25 75 28
25 76 8
25 77 76
25 78 8
25 79 91
25 80 42
25 81 67
25 82 28
25 83 86
25 84 8
25 85 2
25 86 89
25 87 63
25 88 76
25 89 95
25 90 92
25 91 8
25 92 27
25 93 25
25 94 99
25 95 41
25 96 18
25 97 94
25 98 9
25 99 11
25 100 34
26 0 94
26 1 96
26 2 57
26 3 69
26 4 9
26 5 32
26 6 11
26 7 52
26 8 38
26 9 18
26 10 75
26 11 16
26 12 1
26 13 90
26 14 17
26 15 17
26 16 51
26 17 71
26 18 73
26 19 5
26 20 56
26 21 60
26 22 24
26 23 25
26 24 50
26 25 50
26 27 16
26 28 84
26 29 78
26 30 47
26 31 53
26 32 3
26 33 10
26 34 24
26 35 35
26 36 21
26 37 47
26 38 24
26 39 49
26 40 80
26 41 2
26 42 11
26 43 16
26 44 26
26 45 16
26 46 67
26 47 83
26 48 92
26 49 59
26 50 61
26 51 11
26 52 92
26 53 4
26 54 45
26 55 88
26 56 46
26 57 27
26 58 94
26 59 76
26 60 27
26 61 22
26 62 61
26 63 4
26 64 94
26 65 42
26 66 4
26 67 93
26 68 93
26 69 27
26 70 43
26 71 35
26 72 15
26 73 54
26 74 29
26 75 15
26 76 15
26 77 15
26 78 15
26 79 23
26 80 91
26 81 36
26 82 34
26 83 30
26 84 37
26 85 64
26 86 26
26 87 12
26 88 97
26 89 15
26 90 8
26 91 47
26 92 84
26 93 59
26 94 39
26 95 67
26 96 50
26 97 26
26 98 28
26 99 76
26 100 31
27 0 99
27 1 76
27 2 49
27 3 50
27 4 98
27 5 58
27 6 36
27 7 61
27 8 81
27 9 67
27 10 51
27 11 71
27 12 74
27 13 30
27 14 78
27 15 53
27 16 90
27 17 46
27 18 49
27 19 1
27 20 34
27 21 63
27 22 14
27 23 55
27 24 4
27 25 44
27 26 50
27 28 64
27 29 44
27 30 58
27 31 13
27 32 58
27 33 4
27 34 43
27 35 23
27 36 32
27 37 39
27 38 13
27 39 67
27 40 43
27 41 87
27 42 84
27 43 59
27 44 90
27 45 48
27 46 11
27 47 5
27 48 84
27 49 19
27 50 91
27 51 74
27 52 80
27 53 96
27 54 8
27 55 52
27 56 2
27 57 59
27 58 11
27 59 37
27 60 58
27 61 78
27 62 62
27 63 3
27 64 62
27 65 26
27 66 49
27 67 17
27 68 73
27 69 95
27 70 73
27 71 1
27 72 82
27 73 48
27 74 43
27 75 51
27 76 66
27 77 9
27 78 92
27 79 92
27 80 92
27 81 92
27 82 3
27 83 14
27 84 76
27 85 5
27 86 61
27 87 25
27 88 45
27 89 79
27 90 39
27 91 45
27 92 32
27 93 82
27 94 24
27 95 91
27 96 22
27 97 21
27 98 52
27 99 64
27 100 54
28 0 27
28 1 16
28 2 52
28 3 13
28 4 53
28 5 43
28 6 65
28 7 66
28 8 60
28 9 9
28 10 51
28 11 51
28 12 23
28 13 99
28 14 9
28 15 55
28 16 49
28 17 51
28 18 90
28 19 10
28 20 9
28 21 24
28 22 96
28 23 2
28 24 95
28 25 49
28 26 47
28 27 18
28 29 3
28 30 97
28 31 36
28 32 40
28 33 2
28 34 77
28 35 98
28 36 45
28 37 44
28 38 37
28 39 94
28 40 68
28 41 54
28 42 66
28 43 42
28 44 17
28 45 49
28 46 48
28 47 4
28 48 38
28 49 43
28 50 10
28 51 70
28 52 71
28 53 96
28 54 11
28 55 92
28 56 98
28 57 2
28 58 16
28 59 3
28 60 21
28 61 37
28 62 14
28 63 84
28 64 63
28 65 90
28 66 35
28 67 79
28 68 82
28 69 20
28 70 90
28 71 61
28 72 38
28 73 29
28 74 57
28 75 89
28 76 4
28 77 9
28 78 55
28 79 99
28 80 98
28 81 58
28 82 58
28 83 58
28 84 58
28 85 29
28 86 91
28 87 14
28 88 35
28 89 60
28 90 98
28 91 84
28 92 97
28 93 70
28 94 54
28 95 60
28 96 99
28 97 46
28 98 91
28 99 70
28 100 4
29 0 69
29 1 61
29 2 59
29 3 47
29 4 32
29 5 33
29 6 27
29 7 18
29 8 17
29 9 12
29 10 49
29 11 67
29 12 57
29 13 38
29 14 9
29 15 68
29 16 8
29 17 75
29 18 44
29 19 62
29 20 97
29 21 47
29 22 96
29 23 44
29 24 89
29 25 79
29 26 86
29 27 5
29 28 73
29 30 84
29 31 55
29 32 3
29 33 43
29 34 21
29 35 40
29 36 96
29 37 38
29 38 68
29 39 28
29 40 22
29 41 94
29 42 24
29 43 60
29 44 21
29 45 3
29 46 10
29 47 75
29 48 6
29 49 29
29 50 70
29 51 54
29 52 54
29 53 21
29 54 79
29 55 57
29 56 98
29 57 55
29 58 70
29 59 53
29 60 63
29 61 14
29 62 92
29 63 78
29 64 78
29 65 3
29 66 22
29 67 66
29 68 9
29 69 45
29 70 49
29 71 59
29 72 78
29 73 90
29 74 64
29 75 51
29 76 73
29 77 46
29 78 61
29 79 40
29 80 9
29 81 77
29 82 2
29 83 63
29 84 58
29 85 58
29 86 58
29 87 58
29 88 27
29 89 69
29 90 21
29 91 40
29 92 34
29 93 13
29 94 98
29 95 20
29 96 32
29 97 90
29 98 44
29 99 12
29 100 42
30 0 70
30 1 29
30 2 10
30 3 84
30 4 93
30 5 45
30 6 50
30 7 52
30 8 32
30 9 7
30 10 91
30 11 72
30 12 8
30 13 45
30 14 82
30 15 5
30 16 66
30 17 60
30 18 69
30 19 9
30 20 74
30 21 75
30 22 73
30 23 26
30 24 14
30 25 19
30 26 34
30 27 58
30 28 9
30 29 15
30 31 87
30 32 36
30 33 92
30 34 98
30 35 27
30 36 5
30 37 25
30 38 69
30 39 97
30 40 89
30 41 91
30 42 31
30 43 97
30 44 62
30 45 45
30 46 47
30 47 53
30 48 74
30 49 51
30 50 21
30 51 7
30 52 49
30 53 93
30 54 94
30 55 30
30 56 66
30 57 66
30 58 78
30 59 39
30 60 6
30 61 18
30 62 62
30 63 22
30 64 47
30 65 21
30 66 87
30 67 18
30 68 44
30 69 20
30 70 17
30 71 67
30 72 38
30 73 20
30 74 37
30 75 86
30 76 91
30 77 25
30 78 85
30 79 18
30 80 50
30 81 36
30 82 29
30 83 49
30 84 73
30 85 56
30 86 25
30 87 99
30 88 99
30 89 99
30 90 99
30 91 95
30 92 27
30 93 54
30 94 41
30 95 65
30 96 39
30 97 89
30 98 55
30 99 23
30 100 92
31 0 81
31 1 87
31 2 94
31 3 49
31 4 78
31 5 4
31 6 1
31 7 55
31 8 12
31 9 7
31 10 9
31 11 1
31 12 90
31 13 18
31 14 68
31 15 51
31 16 77
31 17 77
31 18 36
31 19 75
31 20 25
31 21 19
31 22 40
31 23 45
31 24 12
31 25 41
31 26 94
31 27 23
31 28 63
31 29 92
31 30 86
31 32 1
31 33 1
31 34 19
31 35 5
31 36 83
31 37 40
31 38 99
31 39 38
31 40 11
31 41 44
31 42 76
31 43 42
31 44 37
31 45 52
31 46 85
31 47 16
31 48 61
31 49 52
31 50 29
31 51 59
31 52 20
31 53 88
31 54 38
31 55 85
31 56 19
31 57 99
31 58 60
31 59 20
31 60 17
31 61 42
31 62 34
31 63 90
31 64 99
31 65 94
31 66 73
31 67 42
31 68 5
31 69 13
31 70 72
31 71 71
31 72 65
31 73 87
31 74 6
31 75 94
31 76 42
31 77 72
31 78 61
31 79 78
31 80 8
31 81 38
31 82 98
31 83 7
31 84 18
31 85 79
31 86 35
31 87 94
31 88 95
31 89 7
31 90 32
31 91 32
31 92 32
31 93 32
31 94 72
31 95 36
31 96 52
31 97 4
31 98 98
31 99 56
31 100 97
32 0 93
32 1 60
32 2 96
32 3 55
32 4 60
32 5 75
32 6 95
32 7 7
32 8 16
32 9 61
32 10 22
32 11 92
32 12 59
32 13 89
32 14 68
32 15 89
32 16 22
32 17 55
32 18 49
32 19 89
32 20 24
32 21 8
32 22 39
32 23 34
32 24 18
32 25 77
32 26 38
32 27 48
32 28 21
32 29 97
32 30 3
32 31 53
32 33 63
32 34 66
32 35 35
32 36 13
32 37 24
32 38 67
32 39 88
32 40 64
32 41 1
32 42 62
32 43 64
32 44 21
32 45 50
32 46 38
32 47 25
32 48 76
32 49 23
32 50 69
32 51 32
32 52 9
32 53 12
32 54 19
32 55 23
32 56 60
32 57 14
32 58 25
32 59 6
32 60 51
32 61 44
32 62 31
32 63 89
32 64 87
32 65 70
32 66 57
32 67 3
32 68 50
32 69 12
32 70 67
32 71 6
32 72 46
32 73 83
32 74 13
32 75 50
32 76 44
32 77 97
32 78 8
32 79 63
32 80 32
32 81 95
32 82 40
32 83 75
32 84 97
32 85 37
32 86 24
32 87 84
32 88 44
32 89 76
32 90 20
32 91 17
32 92 36
32 93 33
32 94 33
32 95 33
32 96 33
32 97 82
32 98 44
32 99 26
32 100 84
33 0 94
33 1 33
33 2 75
33 3 54
33 4 41
33 5 82
33 6 88
33 7 21
33 8 85
33 9 80
33 10 65
33 11 1
33 12 43
33 13 46
33 14 66
33 15 81
33 16 89
33 17 79
33 18 56
33 19 4
33 20 57
33 21 38
33 22 88
33 23 75
33 24 38
33 25 63
33 26 39
33 27 36
33 28 72
33 29 35
33 30 54
33 31 62
33 32 95
33 34 82
33 35 19
33 36 5
33 37 80
33 38 66
33 39 9
33 40 42
33 41 3
33 42 23
33 43 3
33 44 57
33 45 15
33 46 71
33 47 56
33 48 44
33 49 6
33 50 37
33 51 81
33 52 85
33 53 49
33 54 43
33 55 24
33 56 49
33 57 41
33 58 70
33 59 12
33 60 28
33 61 94
33 62 90
33 63 7
33 64 92
33 65 82
33 66 63
33 67 76
33 68 7
33 69 7
33 70 15
33 71 25
33 72 45
33 73 47
33 74 40
33 75 72
33 76 40
33 77 25
33 78 35
33 79 4
33 80 24
33 81 74
33 82 92
33 83 39
33 84 49
33 85 59
33 86 39
33 87 45
33 88 32
33 89 47
33 90 95
33 91 83
33 92 18
33 93 37
33 94 61
33 95 3
33 96 64
33 97 64
33 98 64
33 99 64
33 100 62
34 0 52
34 1 91
34 2 76
34 3 24
34 4 64
34 5 96
34 6 17
34 7 56
34 8 97
34 9 15
34 10 66
34 11 75
34 12 99
34 13 18
34 14 75
34 15 69
34 16 54
34 17 26
34 18 9
34 19 12
34 20 35
34 21 78
34 22 52
34 23 76
34 24 6
34 25 31
34 26 38
34 27 15
34 28 60
34 29 15
34 30 3
34 31 92
34 32 63
34 33 19
34 35 88
34 36 40
34 37 42
34 38 94
34 39 75
34 40 58
34 41 68
34 42 41
34 43 66
34 44 41
34 45 4
34 46 2
34 47 79
34 48 82
34 49 37
34 50 99
34 51 17
34 52 63
34 53 12
34 54 53
34 55 23
34 56 85
34 57 53
34 58 9
34 59 62
34 60 22
34 61 32
34 62 92
34 63 14
34 64 48
34 65 99
34 66 44
34 67 10
34 68 58
34 69 23
34 70 66
34 71 4
34 72 27
34 73 84
34 74 29
34 75 40
34 76 40
34 77 24
34 78 98
34 79 86
34 80 9
34 81 6
34 82 49
34 83 35
34 84 62
34 85 72
34 86 14
34 87 14
34 88 81
34 89 67
34 90 27
34 91 54
34 92 70
34 93 30
34 94 74
34 95 2
34 96 37
34 97 97
34 98 48
34 99 77
34 100 77
35 0 77
35 1 77
35 2 86
35 3 16
35 4 6
35 5 38
35 6 61
35 7 36
35 8 86
35 9 2
35 10 68
35 11 37
35 12 11
35 13 86
35 14 47
35 15 24
35 16 17
35 17 26
35 18 21
35 19 28
35 20 36
35 21 35
35 22 37
35 23 90
35 24 54
35 25 56
35 26 9
35 27 64
35 28 32
35 29 57
35 30 62
35 31 73
35 32 99
35 33 79
35 34 78
35 36 79
35 37 6
35 38 46
35 39 24
35 40 77
35 41 86
35 42 28
35 43 65
35 44 27
35 45 79
35 46 55
35 47 45
35 48 97
35 49 1
35 50 64
35 51 50
35 52 26
35 53 92
35 54 31
35 55 38
35 56 47
35 57 73
35 58 80
35 59 61
35 60 6
35 61 57
35 62 65
35 63 46
35 64 37
35 65 35
35 66 51
35 67 49
35 68 49
35 69 68
35 70 81
35 71 95
35 72 9
35 73 21
35 74 10
35 75 27
35 76 25
35 77 32
35 78 89
35 79 12
35 80 52
35 81 42
35 82 87
35 83 19
35 84 33
35 85 78
35 86 7
35 87 2
35 88 92
35 89 69
35 90 53
35 91 49
35 92 76
35 93 69
35 94 50
35 95 11
35 96 4
35 97 63
35 98 74
35 99 43
35 100 68
36 0 98
36 1 16
36 2 16
36 3 16
36 4 16
36 5 38
36 6 21
36 7 12
36 8 65
36 9 60
36 10 5
36 11 7
36 12 97
36 13 14
36 14 54
36 15 96
36 16 16
36 17 76
36 18 7
36 19 50
36 20 40
36 21 32
36 22 88
36 23 37
36 24 14
36 25 40
36 26 66
36 27 29
36 28 5
36 29 26
36 30 95
36 31 9
36 32 92
36 33 84
36 34 16
36 35 90
36 37 88
36 38 4
36 39 73
36 40 67
36 41 68
36 42 75
36 43 60
36 44 9
36 45 99
36 46 66
36 47 8
36 48 2
36 49 51
36 50 42
36 51 26
36 52 78
36 53 56
36 54 22
36 55 27
36 56 57
36 57 25
36 58 81
36 59 50
36 60 76
36 61 92
36 62 96
36 63 84
36 64 18
36 65 19
36 66 94
36 67 6
36 68 45
36 69 31
36 70 21
36 71 32
36 72 69
36 73 80
36 74 68
36 75 16
36 76 4
36 77 67
36 78 24
36 79 71
36 80 41
36 81 79
36 82 66
36 83 30
36 84 78
36 85 83
36 86 79
36 87 11
36 88 87
36 89 69
36 90 99
36 91 58
36 92 10
36 93 61
36 94 95
36 95 32
36 96 73
36 97 71
36 98 62
36 99 73
36 100 31
37 0 56
37 1 24
37 2 64
37 3 4
37 4 19
37 5 19
37 6 19
37 7 19
37 8 99
37 9 79
37 10 47
37 11 33
37 12 85
37 13 17
37 14 20
37 15 13
37 16 14
37 17 30
37 18 4
37 19 4
37 20 21
37 21 95
37 22 4
37 23 9
37 24 52
37 25 6
37 26 12
37 27 93
37 28 33
37 29 8
37 30 6
37 31 85
37 32 19
37 33 60
37 34 78
37 35 57
37 36 35
37 38 37
37 39 24
37 40 42
37 41 27
37 42 22
37 43 29
37 44 60
37 45 48
37 46 71
37 47 55
37 48 89
37 49 1
37 50 3
37 51 48
37 52 96
37 53 70
37 54 83
37 55 96
37 56 91
37 57 37
37 58 21
37 59 46
37 60 83
37 61 28
37 62 36
37 63 17
37 64 91
37 65 83
37 66 25
37 67 17
37 68 58
37 69 77
37 70 90
37 71 76
37 72 7
37 73 98
37 74 91
37 75 42
37 76 4
37 77 45
37 78 53
37 79 77
37 80 90
37 81 44
37 82 5
37 83 23
37 84 59
37 85 44
37 86 23
37 87 96
37 88 81
37 89 74
37 90 46
37 91 27
37 92 14
37 93 75
37 94 24
37 95 37
37 96 7
37 97 25
37 98 21
37 99 76
37 100 65
38 0 91
38 1 9
38 2 91
38 3 47
38 4 36
38 5 62
38 6 98
38 7 35
38 8 35
38 9 35
38 10 35
38 11 55
38 12 7
38 13 6
38 14 78
38 15 62
38 16 18
38 17 48
38 18 77
38 19 23
38 20 5
38 21 49
38 22 66
38 23 93
38 24 2
38 25 31
38 26 13
38 27 29
38 28 21
38 29 82
38 30 90
38 31 23
38 32 57
38 33 72
38 34 43
38 35 52
38 36 41
38 37 51
38 39 88
38 40 52
38 41 95
38 42 51
38 43 5
38 44 50
38 45 91
38 46 34
38 47 32
38 48 96
38 49 30
38 50 98
38 51 34
38 52 19
38 53 90
38 54 77
38 55 78
38 56 89
38 57 30
38 58 62
38 59 72
38 60 15
38 61 7
38 62 55
38 63 92
38 64 35
38 65 4
38 66 74
38 67 83
38 68 87
38 69 70
38 70 78
38 71 89
38 72 64
38 73 54
38 74 39
38 75 38
38 76 18
38 77 72
38 78 9
38 79 75
38 80 39
38 81 90
38 82 36
38 83 43
38 84 74
38 85 74
38 86 29
38 87 61
38 88 34
38 89 58
38 90 80
38 91 53
38 92 10
38 93 44
38 94 68
38 95 87
38 96 79
38 97 15
38 98 99
38 99 7
38 100 38
39 0 99
39 1 58
39 2 61
39 3 77
39 4 73
39 5 50
39 6 15
39 7 79
39 8 12
39 9 30
39 10 87
39 11 87
39 12 87
39 13 87
39 14 99
39 15 8
39 16 80
39 17 94
39 18 60
39 19 24
39 20 39
39 21 73
39 22 84
39 23 39
39 24 36
39 25 24
39 26 45
39 27 42
39 28 46
39 29 62
39 30 90
39 31 11
39 32 40
39 33 61
39 34 34
39 35 65
39 36 45
39 37 78
39 38 98
39 40 5
39 41 92
39 42 81
39 43 66
39 44 12
39 45 49
39 46 74
39 47 77
39 48 67
39 49 72
39 50 84
39 51 67
39 52 81
39 53 68
39 54 82
39 55 97
39 56 67
39 57 30
39 58 65
39 59 79
39 60 72
39 61 43
39 62 37
39 63 64
39 64 80
39 65 34
39 66 80
39 67 77
39 68 27
39 69 87
39 70 65
39 71 59
39 72 83
39 73 86
39 74 23
39 75 8
39 76 12
39 77 84
39 78 12
39 79 89
39 80 89
39 81 71
39 82 13
39 83 39
39 84 41
39 85 96
39 86 8
39 87 59
39 88 17
39 89 43
39 90 55
39 91 26
39 92 84
39 93 85
39 94 79
39 95 7
39 96 10
39 97 23
39 98 23
39 99 52
39 100 85
40 0 43
40 1 88
40 2 35
40 3 78
40 4 94
40 5 44
40 6 86
40 7 12
40 8 88
40 9 78
40 10 60
40 11 13
40 12 41
40 13 45
40 14 45
40 15 45
40 16 45
40 17 18
40 18 85
40 19 35
40 20 87
40 21 51
40 22 63
40 23 69
40 24 83
40 25 31
40 26 23
40 27 73
40 28 55
40 29 93
40 30 7
40 31 34
40 32 10
40 33 58
40 34 61
40 35 23
40 36 58
40 37 10
40 38 70
40 39 98
40 41 85
40 42 79
40 43 21
40 44 78
40 45 73
40 46 71
40 47 19
40 48 56
40 49 53
40 50 37
40 51 95
40 52 82
40 53 17
40 54 54
40 55 90
40 56 4
40 57 98
40 58 54
40 59 73
40 60 93
40 61 5
40 62 29
40 63 49
40 64 40
40 65 54
40 66 49
40 67 58
40 68 65
40 69 51
40 70 54
40 71 47
40 72 96
40 73 90
40 74 98
40 75 48
40 76 28
40 77 25
40 78 5
40 79 22
40 80 9
40 81 96
40 82 93
40 83 60
40 84 92
40 85 24
40 86 59
40 87 79
40 88 22
40 89 73
40 90 95
40 91 57
40 92 5
40 93 85
40 94 99
40 95 35
40 96 22
40 97 8
40 98 88
40 99 32
40 100 59
41 0 24
41 1 30
41 2 7
41 3 9
41 4 15
41 5 40
41 6 6
41 7 64
41 8 47
41 9 9
41 10 99
41 11 9
41 12 46
41 13 25
41 14 79
41 15 93
41 16 26
41 17 26
41 18 26
41 19 26
41 20 12
41 21 54
41 22 67
41 23 31
41 24 19
41 25 70
41 26 48
41 27 34
41 28 44
41 29 75
41 30 3
41 31 71
41 32 55
41 33 86
41 34 98
41 35 65
41 36 77
41 37 85
41 38 64
41 39 62
41 40 97
41 42 7
41 43 30
41 44 83
41 45 41
41 46 87
41 47 69
41 48 50
41 49 24
41 50 66
41 51 68
41 52 66
41 53 89
41 54 18
41 55 34
41 56 55
41 57 28
41 58 33
41 59 50
41 60 60
41 61 98
41 62 97
41 63 91
41 64 12
41 65 29
41 66 6
41 67 48
41 68 98
41 69 36
41 70 23
41 71 29
41 72 19
41 73 50
41 74 44
41 75 55
41 76 43
41 77 75
41 78 31
41 79 26
41 80 17
41 81 24
41 82 54
41 83 44
41 84 94
41 85 16
41 86 66
41 87 79
41 88 13
41 89 23
41 90 32
41 91 25
41 92 66
41 93 66
41 94 23
41 95 73
41 96 12
41 97 4
41 98 76
41 99 66
41 100 82
42 0 51
42 1 35
42 2 50
42 3 72
42 4 46
42 5 74
42 6 16
42 7 41
42 8 17
42 9 8
42 10 73
42 11 12
42 12 8
42 13 91
42 14 7
42 15 28
42 16 86
42 17 2
42 18 19
42 19 29
42 20 29
42 21 29
42 22 29
42 23 60
42 24 9
42 25 36
42 26 41
42 27 74
42 28 56
42 29 26
42 30 82
42 31 40
42 32 22
42 33 9
42 34 82
42 35 2
42 36 90
42 37 18
42 38 50
42 39 12
42 40 71
42 41 28
42 43 6
42 44 96
42 45 34
42 46 91
42 47 10
42 48 15
42 49 93
42 50 89
42 51 37
42 52 69
42 53 26
42 54 10
42 55 57
42 56 59
42 57 29
42 58 37
42 59 14
42 60 87
42 61 4
42 62 10
42 63 16
42 64 56
42 65 65
42 66 60
42 67 61
42 68 37
42 69 3
42 70 43
42 71 90
42 72 74
42 73 93
42 74 60
42 75 49
42 76 29
42 77 8
42 78 7
42 79 83
42 80 16
42 81 97
42 82 88
42 83 89
42 84 23
42 85 78
42 86 79
42 87 17
42 88 27
42 89 83
42 90 7
42 91 77
42 92 56
42 93 78
42 94 82
42 95 45
42 96 94
42 97 77
42 98 50
42 99 46
42 100 25
43 0 63
43 1 19
43 2 52
43 3 99
43 4 10
43 5 60
43 6 26
43 7 87
43 8 76
43 9 74
43 10 57
43 11 46
43 12 89
43 13 53
43 14 29
43 15 82
43 16 38
43 17 49
43 18 43
43 19 82
43 20 25
43 21 88
43 22 2
43 23 2
43 24 2
43 25 2
43 26 57
43 27 70
43 28 70
43 29 88
43 30 83
43 31 39
43 32 59
43 33 47
43 34 35
43 35 90
43 36 26
43 37 9
43 38 81
43 39 52
43 40 61
43 41 99
43 42 49
43 44 96
43 45 35
43 46 75
43 47 12
43 48 3
43 49 36
43 50 5
43 51 29
43 52 74
43 53 15
43 54 43
43 55 23
43 56 52
43 57 76
43 58 27
43 59 85
43 60 57
43 61 49
43 62 62
43 63 6
43 64 12
43 65 88
43 66 45
43 67 32
43 68 2
43 69 76
43 70 69
43 71 67
43 72 19
43 73 88
43 74 66
43 75 14
43 76 90
43 77 74
43 78 28
43 79 81
43 80 6
43 81 67
43 82 72
43 83 82
43 84 59
43 85 48
43 86 33
43 87 13
43 88 5
43 89 11
43 90 26
43 91 35
43 92 44
43 93 35
43 94 62
43 95 19
43 96 36
43 97 46
43 98 36
43 99 44
43 100 25
44 0 83
44 1 94
44 2 80
44 3 14
44 4 26
44 5 53
44 6 25
44 7 55
44 8 5
44 9 97
44 10 92
44 11 11
44 12 7
44 13 33
44 14 89
44 15 68
44 16 59
44 17 96
44 18 16
44 19 91
44 20 96
44 21 93
44 22 29
44 23 47
44 24 40
44 25 77
44 26 77
44 27 77
44 28 77
44 29 3
44 30 98
44 31 30
44 32 46
44 33 9
44 34 80
44 35 54
44 36 40
44 37 76
44 38 55
44 39 80
44 40 9
44 41 26
44 42 80
44 43 23
44 45 55
44 46 42
44 47 65
44 48 23
44 49 30
44 50 86
44 51 56
44 52 14
44 53 1
44 54 90
44 55 31
44 56 69
44 57 13
44 58 21
44 59 3
44 60 62
44 61 38
44 62 88
44 63 98
44 64 9
44 65 29
44 66 39
44 67 75
44 68 86
44 69 81
44 70 51
44 71 82
44 72 41
44 73 48
44 74 86
44 75 46
44 76 14
44 77 34
44 78 80
44 79 64
44 80 62
44 81 60
44 82 48
44 83 21
44 84 38
44 85 44
44 86 64
44 87 76
44 88 85
44 89 5
44 90 91
44 91 43
44 92 71
44 93 1
44 94 57
44 95 92
44 96 7
44 97 64
44 98 42
44 99 66
44 100 95
45 0 29
45 1 46
45 2 34
45 3 10
45 4 78
45 5 7
45 6 48
45 7 44
45 8 49
45 9 69
45 10 17
45 11 92
45 12 80
45 13 77
45 14 29
45 15 16
45 16 52
45 17 12
45 18 29
45 19 42
45 20 18
45 21 55
45 22 29
45 23 69
45 24 56
45 25 19
45 26 45
45 27 73
45 28 26
45 29 26
45 30 26
45 31 26
45 32 73
45 33 65
45 34 46
45 35 32
45 36 55
45 37 12
45 38 79
45 39 26
45 40 87
45 41 65
45 42 28
45 43 81
45 44 76
45 46 5
45 47 36
45 48 8
45 49 29
45 50 76
45 51 8
45 52 47
45 53 51
45 54 51
45 55 3
45 56 17
45 57 54
45 58 73
45 59 71
45 60 4
45 61 89
45 62 84
45 63 82
45 64 4
45 65 52
45 66 4
45 67 62
45 68 69
45 69 80
45 70 11
45 71 39
45 72 17
45 73 1
45 74 12
45 75 6
45 76 43
45 77 50
45 78 47
45 79 92
45 80 52
45 81 89
45 82 30
45 83 31
45 84 56
45 85 58
45 86 71
45 87 96
45 88 75
45 89 40
45 90 86
45 91 56
45 92 15
45 93 73
45 94 66
45 95 20
45 96 53
45 97 13
45 98 72
45 99 69
45 100 18
46 0 25
46 1 40
46 2 91
46 3 79
46 4 23
46 5 97
46 6 49
46 7 16
46 8 24
46 9 44
46 10 56
46 11 66
46 12 28
46 13 6
46 14 50
46 15 51
46 16 90
46 17 9
46 18 89
46 19 57
46 20 36
46 21 11
46 22 66
46 23 47
46 24 15
46 25 33
46 26 86
46 27 41
46 28 92
46 29 36
46 30 71
46 31 85
46 32 85
46 33 85
46 34 85
46 35 21
46 36 74
46 37 56
46 38 88
46 39 71
46 40 10
46 41 46
46 42 38
46 43 56
46 44 32
46 45 68
46 47 65
46 48 49
46 49 26
46 50 58
46 51 70
46 52 15
46 53 99
46 54 40
46 55 7
46 56 27
46 57 8
46 58 45
46 59 20
46 60 10
46 61 16
46 62 3
46 63 38
46 64 79
46 65 60
46 66 43
46 67 16
46 68 52
46 69 19
46 70 56
46 71 90
46 72 93
46 73 36
46 74 43
46 75 18
46 76 68
46 77 43
46 78 2
46 79 39
46 80 55
46 81 17
46 82 45
46 83 63
46 84 19
46 85 48
46 86 76
46 87 36
46 88 37
46 89 2
46 90 15
46 91 25
46 92 73
46 93 49
46 94 36
46 95 87
46 96 76
46 97 1
46 98 5
46 99 93
46 100 40
47 0 52
47 1 36
47 2 26
47 3 26
47 4 61
47 5 3
47 6 87
47 7 65
47 8 67
47 9 98
47 10 16
47 11 29
47 12 84
47 13 48
47 14 48
47 15 75
47 16 3
47 17 92
47 18 19
47 19 67
47 20 9
47 21 91
47 22 79
47 23 11
47 24 41
47 25 48
47 26 76
47 27 78
47 28 59
47 29 11
47 30 1
47 31 50
47 32 71
47 33 88
47 34 41
47 35 41
47 36 41
47 37 41
47 38 22
47 39 35
47 40 27
47 41 26
47 42 83
47 43 42
47 44 83
47 45 33
47 46 32
47 48 97
47 49 41
47 50 31
47 51 86
47 52 80
47 53 64
47 54 65
47 55 3
47 56 60
47 57 54
47 58 86
47 59 19
47 60 34
47 61 62
47 62 28
47 63 46
47 64 51
47 65 45
47 66 10
47 67 51
47 68 13
47 69 69
47 70 61
47 71 85
47 72 12
47 73 57
47 74 6
47 75 45
47 76 27
47 77 95
47 78 51
47 79 73
47 80 61
47 81 71
47 82 57
47 83 84
47 84 79
47 85 35
47 86 28
47 87 52
47 88 87
47 89 27
47 90 48
47 91 56
47 92 82
47 93 56
47 94 46
47 95 40
47 96 99
47 97 30
47 98 17
47 99 64
47 100 9
48 0 33
48 1 25
48 2 20
48 3 95
48 4 62
48 5 19
48 6 89
48 7 73
48 8 7
48 9 81
48 10 82
48 11 66
48 12 1
48 13 81
48 14 3
48 15 34
48 16 43
48 17 18
48 18 6
48 19 22
48 20 63
48 21 98
48 22 93
48 23 18
48 24 86
48 25 30
48 26 99
48 27 65
48 28 90
48 29 43
48 30 77
48 31 78
48 32 42
48 33 49
48 34 20
48 35 55
48 36 87
48 37 70
48 38 70
48 39 70
48 40 70
48 41 96
48 42 83
48 43 78
48 44 28
48 45 59
48 46 24
48 47 36
48 49 11
48 50 90
48 51 96
48 52 44
48 53 54
48 54 4
48 55 17
48 56 65
48 57 6
48 58 46
48 59 75
48 60 26
48 61 96
48 62 2
48 63 63
48 64 67
48 65 28
48 66 4
48 67 16
48 68 12
48 69 61
48 70 48
48 71 65
48 72 55
48 73 83
48 74 21
48 75 75
48 76 18
48 77 23
48 78 22
48 79 84
48 80 14
48 81 24
48 82 11
48 83 44
48 84 40
48 85 6
48 86 12
48 87 49
48 88 66
48 89 77
48 90 19
48 91 2
48 92 89
48 93 35
48 94 51
48 95 18
48 96 23
48 97 91
48 98 19
48 99 98
48 100 64
49 0 33
49 1 67
49 2 44
49 3 38
49 4 42
49 5 3
49 6 38
49 7 53
49 8 36
49 9 47
49 10 58
49 11 23
49 12 42
49 13 73
49 14 84
49 15 28
49 16 48
49 17 78
49 18 11
49 19 94
49 20 24
49 21 62
49 22 2
49 23 7
49 24 63
49 25 2
49 26 19
49 27 73
49 28 9
49 29 4
49 30 1
49 31 6
49 32 82
49 33 26
49 34 80
49 35 48
49 36 8
49 37 30
49 38 57
49 39 91
49 40 83
49 41 83
49 42 83
49 43 83
49 44 21
49 45 7
49 46 30
49 47 78
49 48 62
49 50 34
49 51 74
49 52 81
49 53 69
49 54 85
49 55 27
49 56 10
49 57 42
49 58 74
49 59 36
49 60 39
49 61 58
49 62 30
49 63 92
49 64 89
49 65 69
49 66 95
49 67 43
49 68 70
49 69 27
49 70 24
49 71 87
49 72 95
49 73 89
49 74 51
49 75 55
49 76 78
49 77 90
49 78 72
49 79 67
49 80 19
49 81 34
49 82 45
49 83 61
49 84 74
49 85 17
49 86 52
49 87 92
49 88 16
49 89 45
49 90 71
49 91 61
49 92 7
49 93 38
49 94 10
49 95 83
49 96 99
49 97 83
49 98 49
49 99 23
49 100 6
50 0 7
50 1 5
50 2 41
50 3 88
50 4 1
50 5 97
50 6 92
50 7 54
50 8 51
50 9 53
50 10 43
50 11 4
50 12 9
50 13 74
50 14 17
50 15 16
50 16 53
50 17 13
50 18 36
50 19 93
50 20 97
50 21 12
50 22 39
50 23 84
50 24 1
50 25 10
50 26 93
50 27 98
50 28 86
50 29 20
50 30 67
50 31 9
50 32 28
50 33 64
50 34 56
50 35 15
50 36 12
50 37 93
50 38 84
50 39 71
50 40 41
50 41 90
50 42 99
50 43 53
50 44 53
50 45 53
50 46 53
50 47 92
50 48 64
50 49 33
50 51 84
50 52 85
50 53 39
50 54 28
50 55 79
50 56 11
50 57 94
50 58 13
50 59 50
50 60 26
50 61 90
50 62 99
50 63 21
50 64 69
50 65 65
50 66 34
50 67 96
50 68 61
50 69 17
50 70 8
50 71 98
50 72 22
50 73 55
50 74 16
50 75 34
50 76 79
50 77 8
50 78 9
50 79 40
50 80 87
50 81 27
50 82 81
50 83 8
50 84 35
50 85 92
50 86 58
50 87 16
50 88 27
50 89 98
50 90 77
50 91 61
50 92 1
50 93 28
50 94 92
50 95 55
50 96 89
50 97 52
50 98 66
50 99 69
50 100 97
51 0 22
51 1 34
51 2 63
51 3 35
51 4 84
51 5 21
51 6 89
51 7 51
51 8 26
51 9 77
51 10 67
51 11 18
51 12 11
51 13 62
51 14 10
51 15 34
51 16 8
51 17 51
51 18 35
51 19 24
51 20 28
51 21 55
51 22 70
51 23 45
51 24 50
51 25 37
51 26 58
51 27 38
51 28 84
51 29 18
51 30 91
51 31 27
51 32 50
51 33 64
51 34 14
51 35 18
51 36 27
51 37 87
51 38 9
51 39 81
51 40 14
51 41 44
51 42 8
51 43 33
51 44 19
51 45 6
51 46 21
51 47 21
51 48 21
51 49 21
51 50 16
51 52 22
51 53 95
51 54 74
51 55 28
51 56 96
51 57 49
51 58 43
51 59 83
51 60 74
51 61 1
51 62 28
51 63 56
51 64 36
51 65 55
51 66 26
51 67 21
51 68 27
51 69 25
51 70 32
51 71 32
51 72 78
51 73 24
51 74 37
51 75 16
51 76 5
51 77 53
51 78 16
51 79 76
51 80 99
51 81 44
51 82 16
51 83 81
51 84 77
51 85 61
51 86 74
51 87 88
51 88 11
51 89 32
51 90 32
51 91 84
51 92 92
51 93 75
51 94 48
51 95 18
51 96 51
51 97 31
51 98 98
51 99 17
51 100 96
52 0 98
52 1 46
52 2 82
52 3 24
52 4 47
52 5 77
52 6 75
52 7 81
52 8 89
52 9 20
52 10 63
52 11 38
52 12 87
52 13 31
52 14 75
52 15 99
52 16 20
52 17 43
52 18 11
52 19 53
52 20 79
52 21 16
52 22 3
52 23 44
52 24 17
52 25 92
52 26 55
52 27 57
52 28 46
52 29 21
52 30 36
52 31 90
52 32 31
52 33 38
52 34 5
52 35 21
52 36 94
52 37 28
52 38 83
52 39 16
52 40 47
52 41 98
52 42 93
52 43 39
52 44 60
52 45 67
52 46 57
52 47 27
52 48 10
52 49 13
52 50 13
52 51 13
52 53 13
52 54 91
52 55 81
52 56 37
52 57 11
52 58 57
52 59 69
52 60 20
52 61 25
52 62 22
52 63 92
52 64 12
52 65 36
52 66 64
52 67 88
52 68 64
52 69 78
52 70 15
52 71 78
52 72 33
52 73 64
52 74 6
52 75 76
52 76 15
52 77 16
52 78 70
52 79 15
52 80 8
52 81 87
52 82 69
52 83 61
52 84 89
52 85 52
52 86 5
52 87 53
52 88 44
52 89 37
52 90 32
52 91 39
52 92 7
52 93 57
52 94 93
52 95 29
52 96 18
52 97 66
52 98 56
52 99 29
52 100 65
53 0 33
53 1 43
53 2 71
53 3 66
53 4 97
53 5 51
53 6 60
53 7 66
53 8 80
53 9 56
53 10 78
53 11 23
53 12 86
53 13 91
53 14 50
53 15 99
53 16 89
53 17 60
53 18 29
53 19 31
53 20 73
53 21 2
53 22 93
53 23 11
53 24 2
53 25 95
53 26 19
53 27 20
53 28 80
53 29 38
53 30 51
53 31 95
53 32 49
53 33 96
53 34 82
53 35 40
53 36 79
53 37 96
53 38 78
53 39 13
53 40 36
53 41 56
53 42 27
53 43 71
53 44 56
53 45 30
53 46 64
53 47 63
53 48 95
53 49 52
53 50 67
53 51 14
53 52 98
53 54 98
53 55 98
53 56 98
53 57 38
53 58 41
53 59 37
53 60 69
53 61 62
53 62 46
53 63 94
53 64 82
53 65 29
53 66 73
53 67 21
53 68 80
53 69 72
53 70 42
53 71 78
53 72 6
53 73 80
53 74 95
53 75 25
53 76 9
53 77 45
53 78 1
53 79 76
53 80 17
53 81 50
53 82 41
53 83 37
53 84 17
53 85 29
53 86 96
53 87 9
53 88 72
53 89 21
53 90 9
53 91 14
53 92 34
53 93 65
53 94 37
53 95 14
53 96 98
53 97 29
53 98 59
53 99 49
53 100 90
54 0 25
54 1 78
54 2 84
54 3 31
54 4 86
54 5 83
54 6 1
54 7 84
54 8 80
54 9 78
54 10 27
54 11 68
54 12 85
54 13 43
54 14 69
54 15 4
54 16 16
54 17 44
54 18 23
54 19 62
54 20 44
54 21 30
54 22 19
54 23 58
54 24 72
54 25 72
54 26 66
54 27 55
54 28 76
54 29 52
54 30 94
54 31 55
54 32 17
54 33 94
54 34 21
54 35 79
54 36 3
54 37 87
54 38 28
54 39 11
54 40 67
54 41 69
54 42 51
54 43 9
54 44 22
54 45 77
54 46 92
54 47 55
54 48 95
54 49 71
54 50 74
54 51 13
54 52 76
54 53 63
54 55 71
54 56 1
54 57 1
54 58 1
54 59 1
54 60 78
54 61 22
54 62 16
54 63 97
54 64 65
54 65 80
54 66 17
54 67 37
54 68 45
54 69 31
54 70 37
54 71 42
54 72 38
54 73 24
54 74 80
54 75 15
54 76 45
54 77 2
54 78 37
54 79 59
54 80 67
54 81 58
54 82 81
54 83 63
54 84 11
54 85 25
54 86 65
54 87 3
54 88 88
54 89 96
54 90 91
54 91 82
54 92 76
54 93 32
54 94 36
54 95 65
54 96 1
54 97 77
54 98 73
54 99 84
54 100 58
55 0 22
55 1 18
55 2 80
55 3 15
55 4 56
55 5 93
55 6 50
55 7 77
55 8 99
55 9 2
55 10 56
55 11 61
55 12 45
55 13 93
55 14 19
55 15 84
55 16 99
55 17 73
55 18 52
55 19 56
55 20 19
55 21 71
55 22 65
55 23 3
55 24 87
55 25 33
55 26 58
55 27 80
55 28 19
55 29 33
55 30 97
55 31 42
55 32 31
55 33 77
55 34 92
55 35 60
55 36 42
55 37 79
55 38 85
55 39 79
55 40 26
55 41 51
55 42 19
55 43 50
55 44 75
55 45 17
55 46 74
55 47 17
55 48 23
55 49 94
55 50 33
55 51 56
55 52 89
55 53 54
55 54 44
55 56 60
55 57 98
55 58 46
55 59 11
55 60 11
55 61 11
55 62 11
55 63 59
55 64 72
55 65 94
55 66 60
55 67 62
55 68 53
55 69 23
55 70 25
55 71 14
55 72 27
55 73 32
55 74 51
55 75 61
55 76 85
55 77 13
55 78 87
55 79 95
55 80 49
55 81 52
55 82 47
55 83 74
55 84 98
55 85 48
55 86 92
55 87 36
55 88 50
55 89 77
55 90 48
55 91 92
55 92 54
55 93 49
55 94 12
55 95 28
55 96 6
55 97 48
55 98 48
55 99 69
55 100 2
56 0 34
56 1 52
56 2 33
56 3 10
56 4 48
56 5 64
56 6 76
56 7 6
56 8 23
56 9 75
56 10 24
56 11 34
56 12 41
56 13 63
56 14 29
56 15 30
56 16 56
56 17 65
56 18 90
56 19 26
56 20 31
56 21 36
56 22 36
56 23 45
56 24 53
56 25 85
56 26 23
56 27 33
56 28 43
56 29 39
56 30 76
56 31 87
56 32 59
56 33 58
56 34 32
56 35 3
56 36 96
56 37 70
56 38 3
56 39 26
56 40 93
56 41 97
56 42 63
56 43 90
56 44 42
56 45 61
56 46 39
56 47 32
56 48 65
56 49 21
56 50 84
56 51 35
56 52 13
56 53 93
56 54 56
56 55 74
56 57 25
56 58 9
56 59 62
56 60 49
56 61 17
56 62 69
56 63 69
56 64 69
56 65 69
56 66 57
56 67 92
56 68 95
56 69 98
56 70 20
56 71 51
56 72 15
56 73 71
56 74 9
56 75 82
56 76 35
56 77 6
56 78 1
56 79 9
56 80 70
56 81 63
56 82 66
56 83 32
56 84 20
56 85 97
56 86 1
56 87 82
56 88 98
56 89 78
56 90 58
56 91 74
56 92 53
56 93 3
56 94 34
56 95 10
56 96 69
56 97 13
56 98 51
56 99 45
56 100 79
57 0 22
57 1 45
57 2 68
57 3 89
57 4 39
57 5 94
57 6 35
57 7 13
57 8 74
57 9 27
57 10 87
57 11 14
57 12 73
57 13 9
57 14 65
57 15 82
57 16 15
57 17 19
57 18 33
57 19 35
57 20 45
57 21 37
57 22 7
57 23 9
57 24 87
57 25 44
57 26 29
57 27 41
57 28 97
57 29 50
57 30 71
57 31 63
57 32 9
57 33 26
57 34 58
57 35 56
57 36 29
57 37 68
57 38 42
57 39 20
57 40 80
57 41 33
57 42 69
57 43 23
57 44 11
57 45 61
57 46 38
57 47 19
57 48 84
57 49 67
57 50 96
57 51 82
57 52 85
57 53 82
57 54 81
57 55 28
57 56 86
57 58 64
57 59 1
57 60 2
57 61 10
57 62 84
57 63 40
57 64 50
57 65 85
57 66 85
57 67 85
57 68 85
57 69 70
57 70 25
57 71 96
57 72 38
57 73 38
57 74 96
57 75 72
57 76 26
57 77 4
57 78 53
57 79 62
57 80 25
57 81 22
57 82 71
57 83 78
57 84 66
57 85 73
57 86 3
57 87 70
57 88 68
57 89 83
57 90 77
57 91 50
57 92 80
57 93 7
57 94 89
57 95 16
57 96 31
57 97 1
57 98 21
57 99 95
57 100 14
58 0 70
58 1 36
58 2 14
58 3 99
58 4 95
58 5 71
58 6 9
58 7 42
58 8 48
58 9 93
58 10 41
58 11 44
58 12 58
58 13 53
58 14 34
58 15 68
58 16 32
58 17 77
58 18 58
58 19 52
58 20 16
58 21 71
58 22 12
58 23 30
58 24 66
58 25 10
58 26 36
58 27 33
58 28 34
58 29 83
58 30 40
58 31 81
58 32 91
58 33 24
58 34 38
58 35 97
58 36 65
58 37 54
58 38 41
58 39 45
58 40 30
58 41 46
58 42 42
58 43 17
58 44 61
58 45 65
58 46 46
58 47 35
58 48 28
58 49 15
58 50 43
58 51 62
58 52 86
58 53 10
58 54 40
58 55 37
58 56 91
58 57 7
58 59 55
58 60 16
58 61 93
58 62 66
58 63 5
58 64 44
58 65 43
58 66 56
58 67 84
58 68 7
58 69 7
58 70 7
58 71 7
58 72 15
58 73 51
58 74 48
58 75 43
58 76 11
58 77 62
58 78 10
58 79 6
58 80 86
58 81 91
58 82 44
58 83 92
58 84 9
58 85 2
58 86 39
58 87 65
58 88 50
58 89 72
58 90 56
58 91 73
58 92 42
58 93 85
58 94 99
58 95 85
58 96 5
58 97 86
58 98 44
58 99 90
58 100 18
59 0 47
59 1 1
59 2 7
59 3 2
59 4 11
59 5 42
59 6 21
59 7 57
59 8 68
59 9 68
59 10 64
59 11 67
59 12 91
59 13 46
59 14 83
59 15 23
59 16 58
59 17 30
59 18 97
59 19 25
59 20 79
59 21 81
59 22 66
59 23 15
59 24 8
59 25 86
59 26 61
59 27 79
59 28 3
59 29 66
59 30 88
59 31 93
59 32 31
59 33 36
59 34 36
59 35 30
59 36 79
59 37 58
59 38 15
59 39 71
59 40 63
59 41 17
59 42 86
59 43 61
59 44 81
59 45 74
59 46 82
59 47 27
59 48 95
59 49 16
59 50 54
59 51 35
59 52 95
59 53 30
59 54 49
59 55 2
59 56 88
59 57 74
59 58 23
59 60 93
59 61 75
59 62 62
59 63 96
59 64 13
59 65 20
59 66 56
59 67 57
59 68 43
59 69 49
59 70 35
59 71 91
59 72 91
59 73 91
59 74 91
59 75 86
59 76 92
59 77 39
59 78 13
59 79 51
59 80 50
59 81 90
59 82 97
59 83 54
59 84 58
59 85 37
59 86 63
59 87 54
59 88 61
59 89 70
59 90 58
59 91 92
59 92 76
59 93 35
59 94 90
59 95 92
59 96 96
59 97 7
59 98 64
59 99 45
59 100 9
60 0 50
60 1 85
60 2 3
60 3 52
60 4 23
60 5 85
60 6 89
60 7 44
60 8 51
60 9 77
60 10 72
60 11 26
60 12 22
60 13 53
60 14 87
60 15 70
60 16 71
60 17 18
60 18 22
60 19 41
60 20 15
60 21 93
60 22 33
60 23 68
60 24 22
60 25 18
60 26 80
60 27 58
60 28 37
60 29 1
60 30 61
60 31 80
60 32 41
60 33 33
60 34 2
60 35 39
60 36 9
60 37 88
60 38 62
60 39 11
60 40 90
60 41 9
60 42 16
60 43 19
60 44 76
60 45 59
60 46 44
60 47 56
60 48 70
60 49 14
60 50 63
60 51 67
60 52 52
60 53 85
60 54 80
60 55 71
60 56 15
60 57 31
60 58 46
60 59 64
60 61 91
60 62 54
60 63 29
60 64 8
60 65 14
60 66 98
60 67 28
60 68 14
60 69 12
60 70 8
60 71 16
60 72 96
60 73 8
60 74 61
60 75 61
60 76 61
60 77 61
60 78 86
60 79 30
60 80 27
60 81 33
60 82 38
60 83 1
60 84 66
60 85 54
60 86 85
60 87 39
60 88 84
60 89 70
60 90 97
60 91 81
60 92 86
60 93 21
60 94 26
60 95 42
60 96 50
60 97 68
60 98 41
60 99 77
60 100 89
61 0 39
61 1 81
61 2 30
61 3 65
61 4 10
61 5 14
61 6 77
61 7 93
61 8 31
61 9 7
61 10 25
61 11 94
61 12 98
61 13 56
61 14 44
61 15 18
61 16 53
61 17 82
61 18 79
61 19 1
61 20 32
61 21 13
61 22 3
61 23 53
61 24 98
61 25 2
61 26 89
61 27 33
61 28 81
61 29 74
61 30 1
61 31 75
61 32 12
61 33 29
61 34 37
61 35 47
61 36 10
61 37 75
61 38 1
61 39 43
61 40 82
61 41 93
61 42 11
61 43 77
61 44 94
61 45 95
61 46 97
61 47 5
61 48 77
61 49 33
61 50 41
61 51 47
61 52 71
61 53 36
61 54 61
61 55 24
61 56 84
61 57 35
61 58 92
61 59 19
61 60 47
61 62 73
61 63 33
61 64 13
61 65 75
61 66 82
61 67 79
61 68 92
61 69 73
61 70 4
61 71 53
61 72 40
61 73 10
61 74 90
61 75 58
61 76 42
61 77 51
61 78 51
61 79 51
61 80 51
61 81 91
61 82 69
61 83 50
61 84 8
61 85 21
61 86 87
61 87 66
61 88 99
61 89 5
61 90 93
61 91 96
61 92 80
61 93 45
61 94 49
61 95 94
61 96 6
61 97 99
61 98 29
61 99 93
61 100 26
62 0 1
62 1 46
62 2 12
62 3 78
62 4 18
62 5 92
62 6 77
62 7 64
62 8 4
62 9 63
62 10 47
62 11 70
62 12 71
62 13 21
62 14 49
62 15 42
62 16 89
62 17 61
62 18 52
62 19 71
62 20 82
62 21 54
62 22 4
62 23 84
62 24 96
62 25 86
62 26 48
62 27 53
62 28 78
62 29 37
62 30 43
62 31 7
62 32 91
62 33 33
62 34 61
62 35 34
62 36 34
62 37 3
62 38 69
62 39 50
62 40 79
62 41 49
62 42 22
62 43 20
62 44 74
62 45 39
62 46 97
62 47 55
62 48 71
62 49 34
62 50 85
62 51 84
62 52 9
62 53 64
62 54 84
62 55 36
62 56 59
62 57 91
62 58 14
62 59 62
62 60 82
62 61 6
62 63 50
62 64 41
62 65 62
62 66 23
62 67 61
62 68 39
62 69 56
62 70 81
62 71 15
62 72 98
62 73 55
62 74 75
62 75 94
62 76 84
62 77 24
62 78 28
62 79 31
62 80 60
62 81 60
62 82 60
62 83 60
62 84 91
62 85 70
62 86 19
62 87 57
62 88 8
62 89 17
62 90 18
62 91 5
62 92 16
62 93 39
62 94 77
62 95 51
62 96 98
62 97 22
62 98 35
62 99 52
62 100 24
63 0 86
63 1 95
63 2 64
63 3 78
63 4 16
63 5 86
63 6 93
63 7 88
63 8 23
63 9 94
63 10 89
63 11 40
63 12 41
63 13 78
63 14 60
63 15 43
63 16 34
63 17 99
63 18 38
63 19 76
63 20 98
63 21 52
63 22 45
63 23 56
63 24 71
63 25 24
63 26 62
63 27 2
63 28 62
63 29 15
63 30 28
63 31 54
63 32 15
63 33 85
63 34 94
63 35 15
63 36 98
63 37 8
63 38 37
63 39 5
63 40 48
63 41 5
63 42 6
63 43 56
63 44 66
63 45 92
63 46 73
63 47 96
63 48 96
63 49 74
63 50 66
63 51 35
63 52 90
63 53 64
63 54 28
63 55 27
63 56 85
63 57 92
63 58 5
63 59 68
63 60 48
63 61 3
63 62 56
63 64 53
63 65 6
63 66 70
63 67 69
63 68 33
63 69 78
63 70 15
63 71 63
63 72 72
63 73 44
63 74 31
63 75 43
63 76 90
63 77 23
63 78 60
63 79 89
63 80 4
63 81 52
63 82 95
63 83 33
63 84 33
63 85 33
63 86 33
63 87 41
63 88 27
63 89 6
63 90 96
63 91 90
63 92 65
63 93 22
63 94 43
63 95 93
63 96 87
63 97 63
63 98 13
63 99 38
63 100 11
64 0 40
64 1 91
64 2 49
64 3 70
64 4 72
64 5 40
64 6 69
64 7 54
64 8 67
64 9 11
64 10 20
64 11 54
64 12 42
64 13 47
64 14 6
64 15 69
64 16 62
64 17 79
64 18 96
64 19 31
64 20 45
64 21 43
64 22 6
64 23 74
64 24 15
64 25 67
64 26 80
64 27 81
64 28 71
64 29 33
64 30 38
64 31 86
64 32 64
64 33 58
64 34 88
64 35 14
64 36 1
64 37 43
64 38 44
64 39 76
64 40 4
64 41 13
64 42 14
64 43 61
64 44 54
64 45 29
64 46 8
64 47 90
64 48 44
64 49 27
64 50 53
64 51 15
64 52 86
64 53 93
64 54 96
64 55 69
64 56 39
64 57 7
64 58 88
64 59 50
64 60 87
64 61 38
64 62 92
64 63 90
64 65 48
64 66 69
64 67 92
64 68 46
64 69 88
64 70 3
64 71 42
64 72 13
64 73 15
64 74 41
64 75 4
64 76 48
64 77 62
64 78 7
64 79 7
64 80 81
64 81 94
64 82 73
64 83 38
64 84 12
64 85 19
64 86 24
64 87 24
64 88 24
64 89 24
64 90 13
64 91 46
64 92 64
64 93 37
64 94 61
64 95 6
64 96 34
64 97 2
64 98 18
64 99 69
64 100 11
65 0 32
65 1 84
65 2 48
65 3 35
65 4 84
65 5 26
65 6 5
65 7 44
65 8 86
65 9 39
65 10 78
65 11 83
65 12 44
65 13 32
65 14 81
65 15 38
65 16 10
65 17 5
65 18 88
65 19 85
65 20 85
65 21 45
65 22 69
65 23 67
65 24 8
65 25 41
65 26 62
65 27 34
65 28 58
65 29 20
65 30 95
65 31 54
65 32 16
65 33 66
65 34 68
65 35 27
65 36 24
65 37 56
65 38 21
65 39 79
65 40 91
65 41 50
65 42 31
65 43 71
65 44 28
65 45 99
65 46 27
65 47 62
65 48 85
65 49 83
65 50 43
65 51 94
65 52 24
65 53 78
65 54 47
65 55 42
65 56 96
65 57 22
65 58 91
65 59 61
65 60 42
65 61 41
65 62 34
65 63 50
65 64 61
65 66 79
65 67 38
65 68 58
65 69 30
65 70 2
65 71 23
65 72 7
65 73 20
65 74 43
65 75 33
65 76 1
65 77 16
65 78 32
65 79 31
65 80 17
65 81 87
65 82 64
65 83 81
65 84 82
65 85 75
65 86 98
65 87 29
65 88 27
65 89 48
65 90 48
65 91 48
65 92 48
65 93 76
65 94 5
65 95 74
65 96 37
65 97 22
65 98 89
65 99 39
65 100 91
66 0 1
66 1 31
66 2 47
66 3 10
66 4 25
66 5 16
66 6 14
66 7 69
66 8 14
66 9 35
66 10 43
66 11 20
66 12 90
66 13 24
66 14 20
66 15 65
66 16 56
66 17 95
66 18 39
66 19 85
66 20 72
66 21 97
66 22 76
66 23 26
66 24 26
66 25 80
66 26 40
66 27 74
66 28 41
66 29 47
66 30 82
66 31 66
66 32 3
66 33 52
66 34 88
66 35 96
66 36 60
66 37 7
66 38 10
66 39 70
66 40 18
66 41 40
66 42 20
66 43 18
66 44 21
66 45 29
66 46 61
66 47 97
66 48 85
66 49 15
66 50 70
66 51 7
66 52 65
66 53 78
66 54 12
66 55 99
66 56 22
66 57 64
66 58 16
66 59 19
66 60 95
66 61 1
66 62 42
66 63 13
66 64 64
66 65 75
66 67 39
66 68 1
66 69 3
66 70 11
66 71 55
66 72 92
66 73 76
66 74 22
66 75 49
66 76 52
66 77 90
66 78 65
66 79 26
66 80 33
66 81 44
66 82 46
66 83 11
66 84 41
66 85 87
66 86 84
66 87 80
66 88 30
66 89 23
66 90 17
66 91 72
66 92 57
66 93 57
66 94 57
66 95 57
66 96 45
66 97 28
66 98 81
66 99 8
66 100 29
67 0 44
67 1 54
67 2 88
67 3 20
67 4 49
67 5 24
67 6 27
67 7 46
67 8 50
67 9 91
67 10 31
67 11 82
67 12 91
67 13 67
67 14 43
67 15 7
67 16 26
67 17 85
67 18 77
67 19 30
67 20 28
67 21 56
67 22 71
67 23 88
67 24 67
67 25 63
67 26 99
67 27 17
67 28 97
67 29 70
67 30 30
67 31 50
67 32 38
67 33 89
67 34 88
67 35 3
67 36 51
67 37 77
67 38 5
67 39 74
67 40 10
67 41 62
67 42 44
67 43 4
67 44 77
67 45 28
67 46 71
67 47 44
67 48 34
67 49 58
67 50 86
67 51 68
67 52 75
67 53 7
67 54 37
67 55 57
67 56 10
67 57 71
67 58 66
67 59 83
67 60 39
67 61 40
67 62 70
67 63 96
67 64 68
67 65 53
67 66 72
67 68 47
67 69 2
67 70 35
67 71 75
67 72 47
67 73 48
67 74 21
67 75 19
67 76 92
67 77 57
67 78 95
67 79 4
67 80 41
67 81 35
67 82 84
67 83 60
67 84 89
67 85 71
67 86 2
67 87 56
67 88 43
67 89 72
67 90 27
67 91 62
67 92 66
67 93 38
67 94 48
67 95 62
67 96 62
67 97 62
67 98 62
67 99 99
67 100 51
68 0 87
68 1 17
68 2 42
68 3 35
68 4 94
68 5 74
68 6 4
68 7 66
68 8 11
68 9 93
68 10 55
68 11 62
68 12 72
68 13 34
68 14 13
68 15 70
68 16 65
68 17 88
68 18 33
68 19 87
68 20 12
68 21 7
68 22 34
68 23 6
68 24 37
68 25 14
68 26 47
68 27 25
68 28 8
68 29 96
68 30 3
68 31 89
68 32 40
68 33 3
68 34 61
68 35 95
68 36 79
68 37 11
68 38 52
68 39 14
68 40 5
68 41 77
68 42 77
68 43 27
68 44 49
68 45 19
68 46 25
68 47 37
68 48 54
68 49 11
68 50 8
68 51 46
68 52 50
68 53 29
68 54 60
68 55 45
68 56 14
68 57 19
68 58 86
68 59 37
68 60 27
68 61 57
68 62 23
68 63 53
68 64 85
68 65 24
68 66 98
68 67 31
68 69 73
68 70 3
68 71 40
68 72 39
68 73 92
68 74 20
68 75 84
68 76 41
68 77 17
68 78 97
68 79 51
68 80 84
68 81 91
68 82 55
68 83 7
68 84 33
68 85 77
68 86 29
68 87 98
68 88 25
68 89 29
68 90 82
68 91 20
68 92 64
68 93 42
68 94 99
68 95 18
68 96 4
68 97 25
68 98 50
68 99 50
68 100 50
69 0 50
69 1 31
69 2 20
69 3 83
69 4 61
69 5 68
69 6 25
69 7 53
69 8 91
69 9 45
69 10 18
69 11 39
69 12 72
69 13 78
69 14 33
69 15 91
69 16 28
69 17 35
69 18 45
69 19 72
69 20 92
69 21 93
69 22 5
69 23 19
69 24 99
69 25 39
69 26 50
69 27 42
69 28 76
69 29 48
69 30 13
69 31 94
69 32 71
69 33 60
69 34 54
69 35 99
69 36 25
69 37 6
69 38 5
69 39 16
69 40 75
69 41 23
69 42 43
69 43 52
69 44 17
69 45 4
69 46 61
69 47 48
69 48 16
69 49 31
69 50 88
69 51 92
69 52 48
69 53 77
69 54 93
69 55 93
69 56 28
69 57 46
69 58 97
69 59 77
69 60 53
69 61 87
69 62 42
69 63 10
69 64 1
69 65 75
69 66 91
69 67 63
69 68 28
69 70 81
69 71 77
69 72 24
69 73 73
69 74 42
69 75 90
69 76 31
69 77 24
69 78 99
69 79 26
69 80 17
69 81 24
69 82 83
69 83 33
69 84 21
69 85 35
69 86 91
69 87 58
69 88 29
69 89 74
69 90 36
69 91 9
69 92 3
69 93 71
69 94 72
69 95 97
69 96 37
69 97 33
69 98 55
69 99 73
69 100 38
70 0 35
70 1 35
70 2 35
70 3 35
70 4 4
70 5 89
70 6 52
70 7 57
70 8 41
70 9 94
70 10 43
70 11 61
70 12 28
70 13 28
70 14 41
70 15 94
70 16 8
70 17 43
70 18 15
70 19 24
70 20 13
70 21 32
70 22 28
70 23 80
70 24 8
70 25 64
70 26 54
70 27 40
70 28 56
70 29 12
70 30 21
70 31 42
70 32 54
70 33 24
70 34 94
70 35 65
70 36 68
70 37 54
70 38 83
70 39 59
70 40 74
70 41 52
70 42 89
70 43 84
70 44 70
70 45 30
70 46 6
70 47 79
70 48 13
70 49 60
70 50 64
70 51 41
70 52 82
70 53 61
70 54 96
70 55 40
70 56 75
70 57 59
70 58 37
70 59 28
70 60 35
70 61 7
70 62 46
70 63 18
70 64 70
70 65 4
70 66 1
70 67 47
70 68 16
70 69 26
70 71 93
70 72 40
70 73 93
70 74 21
70 75 55
70 76 82
70 77 64
70 78 75
70 79 72
70 80 1
70 81 26
70 82 9
70 83 27
70 84 48
70 85 13
70 86 88
70 87 24
70 88 63
70 89 94
70 90 80
70 91 1
70 92 74
70 93 13
70 94 83
70 95 75
70 96 93
70 97 67
70 98 19
70 99 66
70 100 15
71 0 57
71 1 60
71 2 15
71 3 21
71 4 21
71 5 21
71 6 21
71 7 74
71 8 99
71 9 91
71 10 45
71 11 84
71 12 74
71 13 72
71 14 28
71 15 3
71 16 76
71 17 42
71 18 62
71 19 83
71 20 64
71 21 31
71 22 60
71 23 77
71 24 95
71 25 4
71 26 22
71 27 66
71 28 67
71 29 77
71 30 28
71 31 82
71 32 49
71 33 7
71 34 54
71 35 28
71 36 41
71 37 47
71 38 10
71 39 57
71 40 15
71 41 15
71 42 63
71 43 11
71 44 17
71 45 35
71 46 78
71 47 19
71 48 54
71 49 84
71 50 73
71 51 71
71 52 23
71 53 81
71 54 56
71 55 78
71 56 76
71 57 57
71 58 90
71 59 51
71 60 41
71 61 53
71 62 8
71 63 43
71 64 94
71 65 26
71 66 27
71 67 66
71 68 39
71 69 6
71 70 4
71 72 92
71 73 64
71 74 66
71 75 7
71 76 63
71 77 25
71 78 9
71 79 62
71 80 19
71 81 51
71 82 21
71 83 83
71 84 98
71 85 39
71 86 36
71 87 76
71 88 29
71 89 85
71 90 97
71 91 51
71 92 2
71 93 42
71 94 68
71 95 93
71 96 38
71 97 77
71 98 11
71 99 10
71 100 97
72 0 73
72 1 94
72 2 44
72 3 33
72 4 21
72 5 94
72 6 69
72 7 69
72 8 69
72 9 69
72 10 38
72 11 99
72 12 79
72 13 45
72 14 37
72 15 96
72 16 56
72 17 14
72 18 84
72 19 73
72 20 80
72 21 59
72 22 31
72 23 81
72 24 91
72 25 43
72 26 53
72 27 40
72 28 50
72 29 56
72 30 92
72 31 36
72 32 69
72 33 94
72 34 4
72 35 93
72 36 15
72 37 13
72 38 42
72 39 61
72 40 94
72 41 73
72 42 74
72 43 82
72 44 61
72 45 28
72 46 24
72 47 40
72 48 68
72 49 56
72 50 82
72 51 86
72 52 42
72 53 37
72 54 21
72 55 68
72 56 24
72 57 74
72 58 92
72 59 93
72 60 33
72 61 73
72 62 74
72 63 12
72 64 68
72 65 21
72 66 86
72 67 39
72 68 96
72 69 45
72 70 70
72 71 46
72 73 29
72 74 80
72 75 66
72 76 70
72 77 16
72 78 78
72 79 62
72 80 75
72 81 93
72 82 89
72 83 7
72 84 66
72 85 41
72 86 52
72 87 5
72 88 58
72 89 88
72 90 82
72 91 55
72 92 33
72 93 68
72 94 66
72 95 24
72 96 93
72 97 91
72 98 34
72 99 28
72 100 11
73 0 3
73 1 42
73 2 84
73 3 3
73 4 25
73 5 20
73 6 80
73 7 4
73 8 36
73 9 78
73 10 78
73 11 78
73 12 78
73 13 18
73 14 29
73 15 69
73 16 71
73 17 9
73 18 6
73 19 15
73 20 71
73 21 57
73 22 71
73 23 76
73 24 14
73 25 89
73 26 74
73 27 42
73 28 92
73 29 3
73 30 53
73 31 73
73 32 37
73 33 82
73 34 51
73 35 14
73 36 59
73 37 80
73 38 32
73 39 69
73 40 92
73 41 70
73 42 50
73 43 94
73 44 31
73 45 17
73 46 57
73 47 98
73 48 7
73 49 19
73 50 62
73 51 48
73 52 16
73 53 91
73 54 29
73 55 2
73 56 88
73 57 98
73 58 55
73 59 18
73 60 24
73 61 70
73 62 99
73 63 60
73 64 36
73 65 28
73 66 89
73 67 14
73 68 97
73 69 94
73 70 17
73 71 71
73 72 48
73 74 19
73 75 25
73 76 16
73 77 60
73 78 51
73 79 98
73 80 8
73 81 79
73 82 85
73 83 33
73 84 45
73 85 66
73 86 9
73 87 91
73 88 22
73 89 8
73 90 36
73 91 41
73 92 2
73 93 17
73 94 87
73 95 82
73 96 58
73 97 18
73 98 7
73 99 25
73 100 13
74 0 3
74 1 72
74 2 64
74 3 36
74 4 24
74 5 50
74 6 89
74 7 60
74 8 39
74 9 99
74 10 64
74 11 23
74 12 57
74 13 57
74 14 57
74 15 57
74 16 71
74 17 48
74 18 25
74 19 29
74 20 71
74 21 27
74 22 90
74 23 83
74 24 18
74 25 94
74 26 22
74 27 4
74 28 64
74 29 90
74 30 22
74 31 95
74 32 6
74 33 54
74 34 33
74 35 25
74 36 32
74 37 6
74 38 75
74 39 65
74 40 85
74 41 44
74 42 19
74 43 22
74 44 88
74 45 93
74 46 53
74 47 44
74 48 57
74 49 29
74 50 53
74 51 13
74 52 55
74 53 22
74 54 54
74 55 3
74 56 50
74 57 15
74 58 32
74 59 32
74 60 2
74 61 37
74 62 50
74 63 64
74 64 1
74 65 8
74 66 87
74 67 32
74 68 28
74 69 19
74 70 41
74 71 78
74 72 88
74 73 11
74 75 41
74 76 99
74 77 83
74 78 53
74 79 36
74 80 27
74 81 40
74 82 57
74 83 94
74 84 94
74 85 31
74 86 80
74 87 87
74 88 88
74 89 28
74 90 15
74 91 86
74 92 23
74 93 16
74 94 99
74 95 57
74 96 52
74 97 85
74 98 13
74 99 74
74 100 40
75 0 77
75 1 70
75 2 85
75 3 33
75 4 46
75 5 86
75 6 36
75 7 17
75 8 60
75 9 76
75 10 8
75 11 52
75 12 31
75 13 47
75 14 90
75 15 22
75 16 22
75 17 22
75 18 22
75 19 17
75 20 45
75 21 7
75 22 46
75 23 5
75 24 56
75 25 99
75 26 46
75 27 53
75 28 15
75 29 98
75 30 65
75 31 53
75 32 16
75 33 55
75 34 42
75 35 97
75 36 97
75 37 76
75 38 73
75 39 89
75 40 45
75 41 12
75 42 45
75 43 15
75 44 22
75 45 73
75 46 51
75 47 47
75 48 2
75 49 32
75 50 79
75 51 33
75 52 27
75 53 90
75 54 71
75 55 92
75 56 19
75 57 50
75 58 16
75 59 1
75 60 79
75 61 22
75 62 33
75 63 73
75 64 80
75 65 64
75 66 43
75 67 98
75 68 4
75 69 54
75 70 65
75 71 74
75 72 30
75 73 63
75 74 24
75 76 32
75 77 41
75 78 6
75 79 88
75 80 7
75 81 88
75 82 93
75 83 36
75 84 46
75 85 91
75 86 40
75 87 43
75 88 50
75 89 88
75 90 9
75 91 5
75 92 68
75 93 93
75 94 51
75 95 58
75 96 64
75 97 25
75 98 52
75 99 25
75 100 13
76 0 21
76 1 94
76 2 94
76 3 62
76 4 68
76 5 63
76 6 28
76 7 40
76 8 62
76 9 26
76 10 94
76 11 12
76 12 62
76 13 9
76 14 25
76 15 33
76 16 88
76 17 51
76 18 59
76 19 59
76 20 59
76 21 59
76 22 74
76 23 89
76 24 16
76 25 46
76 26 71
76 27 85
76 28 13
76 29 19
76 30 97
76 31 42
76 32 45
76 33 4
76 34 69
76 35 46
76 36 10
76 37 53
76 38 56
76 39 22
76 40 73
76 41 54
76 42 14
76 43 19
76 44 46
76 45 75
76 46 33
76 47 9
76 48 53
76 49 51
76 50 34
76 51 56
76 52 42
76 53 61
76 54 85
76 55 50
76 56 75
76 57 40
76 58 1
76 59 33
76 60 3
76 61 42
76 62 65
76 63 90
76 64 59
76 65 83
76 66 31
76 67 11
76 68 89
76 69 79
76 70 97
76 71 61
76 72 72
76 73 83
76 74 30
76 75 87
76 77 36
76 78 30
76 79 67
76 80 86
76 81 31
76 82 33
76 83 8
76 84 16
76 85 28
76 86 20
76 87 29
76 88 47
76 89 55
76 90 4
76 91 31
76 92 50
76 93 70
76 94 47
76 95 43
76 96 33
76 97 80
76 98 10
76 99 51
76 100 55
77 0 81
77 1 9
77 2 45
77 3 45
77 4 11
77 5 23
77 6 49
77 7 78
77 8 22
77 9 95
77 10 5
77 11 47
77 12 31
77 13 76
77 14 97
77 15 32
77 16 67
77 17 1
77 18 29
77 19 32
77 20 76
77 21 55
77 22 55
77 23 55
77 24 55
77 25 83
77 26 69
77 27 98
77 28 74
77 29 75
77 30 62
77 31 47
77 32 97
77 33 19
77 34 26
77 35 92
77 36 1
77 37 59
77 38 50
77 39 77
77 40 11
77 41 53
77 42 47
77 43 35
77 44 83
77 45 48
77 46 3
77 47 99
77 48 82
77 49 58
77 50 2
77 51 63
77 52 50
77 53 23
77 54 99
77 55 42
77 56 54
77 57 54
77 58 18
77 59 55
77 60 2
77 61 69
77 62 81
77 63 96
77 64 74
77 65 47
77 66 31
77 67 52
77 68 87
77 69 17
77 70 3
77 71 17
77 72 37
77 73 61
77 74 55
77 75 24
77 76 89
77 78 5
77 79 61
77 80 40
77 81 24
77 82 38
77 83 37
77 84 74
77 85 43
77 86 37
77 87 20
77 88 87
77 89 56
77 90 7
77 91 29
77 92 38
77 93 72
77 94 81
77 95 43
77 96 18
77 97 20
77 98 98
77 99 5
77 100 21
78 0 55
78 1 99
78 2 15
78 3 25
78 4 47
78 5 55
78 6 89
78 7 60
78 8 87
78 9 39
78 10 45
78 11 4
78 12 34
78 13 55
78 14 25
78 15 86
78 16 52
78 17 32
78 18 4
78 19 41
78 20 99
78 21 55
78 22 43
78 23 29
78 24 74
78 25 74
78 26 74
78 27 74
78 28 79
78 29 58
78 30 97
78 31 97
78 32 73
78 33 95
78 34 93
78 35 20
78 36 22
78 37 3
78 38 91
78 39 65
78 40 24
78 41 80
78 42 77
78 43 94
78 44 79
78 45 29
78 46 92
78 47 21
78 48 11
78 49 59
78 50 40
78 51 16
78 52 75
78 53 23
78 54 60
78 55 81
78 56 33
78 57 69
78 58 25
78 59 62
78 60 62
78 61 74
78 62 97
78 63 14
78 64 47
78 65 26
78 66 42
78 67 83
78 68 21
78 69 47
78 70 38
78 71 56
78 72 48
78 73 91
78 74 36
78 75 43
78 76 97
78 77 65
78 79 76
78 80 60
78 81 59
78 82 26
78 83 12
78 84 95
78 85 36
78 86 38
78 87 90
78 88 65
78 89 83
78 90 20
78 91 98
78 92 29
78 93 94
78 94 84
78 95 68
78 96 23
78 97 36
78 98 30
78 99 87
78 100 36
79 0 63
79 1 47
79 2 95
79 3 30
79 4 69
79 5 87
79 6 10
79 7 36
79 8 7
79 9 67
79 10 69
79 11 46
79 12 79
79 13 17
79 14 69
79 15 89
79 16 60
79 17 38
79 18 22
79 19 17
79 20 39
79 21 81
79 22 57
79 23 33
79 24 33
79 25 64
79 26 4
79 27 74
79 28 74
79 29 74
79 30 74
79 31 95
79 32 31
79 33 27
79 34 38
79 35 68
79 36 19
79 37 62
79 38 43
79 39 81
79 40 17
79 41 27
79 42 11
79 43 16
79 44 26
79 45 76
79 46 50
79 47 33
79 48 36
79 49 1
79 50 62
79 51 95
79 52 30
79 53 86
79 54 44
79 55 63
79 56 9
79 57 38
79 58 97
79 59 95
79 60 17
79 61 5
79 62 21
79 63 84
79 64 67
79 65 51
79 66 28
79 67 61
79 68 8
79 69 5
79 70 94
79 71 1
79 72 28
79 73 96
79 74 12
79 75 80
79 76 41
79 77 27
79 78 82
79 80 24
79 81 42
79 82 69
79 83 51
79 84 35
79 85 42
79 86 94
79 87 84
79 88 56
79 89 82
79 90 55
79 91 13
79 92 8
79 93 21
79 94 60
79 95 29
79 96 1
79 97 59
79 98 69
79 99 79
79 100 18
80 0 51
80 1 26
80 2 72
80 3 31
80 4 40
80 5 34
80 6 23
80 7 56
80 8 13
80 9 57
80 10 65
80 11 71
80 12 94
80 13 55
80 14 44
80 15 92
80 16 85
80 17 25
80 18 15
80 19 44
80 20 99
80 21 80
80 22 99
80 23 17
80 24 62
80 25 3
80 26 74
80 27 73
80 28 59
80 29 58
80 30 27
80 31 27
80 32 27
80 33 27
80 34 32
80 35 91
80 36 29
80 37 72
80 38 2
80 39 99
80 40 58
80 41 84
80 42 58
80 43 89
80 44 47
80 45 1
80 46 1
80 47 73
80 48 37
80 49 3
80 50 20
80 51 43
80 52 32
80 53 71
80 54 12
80 55 79
80 56 6
80 57 51
80 58 13
80 59 94
80 60 58
80 61 10
80 62 42
80 63 83
80 64 42
80 65 16
80 66 49
80 67 18
80 68 76
80 69 81
80 70 53
80 71 15
80 72 3
80 73 23
80 74 86
80 75 23
80 76 99
80 77 7
80 78 81
80 79 23
80 81 91
80 82 9
80 83 33
80 84 93
80 85 54
80 86 7
80 87 15
80 88 55
80 89 7
80 90 57
80 91 7
80 92 73
80 93 85
80 94 62
80 95 79
80 96 38
80 97 47
80 98 92
80 99 2
80 100 46
81 0 58
81 1 98
81 2 83
81 3 3
81 4 93
81 5 4
81 6 48
81 7 59
81 8 37
81 9 71
81 10 51
81 11 85
81 12 85
81 13 9
81 14 70
81 15 97
81 16 38
81 17 92
81 18 43
81 19 8
81 20 73
81 21 63
81 22 12
81 23 75
81 24 96
81 25 37
81 26 73
81 27 61
81 28 73
81 29 62
81 30 87
81 31 89
81 32 77
81 33 96
81 34 96
81 35 96
81 36 96
81 37 11
81 38 99
81 39 67
81 40 34
81 41 98
81 42 84
81 43 1
81 44 83
81 45 20
81 46 95
81 47 27
81 48 92
81 49 42
81 50 1
81 51 15
81 52 21
81 53 79
81 54 15
81 55 48
81 56 85
81 57 27
81 58 92
81 59 24
81 60 19
81 61 23
81 62 46
81 63 34
81 64 96
81 65 46
81 66 26
81 67 65
81 68 20
81 69 50
81 70 37
81 71 18
81 72 13
81 73 13
81 74 76
81 75 54
81 76 1
81 77 39
81 78 65
81 79 16
81 80 49
81 82 98
81 83 56
81 84 51
81 85 7
81 86 1
81 87 93
81 88 39
81 89 54
81 90 61
81 91 67
81 92 70
81 93 30
81 94 78
81 95 3
81 96 5
81 97 79
81 98 65
81 99 2
81 100 49
82 0 8
82 1 34
82 2 31
82 3 39
82 4 23
82 5 26
82 6 80
82 7 10
82 8 22
82 9 19
82 10 71
82 11 80
82 12 84
82 13 1
82 14 34
82 15 23
82 16 63
82 17 47
82 18 16
82 19 32
82 20 39
82 21 61
82 22 24
82 23 99
82 24 68
82 25 24
82 26 71
82 27 70
82 28 69
82 29 91
82 30 51
82 31 4
82 32 68
82 33 23
82 34 96
82 35 12
82 36 39
82 37 39
82 38 39
82 39 39
82 40 2
82 41 88
82 42 18
82 43 51
82 44 69
82 45 21
82 46 27
82 47 56
82 48 26
82 49 39
82 50 71
82 51 38
82 52 64
82 53 30
82 54 15
82 55 39
82 56 55
82 57 11
82 58 78
82 59 74
82 60 82
82 61 2
82 62 17
82 63 31
82 64 20
82 65 37
82 66 28
82 67 45
82 68 26
82 69 85
82 70 68
82 71 8
82 72 68
82 73 45
82 74 6
82 75 68
82 76 43
82 77 93
82 78 8
82 79 41
82 80 69
82 81 89
82 83 57
82 84 70
82 85 55
82 86 29
82 87 65
82 88 19
82 89 86
82 90 28
82 91 87
82 92 93
82 93 75
82 94 88
82 95 31
82 96 4
82 97 99
82 98 6
82 99 50
82 100 7
83 0 34
83 1 6
83 2 48
83 3 83
83 4 43
83 5 96
83 6 32
83 7 79
83 8 69
83 9 63
83 10 12
83 11 86
83 12 96
83 13 98
83 14 90
83 15 58
83 16 91
83 17 16
83 18 9
83 19 32
83 20 80
83 21 26
83 22 34
83 23 15
83 24 92
83 25 33
83 26 34
83 27 53
83 28 57
83 29 6
83 30 87
83 31 69
83 32 65
83 33 39
83 34 12
83 35 27
83 36 60
83 37 77
83 38 11
83 39 34
83 40 34
83 41 34
83 42 34
83 43 10
83 44 8
83 45 61
83 46 41
83 47 69
83 48 55
83 49 37
83 50 78
83 51 76
83 52 43
83 53 35
83 54 35
83 55 82
83 56 21
83 57 10
83 58 21
83 59 63
83 60 89
83 61 7
83 62 32
83 63 79
83 64 42
83 65 26
83 66 4
83 67 34
83 68 63
83 69 9
83 70 78
83 71 59
83 72 67
83 73 44
83 74 56
83 75 50
83 76 52
83 77 66
83 78 49
83 79 39
83 80 33
83 81 10
83 82 61
83 84 33
83 85 26
83 86 6
83 87 36
83 88 55
83 89 57
83 90 82
83 91 22
83 92 48
83 93 49
83 94 34
83 95 32
83 96 72
83 97 47
83 98 51
83 99 68
83 100 9
84 0 74
84 1 70
84 2 80
84 3 26
84 4 8
84 5 1
84 6 63
84 7 62
84 8 20
84 9 31
84 10 56
84 11 88
84 12 77
84 13 69
84 14 15
84 15 66
84 16 84
84 17 72
84 18 37
84 19 64
84 20 5
84 21 87
84 22 76
84 23 54
84 24 70
84 25 73
84 26 29
84 27 45
84 28 83
84 29 52
84 30 68
84 31 87
84 32 64
84 33 98
84 34 15
84 35 84
84 36 26
84 37 74
84 38 31
84 39 61
84 40 70
84 41 7
84 42 5
84 43 5
84 44 5
84 45 5
84 46 56
84 47 97
84 48 69
84 49 34
84 50 53
84 51 62
84 52 72
84 53 69
84 54 55
84 55 76
84 56 69
84 57 51
84 58 66
84 59 96
84 60 25
84 61 85
84 62 54
84 63 32
84 64 24
84 65 32
84 66 54
84 67 52
84 68 13
84 69 35
84 70 47
84 71 46
84 72 34
84 73 40
84 74 25
84 75 27
84 76 97
84 77 90
84 78 53
84 79 20
84 80 63
84 81 85
84 82 87
84 83 49
84 85 86
84 86 71
84 87 80
84 88 19
84 89 58
84 90 6
84 91 64
84 92 47
84 93 3
84 94 33
84 95 83
84 96 47
84 97 55
84 98 64
84 99 32
84 100 93
85 0 41
85 1 35
85 2 34
85 3 81
85 4 41
85 5 21
85 6 38
85 7 89
85 8 97
85 9 64
85 10 39
85 11 96
85 12 79
85 13 79
85 14 45
85 15 58
85 16 15
85 17 43
85 18 12
85 19 25
85 20 92
85 21 6
85 22 30
85 23 8
85 24 84
85 25 21
85 26 70
85 27 82
85 28 87
85 29 97
85 30 84
85 31 17
85 32 64
85 33 42
85 34 60
85 35 86
85 36 81
85 37 12
85 38 14
85 39 17
85 40 98
85 41 16
85 42 69
85 43 34
85 44 97
85 45 63
85 46 63
85 47 63
85 48 63
85 49 49
85 50 68
85 51 72
85 52 19
85 53 84
85 54 69
85 55 61
85 56 41
85 57 79
85 58 55
85 59 75
85 60 20
85 61 10
85 62 69
85 63 91
85 64 8
85 65 5
85 66 7
85 67 65
85 68 26
85 69 87
85 70 67
85 71 97
85 72 19
85 73 56
85 74 63
85 75 27
85 76 41
85 77 43
85 78 73
85 79 9
85 80 4
85 81 23
85 82 59
85 83 26
85 84 32
85 86 75
85 87 30
85 88 75
85 89 83
85 90 55
85 91 31
85 92 28
85 93 25
85 94 8
85 95 90
85 96 45
85 97 80
85 98 51
85 99 54
85 100 88
86 0 11
86 1 88
86 2 38
86 3 6
86 4 52
86 5 57
86 6 76
86 7 96
86 8 95
86 9 97
86 10 74
86 11 34
86 12 25
86 13 7
86 14 13
86 15 72
86 16 42
86 17 41
86 18 34
86 19 21
86 20 86
86 21 63
86 22 8
86 23 86
86 24 15
86 25 96
86 26 63
86 27 68
86 28 24
86 29 85
86 30 87
86 31 39
86 32 42
86 33 4
86 34 59
86 35 80
86 36 91
86 37 79
86 38 18
86 39 14
86 40 33
86 41 80
86 42 41
86 43 88
86 44 64
86 45 61
86 46 48
86 47 84
86 48 77
86 49 77
86 50 77
86 51 77
86 52 44
86 53 21
86 54 41
86 55 80
86 56 6
86 57 71
86 58 16
86 59 11
86 60 17
86 61 90
86 62 44
86 63 37
86 64 55
86 65 87
86 66 12
86 67 98
86 68 67
86 69 34
86 70 26
86 71 44
86 72 95
86 73 91
86 74 80
86 75 49
86 76 40
86 77 9
86 78 64
86 79 26
86 80 84
86 81 65
86 82 63
86 83 17
86 84 85
86 85 98
86 87 96
86 88 6
86 89 34
86 90 43
86 91 52
86 92 5
86 93 36
86 94 60
86 95 8
86 96 33
86 97 59
86 98 52
86 99 18
86 100 91
87 0 39
87 1 84
87 2 31
87 3 93
87 4 4
87 5 81
87 6 90
87 7 2
87 8 4
87 9 51
87 10 66
87 11 73
87 12 67
87 13 79
87 14 88
87 15 75
87 16 36
87 17 94
87 18 11
87 19 62
87 20 52
87 21 8
87 22 46
87 23 57
87 24 95
87 25 65
87 26 29
87 27 74
87 28 85
87 29 56
87 30 44
87 31 89
87 32 19
87 33 76
87 34 39
87 35 41
87 36 76
87 37 96
87 38 11
87 39 13
87 40 23
87 41 60
87 42 30
87 43 54
87 44 38
87 45 12
87 46 19
87 47 16
87 48 12
87 49 34
87 50 92
87 51 15
87 52 15
87 53 15
87 54 15
87 55 53
87 56 52
87 57 30
87 58 55
87 59 19
87 60 57
87 61 16
87 62 41
87 63 39
87 64 37
87 65 36
87 66 17
87 67 92
87 68 27
87 69 89
87 70 11
87 71 25
87 72 22
87 73 25
87 74 58
87 75 28
87 76 27
87 77 93
87 78 99
87 79 29
87 80 60
87 81 82
87 82 73
87 83 81
87 84 79
87 85 47
87 86 18
87 88 33
87 89 96
87 90 28
87 91 56
87 92 90
87 93 29
87 94 29
87 95 42
87 96 3
87 97 81
87 98 65
87 99 63
87 100 83
88 0 24
88 1 35
88 2 72
88 3 84
88 4 12
88 5 66
88 6 5
88 7 8
88 8 66
88 9 83
88 10 86
88 11 88
88 12 75
88 13 98
88 14 98
88 15 1
88 16 91
88 17 54
88 18 2
88 19 49
88 20 20
88 21 94
88 22 19
88 23 41
88 24 52
88 25 65
88 26 14
88 27 27
88 28 62
88 29 62
88 30 78
88 31 85
88 32 8
88 33 31
88 34 93
88 35 85
88 36 79
88 37 63
88 38 69
88 39 75
88 40 76
88 41 94
88 42 16
88 43 75
88 44 47
88 45 88
88 46 48
88 47 89
88 48 74
88 49 2
88 50 53
88 51 18
88 52 73
88 53 66
88 54 63
88 55 63
88 56 63
88 57 63
88 58 69
88 59 63
88 60 76
88 61 30
88 62 17
88 63 83
88 64 73
88 65 94
88 66 19
88 67 98
88 68 99
88 69 52
88 70 1
88 71 18
88 72 55
88 73 14
88 74 37
88 75 91
88 76 2
88 77 41
88 78 8
88 79 80
88 80 23
88 81 81
88 82 8
88 83 59
88 84 68
88 85 6
88 86 80
88 87 11
88 89 84
88 90 8
88 91 13
88 92 89
88 93 35
88 94 22
88 95 38
88 96 34
88 97 2
88 98 82
88 99 64
88 100 85
89 0 36
89 1 86
89 2 29
89 3 46
89 4 67
89 5 72
89 6 79
89 7 16
89 8 36
89 9 6
89 10 93
89 11 27
89 12 19
89 13 56
89 14 41
89 15 68
89 16 77
89 17 14
89 18 33
89 19 85
89 20 51
89 21 37
89 22 18
89 23 42
89 24 63
89 25 14
89 26 84
89 27 81
89 28 48
89 29 89
89 30 42
89 31 45
89 32 39
89 33 2
89 34 3
89 35 23
89 36 39
89 37 84
89 38 49
89 39 87
89 40 97
89 41 37
89 42 67
89 43 98
89 44 69
89 45 56
89 46 42
89 47 85
89 48 5
89 49 84
89 50 97
89 51 83
89 52 5
89 53 21
89 54 19
89 55 37
89 56 26
89 57 82
89 58 82
89 59 82
89 60 82
89 61 6
89 62 95
89 63 36
89 64 37
89 65 95
89 66 93
89 67 71
89 68 42
89 69 62
89 70 2
89 71 86
89 72 58
89 73 41
89 74 72
89 75 48
89 76 72
89 77 8
89 78 77
89 79 84
89 80 89
89 81 32
89 82 52
89 83 77
89 84 69
89 85 65
89 86 74
89 87 89
89 88 70
89 90 18
89 91 40
89 92 93
89 93 60
89 94 53
89 95 19
89 96 66
89 97 65
89 98 83
89 99 74
89 100 8
90 0 7
90 1 55
90 2 4
90 3 30
90 4 95
90 5 1
90 6 32
90 7 96
90 8 56
90 9 56
90 10 74
90 11 4
90 12 18
90 13 66
90 14 92
90 15 83
90 16 83
90 17 56
90 18 6
90 19 35
90 20 92
90 21 64
90 22 43
90 23 74
90 24 2
90 25 53
90 26 87
90 27 94
90 28 43
90 29 60
90 30 72
90 31 17
90 32 81
90 33 87
90 34 81
90 35 30
90 36 20
90 37 20
90 38 32
90 39 58
90 40 57
90 41 33
90 42 7
90 43 82
90 44 38
90 45 45
90 46 4
90 47 7
90 48 76
90 49 58
90 50 87
90 51 14
90 52 81
90 53 49
90 54 38
90 55 50
90 56 21
90 57 39
90 58 59
90 59 96
90 60 14
90 61 14
90 62 14
90 63 14
90 64 77
90 65 81
90 66 6
90 67 35
90 68 92
90 69 91
90 70 65
90 71 82
90 72 87
90 73 29
90 74 42
90 75 93
90 76 74
90 77 80
90 78 97
90 79 72
90 80 80
90 81 47
90 82 95
90 83 55
90 84 1
90 85 76
90 86 34
90 87 64
90 88 10
90 89 88
90 91 52
90 92 1
90 93 38
90 94 54
90 95 72
90 96 21
90 97 32
90 98 74
90 99 61
90 100 98
91 0 71
91 1 17
91 2 19
91 3 36
91 4 80
91 5 58
91 6 51
91 7 90
91 8 8
91 9 5
91 10 55
91 11 61
91 12 91
91 13 48
91 14 51
91 15 62
91 16 70
91 17 49
91 18 40
91 19 91
91 20 80
91 21 99
91 22 81
91 23 24
91 24 16
91 25 32
91 26 86
91 27 37
91 28 59
91 29 17
91 30 93
91 31 34
91 32 4
91 33 33
91 34 86
91 35 78
91 36 1
91 37 43
91 38 88
91 39 39
91 40 4
91 41 58
91 42 98
91 43 92
91 44 45
91 45 23
91 46 36
91 47 89
91 48 79
91 49 54
91 50 69
91 51 76
91 52 29
91 53 19
91 54 29
91 55 19
91 56 79
91 57 73
91 58 84
91 59 38
91 60 20
91 61 20
91 62 38
91 63 44
91 64 44
91 65 44
91 66 44
91 67 57
91 68 77
91 69 54
91 70 74
91 71 56
91 72 91
91 73 15
91 74 78
91 75 76
91 76 51
91 77 8
91 78 51
91 79 25
91 80 20
91 81 85
91 82 62
91 83 55
91 84 73
91 85 56
91 86 59
91 87 68
91 88 54
91 89 59
91 90 66
91 92 39
91 93 2
91 94 63
91 95 31
91 96 84
91 97 56
91 98 9
91 99 80
91 100 87
92 0 42
92 1 82
92 2 3
92 3 89
92 4 93
92 5 98
92 6 50
92 7 53
92 8 48
92 9 10
92 10 38
92 11 13
92 12 27
92 13 19
92 14 21
92 15 39
92 16 80
92 17 41
92 18 6
92 19 10
92 20 94
92 21 39
92 22 94
92 23 87
92 24 23
92 25 87
92 26 29
92 27 55
92 28 53
92 29 42
92 30 37
92 31 29
92 32 86
92 33 64
92 34 20
92 35 53
92 36 81
92 37 36
92 38 15
92 39 78
92 40 92
92 41 65
92 42 43
92 43 2
92 44 77
92 45 16
92 46 21
92 47 8
92 48 8
92 49 1
92 50 14
92 51 98
92 52 47
92 53 77
92 54 57
92 55 67
92 56 1
92 57 26
92 58 29
92 59 23
92 60 99
92 61 68
92 62 72
92 63 45
92 64 26
92 65 58
92 66 26
92 67 26
92 68 26
92 69 26
92 70 21
92 71 88
92 72 72
92 73 80
92 74 41
92 75 59
92 76 60
92 77 87
92 78 60
92 79 97
92 80 20
92 81 72
92 82 80
92 83 72
92 84 49
92 85 14
92 86 36
92 87 57
92 88 33
92 89 13
92 90 9
92 91 30
92 93 92
92 94 99
92 95 62
92 96 13
92 97 44
92 98 81
92 99 72
92 100 93
93 0 89
93 1 2
93 2 27
93 3 81
93 4 33
93 5 50
93 6 33
93 7 80
93 8 23
93 9 19
93 10 89
93 11 27
93 12 65
93 13 1
93 14 9
93 15 32
93 16 99
93 17 66
93 18 63
93 19 22
93 20 39
93 21 35
93 22 12
93 23 38
93 24 44
93 25 95
93 26 19
93 27 55
93 28 96
93 29 90
93 30 5
93 31 55
93 32 39
93 33 91
93 34 64
93 35 95
93 36 69
93 37 13
93 38 30
93 39 97
93 40 61
93 41 76
93 42 80
93 43 35
93 44 95
93 45 48
93 46 19
93 47 92
93 48 29
93 49 80
93 50 79
93 51 34
93 52 38
93 53 23
93 54 86
93 55 11
93 56 34
93 57 47
93 58 8
93 59 33
93 60 76
93 61 69
93 62 69
93 63 69
93 64 78
93 65 71
93 66 62
93 67 84
93 68 32
93 69 21
93 70 21
93 71 21
93 72 21
93 73 24
93 74 35
93 75 66
93 76 89
93 77 78
93 78 46
93 79 63
93 80 61
93 81 65
93 82 48
93 83 17
93 84 96
93 85 2
93 86 55
93 87 93
93 88 66
93 89 9
93 90 7
93 91 7
93 92 48
93 94 90
93 95 79
93 96 56
93 97 35
93 98 9
93 99 72
93 100 2
94 0 49
94 1 85
94 2 29
94 3 93
94 4 32
94 5 9
94 6 25
94 7 54
94 8 52
94 9 27
94 10 74
94 11 76
94 12 24
94 13 57
94 14 58
94 15 81
94 16 53
94 17 12
94 18 27
94 19 95
94 20 9
94 21 89
94 22 15
94 23 18
94 24 34
94 25 70
94 26 84
94 27 72
94 28 75
94 29 18
94 30 71
94 31 24
94 32 31
94 33 59
94 34 89
94 35 56
94 36 37
94 37 25
94 38 68
94 39 96
94 40 28
94 41 67
94 42 59
94 43 3
94 44 21
94 45 44
94 46 14
94 47 48
94 48 49
94 49 83
94 50 98
94 51 13
94 52 86
94 53 80
94 54 59
94 55 94
94 56 61
94 57 42
94 58 25
94 59 35
94 60 42
94 61 41
94 62 27
94 63 73
94 64 43
94 65 61
94 66 77
94 67 78
94 68 78
94 69 5
94 70 98
94 71 99
94 72 64
94 73 64
94 74 64
94 75 64
94 76 79
94 77 15
94 78 1
94 79 94
94 80 16
94 81 17
94 82 69
94 83 13
94 84 36
94 85 80
94 86 80
94 87 35
94 88 74
94 89 8
94 90 34
94 91 30
94 92 20
94 93 39
94 95 66
94 96 40
94 97 85
94 98 58
94 99 2
94 100 30
95 0 7
95 1 70
95 2 39
95 3 5
95 4 64
95 5 22
95 6 29
95 7 36
95 8 84
95 9 5
95 10 69
95 11 3
95 12 46
95 13 6
95 14 1
95 15 76
95 16 1
95 17 12
95 18 20
95 19 3
95 20 37
95 21 38
95 22 90
95 23 92
95 24 93
95 25 95
95 26 27
95 27 98
95 28 74
95 29 73
95 30 37
95 31 22
95 32 62
95 33 68
95 34 25
95 35 7
95 36 91
95 37 96
95 38 62
95 39 72
95 40 98
95 41 2
95 42 25
95 43 90
95 44 44
95 45 9
95 46 77
95 47 90
95 48 17
95 49 28
95 50 44
95 51 10
95 52 39
95 53 54
95 54 63
95 55 48
95 56 31
95 57 81
95 58 13
95 59 47
95 60 68
95 61 98
95 62 11
95 63 29
95 64 69
95 65 77
95 66 24
95 67 14
95 68 2
95 69 39
95 70 36
95 71 16
95 72 29
95 73 20
95 74 13
95 75 90
95 76 90
95 77 90
95 78 90
95 79 54
95 80 49
95 81 85
95 82 7
95 83 75
95 84 71
95 85 7
95 86 28
95 87 12
95 88 66
95 89 19
95 90 43
95 91 84
95 92 44
95 93 50
95 94 62
95 96 54
95 97 76
95 98 84
95 99 65
95 100 40
96 0 44
96 1 75
96 2 72
96 3 45
96 4 54
96 5 96
96 6 6
96 7 99
96 8 18
96 9 50
96 10 5
96 11 35
96 12 39
96 13 80
96 14 87
96 15 79
96 16 97
96 17 77
96 18 2
96 19 89
96 20 88
96 21 52
96 22 63
96 23 26
96 24 75
96 25 5
96 26 10
96 27 43
96 28 63
96 29 15
96 30 26
96 31 73
96 32 23
96 33 39
96 34 88
96 35 96
96 36 83
96 37 58
96 38 9
96 39 89
96 40 78
96 41 47
96 42 1
96 43 66
96 44 78
96 45 26
96 46 63
96 47 77
96 48 33
96 49 24
96 50 5
96 51 12
96 52 49
96 53 62
96 54 17
96 55 32
96 56 98
96 57 26
96 58 1
96 59 71
96 60 73
96 61 96
96 62 38
96 63 99
96 64 43
96 65 75
96 66 48
96 67 87
96 68 81
96 69 69
96 70 29
96 71 39
96 72 65
96 73 38
96 74 44
96 75 40
96 76 70
96 77 24
96 78 58
96 79 58
96 80 58
96 81 58
96 82 43
96 83 45
96 84 17
96 85 89
96 86 9
96 87 2
96 88 42
96 89 52
96 90 15
96 91 42
96 92 63
96 93 8
96 94 96
96 95 76
96 97 26
96 98 54
96 99 66
96 100 90
97 0 57
97 1 49
97 2 71
97 3 46
97 4 8
97 5 21
97 6 36
97 7 54
97 8 33
97 9 89
97 10 84
97 11 45
97 12 42
97 13 94
97 14 62
97 15 61
97 16 75
97 17 15
97 18 90
97 19 75
97 20 21
97 21 24
97 22 52
97 23 30
97 24 77
97 25 54
97 26 50
97 27 86
97 28 67
97 29 69
97 30 43
97 31 37
97 32 9
97 33 40
97 34 80
97 35 99
97 36 39
97 37 79
97 38 2
97 39 36
97 40 23
97 41 71
97 42 29
97 43 53
97 44 72
97 45 76
97 46 68
97 47 45
97 48 39
97 49 77
97 50 92
97 51 15
97 52 13
97 53 79
97 54 25
97 55 82
97 56 70
97 57 38
97 58 52
97 59 31
97 60 8
97 61 91
97 62 15
97 63 15
97 64 87
97 65 3
97 66 99
97 67 99
97 68 50
97 69 62
97 70 94
97 71 87
97 72 27
97 73 30
97 74 50
97 75 92
97 76 28
97 77 36
97 78 37
97 79 55
97 80 78
97 81 21
97 82 21
97 83 21
97 84 21
97 85 5
97 86 7
97 87 14
97 88 91
97 89 52
97 90 4
97 91 52
97 92 59
97 93 34
97 94 82
97 95 92
97 96 35
97 98 42
97 99 88
97 100 18
98 0 42
98 1 4
98 2 47
98 3 10
98 4 58
98 5 73
98 6 4
98 7 80
98 8 69
98 9 95
98 10 62
98 11 69
98 12 14
98 13 54
98 14 99
98 15 58
98 16 21
98 17 18
98 18 88
98 19 58
98 20 50
98 21 29
98 22 42
98 23 5
98 24 67
98 25 60
98 26 62
98 27 57
98 28 64
98 29 63
98 30 95
98 31 44
98 32 67
98 33 61
98 34 82
98 35 13
98 36 52
98 37 28
98 38 82
98 39 56
98 40 15
98 41 45
98 42 48
98 43 36
98 44 71
98 45 32
98 46 77
98 47 54
98 48 75
98 49 12
98 50 52
98 51 84
98 52 98
98 53 56
98 54 74
98 55 25
98 56 91
98 57 87
98 58 20
98 59 49
98 60 64
98 61 47
98 62 77
98 63 54
98 64 21
98 65 89
98 66 21
98 67 76
98 68 84
98 69 54
98 70 70
98 71 78
98 72 37
98 73 71
98 74 51
98 75 99
98 76 88
98 77 30
98 78 36
98 79 21
98 80 68
98 81 14
98 82 34
98 83 58
98 84 39
98 85 39
98 86 39
98 87 39
98 88 49
98 89 96
98 90 62
98 91 65
98 92 37
98 93 81
98 94 22
98 95 71
98 96 73
98 97 76
98 99 55
98 100 97
99 0 81
99 1 69
99 2 64
99 3 35
99 4 96
99 5 63
99 6 39
99 7 99
99 8 64
99 9 66
99 10 77
99 11 38
99 12 98
99 13 99
99 14 38
99 15 34
99 16 91
99 17 17
99 18 44
99 19 19
99 20 24
99 21 75
99 22 59
99 23 71
99 24 69
99 25 25
99 26 98
99 27 57
99 28 63
99 29 85
99 30 26
99 31 13
99 32 68
99 33 43
99 34 22
99 35 97
99 36 89
99 37 60
99 38 65
99 39 79
99 40 97
99 41 51
99 42 91
99 43 55
99 44 20
99 45 9
99 46 77
99 47 10
99 48 87
99 49 50
99 50 17
99 51 84
99 52 53
99 53 88
99 54 32
99 55 30
99 56 21
99 57 37
99 58 17
99 59 95
99 60 74
99 61 34
99 62 15
99 63 34
99 64 29
99 65 15
99 66 65
99 67 78
99 68 44
99 69 86
99 70 83
99 71 55
99 72 13
99 73 91
99 74 2
99 75 83
99 76 65
99 77 71
99 78 66
99 79 58
99 80 29
99 81 57
99 82 52
99 83 39
99 84 12
99 85 3
99 86 34
99 87 1
99 88 1
99 89 1
99 90 1
99 91 86
99 92 15
99 93 86
99 94 97
99 95 59
99 96 15
99 97 24
99 98 23
99 100 19
100 0 81
100 1 9
100 2 96
100 3 27
100 4 26
100 5 49
100 6 87
100 7 80
100 8 84
100 9 79
100 10 71
100 11 7
100 12 41
100 13 20
100 14 56
100 15 91
100 16 60
100 17 74
100 18 88
100 19 22
100 20 99
100 21 36
100 22 58
100 23 12
100 24 47
100 25 19
100 26 29
100 27 59
100 28 79
100 29 38
100 30 84
100 31 95
100 32 29
100 33 45
100 34 2
100 35 50
100 36 9
100 37 62
100 38 89
100 39 42
100 40 50
100 41 64
100 42 10
100 43 78
100 44 48
100 45 19
100 46 12
100 47 93
100 48 33
100 49 31
100 50 46
100 51 27
100 52 48
100 53 47
100 54 70
100 55 20
100 56 22
100 57 94
100 58 30
100 59 8
100 60 31
100 61 5
100 62 42
100 63 27
100 64 66
100 65 92
100 66 52
100 67 35
100 68 35
100 69 64
100 70 27
100 71 4
100 72 19
100 73 72
100 74 50
100 75 88
100 76 42
100 77 42
100 78 65
100 79 58
100 80 3
100 81 85
100 82 87
100 83 49
100 84 55
100 85 25
100 86 80
100 87 97
100 88 73
100 89 44
100 90 47
100 91 47
100 92 47
100 93 47
100 94 32
100 95 51
100 96 12
100 97 25
100 98 72
100 99 70