100 5
20
26
71
8
93
85
48
91
65
13
4
11
23
58
75
37
63
66
93
34
67
11
37
32
9
82
35
61
91
97
33
99
74
81
5
71
24
82
94
55
52
58
37
82
87
37
74
77
41
97
20
70
99
71
89
99
20
40
94
38
53
61
79
25
88
81
92
25
30
79
96
70
43
68
94
25
64
35
78
94
27
96
68
86
88
87
30
98
5
67
35
2
67
7
21
57
94
53
14
52
0 1 94
0 2 15
0 3 84
0 4 99
0 5 4
0 6 28
0 7 10
0 8 91
0 9 77
0 10 91
0 11 57
0 12 12
0 13 1
0 14 86
0 15 78
0 16 32
0 17 35
0 18 32
0 19 78
0 20 8
0 21 3
0 22 31
0 23 32
0 24 12
0 25 17
0 26 17
0 27 63
0 28 71
0 29 55
0 30 19
0 31 68
0 32 51
0 33 22
0 34 8
0 35 33
0 36 35
0 37 86
0 38 4
0 39 39
0 40 81
0 41 1
0 42 7
0 43 90
0 44 26
0 45 40
0 46 49
0 47 5
0 48 52
0 49 92
0 50 91
0 51 52
0 52 30
0 53 50
0 54 45
0 55 32
0 56 63
0 57 34
0 58 63
0 59 42
0 60 87
0 61 59
0 62 25
0 63 38
0 64 65
0 65 32
0 66 52
0 67 20
0 68 41
0 69 33
0 70 79
0 71 71
0 72 49
0 73 79
0 74 63
0 75 24
0 76 23
0 77 23
0 78 33
0 79 4
0 80 15
0 81 56
0 82 63
0 83 15
0 84 21
0 85 55
0 86 21
0 87 81
0 88 98
0 89 46
0 90 26
0 91 80
0 92 78
0 93 75
0 94 74
0 95 25
0 96 96
0 97 59
0 98 6
0 99 24
0 100 24
1 0 24
1 2 24
1 3 24
1 4 24
1 5 50
1 6 4
1 7 43
1 8 16
1 9 53
1 10 33
1 11 82
1 12 40
1 13 59
1 14 27
1 15 88
1 16 56
1 17 23
1 18 21
1 19 2
1 20 64
1 21 20
1 22 75
1 23 39
1 24 23
1 25 46
1 26 99
1 27 31
1 28 93
1 29 15
1 30 10
1 31 44
1 32 2
1 33 54
1 34 11
1 35 76
1 36 77
1 37 74
1 38 63
1 39 20
1 40 35
1 41 5
1 42 91
1 43 72
1 44 90
1 45 40
1 46 14
1 47 95
1 48 6
1 49 67
1 50 76
1 51 78
1 52 44
1 53 45
1 54 41
1 55 51
1 56 33
1 57 39
1 58 19
1 59 66
1 60 53
1 61 82
1 62 13
1 63 87
1 64 43
1 65 46
1 66 39
1 67 25
1 68 1
1 69 68
1 70 81
1 71 23
1 72 45
1 73 66
1 74 52
1 75 19
1 76 69
1 77 8
1 78 3
1 79 10
1 80 27
1 81 79
1 82 21
1 83 76
1 84 45
1 85 26
1 86 82
1 87 13
1 88 35
1 89 53
1 90 43
1 91 91
1 92 98
1 93 40
1 94 22
1 95 91
1 96 23
1 97 88
1 98 74
1 99 60
1 100 5
2 0 53
2 1 36
2 3 75
2 4 75
2 5 75
2 6 75
2 7 35
2 8 35
2 9 62
2 10 18
2 11 28
2 12 38
2 13 88
2 14 32
2 15 43
2 16 85
2 17 10
2 18 94
2 19 82
2 20 89
2 21 73
2 22 45
2 23 19
2 24 99
2 25 64
2 26 99
2 27 86
2 28 56
2 29 15
2 30 39
2 31 91
2 32 27
2 33 20
2 34 30
2 35 97
2 36 20
2 37 37
2 38 54
2 39 20
2 40 36
2 41 87
2 42 84
2 43 25
2 44 19
2 45 15
2 46 95
2 47 64
2 48 88
2 49 57
2 50 47
2 51 72
2 52 49
2 53 37
2 54 86
2 55 84
2 56 11
2 57 23
2 58 85
2 59 92
2 60 16
2 61 92
2 62 69
2 63 12
2 64 43
2 65 93
2 66 82
2 67 19
2 68 16
2 69 12
2 70 43
2 71 2
2 72 7
2 73 79
2 74 12
2 75 88
2 76 52
2 77 65
2 78 91
2 79 49
2 80 53
2 81 42
2 82 10
2 83 75
2 84 23
2 85 16
2 86 42
2 87 59
2 88 2
2 89 24
2 90 19
2 91 93
2 92 25
2 93 70
2 94 69
2 95 74
2 96 58
2 97 11
2 98 2
2 99 37
2 100 61
3 0 69
3 1 26
3 2 6
3 4 80
3 5 97
3 6 50
3 7 50
3 8 50
3 9 50
3 10 29
3 11 4
3 12 83
3 13 31
3 14 53
3 15 47
3 16 29
3 17 78
3 18 89
3 19 77
3 20 73
3 21 53
3 22 51
3 23 66
3 24 49
3 25 62
3 26 77
3 27 61
3 28 84
3 29 24
3 30 29
3 31 51
3 32 41
3 33 10
3 34 42
3 35 61
3 36 54
3 37 83
3 38 59
3 39 53
3 40 77
3 41 81
3 42 26
3 43 27
3 44 72
3 45 71
3 46 8
3 47 89
3 48 81
3 49 24
3 50 84
3 51 70
3 52 72
3 53 5
3 54 16
3 55 91
3 56 89
3 57 68
3 58 43
3 59 59
3 60 77
3 61 30
3 62 31
3 63 59
3 64 85
3 65 73
3 66 99
3 67 92
3 68 68
3 69 2
3 70 7
3 71 71
3 72 13
3 73 47
3 74 74
3 75 8
3 76 29
3 77 37
3 78 54
3 79 66
3 80 15
3 81 38
3 82 30
3 83 54
3 84 7
3 85 42
3 86 31
3 87 4
3 88 92
3 89 76
3 90 35
3 91 54
3 92 13
3 93 32
3 94 87
3 95 49
3 96 62
3 97 27
3 98 32
3 99 16
3 100 15
4 0 71
4 1 11
4 2 70
4 3 41
4 5 61
4 6 21
4 7 68
4 8 30
4 9 4
4 10 4
4 11 4
4 12 4
4 13 45
4 14 26
4 15 32
4 16 34
4 17 1
4 18 53
4 19 11
4 20 68
4 21 35
4 22 10
4 23 44
4 24 80
4 25 2
4 26 63
4 27 67
4 28 4
4 29 23
4 30 26
4 31 59
4 32 39
4 33 9
4 34 45
4 35 86
4 36 90
4 37 72
4 38 68
4 39 76
4 40 75
4 41 65
4 42 82
4 43 41
4 44 90
4 45 42
4 46 96
4 47 80
4 48 64
4 49 3
4 50 33
4 51 80
4 52 74
4 53 19
4 54 95
4 55 80
4 56 47
4 57 38
4 58 92
4 59 66
4 60 47
4 61 50
4 62 38
4 63 77
4 64 80
4 65 24
4 66 98
4 67 92
4 68 26
4 69 16
4 70 13
4 71 42
4 72 19
4 73 59
4 74 9
4 75 88
4 76 15
4 77 5
4 78 15
4 79 62
4 80 60
4 81 85
4 82 6
4 83 7
4 84 74
4 85 99
4 86 15
4 87 38
4 88 2
4 89 29
4 90 20
4 91 45
4 92 11
4 93 69
4 94 53
4 95 14
4 96 85
4 97 66
4 98 65
4 99 46
4 100 7
5 0 27
5 1 44
5 2 78
5 3 34
5 4 12
5 6 46
5 7 86
5 8 66
5 9 18
5 10 54
5 11 78
5 12 7
5 13 7
5 14 7
5 15 7
5 16 6
5 17 61
5 18 7
5 19 40
5 20 86
5 21 23
5 22 10
5 23 19
5 24 22
5 25 15
5 26 6
5 27 32
5 28 33
5 29 2
5 30 60
5 31 52
5 32 33
5 33 13
5 34 94
5 35 84
5 36 49
5 37 16
5 38 69
5 39 74
5 40 44
5 41 16
5 42 3
5 43 81
5 44 21
5 45 2
5 46 36
5 47 88
5 48 13
5 49 27
5 50 10
5 51 24
5 52 27
5 53 85
5 54 57
5 55 90
5 56 70
5 57 77
5 58 29
5 59 61
5 60 6
5 61 48
5 62 90
5 63 98
5 64 53
5 65 52
5 66 14
5 67 10
5 68 6
5 69 2
5 70 75
5 71 28
5 72 40
5 73 99
5 74 92
5 75 30
5 76 64
5 77 30
5 78 15
5 79 79
5 80 18
5 81 28
5 82 79
5 83 85
5 84 5
5 85 83
5 86 34
5 87 1
5 88 46
5 89 62
5 90 46
5 91 11
5 92 73
5 93 65
5 94 70
5 95 28
5 96 67
5 97 34
5 98 66
5 99 56
5 100 42
6 0 30
6 1 55
6 2 26
6 3 94
6 4 8
6 5 59
6 7 92
6 8 49
6 9 70
6 10 85
6 11 82
6 12 84
6 13 83
6 14 2
6 15 79
6 16 79
6 17 79
6 18 79
6 19 70
6 20 99
6 21 29
6 22 18
6 23 35
6 24 66
6 25 58
6 26 14
6 27 76
6 28 55
6 29 44
6 30 76
6 31 99
6 32 60
6 33 37
6 34 35
6 35 82
6 36 81
6 37 29
6 38 3
6 39 67
6 40 50
6 41 6
6 42 3
6 43 24
6 44 58
6 45 77
6 46 57
6 47 24
6 48 10
6 49 23
6 50 65
6 51 49
6 52 87
6 53 89
6 54 58
6 55 91
6 56 41
6 57 33
6 58 42
6 59 10
6 60 59
6 61 37
6 62 98
6 63 47
6 64 63
6 65 55
6 66 60
6 67 66
6 68 84
6 69 75
6 70 47
6 71 21
6 72 17
6 73 58
6 74 88
6 75 56
6 76 94
6 77 3
6 78 80
6 79 50
6 80 16
6 81 33
6 82 67
6 83 86
6 84 87
6 85 72
6 86 34
6 87 12
6 88 13
6 89 34
6 90 13
6 91 43
6 92 85
6 93 48
6 94 99
6 95 79
6 96 80
6 97 49
6 98 63
6 99 15
6 100 46
7 0 68
7 1 99
7 2 76
7 3 26
7 4 13
7 5 72
7 6 72
7 8 17
7 9 61
7 10 7
7 11 16
7 12 91
7 13 79
7 14 87
7 15 53
7 16 54
7 17 23
7 18 19
7 19 19
7 20 19
7 21 19
7 22 65
7 23 69
7 24 14
7 25 28
7 26 41
7 27 39
7 28 28
7 29 43
7 30 30
7 31 43
7 32 81
7 33 10
7 34 77
7 35 18
7 36 90
7 37 57
7 38 96
7 39 53
7 40 16
7 41 78
7 42 47
7 43 21
7 44 33
7 45 57
7 46 91
7 47 28
7 48 23
7 49 15
7 50 75
7 51 84
7 52 41
7 53 60
7 54 96
7 55 55
7 56 38
7 57 28
7 58 5
7 59 31
7 60 47
7 61 25
7 62 82
7 63 75
7 64 81
7 65 75
7 66 23
7 67 85
7 68 56
7 69 20
7 70 9
7 71 31
7 72 15
7 73 18
7 74 29
7 75 67
7 76 31
7 77 11
7 78 55
7 79 94
7 80 2
7 81 26
7 82 89
7 83 48
7 84 89
7 85 24
7 86 5
7 87 61
7 88 41
7 89 72
7 90 29
7 91 58
7 92 84
7 93 67
7 94 13
7 95 28
7 96 8
7 97 36
7 98 85
7 99 92
7 100 37
8 0 21
8 1 12
8 2 80
8 3 34
8 4 7
8 5 30
8 6 31
8 7 33
8 9 23
8 10 61
8 11 76
8 12 98
8 13 71
8 14 8
8 15 97
8 16 6
8 17 17
8 18 35
8 19 95
8 20 25
8 21 21
8 22 21
8 23 21
8 24 21
8 25 32
8 26 35
8 27 88
8 28 24
8 29 23
8 30 87
8 31 61
8 32 98
8 33 80
8 34 81
8 35 92
8 36 99
8 37 65
8 38 94
8 39 95
8 40 85
8 41 37
8 42 10
8 43 20
8 44 88
8 45 73
8 46 76
8 47 62
8 48 68
8 49 61
8 50 44
8 51 70
8 52 9
8 53 43
8 54 54
8 55 51
8 56 49
8 57 8
8 58 86
8 59 89
8 60 63
8 61 96
8 62 39
8 63 88
8 64 90
8 65 72
8 66 9
8 67 75
8 68 74
8 69 41
8 70 3
8 71 22
8 72 82
8 73 81
8 74 26
8 75 39
8 76 71
8 77 34
8 78 66
8 79 83
8 80 32
8 81 92
8 82 75
8 83 14
8 84 39
8 85 59
8 86 32
8 87 90
8 88 70
8 89 45
8 90 74
8 91 4
8 92 37
8 93 91
8 94 29
8 95 30
8 96 74
8 97 62
8 98 87
8 99 5
8 100 42
9 0 49
9 1 39
9 2 13
9 3 97
9 4 1
9 5 41
9 6 18
9 7 80
9 8 46
9 10 5
9 11 99
9 12 51
9 13 10
9 14 37
9 15 39
9 16 52
9 17 14
9 18 56
9 19 25
9 20 96
9 21 18
9 22 69
9 23 14
9 24 52
9 25 52
9 26 52
9 27 52
9 28 14
9 29 56
9 30 44
9 31 77
9 32 58
9 33 29
9 34 91
9 35 88
9 36 72
9 37 94
9 38 49
9 39 76
9 40 60
9 41 80
9 42 18
9 43 62
9 44 19
9 45 29
9 46 89
9 47 1
9 48 43
9 49 30
9 50 97
9 51 79
9 52 94
9 53 27
9 54 90
9 55 61
9 56 79
9 57 16
9 58 11
9 59 47
9 60 68
9 61 30
9 62 42
9 63 63
9 64 30
9 65 89
9 66 6
9 67 23
9 68 42
9 69 98
9 70 44
9 71 80
9 72 88
9 73 13
9 74 61
9 75 85
9 76 56
9 77 15
9 78 79
9 79 41
9 80 94
9 81 54
9 82 46
9 83 16
9 84 54
9 85 94
9 86 20
9 87 21
9 88 93
9 89 22
9 90 10
9 91 31
9 92 23
9 93 19
9 94 33
9 95 40
9 96 76
9 97 26
9 98 47
9 99 2
9 100 89
10 0 21
10 1 30
10 2 89
10 3 36
10 4 58
10 5 23
10 6 64
10 7 78
10 8 93
10 9 67
10 11 11
10 12 9
10 13 21
10 14 57
10 15 99
10 16 68
10 17 98
10 18 90
10 19 23
10 20 11
10 21 44
10 22 89
10 23 36
10 24 6
10 25 89
10 26 89
10 27 60
10 28 60
10 29 60
10 30 60
10 31 69
10 32 94
10 33 73
10 34 88
10 35 71
10 36 66
10 37 95
10 38 84
10 39 41
10 40 89
10 41 52
10 42 88
10 43 97
10 44 60
10 45 38
10 46 38
10 47 54
10 48 21
10 49 85
10 50 76
10 51 55
10 52 39
10 53 57
10 54 64
10 55 86
10 56 21
10 57 73
10 58 77
10 59 26
10 60 10
10 61 37
10 62 90
10 63 34
10 64 44
10 65 90
10 66 63
10 67 26
10 68 57
10 69 4
10 70 52
10 71 78
10 72 66
10 73 55
10 74 92
10 75 6
10 76 68
10 77 59
10 78 88
10 79 81
10 80 13
10 81 93
10 82 66
10 83 18
10 84 72
10 85 88
10 86 91
10 87 2
10 88 1
10 89 71
10 90 78
10 91 16
10 92 51
10 93 25
10 94 31
10 95 18
10 96 19
10 97 42
10 98 64
10 99 11
10 100 13
11 0 84
11 1 45
11 2 2
11 3 31
11 4 3
11 5 1
11 6 56
11 7 60
11 8 15
11 9 85
11 10 20
11 12 54
11 13 56
11 14 6
11 15 45
11 16 67
11 17 36
11 18 37
11 19 70
11 20 42
11 21 30
11 22 22
11 23 44
11 24 65
11 25 66
11 26 82
11 27 78
11 28 87
11 29 87
11 30 15
11 31 15
11 32 15
11 33 15
11 34 71
11 35 23
11 36 79
11 37 17
11 38 94
11 39 58
11 40 96
11 41 8
11 42 2
11 43 55
11 44 24
11 45 96
11 46 3
11 47 30
11 48 91
11 49 79
11 50 35
11 51 24
11 52 91
11 53 3
11 54 62
11 55 1
11 56 35
11 57 26
11 58 93
11 59 51
11 60 46
11 61 78
11 62 8
11 63 3
11 64 10
11 65 43
11 66 62
11 67 2
11 68 26
11 69 9
11 70 51
11 71 21
11 72 73
11 73 66
11 74 91
11 75 25
11 76 16
11 77 50
11 78 17
11 79 96
11 80 15
11 81 57
11 82 54
11 83 85
11 84 38
11 85 41
11 86 31
11 87 96
11 88 90
11 89 36
11 90 80
11 91 57
11 92 78
11 93 65
11 94 24
11 95 78
11 96 38
11 97 78
11 98 11
11 99 61
11 100 43
12 0 84
12 1 19
12 2 36
12 3 84
12 4 75
12 5 83
12 6 76
12 7 1
12 8 97
12 9 22
12 10 90
12 11 78
12 13 62
12 14 67
12 15 76
12 16 25
12 17 8
12 18 25
12 19 50
12 20 20
12 21 71
12 22 73
12 23 33
12 24 47
12 25 92
12 26 7
12 27 53
12 28 53
12 29 50
12 30 31
12 31 25
12 32 80
12 33 2
12 34 2
12 35 2
12 36 2
12 37 73
12 38 12
12 39 87
12 40 43
12 41 53
12 42 22
12 43 91
12 44 78
12 45 48
12 46 21
12 47 12
12 48 40
12 49 4
12 50 29
12 51 79
12 52 46
12 53 65
12 54 63
12 55 59
12 56 29
12 57 71
12 58 76
12 59 43
12 60 44
12 61 5
12 62 12
12 63 24
12 64 90
12 65 23
12 66 19
12 67 70
12 68 30
12 69 14
12 70 27
12 71 20
12 72 22
12 73 16
12 74 14
12 75 39
12 76 55
12 77 26
12 78 15
12 79 75
12 80 18
12 81 12
12 82 45
12 83 63
12 84 33
12 85 13
12 86 92
12 87 37
12 88 42
12 89 91
12 90 25
12 91 31
12 92 93
12 93 67
12 94 27
12 95 21
12 96 92
12 97 97
12 98 49
12 99 57
12 100 71
13 0 29
13 1 25
13 2 24
13 3 79
13 4 73
13 5 99
13 6 88
13 7 30
13 8 80
13 9 57
13 10 19
13 11 73
13 12 92
13 14 18
13 15 37
13 16 95
13 17 85
13 18 66
13 19 56
13 20 57
13 21 84
13 22 87
13 23 49
13 24 63
13 25 24
13 26 94
13 27 43
13 28 13
13 29 19
13 30 7
13 31 17
13 32 75
13 33 54
13 34 48
13 35 90
13 36 12
13 37 12
13 38 12
13 39 12
13 40 25
13 41 8
13 42 7
13 43 31
13 44 63
13 45 24
13 46 63
13 47 35
13 48 25
13 49 71
13 50 3
13 51 98
13 52 32
13 53 14
13 54 71
13 55 24
13 56 90
13 57 47
13 58 92
13 59 38
13 60 79
13 61 29
13 62 90
13 63 11
13 64 45
13 65 73
13 66 62
13 67 77
13 68 1
13 69 93
13 70 63
13 71 51
13 72 51
13 73 25
13 74 10
13 75 83
13 76 29
13 77 48
13 78 44
13 79 35
13 80 10
13 81 45
13 82 66
13 83 30
13 84 84
13 85 62
13 86 39
13 87 60
13 88 85
13 89 23
13 90 10
13 91 42
13 92 58
13 93 99
13 94 26
13 95 56
13 96 54
13 97 98
13 98 6
13 99 48
13 100 8
14 0 25
14 1 44
14 2 75
14 3 16
14 4 60
14 5 11
14 6 82
14 7 36
14 8 71
14 9 2
14 10 38
14 11 5
14 12 89
14 13 20
14 15 71
14 16 2
14 17 98
14 18 38
14 19 36
14 20 28
14 21 61
14 22 70
14 23 91
14 24 96
14 25 83
14 26 48
14 27 45
14 28 9
14 29 6
14 30 78
14 31 93
14 32 74
14 33 42
14 34 56
14 35 83
14 36 99
14 37 82
14 38 37
14 39 10
14 40 10
14 41 10
14 42 10
14 43 5
14 44 84
14 45 21
14 46 41
14 47 52
14 48 33
14 49 56
14 50 43
14 51 20
14 52 50
14 53 98
14 54 43
14 55 69
14 56 80
14 57 16
14 58 27
14 59 16
14 60 6
14 61 81
14 62 41
14 63 40
14 64 28
14 65 84
14 66 71
14 67 38
14 68 37
14 69 14
14 70 34
14 71 32
14 72 85
14 73 22
14 74 44
14 75 25
14 76 20
14 77 31
14 78 18
14 79 84
14 80 73
14 81 82
14 82 3
14 83 41
14 84 36
14 85 32
14 86 68
14 87 41
14 88 58
14 89 37
14 90 67
14 91 58
14 92 22
14 93 74
14 94 92
14 95 47
14 96 32
14 97 75
14 98 34
14 99 51
14 100 6
15 0 98
15 1 38
15 2 59
15 3 29
15 4 40
15 5 3
15 6 74
15 7 13
15 8 37
15 9 70
15 10 80
15 11 87
15 12 47
15 13 49
15 14 83
15 16 45
15 17 75
15 18 15
15 19 48
15 20 56
15 21 38
15 22 18
15 23 5
15 24 83
15 25 26
15 26 90
15 27 36
15 28 49
15 29 62
15 30 21
15 31 69
15 32 98
15 33 28
15 34 7
15 35 57
15 36 81
15 37 14
15 38 66
15 39 61
15 40 64
15 41 87
15 42 84
15 43 84
15 44 84
15 45 84
15 46 43
15 47 89
15 48 13
15 49 73
15 50 16
15 51 94
15 52 54
15 53 88
15 54 14
15 55 49
15 56 68
15 57 38
15 58 89
15 59 96
15 60 49
15 61 41
15 62 87
15 63 36
15 64 16
15 65 38
15 66 95
15 67 93
15 68 8
15 69 57
15 70 20
15 71 40
15 72 2
15 73 47
15 74 84
15 75 61
15 76 47
15 77 46
15 78 13
15 79 20
15 80 92
15 81 58
15 82 36
15 83 85
15 84 90
15 85 81
15 86 18
15 87 47
15 88 54
15 89 10
15 90 71
15 91 23
15 92 56
15 93 40
15 94 62
15 95 25
15 96 25
15 97 54
15 98 41
15 99 44
15 100 25
16 0 74
16 1 36
16 2 79
16 3 20
16 4 77
16 5 78
16 6 75
16 7 47
16 8 17
16 9 78
16 10 16
16 11 24
16 12 79
16 13 36
16 14 10
16 15 16
16 17 64
16 18 51
16 19 8
16 20 61
16 21 23
16 22 61
16 23 7
16 24 57
16 25 8
16 26 29
16 27 36
16 28 41
16 29 92
16 30 85
16 31 69
16 32 92
16 33 7
16 34 56
16 35 86
16 36 11
16 37 19
16 38 60
16 39 59
16 40 70
16 41 23
16 42 39
16 43 76
16 44 77
16 45 40
16 46 40
16 47 40
16 48 40
16 49 91
16 50 16
16 51 81
16 52 24
16 53 20
16 54 84
16 55 43
16 56 42
16 57 85
16 58 39
16 59 80
16 60 26
16 61 65
16 62 66
16 63 36
16 64 65
16 65 73
16 66 71
16 67 67
16 68 23
16 69 24
16 70 43
16 71 67
16 72 60
16 73 35
16 74 6
16 75 37
16 76 77
16 77 95
16 78 98
16 79 53
16 80 62
16 81 83
16 82 26
16 83 63
16 84 5
16 85 31
16 86 6
16 87 10
16 88 54
16 89 39
16 90 12
16 91 63
16 92 89
16 93 37
16 94 71
16 95 41
16 96 37
16 97 53
16 98 59
16 99 37
16 100 13
17 0 61
17 1 89
17 2 98
17 3 3
17 4 77
17 5 6
17 6 17
17 7 51
17 8 88
17 9 38
17 10 97
17 11 96
17 12 89
17 13 57
17 14 77
17 15 92
17 16 61
17 18 53
17 19 52
17 20 19
17 21 46
17 22 35
17 23 44
17 24 73
17 25 67
17 26 86
17 27 29
17 28 87
17 29 71
17 30 44
17 31 82
17 32 30
17 33 50
17 34 78
17 35 76
17 36 68
17 37 83
17 38 57
17 39 85
17 40 4
17 41 26
17 42 27
17 43 98
17 44 22
17 45 30
17 46 33
17 47 73
17 48 63
17 49 63
17 50 63
17 51 63
17 52 21
17 53 79
17 54 78
17 55 96
17 56 9
17 57 11
17 58 75
17 59 96
17 60 95
17 61 66
17 62 8
17 63 38
17 64 74
17 65 92
17 66 67
17 67 49
17 68 35
17 69 98
17 70 33
17 71 70
17 72 12
17 73 4
17 74 17
17 75 77
17 76 49
17 77 93
17 78 11
17 79 37
17 80 9
17 81 29
17 82 17
17 83 79
17 84 68
17 85 16
17 86 67
17 87 57
17 88 19
17 89 40
17 90 17
17 91 85
17 92 44
17 93 82
17 94 14
17 95 22
17 96 56
17 97 64
17 98 5
17 99 15
17 100 56
18 0 69
18 1 76
18 2 53
18 3 17
18 4 20
18 5 16
18 6 96
18 7 32
18 8 73
18 9 36
18 10 53
18 11 79
18 12 19
18 13 15
18 14 97
18 15 80
18 16 11
18 17 99
18 19 84
18 20 41
18 21 78
18 22 79
18 23 36
18 24 32
18 25 9
18 26 22
18 27 10
18 28 19
18 29 39
18 30 84
18 31 63
18 32 7
18 33 69
18 34 41
18 35 47
18 36 20
18 37 33
18 38 78
18 39 36
18 40 55
18 41 79
18 42 1
18 43 20
18 44 75
18 45 64
18 46 24
18 47 20
18 48 48
18 49 29
18 50 57
18 51 5
18 52 5
18 53 5
18 54 5
18 55 91
18 56 16
18 57 99
18 58 76
18 59 48
18 60 49
18 61 71
18 62 20
18 63 45
18 64 30
18 65 44
18 66 42
18 67 59
18 68 58
18 69 55
18 70 86
18 71 90
18 72 9
18 73 99
18 74 47
18 75 5
18 76 17
18 77 82
18 78 62
18 79 17
18 80 42
18 81 60
18 82 58
18 83 64
18 84 69
18 85 36
18 86 32
18 87 37
18 88 69
18 89 7
18 90 46
18 91 21
18 92 12
18 93 80
18 94 99
18 95 24
18 96 50
18 97 18
18 98 46
18 99 3
18 100 26
19 0 28
19 1 80
19 2 2
19 3 10
19 4 21
19 5 22
19 6 34
19 7 30
19 8 73
19 9 16
19 10 32
19 11 17
19 12 25
19 13 99
19 14 17
19 15 41
19 16 47
19 17 39
19 18 75
19 20 98
19 21 7
19 22 49
19 23 5
19 24 61
19 25 92
19 26 40
19 27 11
19 28 42
19 29 95
19 30 51
19 31 92
19 32 21
19 33 10
19 34 12
19 35 89
19 36 21
19 37 68
19 38 84
19 39 28
19 40 76
19 41 34
19 42 5
19 43 2
19 44 67
19 45 72
19 46 20
19 47 8
19 48 48
19 49 15
19 50 1
19 51 72
19 52 83
19 53 20
19 54 7
19 55 7
19 56 7
19 57 7
19 58 21
19 59 51
19 60 50
19 61 36
19 62 29
19 63 71
19 64 8
19 65 89
19 66 63
19 67 26
19 68 9
19 69 81
19 70 7
19 71 72
19 72 32
19 73 26
19 74 77
19 75 53
19 76 60
19 77 27
19 78 58
19 79 24
19 80 85
19 81 46
19 82 64
19 83 55
19 84 79
19 85 92
19 86 29
19 87 74
19 88 78
19 89 92
19 90 81
19 91 82
19 92 38
19 93 26
19 94 15
19 95 71
19 96 14
19 97 15
19 98 38
19 99 11
19 100 91
20 0 72
20 1 4
20 2 71
20 3 7
20 4 92
20 5 53
20 6 69
20 7 39
20 8 9
20 9 63
20 10 94
20 11 99
20 12 33
20 13 77
20 14 92
20 15 16
20 16 26
20 17 30
20 18 22
20 19 24
20 21 97
20 22 52
20 23 86
20 24 36
20 25 45
20 26 69
20 27 67
20 28 57
20 29 29
20 30 29
20 31 77
20 32 54
20 33 74
20 34 30
20 35 2
20 36 59
20 37 60
20 38 37
20 39 48
20 40 17
20 41 60
20 42 32
20 43 76
20 44 32
20 45 90
20 46 12
20 47 78
20 48 87
20 49 78
20 50 51
20 51 54
20 52 37
20 53 68
20 54 89
20 55 68
20 56 54
20 57 75
20 58 75
20 59 75
20 60 75
20 61 15
20 62 58
20 63 48
20 64 38
20 65 34
20 66 84
20 67 85
20 68 12
20 69 13
20 70 32
20 71 64
20 72 94
20 73 36
20 74 52
20 75 30
20 76 91
20 77 1
20 78 76
20 79 68
20 80 23
20 81 52
20 82 18
20 83 57
20 84 52
20 85 41
20 86 44
20 87 68
20 88 7
20 89 84
20 90 65
20 91 97
20 92 50
20 93 88
20 94 73
20 95 20
20 96 55
20 97 48
20 98 37
20 99 14
20 100 92
21 0 26
21 1 17
21 2 64
21 3 11
21 4 19
21 5 38
21 6 42
21 7 71
21 8 59
21 9 68
21 10 10
21 11 26
21 12 22
21 13 98
21 14 84
21 15 93
21 16 44
21 17 20
21 18 39
21 19 59
21 20 59
21 22 58
21 23 61
21 24 40
21 25 66
21 26 7
21 27 33
21 28 39
21 29 26
21 30 36
21 31 18
21 32 72
21 33 78
21 34 17
21 35 47
21 36 51
21 37 51
21 38 38
21 39 20
21 40 11
21 41 60
21 42 91
21 43 20
21 44 1
21 45 18
21 46 89
21 47 43
21 48 74
21 49 39
21 50 68
21 51 99
21 52 16
21 53 40
21 54 99
21 55 45
21 56 29
21 57 98
21 58 21
21 59 27
21 60 9
21 61 9
21 62 9
21 63 9
21 64 92
21 65 52
21 66 80
21 67 75
21 68 26
21 69 72
21 70 44
21 71 83
21 72 21
21 73 60
21 74 28
21 75 60
21 76 23
21 77 84
21 78 81
21 79 8
21 80 6
21 81 41
21 82 13
21 83 69
21 84 38
21 85 52
21 86 12
21 87 14
21 88 13
21 89 65
21 90 30
21 91 84
21 92 10
21 93 73
21 94 62
21 95 95
21 96 43
21 97 6
21 98 22
21 99 96
21 100 45
22 0 95
22 1 95
22 2 52
22 3 71
22 4 61
22 5 39
22 6 14
22 7 29
22 8 27
22 9 15
22 10 28
22 11 7
22 12 99
22 13 63
22 14 30
22 15 41
22 16 45
22 17 23
22 18 88
22 19 9
22 20 22
22 21 94
22 23 39
22 24 53
22 25 77
22 26 93
22 27 7
22 28 89
22 29 76
22 30 71
22 31 31
22 32 49
22 33 59
22 34 48
22 35 55
22 36 86
22 37 87
22 38 70
22 39 46
22 40 67
22 41 40
22 42 99
22 43 40
22 44 87
22 45 69
22 46 47
22 47 79
22 48 32
22 49 82
22 50 75
22 51 33
22 52 62
22 53 89
22 54 61
22 55 45
22 56 61
22 57 62
22 58 16
22 59 51
22 60 31
22 61 12
22 62 73
22 63 39
22 64 39
22 65 39
22 66 39
22 67 44
22 68 13
22 69 22
22 70 96
22 71 73
22 72 35
22 73 96
22 74 59
22 75 75
22 76 25
22 77 12
22 78 48
22 79 59
22 80 5
22 81 29
22 82 53
22 83 83
22 84 63
22 85 67
22 86 97
22 87 39
22 88 7
22 89 61
22 90 10
22 91 21
22 92 58
22 93 4
22 94 39
22 95 82
22 96 80
22 97 82
22 98 56
22 99 6
22 100 64
23 0 74
23 1 9
23 2 58
23 3 10
23 4 54
23 5 10
23 6 59
23 7 5
23 8 73
23 9 58
23 10 11
23 11 51
23 12 38
23 13 71
23 14 51
23 15 27
23 16 93
23 17 82
23 18 63
23 19 22
23 20 50
23 21 67
23 22 68
23 24 38
23 25 84
23 26 20
23 27 67
23 28 32
23 29 92
23 30 85
23 31 87
23 32 17
23 33 23
23 34 8
23 35 12
23 36 72
23 37 94
23 38 82
23 39 2
23 40 64
23 41 62
23 42 81
23 43 90
23 44 71
23 45 17
23 46 15
23 47 80
23 48 54
23 49 5
23 50 19
23 51 63
23 52 95
23 53 90
23 54 93
23 55 83
23 56 21
23 57 16
23 58 86
23 59 92
23 60 28
23 61 96
23 62 34
23 63 41
23 64 87
23 65 46
23 66 43
23 67 43
23 68 43
23 69 43
23 70 12
23 71 27
23 72 1
23 73 45
23 74 57
23 75 49
23 76 55
23 77 87
23 78 32
23 79 82
23 80 23
23 81 82
23 82 88
23 83 32
23 84 49
23 85 48
23 86 25
23 87 26
23 88 62
23 89 7
23 90 62
23 91 55
23 92 77
23 93 81
23 94 42
23 95 65
23 96 10
23 97 83
23 98 67
23 99 83
23 100 36
24 0 72
24 1 93
24 2 5
24 3 3
24 4 88
24 5 60
24 6 64
24 7 86
24 8 93
24 9 73
24 10 59
24 11 89
24 12 84
24 13 61
24 14 99
24 15 30
24 16 66
24 17 66
24 18 10
24 19 29
24 20 69
24 21 16
24 22 92
24 23 24
24 25 8
24 26 83
24 27 51
24 28 82
24 29 60
24 30 51
24 31 67
24 32 30
24 33 84
24 34 14
24 35 49
24 36 25
24 37 6
24 38 53
24 39 79
24 40 9
24 41 76
24 42 16
24 43 61
24 44 91
24 45 41
24 46 14
24 47 87
24 48 83
24 49 87
24 50 32
24 51 81
24 52 25
24 53 62
24 54 97
24 55 93
24 56 73
24 57 56
24 58 43
24 59 4
24 60 27
24 61 71
24 62 90
24 63 37
24 64 84
24 65 53
24 66 95
24 67 22
24 68 15
24 69 4
24 70 4
24 71 4
24 72 4
24 73 98
24 74 91
24 75 58
24 76 64
24 77 79
24 78 27
24 79 58
24 80 78
24 81 16
24 82 63
24 83 46
24 84 89
24 85 71
24 86 41
24 87 28
24 88 36
24 89 59
24 90 68
24 91 19
24 92 39
24 93 68
24 94 90
24 95 88
24 96 18
24 97 61
24 98 96
24 99 44
24 100 37
25 0 18
25 1 24
25 2 38
25 3 44
25 4 23
25 5 57
25 6 49
25 7 58
25 8 19
25 9 47
25 10 73
25 11 44
25 12 84
25 13 34
25 14 5
25 15 23
25 16 25
25 17 54
25 18 95
25 19 57
25 20 60
25 21 24
25 22 20
25 23 38
25 24 80
25 26 78
25 27 54
25 28 30
25 29 82
25 30 45
25 31 13
25 32 56
25 33 34
25 34 62
25 35 50
25 36 24
25 37 36
25 38 22
25 39 28
25 40 58
25 41 85
25 42 38
25 43 36
25 44 41
25 45 14
25 46 16
25 47 88
25 48 67
25 49 16
25 50 49
25 51 5
25 52 99
25 53 37
25 54 93
25 55 10
25 56 15
25 57 88
25 58 11
25 59 33
25 60 69
25 61 6
25 62 91
25 63 6
25 64 48
25 65 62
25 66 85
25 67 90
25 68 98
25 69 53
25 70 28
25 71 60
25 72 68
25 73 68
25 74 68
25 75 68
25 76 92
25 77 57
25 78 59
25 79 22
25 80 81
25 81 74
25 82 61
25 83 41
25 84 78
25 85 18
25 86 2
25 87 10
25 88 90
25 89 45
25 90 28
25 91 44
25 92 65
25 93 69
25 94 24
25 95 71
25 96 59
25 97 98
25 98 59
25 99 19
25 100 28
26 0 31
26 1 49
26 2 63
26 3 22
26 4 11
26 5 24
26 6 69
26 7 18
26 8 46
26 9 44
26 10 11
26 11 83
26 12 46
26 13 27
26 14 18
26 15 74
26 16 26
26 17 47
26 18 36
26 19 10
26 20 74
26 21 70
26 22 73
26 23 6
26 24 85
26 25 95
26 27 12
26 28 65
26 29 80
26 30 3
26 31 75
26 32 70
26 33 11
26 34 44
26 35 46
26 36 16
26 37 41
26 38 75
26 39 46
26 40 21
26 41 8
26 42 40
26 43 60
26 44 66
26 45 22
26 46 91
26 47 9
26 48 7
26 49 50
26 50 99
26 51 15
26 52 94
26 53 68
26 54 76
26 55 7
26 56 39
26 57 46
26 58 50
26 59 36
26 60 81
26 61 37
26 62 42
26 63 59
26 64 64
26 65 9
26 66 34
26 67 42
26 68 56
26 69 44
26 70 56
26 71 15
26 72 46
26 73 78
26 74 80
26 75 85
26 76 85
26 77 85
26 78 85
26 79 25
26 80 17
26 81 94
26 82 14
26 83 43
26 84 69
26 85 82
26 86 53
26 87 17
26 88 74
26 89 45
26 90 50
26 91 93
26 92 49
26 93 87
26 94 49
26 95 58
26 96 27
26 97 3
26 98 68
26 99 95
26 100 36
27 0 50
27 1 97
27 2 53
27 3 15
27 4 52
27 5 60
27 6 86
27 7 58
27 8 39
27 9 53
27 10 62
27 11 71
27 12 76
27 13 51
27 14 73
27 15 13
27 16 19
27 17 97
27 18 17
27 19 14
27 20 70
27 21 84
27 22 13
27 23 13
27 24 25
27 25 4
27 26 41
27 28 11
27 29 46
27 30 16
27 31 24
27 32 15
27 33 58
27 34 92
27 35 49
27 36 7
27 37 78
27 38 12
27 39 95
27 40 27
27 41 25
27 42 58
27 43 24
27 44 27
27 45 25
27 46 43
27 47 83
27 48 23
27 49 87
27 50 91
27 51 7
27 52 15
27 53 31
27 54 65
27 55 91
27 56 82
27 57 97
27 58 25
27 59 36
27 60 95
27 61 99
27 62 56
27 63 27
27 64 1
27 65 53
27 66 63
27 67 90
27 68 55
27 69 35
27 70 45
27 71 87
27 72 86
27 73 55
27 74 61
27 75 58
27 76 34
27 77 89
27 78 34
27 79 34
27 80 34
27 81 34
27 82 4
27 83 59
27 84 55
27 85 40
27 86 11
27 87 38
27 88 75
27 89 53
27 90 23
27 91 91
27 92 33
27 93 39
27 94 23
27 95 61
27 96 95
27 97 1
27 98 22
27 99 87
27 100 62
28 0 25
28 1 63
28 2 57
28 3 35
28 4 40
28 5 43
28 6 47
28 7 87
28 8 50
28 9 70
28 10 78
28 11 17
28 12 92
28 13 58
28 14 86
28 15 25
28 16 4
28 17 46
28 18 42
28 19 34
28 20 12
28 21 85
28 22 60
28 23 31
28 24 67
28 25 13
28 26 64
28 27 30
28 29 45
28 30 96
28 31 68
28 32 49
28 33 56
28 34 12
28 35 78
28 36 86
28 37 86
28 38 31
28 39 3
28 40 70
28 41 12
28 42 1
28 43 24
28 44 52
28 45 54
28 46 78
28 47 10
28 48 56
28 49 16
28 50 65
28 51 30
28 52 11
28 53 63
28 54 73
28 55 23
28 56 82
28 57 39
28 58 78
28 59 42
28 60 31
28 61 47
28 62 22
28 63 64
28 64 1
28 65 14
28 66 13
28 67 18
28 68 4
28 69 74
28 70 41
28 71 1
28 72 73
28 73 78
28 74 50
28 75 52
28 76 62
28 77 68
28 78 92
28 79 86
28 80 49
28 81 28
28 82 28
28 83 28
28 84 28
28 85 99
28 86 52
28 87 77
28 88 34
28 89 79
28 90 52
28 91 32
28 92 34
28 93 48
28 94 88
28 95 41
28 96 76
28 97 96
28 98 13
28 99 4
28 100 75
29 0 1
29 1 89
29 2 12
29 3 17
29 4 97
29 5 44
29 6 56
29 7 75
29 8 72
29 9 72
29 10 78
29 11 74
29 12 42
29 13 30
29 14 77
29 15 53
29 16 25
29 17 47
29 18 1
29 19 68
29 20 71
29 21 60
29 22 90
29 23 72
29 24 27
29 25 4
29 26 57
29 27 76
29 28 22
29 30 82
29 31 1
29 32 83
29 33 22
29 34 58
29 35 66
29 36 47
29 37 58
29 38 57
29 39 84
29 40 83
29 41 56
29 42 96
29 43 50
29 44 28
29 45 71
29 46 25
29 47 51
29 48 35
29 49 98
29 50 51
29 51 96
29 52 99
29 53 55
29 54 78
29 55 28
29 56 83
29 57 11
29 58 71
29 59 37
29 60 76
29 61 41
29 62 44
29 63 1
29 64 47
29 65 35
29 66 92
29 67 93
29 68 3
29 69 65
29 70 25
29 71 84
29 72 41
29 73 75
29 74 72
29 75 55
29 76 88
29 77 99
29 78 26
29 79 35
29 80 97
29 81 38
29 82 31
29 83 21
29 84 4
29 85 4
29 86 4
29 87 4
29 88 84
29 89 19
29 90 54
29 91 99
29 92 86
29 93 43
29 94 58
29 95 66
29 96 3
29 97 10
29 98 81
29 99 38
29 100 53
30 0 25
30 1 84
30 2 22
30 3 66
30 4 14
30 5 40
30 6 11
30 7 17
30 8 79
30 9 55
30 10 63
30 11 85
30 12 46
30 13 62
30 14 26
30 15 82
30 16 37
30 17 97
30 18 17
30 19 1
30 20 3
30 21 39
30 22 29
30 23 53
30 24 8
30 25 46
30 26 87
30 27 61
30 28 85
30 29 28
30 31 38
30 32 25
30 33 70
30 34 83
30 35 92
30 36 73
30 37 5
30 38 76
30 39 13
30 40 66
30 41 21
30 42 16
30 43 89
30 44 81
30 45 53
30 46 38
30 47 95
30 48 90
30 49 75
30 50 17
30 51 62
30 52 74
30 53 85
30 54 96
30 55 66
30 56 40
30 57 71
30 58 52
30 59 35
30 60 2
30 61 49
30 62 31
30 63 42
30 64 4
30 65 99
30 66 54
30 67 84
30 68 29
30 69 11
30 70 24
30 71 97
30 72 47
30 73 37
30 74 50
30 75 24
30 76 76
30 77 26
30 78 13
30 79 38
30 80 72
30 81 94
30 82 72
30 83 45
30 84 1
30 85 15
30 86 55
30 87 56
30 88 56
30 89 56
30 90 56
30 91 21
30 92 5
30 93 23
30 94 65
30 95 41
30 96 80
30 97 74
30 98 33
30 99 99
30 100 59
31 0 66
31 1 24
31 2 26
31 3 52
31 4 13
31 5 49
31 6 14
31 7 49
31 8 2
31 9 45
31 10 11
31 11 89
31 12 62
31 13 8
31 14 82
31 15 69
31 16 83
31 17 13
31 18 1
31 19 25
31 20 12
31 21 42
31 22 45
31 23 72
31 24 91
31 25 71
31 26 15
31 27 18
31 28 41
31 29 17
31 30 17
31 32 29
31 33 4
31 34 83
31 35 84
31 36 68
31 37 95
31 38 52
31 39 19
31 40 89
31 41 87
31 42 88
31 43 86
31 44 97
31 45 66
31 46 54
31 47 31
31 48 67
31 49 42
31 50 66
31 51 57
31 52 7
31 53 80
31 54 33
31 55 74
31 56 78
31 57 75
31 58 31
31 59 32
31 60 60
31 61 7
31 62 55
31 63 34
31 64 2
31 65 68
31 66 87
31 67 91
31 68 29
31 69 61
31 70 77
31 71 84
31 72 74
31 73 81
31 74 31
31 75 61
31 76 82
31 77 75
31 78 25
31 79 1
31 80 83
31 81 29
31 82 37
31 83 13
31 84 37
31 85 6
31 86 22
31 87 81
31 88 7
31 89 66
31 90 75
31 91 75
31 92 75
31 93 75
31 94 27
31 95 33
31 96 68
31 97 57
31 98 47
31 99 69
31 100 27
32 0 11
32 1 96
32 2 11
32 3 50
32 4 53
32 5 50
32 6 24
32 7 13
32 8 57
32 9 46
32 10 30
32 11 43
32 12 75
32 13 23
32 14 55
32 15 39
32 16 49
32 17 16
32 18 46
32 19 35
32 20 69
32 21 35
32 22 64
32 23 43
32 24 29
32 25 17
32 26 72
32 27 51
32 28 11
32 29 44
32 30 81
32 31 48
32 33 56
32 34 68
32 35 25
32 36 54
32 37 98
32 38 93
32 39 95
32 40 48
32 41 18
32 42 17
32 43 7
32 44 71
32 45 19
32 46 66
32 47 32
32 48 14
32 49 86
32 50 38
32 51 79
32 52 95
32 53 80
32 54 80
32 55 99
32 56 32
32 57 13
32 58 58
32 59 9
32 60 25
32 61 8
32 62 72
32 63 51
32 64 55
32 65 54
32 66 7
32 67 50
32 68 48
32 69 45
32 70 73
32 71 49
32 72 16
32 73 49
32 74 48
32 75 8
32 76 60
32 77 44
32 78 15
32 79 10
32 80 22
32 81 80
32 82 66
32 83 30
32 84 41
32 85 2
32 86 35
32 87 20
32 88 50
32 89 50
32 90 92
32 91 13
32 92 4
32 93 71
32 94 71
32 95 71
32 96 71
32 97 42
32 98 67
32 99 95
32 100 84
33 0 36
33 1 7
33 2 44
33 3 68
33 4 38
33 5 66
33 6 30
33 7 83
33 8 85
33 9 34
33 10 85
33 11 87
33 12 41
33 13 6
33 14 17
33 15 48
33 16 72
33 17 26
33 18 48
33 19 24
33 20 46
33 21 83
33 22 47
33 23 94
33 24 30
33 25 67
33 26 26
33 27 96
33 28 12
33 29 17
33 30 92
33 31 70
33 32 69
33 34 11
33 35 80
33 36 37
33 37 88
33 38 21
33 39 80
33 40 51
33 41 48
33 42 87
33 43 86
33 44 74
33 45 88
33 46 66
33 47 8
33 48 5
33 49 49
33 50 86
33 51 47
33 52 84
33 53 98
33 54 69
33 55 47
33 56 29
33 57 55
33 58 21
33 59 27
33 60 91
33 61 59
33 62 99
33 63 8
33 64 60
33 65 2
33 66 39
33 67 77
33 68 90
33 69 68
33 70 63
33 71 87
33 72 65
33 73 79
33 74 15
33 75 31
33 76 65
33 77 25
33 78 22
33 79 58
33 80 47
33 81 22
33 82 27
33 83 33
33 84 91
33 85 14
33 86 49
33 87 29
33 88 83
33 89 20
33 90 83
33 91 55
33 92 2
33 93 53
33 94 6
33 95 30
33 96 38
33 97 38
33 98 38
33 99 38
33 100 64
34 0 44
34 1 23
34 2 78
34 3 23
34 4 15
34 5 22
34 6 1
34 7 75
34 8 6
34 9 87
34 10 63
34 11 41
34 12 74
34 13 92
34 14 23
34 15 80
34 16 16
34 17 34
34 18 96
34 19 88
34 20 7
34 21 11
34 22 18
34 23 18
34 24 97
34 25 93
34 26 65
34 27 82
34 28 47
34 29 34
34 30 62
34 31 79
34 32 53
34 33 72
34 35 16
34 36 85
34 37 2
34 38 85
34 39 33
34 40 33
34 41 65
34 42 85
34 43 57
34 44 56
34 45 20
34 46 8
34 47 9
34 48 52
34 49 14
34 50 65
34 51 5
34 52 85
34 53 79
34 54 92
34 55 94
34 56 64
34 57 36
34 58 12
34 59 21
34 60 16
34 61 34
34 62 16
34 63 94
34 64 51
34 65 80
34 66 31
34 67 17
34 68 10
34 69 42
34 70 98
34 71 23
34 72 58
34 73 40
34 74 13
34 75 41
34 76 46
34 77 61
34 78 78
34 79 99
34 80 52
34 81 15
34 82 55
34 83 12
34 84 18
34 85 61
34 86 36
34 87 69
34 88 95
34 89 23
34 90 28
34 91 88
34 92 64
34 93 52
34 94 28
34 95 7
34 96 39
34 97 23
34 98 11
34 99 19
34 100 19
35 0 19
35 1 19
35 2 3
35 3 32
35 4 93
35 5 20
35 6 24
35 7 66
35 8 89
35 9 39
35 10 88
35 11 57
35 12 30
35 13 24
35 14 8
35 15 40
35 16 62
35 17 13
35 18 5
35 19 67
35 20 14
35 21 97
35 22 19
35 23 45
35 24 80
35 25 63
35 26 89
35 27 3
35 28 15
35 29 28
35 30 85
35 31 20
35 32 14
35 33 49
35 34 38
35 36 7
35 37 66
35 38 13
35 39 44
35 40 5
35 41 44
35 42 32
35 43 37
35 44 13
35 45 13
35 46 94
35 47 92
35 48 88
35 49 18
35 50 91
35 51 3
35 52 89
35 53 47
35 54 56
35 55 92
35 56 44
35 57 12
35 58 62
35 59 72
35 60 43
35 61 5
35 62 80
35 63 44
35 64 8
35 65 3
35 66 45
35 67 94
35 68 44
35 69 96
35 70 99
35 71 64
35 72 19
35 73 57
35 74 15
35 75 24
35 76 14
35 77 34
35 78 51
35 79 17
35 80 24
35 81 16
35 82 60
35 83 63
35 84 69
35 85 45
35 86 89
35 87 80
35 88 76
35 89 64
35 90 25
35 91 58
35 92 96
35 93 75
35 94 90
35 95 19
35 96 41
35 97 71
35 98 64
35 99 93
35 100 60
36 0 98
36 1 20
36 2 20
36 3 20
36 4 20
36 5 40
36 6 77
36 7 55
36 8 61
36 9 67
36 10 98
36 11 98
36 12 27
36 13 95
36 14 78
36 15 78
36 16 22
36 17 99
36 18 46
36 19 52
36 20 65
36 21 27
36 22 23
36 23 92
36 24 22
36 25 12
36 26 85
36 27 51
36 28 96
36 29 17
36 30 75
36 31 45
36 32 46
36 33 7
36 34 98
36 35 88
36 37 63
36 38 86
36 39 7
36 40 31
36 41 41
36 42 38
36 43 76
36 44 72
36 45 94
36 46 25
36 47 97
36 48 20
36 49 66
36 50 57
36 51 40
36 52 97
36 53 45
36 54 60
36 55 54
36 56 40
36 57 88
36 58 75
36 59 92
36 60 68
36 61 99
36 62 77
36 63 75
36 64 97
36 65 60
36 66 8
36 67 47
36 68 59
36 69 1
36 70 24
36 71 73
36 72 44
36 73 91
36 74 15
36 75 58
36 76 41
36 77 2
36 78 18
36 79 3
36 80 91
36 81 59
36 82 6
36 83 95
36 84 3
36 85 84
36 86 80
36 87 12
36 88 92
36 89 61
36 90 98
36 91 81
36 92 69
36 93 74
36 94 37
36 95 15
36 96 27
36 97 5
36 98 62
36 99 91
36 100 68
37 0 7
37 1 22
37 2 63
37 3 28
37 4 50
37 5 50
37 6 50
37 7 50
37 8 22
37 9 82
37 10 79
37 11 14
37 12 42
37 13 86
37 14 66
37 15 9
37 16 9
37 17 94
37 18 98
37 19 41
37 20 27
37 21 48
37 22 45
37 23 72
37 24 77
37 25 92
37 26 4
37 27 62
37 28 14
37 29 98
37 30 67
37 31 86
37 32 62
37 33 35
37 34 66
37 35 42
37 36 86
37 38 63
37 39 69
37 40 18
37 41 26
37 42 72
37 43 39
37 44 59
37 45 64
37 46 35
37 47 18
37 48 43
37 49 52
37 50 87
37 51 38
37 52 29
37 53 81
37 54 65
37 55 28
37 56 99
37 57 14
37 58 34
37 59 81
37 60 24
37 61 88
37 62 83
37 63 19
37 64 34
37 65 79
37 66 22
37 67 83
37 68 65
37 69 86
37 70 37
37 71 49
37 72 54
37 73 10
37 74 80
37 75 2
37 76 21
37 77 13
37 78 8
37 79 23
37 80 42
37 81 34
37 82 42
37 83 28
37 84 54
37 85 54
37 86 60
37 87 45
37 88 9
37 89 40
37 90 25
37 91 35
37 92 18
37 93 54
37 94 77
37 95 54
37 96 90
37 97 63
37 98 61
37 99 67
37 100 21
38 0 72
38 1 58
38 2 98
38 3 22
38 4 8
38 5 4
38 6 89
38 7 29
38 8 29
38 9 29
38 10 29
38 11 8
38 12 41
38 13 69
38 14 38
38 15 4
38 16 18
38 17 79
38 18 43
38 19 19
38 20 67
38 21 83
38 22 69
38 23 21
38 24 67
38 25 1
38 26 36
38 27 82
38 28 45
38 29 40
38 30 43
38 31 84
38 32 96
38 33 55
38 34 98
38 35 12
38 36 67
38 37 42
38 39 14
38 40 14
38 41 2
38 42 5
38 43 15
38 44 42
38 45 13
38 46 17
38 47 64
38 48 60
38 49 26
38 50 88
38 51 94
38 52 25
38 53 29
38 54 8
38 55 28
38 56 56
38 57 38
38 58 48
38 59 42
38 60 37
38 61 44
38 62 19
38 63 80
38 64 10
38 65 73
38 66 91
38 67 85
38 68 97
38 69 22
38 70 53
38 71 11
38 72 94
38 73 61
38 74 8
38 75 93
38 76 97
38 77 90
38 78 74
38 79 60
38 80 26
38 81 3
38 82 43
38 83 91
38 84 57
38 85 11
38 86 57
38 87 86
38 88 75
38 89 3
38 90 78
38 91 63
38 92 17
38 93 18
38 94 14
38 95 92
38 96 9
38 97 44
38 98 91
38 99 94
38 100 25
39 0 62
39 1 45
39 2 67
39 3 6
39 4 29
39 5 83
39 6 60
39 7 72
39 8 10
39 9 50
39 10 9
39 11 9
39 12 9
39 13 9
39 14 52
39 15 19
39 16 99
39 17 69
39 18 49
39 19 98
39 20 36
39 21 30
39 22 33
39 23 37
39 24 71
39 25 76
39 26 29
39 27 51
39 28 64
39 29 33
39 30 76
39 31 29
39 32 85
39 33 50
39 34 60
39 35 2
39 36 5
39 37 5
39 38 79
39 40 25
39 41 98
39 42 58
39 43 23
39 44 82
39 45 47
39 46 99
39 47 21
39 48 56
39 49 82
39 50 56
39 51 66
39 52 76
39 53 7
39 54 29
39 55 94
39 56 32
39 57 95
39 58 81
39 59 62
39 60 93
39 61 20
39 62 70
39 63 27
39 64 40
39 65 97
39 66 39
39 67 8
39 68 69
39 69 89
39 70 20
39 71 12
39 72 33
39 73 71
39 74 80
39 75 11
39 76 61
39 77 33
39 78 81
39 79 82
39 80 81
39 81 80
39 82 44
39 83 38
39 84 22
39 85 86
39 86 14
39 87 60
39 88 76
39 89 1
39 90 17
39 91 31
39 92 76
39 93 31
39 94 32
39 95 89
39 96 52
39 97 15
39 98 21
39 99 49
39 100 42
40 0 13
40 1 56
40 2 71
40 3 23
40 4 10
40 5 2
40 6 31
40 7 72
40 8 48
40 9 52
40 10 12
40 11 97
40 12 8
40 13 61
40 14 61
40 15 61
40 16 61
40 17 4
40 18 1
40 19 35
40 20 60
40 21 24
40 22 31
40 23 69
40 24 98
40 25 12
40 26 81
40 27 7
40 28 11
40 29 65
40 30 11
40 31 12
40 32 54
40 33 84
40 34 17
40 35 79
40 36 36
40 37 85
40 38 91
40 39 66
40 41 39
40 42 23
40 43 50
40 44 94
40 45 46
40 46 45
40 47 34
40 48 13
40 49 14
40 50 57
40 51 49
40 52 1
40 53 90
40 54 12
40 55 30
40 56 44
40 57 4
40 58 55
40 59 5
40 60 17
40 61 35
40 62 44
40 63 78
40 64 15
40 65 24
40 66 92
40 67 90
40 68 55
40 69 10
40 70 72
40 71 54
40 72 40
40 73 94
40 74 78
40 75 83
40 76 20
40 77 45
40 78 71
40 79 67
40 80 58
40 81 56
40 82 85
40 83 4
40 84 65
40 85 63
40 86 85
40 87 23
40 88 64
40 89 51
40 90 74
40 91 59
40 92 46
40 93 11
40 94 78
40 95 79
40 96 61
40 97 98
40 98 42
40 99 31
40 100 31
41 0 5
41 1 48
41 2 36
41 3 31
41 4 37
41 5 87
41 6 66
41 7 67
41 8 46
41 9 68
41 10 19
41 11 47
41 12 31
41 13 29
41 14 34
41 15 34
41 16 91
41 17 91
41 18 91
41 19 91
41 20 85
41 21 16
41 22 53
41 23 92
41 24 96
41 25 52
41 26 80
41 27 70
41 28 12
41 29 64
41 30 84
41 31 8
41 32 47
41 33 66
41 34 18
41 35 62
41 36 48
41 37 65
41 38 42
41 39 15
41 40 20
41 42 83
41 43 61
41 44 99
41 45 60
41 46 64
41 47 98
41 48 99
41 49 11
41 50 83
41 51 77
41 52 41
41 53 54
41 54 25
41 55 77
41 56 86
41 57 88
41 58 85
41 59 19
41 60 92
41 61 82
41 62 84
41 63 47
41 64 66
41 65 4
41 66 12
41 67 35
41 68 10
41 69 1
41 70 31
41 71 15
41 72 47
41 73 99
41 74 95
41 75 99
41 76 98
41 77 13
41 78 38
41 79 57
41 80 62
41 81 55
41 82 50
41 83 24
41 84 85
41 85 27
41 86 81
41 87 41
41 88 64
41 89 33
41 90 99
41 91 95
41 92 52
41 93 72
41 94 23
41 95 82
41 96 94
41 97 96
41 98 7
41 99 26
41 100 78
42 0 16
42 1 11
42 2 23
42 3 40
42 4 47
42 5 63
42 6 65
42 7 11
42 8 57
42 9 99
42 10 91
42 11 36
42 12 78
42 13 86
42 14 23
42 15 73
42 16 89
42 17 43
42 18 94
42 19 90
42 20 90
42 21 90
42 22 90
42 23 82
42 24 46
42 25 98
42 26 85
42 27 29
42 28 49
42 29 20
42 30 94
42 31 92
42 32 42
42 33 81
42 34 36
42 35 96
42 36 41
42 37 16
42 38 95
42 39 14
42 40 27
42 41 20
42 43 18
42 44 98
42 45 90
42 46 24
42 47 46
42 48 21
42 49 17
42 50 12
42 51 37
42 52 44
42 53 50
42 54 35
42 55 89
42 56 77
42 57 22
42 58 62
42 59 62
42 60 23
42 61 56
42 62 40
42 63 97
42 64 72
42 65 3
42 66 19
42 67 1
42 68 15
42 69 29
42 70 73
42 71 85
42 72 84
42 73 41
42 74 75
42 75 23
42 76 93
42 77 70
42 78 66
42 79 63
42 80 45
42 81 45
42 82 15
42 83 92
42 84 25
42 85 47
42 86 7
42 87 5
42 88 39
42 89 55
42 90 55
42 91 99
42 92 18
42 93 37
42 94 68
42 95 62
42 96 43
42 97 45
42 98 26
42 99 35
42 100 29
43 0 26
43 1 44
43 2 88
43 3 21
43 4 11
43 5 4
43 6 53
43 7 71
43 8 4
43 9 50
43 10 34
43 11 49
43 12 39
43 13 84
43 14 56
43 15 26
43 16 54
43 17 61
43 18 77
43 19 40
43 20 32
43 21 42
43 22 45
43 23 45
43 24 45
43 25 45
43 26 68
43 27 45
43 28 36
43 29 62
43 30 53
43 31 12
43 32 15
43 33 21
43 34 53
43 35 72
43 36 25
43 37 50
43 38 34
43 39 87
43 40 57
43 41 79
43 42 31
43 44 26
43 45 61
43 46 24
43 47 9
43 48 54
43 49 62
43 50 6
43 51 44
43 52 17
43 53 97
43 54 76
43 55 40
43 56 52
43 57 17
43 58 47
43 59 75
43 60 66
43 61 40
43 62 6
43 63 7
43 64 54
43 65 61
43 66 17
43 67 43
43 68 5
43 69 16
43 70 57
43 71 36
43 72 17
43 73 16
43 74 60
43 75 42
43 76 14
43 77 67
43 78 45
43 79 59
43 80 81
43 81 59
43 82 56
43 83 39
43 84 37
43 85 3
43 86 68
43 87 31
43 88 36
43 89 26
43 90 30
43 91 98
43 92 41
43 93 82
43 94 63
43 95 88
43 96 17
43 97 39
43 98 31
43 99 68
43 100 31
44 0 75
44 1 83
44 2 35
44 3 21
44 4 40
44 5 64
44 6 81
44 7 52
44 8 96
44 9 84
44 10 25
44 11 70
44 12 60
44 13 57
44 14 5
44 15 94
44 16 8
44 17 94
44 18 21
44 19 47
44 20 78
44 21 16
44 22 26
44 23 64
44 24 88
44 25 21
44 26 21
44 27 21
44 28 21
44 29 77
44 30 23
44 31 45
44 32 51
44 33 19
44 34 85
44 35 27
44 36 88
44 37 88
44 38 46
44 39 11
44 40 65
44 41 33
44 42 47
44 43 81
44 45 44
44 46 64
44 47 8
44 48 39
44 49 77
44 50 47
44 51 94
44 52 9
44 53 69
44 54 67
44 55 26
44 56 25
44 57 48
44 58 49
44 59 99
44 60 13
44 61 42
44 62 57
44 63 29
44 64 47
44 65 36
44 66 93
44 67 45
44 68 55
44 69 19
44 70 83
44 71 95
44 72 86
44 73 89
44 74 42
44 75 16
44 76 74
44 77 80
44 78 36
44 79 92
44 80 65
44 81 84
44 82 46
44 83 6
44 84 36
44 85 65
44 86 84
44 87 12
44 88 23
44 89 71
44 90 54
44 91 94
44 92 96
44 93 7
44 94 97
44 95 3
44 96 70
44 97 93
44 98 75
44 99 89
44 100 21
45 0 33
45 1 7
45 2 7
45 3 54
45 4 87
45 5 69
45 6 88
45 7 37
45 8 10
45 9 56
45 10 53
45 11 56
45 12 29
45 13 43
45 14 63
45 15 61
45 16 15
45 17 9
45 18 32
45 19 57
45 20 48
45 21 80
45 22 59
45 23 80
45 24 94
45 25 46
45 26 10
45 27 88
45 28 99
45 29 99
45 30 99
45 31 99
45 32 74
45 33 12
45 34 9
45 35 70
45 36 8
45 37 81
45 38 73
45 39 85
45 40 18
45 41 10
45 42 40
45 43 56
45 44 88
45 46 49
45 47 50
45 48 15
45 49 84
45 50 36
45 51 51
45 52 34
45 53 45
45 54 67
45 55 58
45 56 76
45 57 77
45 58 92
45 59 76
45 60 61
45 61 32
45 62 26
45 63 9
45 64 10
45 65 86
45 66 32
45 67 75
45 68 26
45 69 7
45 70 75
45 71 8
45 72 31
45 73 33
45 74 90
45 75 69
45 76 4
45 77 35
45 78 55
45 79 80
45 80 96
45 81 57
45 82 97
45 83 10
45 84 70
45 85 98
45 86 75
45 87 77
45 88 20
45 89 82
45 90 95
45 91 73
45 92 86
45 93 4
45 94 87
45 95 68
45 96 70
45 97 69
45 98 22
45 99 13
45 100 34
46 0 81
46 1 52
46 2 61
46 3 28
46 4 44
46 5 61
46 6 16
46 7 91
46 8 11
46 9 69
46 10 89
46 11 29
46 12 39
46 13 25
46 14 57
46 15 72
46 16 47
46 17 7
46 18 34
46 19 83
46 20 4
46 21 84
46 22 71
46 23 11
46 24 76
46 25 87
46 26 13
46 27 87
46 28 90
46 29 10
46 30 86
46 31 41
46 32 41
46 33 41
46 34 41
46 35 73
46 36 70
46 37 37
46 38 14
46 39 48
46 40 43
46 41 88
46 42 59
46 43 17
46 44 22
46 45 46
46 47 36
46 48 30
46 49 48
46 50 61
46 51 72
46 52 80
46 53 3
46 54 55
46 55 99
46 56 61
46 57 91
46 58 9
46 59 11
46 60 38
46 61 15
46 62 57
46 63 76
46 64 1
46 65 4
46 66 34
46 67 21
46 68 10
46 69 42
46 70 93
46 71 91
46 72 98
46 73 14
46 74 58
46 75 62
46 76 36
46 77 37
46 78 4
46 79 25
46 80 21
46 81 90
46 82 4
46 83 71
46 84 8
46 85 56
46 86 69
46 87 5
46 88 18
46 89 36
46 90 73
46 91 93
46 92 70
46 93 23
46 94 17
46 95 35
46 96 88
46 97 82
46 98 97
46 99 91
46 100 93
47 0 83
47 1 8
47 2 67
47 3 57
47 4 50
47 5 72
47 6 2
47 7 37
47 8 71
47 9 44
47 10 64
47 11 77
47 12 70
47 13 42
47 14 98
47 15 83
47 16 89
47 17 67
47 18 4
47 19 79
47 20 85
47 21 44
47 22 33
47 23 69
47 24 77
47 25 68
47 26 56
47 27 93
47 28 86
47 29 44
47 30 88
47 31 7
47 32 51
47 33 25
47 34 24
47 35 24
47 36 24
47 37 24
47 38 87
47 39 44
47 40 8
47 41 30
47 42 19
47 43 29
47 44 77
47 45 54
47 46 61
47 48 20
47 49 43
47 50 62
47 51 9
47 52 32
47 53 37
47 54 12
47 55 30
47 56 92
47 57 7
47 58 29
47 59 72
47 60 81
47 61 4
47 62 23
47 63 64
47 64 73
47 65 29
47 66 8
47 67 95
47 68 94
47 69 7
47 70 34
47 71 29
47 72 28
47 73 1
47 74 60
47 75 73
47 76 28
47 77 58
47 78 55
47 79 14
47 80 17
47 81 73
47 82 25
47 83 39
47 84 27
47 85 17
47 86 32
47 87 16
47 88 42
47 89 31
47 90 48
47 91 87
47 92 68
47 93 7
47 94 11
47 95 78
47 96 73
47 97 5
47 98 98
47 99 32
47 100 62
48 0 53
48 1 9
48 2 4
48 3 28
48 4 16
48 5 62
48 6 49
48 7 39
48 8 97
48 9 29
48 10 96
48 11 9
48 12 34
48 13 62
48 14 43
48 15 96
48 16 43
48 17 26
48 18 43
48 19 48
48 20 16
48 21 52
48 22 32
48 23 21
48 24 16
48 25 13
48 26 47
48 27 90
48 28 72
48 29 29
48 30 45
48 31 38
48 32 41
48 33 5
48 34 52
48 35 50
48 36 27
48 37 41
48 38 41
48 39 41
48 40 41
48 41 19
48 42 84
48 43 92
48 44 1
48 45 7
48 46 68
48 47 15
48 49 46
48 50 26
48 51 85
48 52 18
48 53 5
48 54 35
48 55 36
48 56 47
48 57 88
48 58 46
48 59 70
48 60 57
48 61 13
48 62 99
48 63 8
48 64 60
48 65 63
48 66 24
48 67 99
48 68 90
48 69 62
48 70 80
48 71 78
48 72 54
48 73 13
48 74 39
48 75 34
48 76 20
48 77 65
48 78 55
48 79 94
48 80 94
48 81 2
48 82 29
48 83 60
48 84 66
48 85 32
48 86 82
48 87 23
48 88 15
48 89 49
48 90 27
48 91 84
48 92 53
48 93 80
48 94 44
48 95 61
48 96 80
48 97 21
48 98 71
48 99 6
48 100 52
49 0 13
49 1 61
49 2 6
49 3 20
49 4 11
49 5 33
49 6 88
49 7 85
49 8 55
49 9 9
49 10 67
49 11 17
49 12 77
49 13 32
49 14 76
49 15 77
49 16 82
49 17 24
49 18 19
49 19 99
49 20 96
49 21 36
49 22 52
49 23 66
49 24 48
49 25 16
49 26 44
49 27 66
49 28 18
49 29 29
49 30 85
49 31 52
49 32 5
49 33 74
49 34 43
49 35 49
49 36 74
49 37 8
49 38 53
49 39 54
49 40 71
49 41 71
49 42 71
49 43 71
49 44 90
49 45 62
49 46 83
49 47 73
49 48 32
49 50 6
49 51 56
49 52 41
49 53 92
49 54 26
49 55 43
49 56 72
49 57 91
49 58 37
49 59 18
49 60 82
49 61 28
49 62 91
49 63 17
49 64 21
49 65 75
49 66 54
49 67 44
49 68 81
49 69 97
49 70 79
49 71 83
49 72 50
49 73 73
49 74 88
49 75 38
49 76 41
49 77 22
49 78 69
49 79 71
49 80 54
49 81 9
49 82 39
49 83 64
49 84 86
49 85 62
49 86 2
49 87 25
49 88 19
49 89 81
49 90 54
49 91 83
49 92 60
49 93 52
49 94 35
49 95 5
49 96 14
49 97 12
49 98 74
49 99 98
49 100 89
50 0 36
50 1 57
50 2 49
50 3 13
50 4 18
50 5 60
50 6 48
50 7 94
50 8 87
50 9 55
50 10 11
50 11 35
50 12 67
50 13 22
50 14 99
50 15 24
50 16 15
50 17 47
50 18 50
50 19 33
50 20 13
50 21 1
50 22 67
50 23 49
50 24 52
50 25 64
50 26 21
50 27 41
50 28 48
50 29 53
50 30 95
50 31 80
50 32 92
50 33 71
50 34 6
50 35 43
50 36 5
50 37 64
50 38 69
50 39 60
50 40 15
50 41 63
50 42 91
50 43 24
50 44 24
50 45 24
50 46 24
50 47 64
50 48 12
50 49 33
50 51 70
50 52 56
50 53 58
50 54 57
50 55 95
50 56 89
50 57 47
50 58 97
50 59 96
50 60 87
50 61 38
50 62 21
50 63 38
50 64 1
50 65 85
50 66 28
50 67 51
50 68 65
50 69 54
50 70 31
50 71 46
50 72 66
50 73 61
50 74 82
50 75 46
50 76 48
50 77 14
50 78 41
50 79 3
50 80 51
50 81 19
50 82 69
50 83 36
50 84 46
50 85 40
50 86 57
50 87 54
50 88 91
50 89 23
50 90 32
50 91 88
50 92 63
50 93 79
50 94 88
50 95 13
50 96 24
50 97 23
50 98 48
50 99 99
50 100 35
51 0 69
51 1 23
51 2 69
51 3 56
51 4 46
51 5 17
51 6 95
51 7 38
51 8 61
51 9 26
51 10 70
51 11 20
51 12 80
51 13 87
51 14 35
51 15 97
51 16 38
51 17 18
51 18 57
51 19 44
51 20 57
51 21 70
51 22 31
51 23 54
51 24 53
51 25 70
51 26 52
51 27 22
51 28 80
51 29 69
51 30 42
51 31 77
51 32 89
51 33 48
51 34 27
51 35 12
51 36 63
51 37 53
51 38 8
51 39 91
51 40 54
51 41 33
51 42 50
51 43 72
51 44 55
51 45 31
51 46 95
51 47 95
51 48 95
51 49 95
51 50 17
51 52 90
51 53 25
51 54 26
51 55 60
51 56 12
51 57 59
51 58 78
51 59 20
51 60 82
51 61 12
51 62 41
51 63 15
51 64 11
51 65 90
51 66 88
51 67 91
51 68 27
51 69 21
51 70 79
51 71 91
51 72 43
51 73 66
51 74 22
51 75 80
51 76 73
51 77 47
51 78 21
51 79 56
51 80 83
51 81 69
51 82 89
51 83 13
51 84 87
51 85 24
51 86 53
51 87 63
51 88 80
51 89 49
51 90 74
51 91 78
51 92 13
51 93 71
51 94 99
51 95 76
51 96 64
51 97 96
51 98 83
51 99 43
51 100 89
52 0 99
52 1 41
52 2 23
52 3 38
52 4 57
52 5 97
52 6 41
52 7 86
52 8 39
52 9 47
52 10 25
52 11 54
52 12 31
52 13 11
52 14 63
52 15 88
52 16 67
52 17 8
52 18 88
52 19 1
52 20 59
52 21 82
52 22 69
52 23 29
52 24 65
52 25 47
52 26 78
52 27 98
52 28 36
52 29 81
52 30 16
52 31 74
52 32 25
52 33 96
52 34 73
52 35 14
52 36 33
52 37 82
52 38 29
52 39 55
52 40 66
52 41 54
52 42 20
52 43 7
52 44 41
52 45 28
52 46 75
52 47 99
52 48 58
52 49 51
52 50 51
52 51 51
52 53 51
52 54 15
52 55 13
52 56 71
52 57 89
52 58 2
52 59 66
52 60 55
52 61 87
52 62 64
52 63 16
52 64 96
52 65 87
52 66 74
52 67 97
52 68 74
52 69 21
52 70 19
52 71 21
52 72 75
52 73 78
52 74 76
52 75 28
52 76 55
52 77 65
52 78 91
52 79 82
52 80 80
52 81 6
52 82 57
52 83 27
52 84 67
52 85 17
52 86 81
52 87 79
52 88 18
52 89 87
52 90 48
52 91 22
52 92 36
52 93 2
52 94 52
52 95 41
52 96 91
52 97 91
52 98 70
52 99 50
52 100 18
53 0 41
53 1 5
53 2 51
53 3 73
53 4 97
53 5 23
53 6 56
53 7 81
53 8 15
53 9 18
53 10 90
53 11 54
53 12 16
53 13 80
53 14 19
53 15 13
53 16 3
53 17 97
53 18 91
53 19 26
53 20 59
53 21 40
53 22 55
53 23 82
53 24 63
53 25 40
53 26 48
53 27 91
53 28 70
53 29 47
53 30 14
53 31 42
53 32 46
53 33 70
53 34 1
53 35 87
53 36 82
53 37 42
53 38 27
53 39 23
53 40 9
53 41 37
53 42 55
53 43 99
53 44 84
53 45 93
53 46 52
53 47 12
53 48 85
53 49 42
53 50 14
53 51 49
53 52 4
53 54 4
53 55 4
53 56 4
53 57 72
53 58 31
53 59 96
53 60 66
53 61 21
53 62 98
53 63 73
53 64 96
53 65 41
53 66 51
53 67 35
53 68 80
53 69 1
53 70 57
53 71 14
53 72 97
53 73 53
53 74 78
53 75 24
53 76 59
53 77 47
53 78 50
53 79 87
53 80 62
53 81 44
53 82 30
53 83 39
53 84 8
53 85 34
53 86 63
53 87 59
53 88 53
53 89 60
53 90 30
53 91 7
53 92 67
53 93 42
53 94 12
53 95 99
53 96 8
53 97 81
53 98 12
53 99 77
53 100 73
54 0 66
54 1 42
54 2 17
54 3 94
54 4 5
54 5 60
54 6 38
54 7 19
54 8 68
54 9 32
54 10 30
54 11 87
54 12 20
54 13 96
54 14 50
54 15 36
54 16 47
54 17 63
54 18 7
54 19 55
54 20 87
54 21 99
54 22 46
54 23 15
54 24 8
54 25 75
54 26 9
54 27 46
54 28 26
54 29 70
54 30 49
54 31 69
54 32 5
54 33 50
54 34 85
54 35 98
54 36 98
54 37 9
54 38 57
54 39 18
54 40 8
54 41 89
54 42 97
54 43 30
54 44 13
54 45 67
54 46 25
54 47 30
54 48 2
54 49 99
54 50 78
54 51 97
54 52 84
54 53 89
54 55 30
54 56 99
54 57 99
54 58 99
54 59 99
54 60 35
54 61 99
54 62 48
54 63 82
54 64 40
54 65 33
54 66 56
54 67 50
54 68 45
54 69 98
54 70 18
54 71 48
54 72 76
54 73 5
54 74 66
54 75 26
54 76 61
54 77 69
54 78 6
54 79 96
54 80 89
54 81 54
54 82 6
54 83 93
54 84 10
54 85 61
54 86 94
54 87 40
54 88 81
54 89 97
54 90 61
54 91 26
54 92 85
54 93 83
54 94 90
54 95 38
54 96 52
54 97 11
54 98 10
54 99 1
54 100 71
55 0 16
55 1 37
55 2 64
55 3 92
55 4 5
55 5 43
55 6 6
55 7 97
55 8 23
55 9 82
55 10 68
55 11 8
55 12 32
55 13 19
55 14 42
55 15 87
55 16 74
55 17 30
55 18 25
55 19 97
55 20 53
55 21 42
55 22 19
55 23 51
55 24 27
55 25 28
55 26 51
55 27 90
55 28 38
55 29 67
55 30 87
55 31 80
55 32 71
55 33 88
55 34 89
55 35 52
55 36 23
55 37 64
55 38 81
55 39 96
55 40 46
55 41 44
55 42 1
55 43 25
55 44 92
55 45 91
55 46 19
55 47 87
55 48 15
55 49 8
55 50 84
55 51 45
55 52 89
55 53 8
55 54 70
55 56 82
55 57 27
55 58 87
55 59 41
55 60 41
55 61 41
55 62 41
55 63 75
55 64 84
55 65 35
55 66 31
55 67 90
55 68 86
55 69 61
55 70 84
55 71 62
55 72 39
55 73 60
55 74 3
55 75 7
55 76 19
55 77 43
55 78 73
55 79 57
55 80 20
55 81 87
55 82 62
55 83 65
55 84 88
55 85 88
55 86 58
55 87 11
55 88 90
55 89 45
55 90 24
55 91 63
55 92 6
55 93 80
55 94 98
55 95 98
55 96 30
55 97 39
55 98 32
55 99 6
55 100 57
56 0 71
56 1 99
56 2 46
56 3 62
56 4 99
56 5 84
56 6 73
56 7 7
56 8 8
56 9 18
56 10 56
56 11 72
56 12 34
56 13 35
56 14 15
56 15 17
56 16 94
56 17 38
56 18 25
56 19 83
56 20 63
56 21 36
56 22 45
56 23 73
56 24 79
56 25 17
56 26 61
56 27 21
56 28 69
56 29 20
56 30 10
56 31 96
56 32 91
56 33 34
56 34 25
56 35 93
56 36 73
56 37 4
56 38 39
56 39 66
56 40 39
56 41 43
56 42 91
56 43 43
56 44 60
56 45 17
56 46 56
56 47 24
56 48 57
56 49 65
56 50 47
56 51 10
56 52 35
56 53 2
56 54 22
56 55 22
56 57 67
56 58 50
56 59 67
56 60 22
56 61 22
56 62 86
56 63 86
56 64 86
56 65 86
56 66 29
56 67 69
56 68 13
56 69 99
56 70 54
56 71 7
56 72 34
56 73 31
56 74 27
56 75 52
56 76 52
56 77 11
56 78 38
56 79 54
56 80 97
56 81 90
56 82 32
56 83 90
56 84 61
56 85 56
56 86 33
56 87 94
56 88 11
56 89 38
56 90 66
56 91 63
56 92 45
56 93 82
56 94 44
56 95 92
56 96 95
56 97 11
56 98 72
56 99 71
56 100 76
57 0 25
57 1 30
57 2 80
57 3 88
57 4 55
57 5 32
57 6 55
57 7 70
57 8 89
57 9 85
57 10 29
57 11 85
57 12 31
57 13 6
57 14 10
57 15 52
57 16 86
57 17 73
57 18 57
57 19 37
57 20 6
57 21 19
57 22 28
57 23 85
57 24 71
57 25 30
57 26 62
57 27 74
57 28 16
57 29 98
57 30 37
57 31 8
57 32 92
57 33 42
57 34 72
57 35 53
57 36 90
57 37 6
57 38 17
57 39 65
57 40 2
57 41 75
57 42 50
57 43 14
57 44 71
57 45 89
57 46 65
57 47 86
57 48 19
57 49 97
57 50 2
57 51 97
57 52 68
57 53 97
57 54 18
57 55 96
57 56 47
57 58 18
57 59 2
57 60 34
57 61 89
57 62 93
57 63 5
57 64 18
57 65 9
57 66 9
57 67 9
57 68 9
57 69 9
57 70 31
57 71 51
57 72 48
57 73 42
57 74 66
57 75 34
57 76 11
57 77 8
57 78 47
57 79 18
57 80 17
57 81 41
57 82 68
57 83 72
57 84 46
57 85 82
57 86 48
57 87 27
57 88 83
57 89 50
57 90 60
57 91 6
57 92 15
57 93 58
57 94 16
57 95 18
57 96 67
57 97 31
57 98 96
57 99 48
57 100 69
58 0 79
58 1 36
58 2 9
58 3 44
58 4 23
58 5 24
58 6 98
58 7 41
58 8 26
58 9 69
58 10 2
58 11 87
58 12 82
58 13 7
58 14 43
58 15 4
58 16 19
58 17 25
58 18 32
58 19 43
58 20 66
58 21 80
58 22 19
58 23 12
58 24 4
58 25 18
58 26 87
58 27 71
58 28 40
58 29 41
58 30 62
58 31 50
58 32 33
58 33 30
58 34 11
58 35 8
58 36 33
58 37 1
58 38 93
58 39 68
58 40 10
58 41 87
58 42 91
58 43 52
58 44 95
58 45 29
58 46 28
58 47 11
58 48 53
58 49 45
58 50 8
58 51 64
58 52 51
58 53 35
58 54 44
58 55 70
58 56 57
58 57 43
58 59 24
58 60 2
58 61 21
58 62 52
58 63 80
58 64 40
58 65 50
58 66 18
58 67 58
58 68 62
58 69 62
58 70 62
58 71 62
58 72 93
58 73 78
58 74 79
58 75 47
58 76 75
58 77 6
58 78 5
58 79 75
58 80 1
58 81 74
58 82 54
58 83 48
58 84 92
58 85 63
58 86 76
58 87 18
58 88 74
58 89 99
58 90 12
58 91 97
58 92 65
58 93 2
58 94 53
58 95 13
58 96 21
58 97 21
58 98 50
58 99 13
58 100 55
59 0 17
59 1 67
59 2 54
59 3 43
59 4 44
59 5 72
59 6 45
59 7 87
59 8 12
59 9 63
59 10 62
59 11 55
59 12 46
59 13 39
59 14 64
59 15 59
59 16 1
59 17 34
59 18 77
59 19 86
59 20 23
59 21 92
59 22 67
59 23 99
59 24 71
59 25 33
59 26 52
59 27 20
59 28 72
59 29 14
59 30 51
59 31 65
59 32 49
59 33 74
59 34 59
59 35 4
59 36 66
59 37 36
59 38 93
59 39 53
59 40 33
59 41 62
59 42 27
59 43 99
59 44 94
59 45 50
59 46 18
59 47 54
59 48 91
59 49 1
59 50 45
59 51 41
59 52 9
59 53 36
59 54 60
59 55 40
59 56 39
59 57 90
59 58 82
59 60 19
59 61 47
59 62 35
59 63 42
59 64 48
59 65 17
59 66 96
59 67 54
59 68 81
59 69 34
59 70 58
59 71 41
59 72 41
59 73 41
59 74 41
59 75 16
59 76 56
59 77 8
59 78 3
59 79 76
59 80 13
59 81 98
59 82 49
59 83 95
59 84 10
59 85 86
59 86 55
59 87 44
59 88 94
59 89 86
59 90 1
59 91 54
59 92 87
59 93 42
59 94 77
59 95 34
59 96 13
59 97 83
59 98 26
59 99 65
59 100 15
60 0 42
60 1 12
60 2 74
60 3 18
60 4 58
60 5 49
60 6 62
60 7 24
60 8 12
60 9 14
60 10 83
60 11 58
60 12 13
60 13 76
60 14 63
60 15 53
60 16 31
60 17 86
60 18 8
60 19 23
60 20 82
60 21 78
60 22 57
60 23 49
60 24 7
60 25 42
60 26 28
60 27 43
60 28 90
60 29 68
60 30 19
60 31 9
60 32 18
60 33 2
60 34 42
60 35 35
60 36 38
60 37 94
60 38 30
60 39 20
60 40 56
60 41 60
60 42 71
60 43 43
60 44 97
60 45 36
60 46 21
60 47 69
60 48 87
60 49 92
60 50 96
60 51 8
60 52 45
60 53 45
60 54 64
60 55 16
60 56 50
60 57 42
60 58 27
60 59 79
60 61 8
60 62 49
60 63 23
60 64 89
60 65 29
60 66 24
60 67 76
60 68 1
60 69 69
60 70 52
60 71 67
60 72 66
60 73 50
60 74 74
60 75 74
60 76 74
60 77 74
60 78 98
60 79 15
60 80 53
60 81 78
60 82 33
60 83 96
60 84 37
60 85 8
60 86 77
60 87 62
60 88 43
60 89 13
60 90 87
60 91 83
60 92 39
60 93 25
60 94 76
60 95 1
60 96 20
60 97 77
60 98 2
60 99 6
60 100 72
61 0 61
61 1 24
61 2 96
61 3 28
61 4 88
61 5 97
61 6 94
61 7 51
61 8 62
61 9 66
61 10 83
61 11 7
61 12 24
61 13 89
61 14 83
61 15 32
61 16 50
61 17 41
61 18 77
61 19 56
61 20 93
61 21 20
61 22 87
61 23 73
61 24 99
61 25 55
61 26 78
61 27 1
61 28 72
61 29 76
61 30 56
61 31 6
61 32 5
61 33 35
61 34 87
61 35 49
61 36 50
61 37 94
61 38 91
61 39 24
61 40 24
61 41 81
61 42 19
61 43 74
61 44 80
61 45 1
61 46 29
61 47 59
61 48 45
61 49 53
61 50 41
61 51 45
61 52 26
61 53 4
61 54 78
61 55 95
61 56 98
61 57 85
61 58 70
61 59 23
61 60 98
61 62 88
61 63 31
61 64 99
61 65 9
61 66 25
61 67 36
61 68 47
61 69 98
61 70 24
61 71 65
61 72 10
61 73 27
61 74 19
61 75 6
61 76 43
61 77 14
61 78 14
61 79 14
61 80 14
61 81 19
61 82 52
61 83 83
61 84 11
61 85 69
61 86 8
61 87 16
61 88 27
61 89 48
61 90 18
61 91 87
61 92 32
61 93 88
61 94 34
61 95 39
61 96 92
61 97 4
61 98 76
61 99 44
61 100 39
62 0 28
62 1 5
62 2 97
62 3 35
62 4 49
62 5 26
62 6 79
62 7 41
62 8 28
62 9 7
62 10 60
62 11 13
62 12 35
62 13 85
62 14 78
62 15 27
62 16 43
62 17 3
62 18 69
62 19 65
62 20 41
62 21 82
62 22 15
62 23 43
62 24 4
62 25 42
62 26 75
62 27 67
62 28 21
62 29 32
62 30 54
62 31 99
62 32 90
62 33 83
62 34 50
62 35 79
62 36 97
62 37 76
62 38 1
62 39 80
62 40 82
62 41 98
62 42 35
62 43 12
62 44 93
62 45 88
62 46 96
62 47 8
62 48 99
62 49 87
62 50 60
62 51 67
62 52 94
62 53 66
62 54 48
62 55 30
62 56 89
62 57 31
62 58 98
62 59 7
62 60 38
62 61 54
62 63 84
62 64 15
62 65 64
62 66 1
62 67 23
62 68 66
62 69 86
62 70 60
62 71 72
62 72 89
62 73 59
62 74 7
62 75 28
62 76 7
62 77 97
62 78 6
62 79 29
62 80 42
62 81 42
62 82 42
62 83 42
62 84 61
62 85 70
62 86 11
62 87 72
62 88 14
62 89 31
62 90 72
62 91 48
62 92 72
62 93 75
62 94 60
62 95 92
62 96 14
62 97 50
62 98 61
62 99 71
62 100 29
63 0 90
63 1 49
63 2 58
63 3 94
63 4 37
63 5 64
63 6 24
63 7 50
63 8 19
63 9 60
63 10 21
63 11 6
63 12 49
63 13 13
63 14 55
63 15 85
63 16 91
63 17 26
63 18 23
63 19 94
63 20 22
63 21 8
63 22 76
63 23 44
63 24 44
63 25 36
63 26 73
63 27 65
63 28 66
63 29 58
63 30 38
63 31 36
63 32 51
63 33 47
63 34 30
63 35 60
63 36 49
63 37 33
63 38 11
63 39 63
63 40 43
63 41 48
63 42 61
63 43 2
63 44 87
63 45 11
63 46 10
63 47 17
63 48 52
63 49 60
63 50 33
63 51 50
63 52 58
63 53 25
63 54 94
63 55 54
63 56 37
63 57 56
63 58 73
63 59 66
63 60 24
63 61 65
63 62 55
63 64 11
63 65 70
63 66 80
63 67 18
63 68 94
63 69 54
63 70 81
63 71 23
63 72 86
63 73 29
63 74 71
63 75 56
63 76 92
63 77 84
63 78 71
63 79 83
63 80 36
63 81 14
63 82 57
63 83 21
63 84 21
63 85 21
63 86 21
63 87 27
63 88 91
63 89 46
63 90 12
63 91 47
63 92 86
63 93 17
63 94 33
63 95 52
63 96 33
63 97 75
63 98 76
63 99 66
63 100 17
64 0 62
64 1 26
64 2 93
64 3 38
64 4 39
64 5 35
64 6 96
64 7 45
64 8 48
64 9 42
64 10 48
64 11 48
64 12 79
64 13 14
64 14 63
64 15 66
64 16 83
64 17 19
64 18 46
64 19 71
64 20 8
64 21 48
64 22 13
64 23 70
64 24 87
64 25 84
64 26 91
64 27 45
64 28 2
64 29 39
64 30 90
64 31 65
64 32 33
64 33 58
64 34 56
64 35 28
64 36 82
64 37 44
64 38 76
64 39 75
64 40 41
64 41 79
64 42 8
64 43 22
64 44 45
64 45 41
64 46 8
64 47 74
64 48 37
64 49 41
64 50 23
64 51 29
64 52 75
64 53 91
64 54 4
64 55 88
64 56 56
64 57 33
64 58 39
64 59 98
64 60 14
64 61 2
64 62 77
64 63 65
64 65 15
64 66 15
64 67 76
64 68 7
64 69 10
64 70 52
64 71 90
64 72 39
64 73 57
64 74 29
64 75 38
64 76 87
64 77 35
64 78 85
64 79 92
64 80 74
64 81 81
64 82 7
64 83 2
64 84 99
64 85 35
64 86 60
64 87 60
64 88 60
64 89 60
64 90 10
64 91 34
64 92 10
64 93 44
64 94 56
64 95 96
64 96 35
64 97 25
64 98 18
64 99 64
64 100 52
65 0 73
65 1 64
65 2 79
65 3 79
65 4 83
65 5 53
65 6 16
65 7 77
65 8 17
65 9 54
65 10 34
65 11 23
65 12 7
65 13 9
65 14 85
65 15 32
65 16 73
65 17 21
65 18 51
65 19 44
65 20 28
65 21 30
65 22 7
65 23 24
65 24 66
65 25 65
65 26 78
65 27 76
65 28 23
65 29 26
65 30 45
65 31 18
65 32 13
65 33 46
65 34 66
65 35 56
65 36 2
65 37 18
65 38 7
65 39 62
65 40 21
65 41 9
65 42 66
65 43 27
65 44 78
65 45 72
65 46 48
65 47 69
65 48 59
65 49 67
65 50 55
65 51 41
65 52 44
65 53 3
65 54 77
65 55 21
65 56 90
65 57 55
65 58 47
65 59 43
65 60 86
65 61 24
65 62 69
65 63 75
65 64 55
65 66 5
65 67 6
65 68 34
65 69 97
65 70 15
65 71 14
65 72 66
65 73 48
65 74 13
65 75 57
65 76 48
65 77 25
65 78 12
65 79 27
65 80 49
65 81 28
65 82 30
65 83 53
65 84 92
65 85 59
65 86 65
65 87 21
65 88 88
65 89 10
65 90 10
65 91 10
65 92 10
65 93 26
65 94 69
65 95 50
65 96 85
65 97 20
65 98 91
65 99 8
65 100 85
66 0 28
66 1 90
66 2 63
66 3 14
66 4 5
66 5 96
66 6 8
66 7 10
66 8 93
66 9 59
66 10 90
66 11 67
66 12 57
66 13 66
66 14 18
66 15 62
66 16 11
66 17 88
66 18 38
66 19 12
66 20 69
66 21 43
66 22 94
66 23 90
66 24 36
66 25 31
66 26 9
66 27 80
66 28 65
66 29 32
66 30 27
66 31 96
66 32 62
66 33 46
66 34 75
66 35 42
66 36 2
66 37 35
66 38 71
66 39 97
66 40 6
66 41 1
66 42 60
66 43 67
66 44 99
66 45 69
66 46 39
66 47 69
66 48 17
66 49 43
66 50 60
66 51 92
66 52 53
66 53 51
66 54 24
66 55 71
66 56 90
66 57 24
66 58 43
66 59 34
66 60 76
66 61 24
66 62 6
66 63 40
66 64 62
66 65 97
66 67 18
66 68 14
66 69 78
66 70 32
66 71 55
66 72 66
66 73 59
66 74 64
66 75 76
66 76 14
66 77 62
66 78 63
66 79 41
66 80 40
66 81 11
66 82 69
66 83 63
66 84 94
66 85 31
66 86 87
66 87 27
66 88 20
66 89 32
66 90 25
66 91 71
66 92 33
66 93 33
66 94 33
66 95 33
66 96 18
66 97 91
66 98 47
66 99 37
66 100 37
67 0 53
67 1 86
67 2 40
67 3 94
67 4 15
67 5 3
67 6 38
67 7 77
67 8 68
67 9 12
67 10 77
67 11 90
67 12 22
67 13 18
67 14 22
67 15 57
67 16 52
67 17 37
67 18 85
67 19 18
67 20 8
67 21 37
67 22 11
67 23 11
67 24 47
67 25 2
67 26 81
67 27 95
67 28 31
67 29 54
67 30 53
67 31 58
67 32 3
67 33 17
67 34 34
67 35 97
67 36 92
67 37 36
67 38 95
67 39 31
67 40 45
67 41 7
67 42 53
67 43 82
67 44 82
67 45 61
67 46 1
67 47 23
67 48 59
67 49 93
67 50 69
67 51 19
67 52 43
67 53 93
67 54 39
67 55 32
67 56 32
67 57 45
67 58 97
67 59 21
67 60 25
67 61 24
67 62 47
67 63 1
67 64 71
67 65 46
67 66 2
67 68 69
67 69 87
67 70 8
67 71 36
67 72 52
67 73 68
67 74 99
67 75 2
67 76 47
67 77 71
67 78 37
67 79 96
67 80 76
67 81 12
67 82 77
67 83 15
67 84 94
67 85 68
67 86 99
67 87 36
67 88 86
67 89 98
67 90 15
67 91 70
67 92 56
67 93 5
67 94 37
67 95 56
67 96 56
67 97 56
67 98 56
67 99 64
67 100 84
68 0 12
68 1 58
68 2 44
68 3 12
68 4 81
68 5 53
68 6 29
68 7 32
68 8 71
68 9 86
68 10 90
68 11 30
68 12 72
68 13 83
68 14 14
68 15 96
68 16 5
68 17 61
68 18 27
68 19 69
68 20 40
68 21 75
68 22 28
68 23 57
68 24 49
68 25 30
68 26 73
68 27 89
68 28 46
68 29 47
68 30 28
68 31 60
68 32 35
68 33 76
68 34 15
68 35 17
68 36 36
68 37 39
68 38 47
68 39 43
68 40 60
68 41 31
68 42 7
68 43 53
68 44 91
68 45 96
68 46 51
68 47 33
68 48 23
68 49 55
68 50 68
68 51 69
68 52 82
68 53 67
68 54 36
68 55 83
68 56 61
68 57 36
68 58 98
68 59 22
68 60 86
68 61 51
68 62 45
68 63 39
68 64 6
68 65 3
68 66 99
68 67 4
68 69 11
68 70 5
68 71 68
68 72 92
68 73 85
68 74 22
68 75 48
68 76 63
68 77 88
68 78 13
68 79 33
68 80 85
68 81 92
68 82 74
68 83 51
68 84 42
68 85 60
68 86 26
68 87 27
68 88 70
68 89 52
68 90 13
68 91 74
68 92 35
68 93 12
68 94 77
68 95 42
68 96 86
68 97 57
68 98 4
68 99 4
68 100 4
69 0 4
69 1 80
69 2 38
69 3 75
69 4 87
69 5 23
69 6 33
69 7 51
69 8 49
69 9 80
69 10 40
69 11 84
69 12 52
69 13 91
69 14 93
69 15 1
69 16 80
69 17 52
69 18 86
69 19 78
69 20 31
69 21 87
69 22 17
69 23 94
69 24 26
69 25 50
69 26 40
69 27 20
69 28 74
69 29 47
69 30 66
69 31 93
69 32 5
69 33 87
69 34 52
69 35 72
69 36 38
69 37 48
69 38 31
69 39 25
69 40 10
69 41 20
69 42 76
69 43 53
69 44 97
69 45 67
69 46 94
69 47 97
69 48 81
69 49 10
69 50 80
69 51 33
69 52 48
69 53 93
69 54 12
69 55 27
69 56 16
69 57 71
69 58 63
69 59 64
69 60 65
69 61 21
69 62 60
69 63 89
69 64 12
69 65 21
69 66 76
69 67 33
69 68 91
69 70 49
69 71 65
69 72 41
69 73 77
69 74 23
69 75 21
69 76 82
69 77 8
69 78 26
69 79 72
69 80 85
69 81 87
69 82 13
69 83 91
69 84 8
69 85 96
69 86 39
69 87 6
69 88 99
69 89 71
69 90 83
69 91 83
69 92 12
69 93 85
69 94 60
69 95 23
69 96 38
69 97 50
69 98 53
69 99 5
69 100 67
70 0 35
70 1 35
70 2 35
70 3 35
70 4 67
70 5 18
70 6 47
70 7 93
70 8 69
70 9 67
70 10 46
70 11 5
70 12 33
70 13 25
70 14 76
70 15 92
70 16 79
70 17 21
70 18 45
70 19 59
70 20 67
70 21 31
70 22 23
70 23 35
70 24 29
70 25 79
70 26 39
70 27 3
70 28 44
70 29 67
70 30 52
70 31 76
70 32 66
70 33 34
70 34 62
70 35 82
70 36 4
70 37 94
70 38 86
70 39 55
70 40 29
70 41 54
70 42 72
70 43 55
70 44 45
70 45 26
70 46 80
70 47 42
70 48 35
70 49 2
70 50 3
70 51 27
70 52 76
70 53 67
70 54 1
70 55 57
70 56 66
70 57 9
70 58 56
70 59 24
70 60 64
70 61 59
70 62 44
70 63 93
70 64 43
70 65 67
70 66 25
70 67 20
70 68 98
70 69 71
70 71 38
70 72 72
70 73 5
70 74 94
70 75 30
70 76 99
70 77 36
70 78 79
70 79 9
70 80 70
70 81 7
70 82 47
70 83 14
70 84 52
70 85 67
70 86 13
70 87 98
70 88 94
70 89 60
70 90 29
70 91 24
70 92 17
70 93 45
70 94 47
70 95 85
70 96 30
70 97 61
70 98 43
70 99 23
70 100 67
71 0 47
71 1 71
71 2 13
71 3 21
71 4 21
71 5 21
71 6 21
71 7 74
71 8 63
71 9 51
71 10 97
71 11 74
71 12 71
71 13 65
71 14 48
71 15 76
71 16 90
71 17 95
71 18 25
71 19 66
71 20 43
71 21 43
71 22 54
71 23 16
71 24 72
71 25 34
71 26 45
71 27 27
71 28 98
71 29 94
71 30 77
71 31 86
71 32 61
71 33 48
71 34 40
71 35 12
71 36 59
71 37 53
71 38 42
71 39 19
71 40 87
71 41 89
71 42 90
71 43 80
71 44 27
71 45 81
71 46 82
71 47 48
71 48 36
71 49 52
71 50 85
71 51 6
71 52 89
71 53 63
71 54 40
71 55 61
71 56 84
71 57 60
71 58 24
71 59 54
71 60 27
71 61 69
71 62 80
71 63 2
71 64 1
71 65 10
71 66 42
71 67 67
71 68 82
71 69 78
71 70 59
71 72 18
71 73 93
71 74 41
71 75 13
71 76 81
71 77 2
71 78 49
71 79 72
71 80 98
71 81 54
71 82 6
71 83 70
71 84 69
71 85 45
71 86 59
71 87 11
71 88 3
71 89 52
71 90 56
71 91 60
71 92 25
71 93 1
71 94 83
71 95 67
71 96 55
71 97 6
71 98 78
71 99 87
71 100 34
72 0 53
72 1 63
72 2 89
72 3 23
72 4 67
72 5 78
72 6 16
72 7 16
72 8 16
72 9 16
72 10 21
72 11 16
72 12 54
72 13 97
72 14 25
72 15 8
72 16 88
72 17 70
72 18 30
72 19 75
72 20 78
72 21 59
72 22 56
72 23 59
72 24 75
72 25 8
72 26 8
72 27 3
72 28 29
72 29 10
72 30 19
72 31 62
72 32 60
72 33 10
72 34 85
72 35 96
72 36 39
72 37 16
72 38 49
72 39 52
72 40 46
72 41 6
72 42 8
72 43 75
72 44 82
72 45 69
72 46 27
72 47 56
72 48 23
72 49 71
72 50 45
72 51 39
72 52 98
72 53 98
72 54 90
72 55 89
72 56 26
72 57 4
72 58 54
72 59 96
72 60 63
72 61 5
72 62 39
72 63 61
72 64 68
72 65 91
72 66 10
72 67 37
72 68 34
72 69 87
72 70 61
72 71 24
72 73 63
72 74 73
72 75 50
72 76 96
72 77 42
72 78 8
72 79 91
72 80 90
72 81 3
72 82 28
72 83 74
72 84 45
72 85 18
72 86 95
72 87 12
72 88 99
72 89 27
72 90 70
72 91 24
72 92 92
72 93 42
72 94 71
72 95 68
72 96 74
72 97 65
72 98 81
72 99 57
72 100 98
73 0 71
73 1 18
73 2 30
73 3 86
73 4 83
73 5 53
73 6 62
73 7 78
73 8 83
73 9 9
73 10 9
73 11 9
73 12 9
73 13 30
73 14 38
73 15 84
73 16 15
73 17 7
73 18 29
73 19 46
73 20 83
73 21 65
73 22 53
73 23 82
73 24 5
73 25 35
73 26 79
73 27 42
73 28 71
73 29 52
73 30 95
73 31 6
73 32 1
73 33 67
73 34 36
73 35 28
73 36 95
73 37 29
73 38 45
73 39 71
73 40 4
73 41 31
73 42 23
73 43 35
73 44 24
73 45 33
73 46 55
73 47 14
73 48 29
73 49 77
73 50 37
73 51 37
73 52 29
73 53 34
73 54 88
73 55 19
73 56 43
73 57 69
73 58 8
73 59 72
73 60 67
73 61 15
73 62 49
73 63 75
73 64 88
73 65 61
73 66 35
73 67 30
73 68 4
73 69 87
73 70 53
73 71 39
73 72 77
73 74 58
73 75 10
73 76 40
73 77 40
73 78 65
73 79 92
73 80 78
73 81 5
73 82 18
73 83 97
73 84 5
73 85 15
73 86 60
73 87 30
73 88 30
73 89 51
73 90 20
73 91 81
73 92 75
73 93 61
73 94 52
73 95 89
73 96 71
73 97 34
73 98 29
73 99 48
73 100 2
74 0 74
74 1 45
74 2 27
74 3 55
74 4 32
74 5 54
74 6 15
74 7 13
74 8 67
74 9 53
74 10 20
74 11 82
74 12 39
74 13 39
74 14 39
74 15 39
74 16 21
74 17 82
74 18 28
74 19 5
74 20 65
74 21 27
74 22 44
74 23 28
74 24 8
74 25 94
74 26 37
74 27 8
74 28 97
74 29 4
74 30 96
74 31 29
74 32 59
74 33 99
74 34 2
74 35 24
74 36 28
74 37 39
74 38 68
74 39 48
74 40 32
74 41 49
74 42 57
74 43 8
74 44 76
74 45 59
74 46 86
74 47 22
74 48 82
74 49 62
74 50 38
74 51 4
74 52 63
74 53 76
74 54 88
74 55 22
74 56 83
74 57 62
74 58 31
74 59 55
74 60 88
74 61 75
74 62 44
74 63 61
74 64 18
74 65 71
74 66 36
74 67 47
74 68 2
74 69 72
74 70 27
74 71 84
74 72 3
74 73 14
74 75 18
74 76 51
74 77 5
74 78 88
74 79 91
74 80 8
74 81 59
74 82 24
74 83 84
74 84 59
74 85 69
74 86 60
74 87 84
74 88 48
74 89 26
74 90 85
74 91 26
74 92 20
74 93 71
74 94 97
74 95 20
74 96 5
74 97 1
74 98 54
74 99 99
74 100 36
75 0 66
75 1 51
75 2 80
75 3 97
75 4 72
75 5 24
75 6 85
75 7 36
75 8 58
75 9 79
75 10 53
75 11 41
75 12 5
75 13 17
75 14 3
75 15 15
75 16 15
75 17 15
75 18 15
75 19 6
75 20 65
75 21 52
75 22 93
75 23 30
75 24 40
75 25 65
75 26 92
75 27 34
75 28 50
75 29 47
75 30 67
75 31 77
75 32 85
75 33 76
75 34 36
75 35 12
75 36 52
75 37 53
75 38 8
75 39 23
75 40 75
75 41 33
75 42 71
75 43 39
75 44 14
75 45 30
75 46 82
75 47 65
75 48 34
75 49 64
75 50 44
75 51 36
75 52 15
75 53 1
75 54 37
75 55 4
75 56 81
75 57 37
75 58 85
75 59 3
75 60 31
75 61 50
75 62 35
75 63 65
75 64 48
75 65 1
75 66 87
75 67 10
75 68 81
75 69 72
75 70 52
75 71 32
75 72 80
75 73 46
75 74 28
75 76 40
75 77 77
75 78 25
75 79 89
75 80 68
75 81 44
75 82 85
75 83 61
75 84 30
75 85 36
75 86 43
75 87 53
75 88 71
75 89 9
75 90 77
75 91 72
75 92 14
75 93 2
75 94 41
75 95 37
75 96 97
75 97 69
75 98 78
75 99 21
75 100 70
76 0 22
76 1 86
76 2 73
76 3 14
76 4 40
76 5 26
76 6 33
76 7 10
76 8 2
76 9 32
76 10 2
76 11 58
76 12 18
76 13 17
76 14 78
76 15 62
76 16 13
76 17 59
76 18 87
76 19 87
76 20 87
76 21 87
76 22 80
76 23 41
76 24 11
76 25 81
76 26 66
76 27 55
76 28 9
76 29 20
76 30 10
76 31 51
76 32 90
76 33 16
76 34 33
76 35 33
76 36 56
76 37 1
76 38 14
76 39 31
76 40 94
76 41 41
76 42 60
76 43 10
76 44 47
76 45 42
76 46 65
76 47 11
76 48 89
76 49 25
76 50 95
76 51 14
76 52 46
76 53 87
76 54 17
76 55 88
76 56 5
76 57 70
76 58 33
76 59 14
76 60 78
76 61 39
76 62 80
76 63 87
76 64 10
76 65 90
76 66 80
76 67 96
76 68 61
76 69 60
76 70 45
76 71 47
76 72 89
76 73 56
76 74 24
76 75 11
76 77 73
76 78 53
76 79 76
76 80 12
76 81 73
76 82 42
76 83 45
76 84 51
76 85 53
76 86 21
76 87 25
76 88 51
76 89 8
76 90 90
76 91 49
76 92 48
76 93 57
76 94 25
76 95 12
76 96 35
76 97 29
76 98 80
76 99 63
76 100 21
77 0 99
77 1 52
77 2 83
77 3 58
77 4 37
77 5 37
77 6 21
77 7 94
77 8 68
77 9 57
77 10 88
77 11 7
77 12 85
77 13 77
77 14 82
77 15 66
77 16 24
77 17 68
77 18 86
77 19 49
77 20 92
77 21 51
77 22 51
77 23 51
77 24 51
77 25 88
77 26 68
77 27 8
77 28 29
77 29 90
77 30 80
77 31 10
77 32 63
77 33 19
77 34 7
77 35 9
77 36 22
77 37 3
77 38 23
77 39 10
77 40 27
77 41 72
77 42 20
77 43 74
77 44 89
77 45 80
77 46 33
77 47 99
77 48 35
77 49 9
77 50 62
77 51 13
77 52 11
77 53 46
77 54 57
77 55 79
77 56 5
77 57 89
77 58 53
77 59 10
77 60 2
77 61 48
77 62 90
77 63 26
77 64 29
77 65 44
77 66 38
77 67 52
77 68 83
77 69 12
77 70 39
77 71 74
77 72 76
77 73 4
77 74 54
77 75 57
77 76 21
77 78 96
77 79 26
77 80 98
77 81 87
77 82 72
77 83 51
77 84 25
77 85 80
77 86 20
77 87 67
77 88 45
77 89 54
77 90 58
77 91 7
77 92 57
77 93 77
77 94 81
77 95 41
77 96 91
77 97 36
77 98 2
77 99 57
77 100 91
78 0 44
78 1 17
78 2 99
78 3 3
78 4 98
78 5 98
78 6 7
78 7 1
78 8 40
78 9 96
78 10 68
78 11 47
78 12 34
78 13 33
78 14 72
78 15 34
78 16 13
78 17 32
78 18 88
78 19 43
78 20 88
78 21 28
78 22 55
78 23 52
78 24 40
78 25 40
78 26 40
78 27 40
78 28 86
78 29 41
78 30 57
78 31 1
78 32 4
78 33 17
78 34 84
78 35 4
78 36 80
78 37 58
78 38 34
78 39 96
78 40 81
78 41 5
78 42 17
78 43 61
78 44 88
78 45 63
78 46 25
78 47 8
78 48 75
78 49 49
78 50 14
78 51 32
78 52 74
78 53 32
78 54 78
78 55 94
78 56 41
78 57 77
78 58 40
78 59 68
78 60 22
78 61 63
78 62 93
78 63 91
78 64 55
78 65 21
78 66 92
78 67 3
78 68 28
78 69 52
78 70 19
78 71 51
78 72 73
78 73 73
78 74 66
78 75 3
78 76 94
78 77 56
78 79 62
78 80 83
78 81 72
78 82 9
78 83 46
78 84 38
78 85 11
78 86 79
78 87 73
78 88 99
78 89 26
78 90 57
78 91 21
78 92 81
78 93 71
78 94 20
78 95 6
78 96 91
78 97 43
78 98 57
78 99 41
78 100 14
79 0 95
79 1 89
79 2 8
79 3 87
79 4 81
79 5 15
79 6 84
79 7 96
79 8 84
79 9 18
79 10 89
79 11 70
79 12 30
79 13 14
79 14 97
79 15 72
79 16 27
79 17 53
79 18 3
79 19 7
79 20 43
79 21 1
79 22 79
79 23 40
79 24 99
79 25 90
79 26 38
79 27 9
79 28 9
79 29 9
79 30 9
79 31 54
79 32 75
79 33 93
79 34 22
79 35 72
79 36 30
79 37 4
79 38 93
79 39 78
79 40 18
79 41 18
79 42 17
79 43 82
79 44 99
79 45 83
79 46 60
79 47 56
79 48 63
79 49 87
79 50 4
79 51 49
79 52 54
79 53 97
79 54 93
79 55 86
79 56 7
79 57 2
79 58 13
79 59 38
79 60 31
79 61 89
79 62 53
79 63 54
79 64 72
79 65 97
79 66 69
79 67 87
79 68 93
79 69 68
79 70 44
79 71 78
79 72 77
79 73 96
79 74 91
79 75 40
79 76 96
79 77 26
79 78 38
79 80 49
79 81 54
79 82 82
79 83 28
79 84 97
79 85 7
79 86 26
79 87 84
79 88 18
79 89 74
79 90 40
79 91 84
79 92 22
79 93 33
79 94 18
79 95 51
79 96 78
79 97 83
79 98 24
79 99 64
79 100 37
80 0 9
80 1 84
80 2 1
80 3 92
80 4 15
80 5 66
80 6 5
80 7 99
80 8 83
80 9 49
80 10 33
80 11 90
80 12 56
80 13 14
80 14 21
80 15 54
80 16 21
80 17 33
80 18 4
80 19 90
80 20 27
80 21 2
80 22 95
80 23 63
80 24 45
80 25 68
80 26 90
80 27 32
80 28 96
80 29 86
80 30 3
80 31 3
80 32 3
80 33 3
80 34 78
80 35 9
80 36 20
80 37 50
80 38 69
80 39 19
80 40 79
80 41 19
80 42 75
80 43 57
80 44 39
80 45 67
80 46 69
80 47 79
80 48 90
80 49 77
80 50 23
80 51 41
80 52 80
80 53 9
80 54 43
80 55 6
80 56 7
80 57 22
80 58 82
80 59 86
80 60 75
80 61 8
80 62 39
80 63 44
80 64 14
80 65 7
80 66 52
80 67 31
80 68 60
80 69 74
80 70 14
80 71 76
80 72 78
80 73 91
80 74 9
80 75 5
80 76 99
80 77 10
80 78 57
80 79 41
80 81 36
80 82 98
80 83 99
80 84 23
80 85 44
80 86 27
80 87 37
80 88 55
80 89 34
80 90 3
80 91 69
80 92 99
80 93 15
80 94 50
80 95 48
80 96 9
80 97 3
80 98 72
80 99 64
80 100 39
81 0 66
81 1 33
81 2 75
81 3 87
81 4 91
81 5 95
81 6 6
81 7 33
81 8 98
81 9 37
81 10 32
81 11 38
81 12 23
81 13 45
81 14 97
81 15 31
81 16 58
81 17 36
81 18 53
81 19 57
81 20 80
81 21 99
81 22 72
81 23 78
81 24 3
81 25 67
81 26 98
81 27 35
81 28 7
81 29 77
81 30 45
81 31 26
81 32 35
81 33 42
81 34 42
81 35 42
81 36 42
81 37 94
81 38 42
81 39 83
81 40 2
81 41 11
81 42 81
81 43 47
81 44 54
81 45 41
81 46 75
81 47 70
81 48 78
81 49 73
81 50 71
81 51 97
81 52 15
81 53 25
81 54 85
81 55 88
81 56 77
81 57 11
81 58 80
81 59 35
81 60 42
81 61 20
81 62 77
81 63 43
81 64 78
81 65 7
81 66 32
81 67 14
81 68 54
81 69 28
81 70 79
81 71 3
81 72 15
81 73 16
81 74 91
81 75 96
81 76 15
81 77 59
81 78 91
81 79 91
81 80 28
81 82 66
81 83 46
81 84 56
81 85 98
81 86 51
81 87 76
81 88 25
81 89 84
81 90 24
81 91 90
81 92 92
81 93 66
81 94 83
81 95 14
81 96 17
81 97 36
81 98 31
81 99 29
81 100 80
82 0 36
82 1 69
82 2 28
82 3 53
82 4 16
82 5 36
82 6 99
82 7 94
82 8 31
82 9 5
82 10 55
82 11 38
82 12 40
82 13 53
82 14 2
82 15 2
82 16 3
82 17 43
82 18 90
82 19 73
82 20 41
82 21 12
82 22 37
82 23 45
82 24 86
82 25 91
82 26 70
82 27 4
82 28 6
82 29 6
82 30 49
82 31 82
82 32 66
82 33 66
82 34 7
82 35 14
82 36 7
82 37 7
82 38 7
82 39 7
82 40 67
82 41 63
82 42 50
82 43 39
82 44 34
82 45 19
82 46 46
82 47 29
82 48 91
82 49 69
82 50 46
82 51 64
82 52 80
82 53 32
82 54 97
82 55 86
82 56 31
82 57 16
82 58 72
82 59 42
82 60 59
82 61 59
82 62 66
82 63 89
82 64 93
82 65 11
82 66 6
82 67 45
82 68 56
82 69 38
82 70 68
82 71 68
82 72 93
82 73 35
82 74 8
82 75 70
82 76 85
82 77 22
82 78 92
82 79 4
82 80 84
82 81 21
82 83 46
82 84 86
82 85 42
82 86 49
82 87 35
82 88 5
82 89 54
82 90 63
82 91 31
82 92 86
82 93 22
82 94 68
82 95 92
82 96 12
82 97 31
82 98 6
82 99 8
82 100 27
83 0 23
83 1 66
83 2 46
83 3 47
83 4 89
83 5 63
83 6 27
83 7 96
83 8 92
83 9 55
83 10 29
83 11 22
83 12 76
83 13 71
83 14 35
83 15 68
83 16 10
83 17 31
83 18 19
83 19 50
83 20 18
83 21 58
83 22 32
83 23 26
83 24 38
83 25 25
83 26 15
83 27 71
83 28 35
83 29 33
83 30 19
83 31 38
83 32 81
83 33 15
83 34 38
83 35 45
83 36 69
83 37 75
83 38 91
83 39 70
83 40 70
83 41 70
83 42 70
83 43 73
83 44 44
83 45 2
83 46 37
83 47 60
83 48 24
83 49 28
83 50 16
83 51 31
83 52 46
83 53 41
83 54 3
83 55 23
83 56 19
83 57 79
83 58 16
83 59 40
83 60 98
83 61 72
83 62 85
83 63 49
83 64 59
83 65 72
83 66 24
83 67 29
83 68 60
83 69 39
83 70 91
83 71 32
83 72 14
83 73 55
83 74 54
83 75 93
83 76 20
83 77 60
83 78 96
83 79 99
83 80 50
83 81 52
83 82 23
83 84 57
83 85 52
83 86 12
83 87 47
83 88 15
83 89 57
83 90 60
83 91 17
83 92 34
83 93 47
83 94 45
83 95 27
83 96 39
83 97 55
83 98 93
83 99 69
83 100 85
84 0 92
84 1 44
84 2 73
84 3 21
84 4 87
84 5 52
84 6 22
84 7 25
84 8 22
84 9 6
84 10 88
84 11 73
84 12 10
84 13 71
84 14 50
84 15 9
84 16 70
84 17 48
84 18 26
84 19 57
84 20 91
84 21 11
84 22 74
84 23 66
84 24 59
84 25 63
84 26 23
84 27 46
84 28 37
84 29 18
84 30 56
84 31 13
84 32 56
84 33 85
84 34 91
84 35 20
84 36 45
84 37 62
84 38 5
84 39 93
84 40 80
84 41 20
84 42 13
84 43 13
84 44 13
84 45 13
84 46 36
84 47 92
84 48 96
84 49 15
84 50 68
84 51 70
84 52 53
84 53 1
84 54 7
84 55 19
84 56 28
84 57 72
84 58 87
84 59 48
84 60 48
84 61 11
84 62 82
84 63 60
84 64 61
84 65 25
84 66 60
84 67 75
84 68 17
84 69 79
84 70 53
84 71 6
84 72 38
84 73 14
84 74 93
84 75 96
84 76 9
84 77 94
84 78 17
84 79 62
84 80 47
84 81 4
84 82 36
84 83 57
84 85 3
84 86 70
84 87 12
84 88 46
84 89 29
84 90 14
84 91 52
84 92 99
84 93 41
84 94 73
84 95 12
84 96 48
84 97 39
84 98 39
84 99 81
84 100 92
85 0 36
85 1 5
85 2 11
85 3 52
85 4 45
85 5 25
85 6 63
85 7 84
85 8 14
85 9 6
85 10 32
85 11 20
85 12 57
85 13 77
85 14 54
85 15 39
85 16 62
85 17 29
85 18 58
85 19 69
85 20 92
85 21 40
85 22 75
85 23 16
85 24 97
85 25 65
85 26 78
85 27 20
85 28 81
85 29 46
85 30 20
85 31 45
85 32 41
85 33 4
85 34 5
85 35 11
85 36 21
85 37 41
85 38 74
85 39 60
85 40 87
85 41 46
85 42 10
85 43 85
85 44 84
85 45 53
85 46 53
85 47 53
85 48 53
85 49 44
85 50 84
85 51 8
85 52 78
85 53 57
85 54 55
85 55 2
85 56 59
85 57 45
85 58 41
85 59 96
85 60 46
85 61 63
85 62 79
85 63 92
85 64 83
85 65 28
85 66 65
85 67 4
85 68 51
85 69 36
85 70 51
85 71 63
85 72 66
85 73 95
85 74 96
85 75 12
85 76 92
85 77 92
85 78 62
85 79 46
85 80 24
85 81 23
85 82 57
85 83 57
85 84 7
85 86 58
85 87 60
85 88 95
85 89 89
85 90 87
85 91 72
85 92 49
85 93 48
85 94 22
85 95 37
85 96 40
85 97 87
85 98 56
85 99 4
85 100 19
86 0 61
86 1 32
86 2 18
86 3 89
86 4 24
86 5 61
86 6 56
86 7 17
86 8 63
86 9 69
86 10 13
86 11 17
86 12 40
86 13 93
86 14 98
86 15 31
86 16 99
86 17 73
86 18 58
86 19 85
86 20 3
86 21 71
86 22 59
86 23 95
86 24 67
86 25 7
86 26 97
86 27 34
86 28 20
86 29 5
86 30 63
86 31 48
86 32 66
86 33 38
86 34 3
86 35 62
86 36 39
86 37 95
86 38 6
86 39 31
86 40 64
86 41 47
86 42 52
86 43 65
86 44 89
86 45 76
86 46 71
86 47 8
86 48 10
86 49 10
86 50 10
86 51 10
86 52 38
86 53 79
86 54 88
86 55 19
86 56 23
86 57 47
86 58 37
86 59 62
86 60 60
86 61 13
86 62 51
86 63 17
86 64 28
86 65 41
86 66 79
86 67 76
86 68 95
86 69 38
86 70 91
86 71 89
86 72 59
86 73 51
86 74 44
86 75 96
86 76 11
86 77 13
86 78 61
86 79 16
86 80 68
86 81 52
86 82 76
86 83 10
86 84 5
86 85 97
86 87 96
86 88 79
86 89 2
86 90 6
86 91 99
86 92 99
86 93 71
86 94 11
86 95 6
86 96 21
86 97 42
86 98 89
86 99 34
86 100 85
87 0 97
87 1 65
87 2 57
87 3 46
87 4 71
87 5 38
87 6 56
87 7 71
87 8 56
87 9 82
87 10 53
87 11 62
87 12 35
87 13 79
87 14 62
87 15 84
87 16 40
87 17 80
87 18 92
87 19 31
87 20 82
87 21 8
87 22 27
87 23 93
87 24 26
87 25 49
87 26 50
87 27 9
87 28 74
87 29 87
87 30 23
87 31 18
87 32 45
87 33 69
87 34 48
87 35 46
87 36 69
87 37 96
87 38 96
87 39 55
87 40 13
87 41 83
87 42 50
87 43 48
87 44 23
87 45 30
87 46 59
87 47 34
87 48 16
87 49 55
87 50 79
87 51 61
87 52 61
87 53 61
87 54 61
87 55 10
87 56 50
87 57 1
87 58 1
87 59 94
87 60 52
87 61 77
87 62 88
87 63 14
87 64 7
87 65 54
87 66 79
87 67 35
87 68 12
87 69 45
87 70 54
87 71 94
87 72 2
87 73 65
87 74 73
87 75 71
87 76 56
87 77 99
87 78 94
87 79 41
87 80 7
87 81 47
87 82 64
87 83 69
87 84 86
87 85 92
87 86 93
87 88 7
87 89 39
87 90 47
87 91 81
87 92 51
87 93 97
87 94 69
87 95 28
87 96 78
87 97 66
87 98 18
87 99 25
87 100 43
88 0 49
88 1 42
88 2 80
88 3 97
88 4 14
88 5 95
88 6 94
88 7 24
88 8 64
88 9 71
88 10 12
88 11 47
88 12 51
88 13 98
88 14 49
88 15 77
88 16 37
88 17 71
88 18 24
88 19 87
88 20 80
88 21 41
88 22 43
88 23 12
88 24 32
88 25 6
88 26 70
88 27 10
88 28 37
88 29 64
88 30 73
88 31 38
88 32 36
88 33 71
88 34 2
88 35 43
88 36 44
88 37 11
88 38 54
88 39 83
88 40 82
88 41 28
88 42 99
88 43 59
88 44 29
88 45 28
88 46 80
88 47 73
88 48 97
88 49 13
88 50 13
88 51 55
88 52 56
88 53 64
88 54 75
88 55 75
88 56 75
88 57 75
88 58 11
88 59 85
88 60 63
88 61 93
88 62 38
88 63 96
88 64 10
88 65 18
88 66 33
88 67 29
88 68 47
88 69 5
88 70 68
88 71 24
88 72 31
88 73 8
88 74 62
88 75 9
88 76 18
88 77 14
88 78 70
88 79 54
88 80 68
88 81 57
88 82 59
88 83 49
88 84 23
88 85 46
88 86 66
88 87 92
88 89 15
88 90 81
88 91 81
88 92 28
88 93 54
88 94 60
88 95 40
88 96 65
88 97 28
88 98 22
88 99 36
88 100 7
89 0 22
89 1 11
89 2 99
89 3 60
89 4 23
89 5 34
89 6 43
89 7 33
89 8 99
89 9 2
89 10 11
89 11 91
89 12 89
89 13 82
89 14 56
89 15 24
89 16 51
89 17 57
89 18 14
89 19 58
89 20 65
89 21 84
89 22 27
89 23 64
89 24 73
89 25 86
89 26 36
89 27 55
89 28 25
89 29 69
89 30 90
89 31 80
89 32 10
89 33 3
89 34 61
89 35 44
89 36 44
89 37 97
89 38 3
89 39 89
89 40 64
89 41 73
89 42 29
89 43 27
89 44 49
89 45 52
89 46 49
89 47 54
89 48 87
89 49 7
89 50 27
89 51 95
89 52 29
89 53 2
89 54 43
89 55 52
89 56 52
89 57 64
89 58 64
89 59 64
89 60 64
89 61 38
89 62 17
89 63 59
89 64 73
89 65 7
89 66 33
89 67 81
89 68 33
89 69 32
89 70 68
89 71 54
89 72 21
89 73 72
89 74 85
89 75 59
89 76 99
89 77 90
89 78 23
89 79 21
89 80 42
89 81 88
89 82 85
89 83 4
89 84 91
89 85 19
89 86 75
89 87 80
89 88 11
89 90 52
89 91 80
89 92 79
89 93 61
89 94 36
89 95 51
89 96 22
89 97 80
89 98 58
89 99 20
89 100 43
90 0 70
90 1 21
90 2 62
90 3 98
90 4 55
90 5 11
90 6 9
90 7 66
90 8 68
90 9 1
90 10 40
90 11 99
90 12 73
90 13 2
90 14 7
90 15 24
90 16 29
90 17 88
90 18 23
90 19 65
90 20 68
90 21 87
90 22 37
90 23 12
90 24 36
90 25 76
90 26 41
90 27 57
90 28 82
90 29 74
90 30 62
90 31 63
90 32 51
90 33 43
90 34 36
90 35 53
90 36 71
90 37 95
90 38 93
90 39 44
90 40 44
90 41 8
90 42 88
90 43 85
90 44 52
90 45 91
90 46 94
90 47 17
90 48 69
90 49 36
90 50 4
90 51 21
90 52 91
90 53 80
90 54 13
90 55 5
90 56 68
90 57 36
90 58 51
90 59 47
90 60 92
90 61 92
90 62 92
90 63 92
90 64 78
90 65 78
90 66 60
90 67 43
90 68 3
90 69 25
90 70 88
90 71 78
90 72 95
90 73 51
90 74 62
90 75 28
90 76 60
90 77 33
90 78 13
90 79 22
90 80 53
90 81 3
90 82 3
90 83 35
90 84 52
90 85 92
90 86 69
90 87 31
90 88 70
90 89 44
90 91 28
90 92 86
90 93 21
90 94 86
90 95 50
90 96 80
90 97 88
90 98 85
90 99 45
90 100 68
91 0 91
91 1 88
91 2 87
91 3 63
91 4 82
91 5 57
91 6 98
91 7 83
91 8 4
91 9 18
91 10 61
91 11 82
91 12 1
91 13 58
91 14 23
91 15 77
91 16 8
91 17 1
91 18 33
91 19 65
91 20 31
91 21 63
91 22 40
91 23 36
91 24 57
91 25 37
91 26 1
91 27 57
91 28 82
91 29 88
91 30 84
91 31 13
91 32 32
91 33 98
91 34 12
91 35 49
91 36 89
91 37 52
91 38 76
91 39 41
91 40 68
91 41 12
91 42 83
91 43 77
91 44 29
91 45 57
91 46 79
91 47 93
91 48 48
91 49 84
91 50 50
91 51 72
91 52 60
91 53 54
91 54 59
91 55 53
91 56 31
91 57 72
91 58 4
91 59 51
91 60 73
91 61 85
91 62 69
91 63 5
91 64 5
91 65 5
91 66 5
91 67 94
91 68 12
91 69 1
91 70 41
91 71 93
91 72 81
91 73 3
91 74 93
91 75 99
91 76 12
91 77 71
91 78 51
91 79 30
91 80 33
91 81 56
91 82 15
91 83 87
91 84 54
91 85 25
91 86 18
91 87 80
91 88 56
91 89 50
91 90 99
91 92 14
91 93 4
91 94 86
91 95 88
91 96 68
91 97 30
91 98 24
91 99 70
91 100 24
92 0 66
92 1 36
92 2 18
92 3 21
92 4 30
92 5 37
92 6 68
92 7 36
92 8 36
92 9 35
92 10 2
92 11 45
92 12 50
92 13 65
92 14 88
92 15 75
92 16 63
92 17 29
92 18 35
92 19 10
92 20 91
92 21 81
92 22 17
92 23 10
92 24 72
92 25 80
92 26 30
92 27 74
92 28 78
92 29 5
92 30 80
92 31 31
92 32 25
92 33 54
92 34 81
92 35 19
92 36 25
92 37 88
92 38 17
92 39 50
92 40 49
92 41 65
92 42 42
92 43 88
92 44 50
92 45 44
92 46 84
92 47 46
92 48 93
92 49 55
92 50 8
92 51 73
92 52 83
92 53 86
92 54 33
92 55 40
92 56 52
92 57 69
92 58 29
92 59 59
92 60 59
92 61 33
92 62 19
92 63 61
92 64 59
92 65 29
92 66 78
92 67 78
92 68 78
92 69 78
92 70 62
92 71 34
92 72 96
92 73 46
92 74 91
92 75 68
92 76 54
92 77 97
92 78 80
92 79 25
92 80 25
92 81 43
92 82 12
92 83 48
92 84 46
92 85 13
92 86 78
92 87 14
92 88 56
92 89 44
92 90 67
92 91 45
92 93 38
92 94 25
92 95 77
92 96 40
92 97 50
92 98 53
92 99 91
92 100 73
93 0 25
93 1 35
93 2 46
93 3 27
93 4 60
93 5 82
93 6 19
93 7 35
93 8 71
93 9 49
93 10 54
93 11 93
93 12 54
93 13 13
93 14 68
93 15 6
93 16 32
93 17 94
93 18 4
93 19 15
93 20 14
93 21 34
93 22 18
93 23 55
93 24 78
93 25 46
93 26 38
93 27 16
93 28 90
93 29 53
93 30 47
93 31 31
93 32 71
93 33 9
93 34 19
93 35 82
93 36 44
93 37 40
93 38 60
93 39 90
93 40 81
93 41 88
93 42 17
93 43 42
93 44 56
93 45 76
93 46 36
93 47 74
93 48 15
93 49 90
93 50 17
93 51 8
93 52 96
93 53 49
93 54 49
93 55 27
93 56 88
93 57 44
93 58 32
93 59 72
93 60 85
93 61 84
93 62 60
93 63 39
93 64 79
93 65 64
93 66 47
93 67 36
93 68 35
93 69 56
93 70 56
93 71 56
93 72 56
93 73 18
93 74 28
93 75 71
93 76 69
93 77 7
93 78 97
93 79 97
93 80 75
93 81 32
93 82 1
93 83 3
93 84 53
93 85 17
93 86 75
93 87 16
93 88 32
93 89 56
93 90 42
93 91 52
93 92 58
93 94 3
93 95 32
93 96 65
93 97 45
93 98 14
93 99 63
93 100 72
94 0 14
94 1 59
94 2 14
94 3 84
94 4 62
94 5 93
94 6 59
94 7 14
94 8 80
94 9 25
94 10 86
94 11 29
94 12 15
94 13 85
94 14 37
94 15 92
94 16 33
94 17 49
94 18 19
94 19 33
94 20 21
94 21 68
94 22 28
94 23 12
94 24 62
94 25 53
94 26 11
94 27 88
94 28 92
94 29 74
94 30 45
94 31 26
94 32 84
94 33 96
94 34 2
94 35 71
94 36 91
94 37 39
94 38 60
94 39 56
94 40 39
94 41 13
94 42 38
94 43 31
94 44 20
94 45 3
94 46 20
94 47 78
94 48 73
94 49 95
94 50 81
94 51 1
94 52 7
94 53 35
94 54 10
94 55 73
94 56 99
94 57 34
94 58 20
94 59 76
94 60 81
94 61 40
94 62 59
94 63 94
94 64 67
94 65 30
94 66 48
94 67 23
94 68 59
94 69 50
94 70 56
94 71 38
94 72 89
94 73 89
94 74 89
94 75 89
94 76 25
94 77 31
94 78 78
94 79 97
94 80 92
94 81 64
94 82 18
94 83 37
94 84 9
94 85 46
94 86 16
94 87 27
94 88 91
94 89 7
94 90 98
94 91 83
94 92 70
94 93 49
94 95 65
94 96 36
94 97 42
94 98 62
94 99 24
94 100 90
95 0 2
95 1 69
95 2 39
95 3 72
95 4 97
95 5 17
95 6 1
95 7 67
95 8 61
95 9 20
95 10 69
95 11 51
95 12 62
95 13 54
95 14 49
95 15 11
95 16 21
95 17 97
95 18 15
95 19 99
95 20 24
95 21 12
95 22 58
95 23 19
95 24 57
95 25 56
95 26 30
95 27 78
95 28 59
95 29 57
95 30 38
95 31 64
95 32 57
95 33 31
95 34 39
95 35 59
95 36 30
95 37 32
95 38 72
95 39 31
95 40 68
95 41 25
95 42 61
95 43 96
95 44 11
95 45 56
95 46 54
95 47 13
95 48 19
95 49 12
95 50 32
95 51 97
95 52 92
95 53 45
95 54 59
95 55 17
95 56 51
95 57 57
95 58 3
95 59 49
95 60 67
95 61 57
95 62 55
95 63 31
95 64 83
95 65 55
95 66 48
95 67 95
95 68 93
95 69 56
95 70 33
95 71 66
95 72 61
95 73 72
95 74 27
95 75 55
95 76 55
95 77 55
95 78 55
95 79 68
95 80 9
95 81 41
95 82 39
95 83 64
95 84 84
95 85 3
95 86 54
95 87 75
95 88 43
95 89 9
95 90 22
95 91 25
95 92 53
95 93 28
95 94 36
95 96 45
95 97 8
95 98 23
95 99 30
95 100 76
96 0 48
96 1 6
96 2 29
96 3 17
96 4 79
96 5 7
96 6 37
96 7 26
96 8 53
96 9 95
96 10 46
96 11 21
96 12 87
96 13 78
96 14 12
96 15 76
96 16 3
96 17 63
96 18 35
96 19 60
96 20 58
96 21 52
96 22 22
96 23 34
96 24 30
96 25 99
96 26 36
96 27 96
96 28 68
96 29 30
96 30 76
96 31 84
96 32 44
96 33 21
96 34 14
96 35 38
96 36 40
96 37 69
96 38 39
96 39 24
96 40 44
96 41 21
96 42 46
96 43 77
96 44 13
96 45 98
96 46 91
96 47 23
96 48 14
96 49 78
96 50 87
96 51 58
96 52 94
96 53 83
96 54 54
96 55 26
96 56 65
96 57 94
96 58 72
96 59 50
96 60 35
96 61 5
96 62 80
96 63 29
96 64 34
96 65 79
96 66 42
96 67 68
96 68 44
96 69 55
96 70 67
96 71 17
96 72 79
96 73 98
96 74 98
96 75 45
96 76 88
96 77 25
96 78 75
96 79 75
96 80 75
96 81 75
96 82 6
96 83 33
96 84 36
96 85 50
96 86 60
96 87 15
96 88 98
96 89 7
96 90 19
96 91 20
96 92 35
96 93 29
96 94 9
96 95 19
96 97 18
96 98 34
96 99 57
96 100 60
97 0 22
97 1 13
97 2 92
97 3 50
97 4 68
97 5 60
97 6 53
97 7 81
97 8 62
97 9 86
97 10 91
97 11 33
97 12 27
97 13 57
97 14 29
97 15 67
97 16 25
97 17 50
97 18 12
97 19 52
97 20 25
97 21 34
97 22 75
97 23 73
97 24 67
97 25 48
97 26 91
97 27 92
97 28 66
97 29 31
97 30 6
97 31 37
97 32 17
97 33 11
97 34 25
97 35 11
97 36 25
97 37 58
97 38 16
97 39 36
97 40 54
97 41 57
97 42 88
97 43 98
97 44 54
97 45 13
97 46 69
97 47 77
97 48 61
97 49 86
97 50 88
97 51 79
97 52 75
97 53 16
97 54 82
97 55 12
97 56 74
97 57 98
97 58 96
97 59 34
97 60 73
97 61 85
97 62 24
97 63 36
97 64 59
97 65 81
97 66 50
97 67 10
97 68 50
97 69 62
97 70 44
97 71 58
97 72 4
97 73 3
97 74 18
97 75 61
97 76 73
97 77 17
97 78 77
97 79 10
97 80 48
97 81 79
97 82 79
97 83 79
97 84 79
97 85 39
97 86 11
97 87 96
97 88 4
97 89 24
97 90 59
97 91 67
97 92 79
97 93 73
97 94 28
97 95 64
97 96 93
97 98 87
97 99 82
97 100 50
98 0 60
98 1 86
98 2 84
98 3 91
98 4 44
98 5 23
98 6 66
98 7 66
98 8 53
98 9 94
98 10 55
98 11 64
98 12 66
98 13 57
98 14 26
98 15 41
98 16 5
98 17 18
98 18 47
98 19 54
98 20 30
98 21 22
98 22 92
98 23 34
98 24 84
98 25 15
98 26 56
98 27 64
98 28 57
98 29 5
98 30 50
98 31 8
98 32 14
98 33 98
98 34 85
98 35 35
98 36 78
98 37 71
98 38 29
98 39 24
98 40 4
98 41 96
98 42 6
98 43 29
98 44 81
98 45 11
98 46 98
98 47 96
98 48 67
98 49 51
98 50 37
98 51 85
98 52 35
98 53 61
98 54 19
98 55 1
98 56 76
98 57 38
98 58 61
98 59 56
98 60 53
98 61 65
98 62 84
98 63 18
98 64 21
98 65 89
98 66 66
98 67 38
98 68 43
98 69 46
98 70 23
98 71 9
98 72 5
98 73 59
98 74 56
98 75 13
98 76 14
98 77 23
98 78 22
98 79 21
98 80 73
98 81 70
98 82 30
98 83 9
98 84 51
98 85 51
98 86 51
98 87 51
98 88 87
98 89 62
98 90 34
98 91 52
98 92 95
98 93 28
98 94 96
98 95 75
98 96 19
98 97 71
98 99 33
98 100 15
99 0 15
99 1 45
99 2 89
99 3 19
99 4 45
99 5 67
99 6 27
99 7 89
99 8 63
99 9 81
99 10 47
99 11 66
99 12 8
99 13 65
99 14 31
99 15 22
99 16 25
99 17 46
99 18 24
99 19 15
99 20 70
99 21 20
99 22 57
99 23 22
99 24 33
99 25 83
99 26 14
99 27 22
99 28 32
99 29 38
99 30 98
99 31 64
99 32 65
99 33 99
99 34 97
99 35 97
99 36 78
99 37 35
99 38 51
99 39 22
99 40 14
99 41 59
99 42 6
99 43 39
99 44 37
99 45 93
99 46 88
99 47 88
99 48 45
99 49 73
99 50 52
99 51 16
99 52 74
99 53 97
99 54 47
99 55 45
99 56 88
99 57 40
99 58 84
99 59 67
99 60 40
99 61 26
99 62 24
99 63 21
99 64 52
99 65 95
99 66 68
99 67 92
99 68 73
99 69 12
99 70 67
99 71 2
99 72 49
99 73 31
99 74 23
99 75 64
99 76 54
99 77 19
99 78 90
99 79 57
99 80 59
99 81 66
99 82 40
99 83 55
99 84 62
99 85 56
99 86 84
99 87 51
99 88 51
99 89 51
99 90 51
99 91 41
99 92 24
99 93 73
99 94 2
99 95 6
99 96 15
99 97 35
99 98 93
99 100 35
100 0 54
100 1 74
100 2 42
100 3 30
100 4 77
100 5 59
100 6 59
100 7 2
100 8 15
100 9 54
100 10 90
100 11 70
100 12 74
100 13 13
100 14 64
100 15 30
100 16 50
100 17 63
100 18 74
100 19 29
100 20 91
100 21 2
100 22 8
100 23 29
100 24 35
100 25 50
100 26 98
100 27 8
100 28 36
100 29 40
100 30 21
100 31 95
100 32 64
100 33 92
100 34 65
100 35 85
100 36 65
100 37 56
100 38 65
100 39 35
100 40 78
100 41 17
100 42 29
100 43 83
100 44 90
100 45 12
100 46 28
100 47 9
100 48 80
100 49 76
100 50 54
100 51 59
100 52 1
100 53 61
100 54 67
100 55 52
100 56 37
100 57 8
100 58 83
100 59 42
100 60 1
100 61 19
100 62 12
100 63 78
100 64 16
100 65 83
100 66 97
100 67 1
100 68 95
100 69 24
100 70 22
100 71 8
100 72 90
100 73 88
100 74 77
100 75 70
100 76 9
100 77 92
100 78 88
100 79 47
100 80 10
100 81 28
100 82 39
100 83 24
100 84 49
100 85 56
100 86 14
100 87 6
100 88 52
100 89 89
100 90 86
100 91 86
100 92 86
100 93 86
100 94 5
100 95 41
100 96 51
100 97 78
100 98 40
100 99 18